string
description: [ 1.350e-02  2.130e+00  4.150e+03  3.659e+00  2.575e+03 -1.470e+02] RZPA9-S1
file210205_PM023351.tif back:data/strayLight_Fe_3x945ms_ roi list:[0, 222, 2048, 1401]
nm eV counts
5.797586441040039 213.85484313964844 1061644.5
5.7961812019348145 213.90670776367188 1068101.625
5.794776439666748 213.95855712890625 1070066.375
5.793371200561523 214.0104522705078 1017977.25
5.791966438293457 214.06234741210938 938128.3125
5.790561676025391 214.11428833007812 930952.25
5.789157390594482 214.16622924804688 981463.625
5.787752628326416 214.21820068359375 1060933.875
5.786348342895508 214.2701873779297 1141540.125
5.7849440574646 214.32220458984375 1228008.625
5.783539772033691 214.37425231933594 1319755.625
5.782135963439941 214.42630004882812 1382017.75
5.780731678009033 214.47837829589844 1434157.0
5.779327869415283 214.5304718017578 1499933.625
5.777924537658691 214.58258056640625 1576158.0
5.776520729064941 214.63473510742188 1625213.125
5.77511739730835 214.6868896484375 1644398.5
5.773714065551758 214.7390594482422 1666389.625
5.772310733795166 214.79127502441406 1689047.375
5.770907402038574 214.843505859375 1692248.375
5.769504547119141 214.89573669433594 1686212.125
5.768101692199707 214.94801330566406 1677300.875
5.766698837280273 215.00030517578125 1705632.25
5.76529598236084 215.0526123046875 1791250.375
5.7638936042785645 215.1049346923828 1953157.75
5.762491226196289 215.15728759765625 2176379.75
5.761088848114014 215.2096710205078 2428639.75
5.759686470031738 215.26205444335938 2647510.25
5.758284568786621 215.31446838378906 2809524.25
5.756882190704346 215.36691284179688 2870731.0
5.7554802894592285 215.41937255859375 2812811.5
5.7540788650512695 215.4718475341797 2683572.5
5.752676963806152 215.5243377685547 2517859.75
5.751275539398193 215.5768585205078 2362962.0
5.749874114990234 215.62940979003906 2261849.5
5.748472690582275 215.68199157714844 2258864.5
5.747071743011475 215.73455810546875 2360215.0
5.745670318603516 215.78717041015625 2572202.25
5.744269371032715 215.83981323242188 2836703.25
5.742868423461914 215.8924560546875 3153777.25
5.7414679527282715 215.9451141357422 3482587.0
5.740067481994629 215.997802734375 3762114.25
5.738666534423828 216.050537109375 3949500.25
5.737266540527344 216.10325622558594 4030660.0
5.735866069793701 216.15602111816406 4030103.75
5.734466075897217 216.20880126953125 3947466.25
5.733065605163574 216.2615966796875 3790997.75
5.731666088104248 216.3144073486328 3569220.25
5.730266094207764 216.36724853515625 3325238.0
5.728866100311279 216.42013549804688 3045120.5
5.727466583251953 216.47300720214844 2701561.0
5.726067066192627 216.5259246826172 2334890.25
5.724668025970459 216.57884216308594 1981982.75
5.723268508911133 216.6317901611328 1655787.5
5.721869468688965 216.6847686767578 1381344.375
5.720470428466797 216.73776245117188 1157518.25
5.719071388244629 216.790771484375 1004799.1875
5.717672824859619 216.84381103515625 914148.4375
5.716273784637451 216.89688110351562 873521.375
5.714875221252441 216.949951171875 878449.375
5.713476657867432 217.00306701660156 901908.0
5.71207857131958 217.05618286132812 925004.125
5.7106804847717285 217.10931396484375 939507.75
5.709281921386719 217.16250610351562 947343.8125
5.707884311676025 217.21568298339844 954376.375
5.706486225128174 217.26890563964844 956535.875
5.7050886154174805 217.32212829589844 951453.25
5.703690528869629 217.37539672851562 964254.75
5.702293395996094 217.42864990234375 1009191.5625
5.7008957862854 217.48194885253906 1103428.625
5.699498176574707 217.5352783203125 1285459.5
5.698101043701172 217.588623046875 1532898.375
5.696703910827637 217.64199829101562 1799501.375
5.69530725479126 217.69537353515625 2057457.75
5.693910121917725 217.748779296875 2232830.0
5.692513465881348 217.80221557617188 2284963.25
5.691116809844971 217.8556671142578 2214051.5
5.689720153808594 217.9091339111328 2046545.25
5.688323974609375 217.9626007080078 1867986.875
5.686927318572998 218.01614379882812 1669040.5
5.685531139373779 218.06967163085938 1498549.0
5.684135437011719 218.12322998046875 1395637.125
5.6827392578125 218.17681884765625 1404481.875
5.6813435554504395 218.2304229736328 1549853.25
5.679947853088379 218.28404235839844 1852277.75
5.678552150726318 218.3376922607422 2347102.75
5.677156448364258 218.39137268066406 2993978.25
5.6757612228393555 218.44505310058594 3730489.75
5.674365997314453 218.49876403808594 4416763.0
5.672970771789551 218.55250549316406 4886671.0
5.671575546264648 218.6062774658203 5080918.0
5.670180797576904 218.6600341796875 4948833.0
5.66878604888916 218.71383666992188 4559607.0
5.667391300201416 218.76766967773438 4004220.75
5.665996551513672 218.82151794433594 3370849.5
5.664602279663086 218.87538146972656 2760279.0
5.663207530975342 218.92929077148438 2234661.25
5.661813259124756 218.98318481445312 1842326.625
5.660419464111328 219.03712463378906 1584928.875
5.659025192260742 219.09107971191406 1472664.375
5.6576313972473145 219.1450653076172 1510711.5
5.656237602233887 219.19906616210938 1688344.5
5.654843807220459 219.25308227539062 1902648.75
5.6534504890441895 219.30712890625 2093441.0
5.652056694030762 219.3612060546875 2259315.75
5.650663375854492 219.41529846191406 2328091.0
5.649270057678223 219.4694061279297 2299222.0
5.647877216339111 219.52352905273438 2244072.0
5.646483898162842 219.57769775390625 2247797.5
5.6450910568237305 219.6318817138672 2319936.75
5.643698215484619 219.68609619140625 2406065.75
5.642305850982666 219.74029541015625 2488954.75
5.640913009643555 219.79454040527344 2547820.25
5.639520645141602 219.8488311767578 2524731.75
5.638128280639648 219.90310668945312 2367331.75
5.6367363929748535 219.95741271972656 2088412.625
5.6353440284729 220.0117645263672 1778766.0
5.6339521408081055 220.0661163330078 1462773.375
5.6325602531433105 220.12049865722656 1161082.125
5.631168365478516 220.17489624023438 920860.625
5.629776954650879 220.2293243408203 748182.6875
5.628385543823242 220.2837677001953 639098.875
5.6269941329956055 220.33824157714844 581474.6875
5.625602722167969 220.39273071289062 555444.875
5.624211311340332 220.44725036621094 559518.625
5.6228203773498535 220.5017852783203 587559.5625
5.621429443359375 220.55636596679688 640284.6875
5.6200385093688965 220.61094665527344 694245.1875
5.618648052215576 220.66554260253906 730055.875
5.617257118225098 220.72018432617188 751672.6875
5.615866661071777 220.7748260498047 748751.9375
5.614476203918457 220.82949829101562 727258.6875
5.613086223602295 220.88418579101562 693646.875
5.611695766448975 220.9389190673828 652302.375
5.6103057861328125 220.99365234375 612130.0
5.60891580581665 221.0484161376953 603911.4375
5.6075263023376465 221.1031951904297 629171.8125
5.606136322021484 221.15802001953125 677021.9375
5.6047468185424805 221.2128448486328 772933.1875
5.603357315063477 221.26768493652344 873225.5625
5.601967811584473 221.32257080078125 949995.6875
5.600578784942627 221.37747192382812 988522.0
5.599189758300781 221.43238830566406 975411.125
5.5978007316589355 221.48733520507812 912237.5625
5.59641170501709 221.5423126220703 812018.8125
5.595022678375244 221.59730529785156 709098.75
5.593634128570557 221.65231323242188 621857.125
5.592245578765869 221.7073516845703 556644.25
5.590857028961182 221.76242065429688 513091.75
5.589468955993652 221.81748962402344 491266.875
5.588080406188965 221.8726043701172 500219.1875
5.5866923332214355 221.927734375 511868.34375
5.5853047370910645 221.9828643798828 513878.9375
5.583916664123535 222.03805541992188 513471.78125
5.582529067993164 222.09323120117188 528374.25
5.581140995025635 222.14846801757812 570636.1875
5.579753875732422 222.20370483398438 653036.875
5.578366279602051 222.25897216796875 774719.8125
5.57697868347168 222.3142852783203 914893.5
5.575591564178467 222.3695831298828 1049417.625
5.574204444885254 222.4249267578125 1139361.625
5.572817802429199 222.48025512695312 1187210.0
5.571430683135986 222.53565979003906 1191934.25
5.570044040679932 222.59104919433594 1171027.625
5.568657398223877 222.646484375 1124314.375
5.567270755767822 222.70193481445312 1054162.5
5.565884590148926 222.75738525390625 984759.9375
5.564498424530029 222.81289672851562 910184.375
5.563112258911133 222.868408203125 842388.1875
5.561726093292236 222.92396545410156 788935.625
5.56033992767334 222.97952270507812 736545.8125
5.558954238891602 223.0351104736328 704763.4375
5.557568550109863 223.09072875976562 713264.8125
5.556182861328125 223.1463623046875 758035.1875
5.554797172546387 223.2020263671875 872545.5
5.553411960601807 223.2576904296875 1073089.125
5.552026748657227 223.31341552734375 1322580.5
5.5506415367126465 223.369140625 1557784.625
5.549256324768066 223.4248809814453 1753149.625
5.5478715896606445 223.48065185546875 1851370.375
5.546486854553223 223.53643798828125 1815943.0
5.545102119445801 223.59226989746094 1699220.375
5.543717384338379 223.64813232421875 1503299.375
5.542333126068115 223.7039794921875 1281446.75
5.540948867797852 223.75987243652344 1092075.625
5.539564609527588 223.81578063964844 929704.75
5.538180351257324 223.87171936035156 828305.3125
5.5367960929870605 223.9276885986328 782536.5
5.535412311553955 223.98367309570312 789699.6875
5.53402853012085 224.0396728515625 845733.0625
5.532644748687744 224.09571838378906 936071.125
5.531261444091797 224.15176391601562 1086103.875
5.52987813949585 224.2078399658203 1329552.875
5.528494834899902 224.26393127441406 1686005.625
5.527111530303955 224.320068359375 2147976.5
5.525728225708008 224.376220703125 2667876.25
5.524345397949219 224.432373046875 3103123.5
5.52296257019043 224.4885711669922 3383977.0
5.521579742431641 224.54478454589844 3459724.0
5.520196914672852 224.60104370117188 3286743.75
5.518814563751221 224.6573028564453 2926614.0
5.51743221282959 224.71359252929688 2478509.0
5.516049861907959 224.7698974609375 2049724.875
5.514667510986328 224.82623291015625 1712183.75
5.5132856369018555 224.88259887695312 1471851.25
5.511903285980225 224.93899536132812 1321678.875
5.51052188873291 224.99537658691406 1228344.125
5.5091400146484375 225.05181884765625 1153252.875
5.507758140563965 225.10829162597656 1069489.5
5.50637674331665 225.1647491455078 990427.5625
5.504995346069336 225.22125244140625 917583.375
5.5036139488220215 225.27777099609375 867045.5
5.502233028411865 225.33432006835938 818409.75
5.500852108001709 225.39089965820312 792319.0625
5.4994707107543945 225.447509765625 764650.1875
5.4980902671813965 225.50411987304688 732863.1875
5.49670934677124 225.56076049804688 692771.1875
5.495328903198242 225.617431640625 645975.0625
5.493948459625244 225.6741180419922 622358.4375
5.492568016052246 225.7308349609375 645204.625
5.491187572479248 225.78758239746094 700109.5625
5.489807605743408 225.84434509277344 772374.1875
5.488427639007568 225.901123046875 852647.5
5.4870476722717285 225.9579315185547 925083.625
5.485667705535889 226.01478576660156 993490.0
5.484288215637207 226.07162475585938 1046673.0625
5.482908725738525 226.12852478027344 1066972.5
5.481529235839844 226.1854248046875 1081632.375
5.480149745941162 226.2423553466797 1117387.75
5.478770732879639 226.29928588867188 1129786.75
5.477391242980957 226.35629272460938 1149802.25
5.476012229919434 226.41329956054688 1198467.375
5.474633693695068 226.47030639648438 1251850.75
5.473254680633545 226.52735900878906 1264778.625
5.47187614440918 226.58444213867188 1251555.625
5.4704976081848145 226.64154052734375 1220367.75
5.469119071960449 226.6986541748047 1178699.25
5.467740535736084 226.7558135986328 1135853.5
5.466362476348877 226.81297302246094 1112026.375
5.46498441696167 226.8701629638672 1125398.625
5.463606357574463 226.92739868164062 1164393.125
5.462228775024414 226.98463439941406 1195155.0
5.460850715637207 227.0419158935547 1217071.0
5.459473133087158 227.0991973876953 1200202.75
5.458095550537109 227.15652465820312 1174190.25
5.456718444824219 227.21385192871094 1132049.5
5.45534086227417 227.27122497558594 1084524.75
5.453963756561279 227.32861328125 1058055.625
5.452586650848389 227.38601684570312 1047385.25
5.451209545135498 227.44346618652344 1025488.4375
5.449832916259766 227.50091552734375 985237.625
5.448456287384033 227.55838012695312 931056.0
5.447079658508301 227.61590576171875 863436.4375
5.445703029632568 227.67344665527344 793758.9375
5.444326877593994 227.73098754882812 741315.3125
5.442950248718262 227.78858947753906 697806.5625
5.4415740966796875 227.84620666503906 660885.375
5.4401984214782715 227.90382385253906 651469.75
5.438822269439697 227.9614715576172 654676.0625
5.437446594238281 228.01914978027344 660539.625
5.436070919036865 228.0768585205078 647959.4375
5.434695243835449 228.1345977783203 632456.8125
5.433319568634033 228.19235229492188 613459.8125
5.431944370269775 228.2501220703125 598205.0
5.430569171905518 228.30792236328125 602174.5
5.42919397354126 228.36575317382812 642063.6875
5.427818775177002 228.42361450195312 696923.125
5.426444053649902 228.4814910888672 758001.1875
5.425069332122803 228.53936767578125 815959.875
5.423694610595703 228.59730529785156 853275.3125
5.4223198890686035 228.65525817871094 851852.875
5.420945644378662 228.71322631835938 835638.875
5.419571399688721 228.77120971679688 830984.875
5.418197154998779 228.82923889160156 827631.5625
5.416822910308838 228.88731384277344 823910.9375
5.4154486656188965 228.9453887939453 825737.375
5.414074897766113 229.0034637451172 845745.1875
5.41270112991333 229.0615997314453 865644.1875
5.411327362060547 229.11973571777344 884848.875
5.409954071044922 229.17791748046875 904933.75
5.408580780029297 229.23609924316406 949430.0625
5.407207489013672 229.29432678222656 1059999.0
5.405834197998047 229.35256958007812 1240104.625
5.404460906982422 229.4108428955078 1455921.75
5.403088092803955 229.46914672851562 1653016.0
5.401715278625488 229.5274658203125 1799626.75
5.4003424644470215 229.58580017089844 1882387.5
5.398969650268555 229.64418029785156 1875423.875
5.397597312927246 229.70257568359375 1777256.0
5.3962249755859375 229.760986328125 1637660.75
5.394852638244629 229.81942749023438 1482981.5
5.39348030090332 229.87789916992188 1295936.5
5.39210844039917 229.9364013671875 1125850.25
5.3907365798950195 229.9949188232422 979045.25
5.389364719390869 230.05345153808594 869146.25
5.387992858886719 230.11203002929688 777356.5
5.386621475219727 230.1706085205078 733937.6875
5.385249614715576 230.229248046875 769736.1875
5.383878231048584 230.2878875732422 869516.875
5.38250732421875 230.34654235839844 1012621.875
5.381135940551758 230.40524291992188 1148372.625
5.379765033721924 230.46395874023438 1226384.0
5.37839412689209 230.522705078125 1244552.125
5.377023220062256 230.5814666748047 1185651.625
5.375652313232422 230.64027404785156 1076736.25
5.374281883239746 230.69908142089844 950273.6875
5.37291145324707 230.7579345703125 839744.25
5.3715410232543945 230.81680297851562 761940.5
5.370171070098877 230.8756866455078 721133.0625
5.368800640106201 230.93463134765625 733136.9375
5.367430686950684 230.9935760498047 798399.25
5.366060733795166 231.05255126953125 895325.4375
5.364691257476807 231.1115264892578 1001028.3125
5.363321304321289 231.17054748535156 1113400.0
5.36195182800293 231.22959899902344 1218056.5
5.36058235168457 231.28866577148438 1292051.625
5.359212875366211 231.3477783203125 1370517.875
5.35784387588501 231.40687561035156 1450138.625
5.356474876403809 231.4660186767578 1500847.25
5.355105876922607 231.52520751953125 1495457.5
5.353736877441406 231.58441162109375 1435027.875
5.352368354797363 231.64361572265625 1314802.5
5.350999355316162 231.702880859375 1160008.875
5.349630832672119 231.7621612548828 1020766.75
5.348262310028076 231.8214569091797 934413.125
5.346894264221191 231.88076782226562 898647.9375
5.345526218414307 231.9401092529297 905555.1875
5.344158172607422 231.99949645996094 934523.9375
5.342790126800537 232.05889892578125 969389.625
5.341422080993652 232.1183319091797 989141.25
5.340054512023926 232.1777801513672 1015905.5625
5.338686943054199 232.23724365234375 1049442.625
5.337319374084473 232.29676818847656 1073612.75
5.335951805114746 232.35629272460938 1065829.75
5.334584712982178 232.41583251953125 1031345.0
5.333217620849609 232.4754180908203 950393.5625
5.331850528717041 232.53501892089844 833561.375
5.330483436584473 232.59466552734375 715117.5
5.3291168212890625 232.654296875 647898.625
5.327749729156494 232.7139892578125 649905.625
5.326383590698242 232.77369689941406 730223.5
5.325016975402832 232.83343505859375 882748.25
5.323650360107422 232.8931884765625 1059640.875
5.32228422164917 232.95298767089844 1197902.875
5.320918083190918 233.01278686523438 1270346.125
5.319551944732666 233.0726318359375 1265558.75
5.318186283111572 233.13247680664062 1181747.875
5.31682014465332 233.1923828125 1028663.125
5.315454483032227 233.25230407714844 853703.0625
5.314089298248291 233.31222534179688 682716.25
5.312723636627197 233.3721923828125 526553.3125
5.311358451843262 233.4321746826172 405651.625
5.309993267059326 233.4921875 323976.0625
5.308628082275391 233.55224609375 278025.375
5.307262897491455 233.61231994628906 238464.625
5.305898189544678 233.6724090576172 218060.265625
5.3045334815979 233.73252868652344 206001.875
5.303168773651123 233.79266357421875 193988.328125
5.301804065704346 233.85284423828125 193373.796875
5.300439834594727 233.9130401611328 196879.1875
5.299075603485107 233.97325134277344 207568.59375
5.297711372375488 234.03350830078125 218364.625
5.296347141265869 234.0937957763672 238557.671875
5.29498291015625 234.15411376953125 256391.34375
5.293619155883789 234.2144317626953 262574.84375
5.292255401611328 234.2747802734375 264108.28125
5.290891647338867 234.33517456054688 252027.171875
5.2895283699035645 234.3955535888672 241516.140625
5.288165092468262 234.4559783935547 228752.28125
5.286801815032959 234.51644897460938 215065.375
5.285438537597656 234.57693481445312 209639.421875
5.2840752601623535 234.63746643066406 209710.796875
5.282712459564209 234.69798278808594 213315.71875
5.2813496589660645 234.758544921875 221516.109375
5.27998685836792 234.8191375732422 229334.453125
5.278624057769775 234.87977600097656 254817.5
5.277261734008789 234.9403839111328 291082.03125
5.275899410247803 235.00106811523438 327802.75
5.274537086486816 235.061767578125 362921.1875
5.27317476272583 235.1224822998047 395605.75
5.271812915802002 235.1832275390625 412648.125
5.270451068878174 235.24400329589844 422126.5625
5.269089221954346 235.30479431152344 416903.625
5.267727375030518 235.36563110351562 398242.8125
5.266366004943848 235.4264678955078 386966.03125
5.265004634857178 235.4873504638672 372029.25
5.263643264770508 235.54824829101562 355923.9375
5.262281894683838 235.60919189453125 351561.71875
5.260920524597168 235.67015075683594 359132.78125
5.259559631347656 235.73114013671875 352327.0
5.2581987380981445 235.79214477539062 344607.875
5.256837844848633 235.8531951904297 345720.15625
5.255477428436279 235.9142303466797 350485.59375
5.254116535186768 235.97535705566406 366014.1875
5.252756118774414 236.0364532470703 388544.4375
5.251396179199219 236.0975799560547 424736.21875
5.250035762786865 236.1587677001953 454701.5
5.24867582321167 236.21995544433594 480669.75
5.247315883636475 236.2811737060547 475228.25
5.245955944061279 236.34243774414062 449933.0625
5.244596004486084 236.40371704101562 420235.28125
5.243236541748047 236.46499633789062 383606.71875
5.241876602172852 236.5263671875 345204.53125
5.240517616271973 236.5876922607422 314928.15625
5.2391581535339355 236.64907836914062 289045.625
5.237798690795898 236.7104949951172 264998.0625
5.2364397048950195 236.7719268798828 258109.78125
5.235080718994141 236.83340454101562 266933.5625
5.23372220993042 236.89488220214844 277934.5625
5.232363224029541 236.95640563964844 296741.25
5.23100471496582 237.0179443359375 328742.5
5.2296462059021 237.0795135498047 354841.03125
5.228287696838379 237.14111328125 373750.09375
5.226929664611816 237.20272827148438 387041.96875
5.225571155548096 237.26438903808594 380542.3125
5.224213123321533 237.32606506347656 363483.875
5.222855091094971 237.3877716064453 353823.15625
5.221497535705566 237.44949340820312 368359.59375
5.220139503479004 237.51126098632812 404935.03125
5.2187819480896 237.57305908203125 472793.40625
5.2174248695373535 237.6348419189453 551362.125
5.216067314147949 237.6967010498047 601478.6875
5.214710235595703 237.75856018066406 623542.8125
5.213352680206299 237.82046508789062 601515.9375
5.211995601654053 237.8824005126953 551717.125
5.210638999938965 237.94432067871094 490775.28125
5.209281921386719 238.0063018798828 431406.96875
5.207925319671631 238.0683135986328 381711.0625
5.206568717956543 238.13034057617188 362660.84375
5.205212593078613 238.1923828125 370122.0
5.203855991363525 238.2544708251953 386886.59375
5.202499866485596 238.3165740966797 410869.53125
5.201143741607666 238.37872314453125 442764.9375
5.199787616729736 238.44090270996094 460070.0625
5.198431968688965 238.50306701660156 488882.40625
5.197075843811035 238.5653076171875 514523.125
5.195720195770264 238.6275634765625 543698.875
5.194364547729492 238.6898193359375 568023.625
5.193009376525879 238.7521209716797 594765.5625
5.191654205322266 238.81442260742188 606183.25
5.190299034118652 238.8767852783203 593737.5
5.188943862915039 238.93917846679688 582351.5625
5.187588691711426 239.0015869140625 560940.3125
5.186233997344971 239.06402587890625 514286.125
5.184879302978516 239.12648010253906 471886.09375
5.1835246086120605 239.18899536132812 429279.0
5.1821699142456055 239.2515106201172 385471.03125
5.180815696716309 239.31405639648438 346348.625
5.179461479187012 239.37661743164062 318322.0
5.178107261657715 239.439208984375 301715.75
5.176753044128418 239.50186157226562 306196.8125
5.175398826599121 239.5645294189453 330568.6875
5.174045085906982 239.62721252441406 360820.8125
5.172691345214844 239.68992614746094 402903.875
5.171337604522705 239.75265502929688 434287.84375
5.169984340667725 239.8154296875 453668.5625
5.168631076812744 239.8782196044922 475630.0625
5.167277812957764 239.94102478027344 499631.15625
5.165924549102783 240.00387573242188 522770.15625
5.164571285247803 240.06678771972656 550864.0625
5.1632184982299805 240.12966918945312 566541.0
5.161865711212158 240.19259643554688 562343.625
5.160512924194336 240.2555694580078 533121.75
5.159160614013672 240.31854248046875 512538.375
5.15780782699585 240.38157653808594 482378.0
5.1564555168151855 240.4446258544922 445198.46875
5.1551032066345215 240.5076904296875 415248.375
5.153751373291016 240.57077026367188 397646.3125
5.152399063110352 240.6339111328125 393112.78125
5.151047229766846 240.6970672607422 404553.46875
5.14969539642334 240.76025390625 409344.28125
5.148344039916992 240.8234405517578 417497.25
5.146992206573486 240.88668823242188 424432.5
5.145640850067139 240.949951171875 421826.40625
5.144289493560791 241.0132598876953 418754.21875
5.142938137054443 241.0765838623047 400590.3125
5.141587257385254 241.13992309570312 374563.09375
5.1402363777160645 241.2032928466797 361337.25
5.138885021209717 241.2667236328125 374208.0625
5.1375346183776855 241.3301544189453 403473.625
5.136183738708496 241.39361572265625 463791.6875
5.134833335876465 241.4571075439453 536638.125
5.133482933044434 241.52061462402344 588417.125
5.132132530212402 241.58416748046875 623478.625
5.130782604217529 241.64773559570312 615042.5625
5.129432201385498 241.7113494873047 582367.25
5.128082275390625 241.7749786376953 541546.0625
5.126732349395752 241.838623046875 498656.40625
5.125382900238037 241.90231323242188 477125.1875
5.124032974243164 241.96604919433594 483249.4375
5.122683525085449 242.02978515625 518438.6875
5.121334075927734 242.0935516357422 551706.4375
5.1199846267700195 242.15736389160156 561446.4375
5.118635654449463 242.22119140625 568061.3125
5.117286682128906 242.2850341796875 593090.3125
5.11593770980835 242.3489227294922 668988.3125
5.114588737487793 242.41282653808594 791732.25
5.1132402420043945 242.47677612304688 947367.25
5.111891746520996 242.5407257080078 1107023.875
5.110543251037598 242.604736328125 1231443.0
5.109194755554199 242.6687774658203 1273143.625
5.107846260070801 242.7328338623047 1212216.5
5.1064982414245605 242.7969207763672 1079493.875
5.10515022277832 242.86102294921875 921935.9375
5.10380220413208 242.92515563964844 763662.125
5.102454662322998 242.98931884765625 609175.0
5.101106643676758 243.05352783203125 475869.75
5.099759101867676 243.1177520751953 380965.53125
5.098411560058594 243.1820068359375 319607.28125
5.09706449508667 243.24627685546875 296711.875
5.095716953277588 243.31060791015625 282723.34375
5.094369888305664 243.37493896484375 276920.34375
5.09302282333374 243.43930053710938 276782.59375
5.091676235198975 243.50369262695312 273523.28125
5.090329170227051 243.56813049316406 252286.203125
5.088982582092285 243.63258361816406 231644.515625
5.0876359939575195 243.69708251953125 208896.28125
5.086289882659912 243.76156616210938 186140.5
5.0849432945251465 243.82611083984375 171145.03125
5.083597183227539 243.8906707763672 162012.171875
5.082251071929932 243.9552764892578 152571.359375
5.080904960632324 244.0198974609375 149709.515625
5.079559326171875 244.08456420898438 150274.328125
5.078213214874268 244.14926147460938 154532.53125
5.076867580413818 244.21397399902344 153639.78125
5.075522422790527 244.2786865234375 162394.46875
5.074176788330078 244.34347534179688 190526.09375
5.072831630706787 244.40826416015625 245045.015625
5.071486473083496 244.47308349609375 319247.28125
5.070141315460205 244.53794860839844 402124.25
5.068796157836914 244.60284423828125 460478.84375
5.067451477050781 244.66775512695312 498551.78125
5.066106796264648 244.73269653320312 510953.21875
5.064762115478516 244.79766845703125 493527.0625
5.063417434692383 244.86268615722656 442544.9375
5.062073230743408 244.92770385742188 392545.5625
5.060729026794434 244.99276733398438 346725.21875
5.059384822845459 245.057861328125 309447.125
5.058040618896484 245.1229705810547 287700.25
5.056696891784668 245.1881103515625 278793.5625
5.055353164672852 245.25328063964844 274815.03125
5.054009437561035 245.31849670410156 270262.75
5.052665710449219 245.3837432861328 269807.40625
5.051321983337402 245.44900512695312 263873.125
5.049978733062744 245.51429748535156 258108.421875
5.048635482788086 245.57962036132812 255059.265625
5.047292232513428 245.64498901367188 247758.96875
5.045949459075928 245.71034240722656 247422.046875
5.044606685638428 245.77574157714844 249983.796875
5.043263912200928 245.8411865234375 263573.84375
5.041921138763428 245.90664672851562 287835.59375
5.040578365325928 245.97216796875 325538.0
5.039236068725586 246.0376739501953 370428.96875
5.037893772125244 246.10324096679688 432217.5
5.036551475524902 246.16883850097656 512682.8125
5.0352091789245605 246.2344512939453 623654.9375
5.033867359161377 246.3000946044922 782949.875
5.032525539398193 246.36575317382812 990122.1875
5.03118371963501 246.4314727783203 1222902.5
5.029841899871826 246.4971923828125 1452714.875
5.028500556945801 246.56295776367188 1605877.375
5.027159214019775 246.6287384033203 1652104.125
5.02581787109375 246.694580078125 1582638.125
5.024476528167725 246.7604217529297 1432213.125
5.023135662078857 246.8262939453125 1231650.625
5.021794319152832 246.89222717285156 1019981.25
5.020453453063965 246.95816040039062 822277.875
5.019112586975098 247.02415466308594 664457.3125
5.017772197723389 247.0901336669922 558255.0625
5.01643180847168 247.15614318847656 488558.375
5.015091419219971 247.22219848632812 441164.6875
5.013751029968262 247.28831481933594 401761.6875
5.012410640716553 247.35443115234375 362520.15625
5.011070728302002 247.42056274414062 353383.6875
5.009730815887451 247.4867401123047 358125.3125
5.0083909034729 247.55296325683594 376066.78125
5.00705099105835 247.61920166015625 397244.21875
5.005711555480957 247.68545532226562 412920.375
5.0043721199035645 247.7517547607422 414275.84375
5.003032684326172 247.81808471679688 413395.40625
5.001693248748779 247.8844451904297 396122.28125
5.000354290008545 247.95082092285156 363126.1875
4.9990153312683105 248.01724243164062 318779.21875
4.997676372528076 248.0836944580078 276070.40625
4.996337413787842 248.15017700195312 252136.734375
4.994998931884766 248.2166748046875 229675.625
4.9936604499816895 248.283203125 214410.140625
4.992321968078613 248.3497772216797 207367.625
4.990983486175537 248.41636657714844 200746.34375
4.989645004272461 248.48301696777344 198263.6875
4.988306999206543 248.54966735839844 198017.546875
4.986968994140625 248.6163330078125 195341.375
4.985630989074707 248.68304443359375 187902.375
4.984293460845947 248.74978637695312 201128.109375
4.9829559326171875 248.81655883789062 220639.5
4.9816179275512695 248.88339233398438 239105.59375
4.980280876159668 248.95021057128906 248860.6875
4.978943347930908 249.01708984375 265703.84375
4.977606296539307 249.08396911621094 278331.84375
4.976269245147705 249.15089416503906 294851.59375
4.9749321937561035 249.21786499023438 310269.8125
4.973595142364502 249.2848663330078 323702.875
4.972258567810059 249.35186767578125 333080.75
4.970921993255615 249.41891479492188 329440.5625
4.969585418701172 249.4860076904297 328956.03125
4.9682488441467285 249.5531005859375 326328.84375
4.966912269592285 249.62026977539062 325144.15625
4.965576171875 249.68743896484375 309703.96875
4.964240074157715 249.75462341308594 309790.21875
4.962904453277588 249.8218536376953 323764.03125
4.961568355560303 249.88912963867188 338186.15625
4.960232734680176 249.95640563964844 350556.96875
4.958897113800049 250.02374267578125 356020.5625
4.957561492919922 250.09107971191406 348063.71875
4.956226348876953 250.15846252441406 329960.40625
4.954890727996826 250.22589111328125 304073.8125
4.953555583953857 250.29335021972656 278409.125
4.952220439910889 250.36080932617188 260262.546875
4.950885772705078 250.42831420898438 235953.421875
4.949551105499268 250.49583435058594 219790.0625
4.948216438293457 250.5634002685547 216434.859375
4.9468817710876465 250.63101196289062 214174.40625
4.945547103881836 250.69863891601562 201380.0625
4.944212913513184 250.7663116455078 194224.8125
4.942878246307373 250.83401489257812 189444.78125
4.941544532775879 250.90170288085938 193000.390625
4.940210342407227 250.969482421875 190486.3125
4.938876628875732 251.03724670410156 188420.078125
4.93754243850708 251.10507202148438 184701.9375
4.936208724975586 251.17291259765625 181657.578125
4.93487548828125 251.24078369140625 173001.40625
4.933541774749756 251.30870056152344 166361.46875
4.93220853805542 251.3766326904297 158899.84375
4.930875301361084 251.44459533691406 153409.1875
4.929542064666748 251.51260375976562 154896.4375
4.92820930480957 251.58062744140625 165615.28125
4.926876544952393 251.648681640625 177046.6875
4.925543308258057 251.716796875 190797.703125
4.924211025238037 251.78489685058594 206371.484375
4.922878265380859 251.85305786132812 228492.796875
4.92154598236084 251.92123413085938 246239.609375
4.92021369934082 251.9894561767578 255245.9375
4.918881416320801 252.05770874023438 258663.40625
4.917549133300781 252.12599182128906 252287.40625
4.91621732711792 252.1942901611328 257669.828125
4.914885520935059 252.26263427734375 260291.25
4.913553714752197 252.3310089111328 256005.0625
4.912221908569336 252.39942932128906 255699.5
4.910890579223633 252.4678497314453 271771.375
4.90955924987793 252.53631591796875 316735.34375
4.908227920532227 252.6048126220703 400408.0625
4.906896591186523 252.67333984375 535862.875
4.9055657386779785 252.74188232421875 721178.5625
4.904234409332275 252.8105010986328 898177.125
4.9029035568237305 252.87911987304688 1049503.875
4.901573181152344 252.94776916503906 1122830.5
4.900242328643799 253.01646423339844 1120867.375
4.898911952972412 253.0851593017578 1053305.375
4.897581577301025 253.15391540527344 922290.5
4.896251201629639 253.22271728515625 776401.3125
4.89492130279541 253.29148864746094 636181.5
4.893590927124023 253.3603515625 513900.90625
4.892261028289795 253.4292449951172 416233.75
4.890931129455566 253.49815368652344 362922.15625
4.889601707458496 253.5670623779297 327641.3125
4.888272285461426 253.6360321044922 296834.0625
4.886942386627197 253.70504760742188 274965.4375
4.885613441467285 253.77406311035156 261022.34375
4.884284019470215 253.84312438964844 238638.375
4.8829545974731445 253.91224670410156 220574.53125
4.881625652313232 253.98138427734375 206091.328125
4.88029670715332 254.05052185058594 201333.671875
4.878968238830566 254.11972045898438 197246.125
4.877639293670654 254.18893432617188 185399.0625
4.8763108253479 254.25820922851562 176010.109375
4.8749823570251465 254.32748413085938 173376.578125
4.873654365539551 254.3967742919922 163068.375
4.872325897216797 254.4661407470703 151274.828125
4.870997905731201 254.53550720214844 141271.90625
4.8696699142456055 254.6049346923828 141289.828125
4.86834192276001 254.67437744140625 143309.265625
4.867013931274414 254.74386596679688 152563.328125
4.865686416625977 254.81338500976562 162654.15625
4.864358901977539 254.88291931152344 171229.953125
4.863031387329102 254.95248413085938 180339.765625
4.861704349517822 255.02207946777344 189701.578125
4.860376834869385 255.0917510986328 199992.234375
4.8590497970581055 255.16140747070312 210475.84375
4.857723236083984 255.2310791015625 217960.390625
4.856396198272705 255.3008270263672 239395.8125
4.855069637298584 255.37057495117188 279267.28125
4.853742599487305 255.44041442871094 345546.5
4.852416515350342 255.51022338867188 448687.53125
4.851089954376221 255.58009338378906 602068.9375
4.8497633934021 255.64999389648438 799972.25
4.848437309265137 255.71990966796875 1006180.1875
4.847111225128174 255.7898712158203 1153697.625
4.845785617828369 255.85984802246094 1203416.375
4.844459533691406 255.9298858642578 1161672.5
4.843133926391602 255.9999237060547 1045708.9375
4.841808319091797 256.07000732421875 872817.0
4.840482711791992 256.14013671875 673782.1875
4.839157581329346 256.2102966308594 501137.96875
4.837831974029541 256.2804870605469 358764.03125
4.8365068435668945 256.3507080078125 258330.5
4.835182189941406 256.4209289550781 195139.375
4.83385705947876 256.4912414550781 158712.15625
4.8325324058532715 256.5615539550781 142871.71875
4.831207752227783 256.63189697265625 142053.78125
4.829883098602295 256.7022705078125 150743.21875
4.828558444976807 256.7726745605469 157558.9375
4.827234268188477 256.8431396484375 167007.40625
4.8259100914001465 256.9136047363281 182505.71875
4.824585914611816 256.984130859375 195428.53125
4.823261737823486 257.0546569824219 212522.875
4.8219380378723145 257.125244140625 238204.09375
4.820614337921143 257.19586181640625 252998.609375
4.819290637969971 257.2665100097656 262169.8125
4.817966938018799 257.337158203125 255561.8125
4.816643714904785 257.4078674316406 244655.046875
4.815320014953613 257.4786376953125 234085.515625
4.8139967918396 257.54937744140625 216835.515625
4.812674045562744 257.62017822265625 196320.4375
4.8113508224487305 257.6910095214844 186987.0625
4.810028076171875 257.76190185546875 191362.921875
4.8087053298950195 257.83282470703125 234490.703125
4.807382583618164 257.90374755859375 294814.625
4.806060314178467 257.9747009277344 367118.1875
4.804737567901611 258.04571533203125 454478.125
4.803415298461914 258.11676025390625 546621.6875
4.802093029022217 258.1878356933594 639606.5
4.800771236419678 258.2589111328125 734254.625
4.799449443817139 258.3300476074219 793047.6875
4.798127174377441 258.4012145996094 804490.5625
4.7968058586120605 258.472412109375 769485.9375
4.7954840660095215 258.54364013671875 698039.375
4.794162273406982 258.6149597167969 591639.5625
4.792840957641602 258.6862487792969 472024.53125
4.791519641876221 258.757568359375 359074.25
4.790198802947998 258.82891845703125 268433.71875
4.788877487182617 258.90032958984375 203162.25
4.7875566482543945 258.9717712402344 170173.15625
4.786235809326172 259.043212890625 157893.640625
4.784914970397949 259.11474609375 146048.734375
4.783594608306885 259.1862487792969 144769.328125
4.78227424621582 259.2578125 150279.96875
4.780953884124756 259.32940673828125 147266.203125
4.779633522033691 259.4010314941406 148000.875
4.778313159942627 259.4727478027344 146375.890625
4.776993274688721 259.54443359375 148620.53125
4.7756733894348145 259.61614990234375 152924.6875
4.774353504180908 259.68792724609375 152014.953125
4.77303409576416 259.75970458984375 148639.234375
4.771714687347412 259.83154296875 146262.640625
4.770394802093506 259.9034118652344 147779.625
4.769075870513916 259.9753112792969 155810.671875
4.767756462097168 260.0472412109375 157707.046875
4.766437530517578 260.11920166015625 166545.3125
4.765118598937988 260.1911926269531 186878.671875
4.763799667358398 260.26324462890625 230751.359375
4.762480735778809 260.3353271484375 309693.8125
4.761161804199219 260.4074401855469 411819.40625
4.759843349456787 260.4795837402344 515761.125
4.7585248947143555 260.5517578125 601790.875
4.757206916809082 260.6239318847656 640691.125
4.75588846206665 260.6961975097656 619775.75
4.754570484161377 260.7684326171875 550179.1875
4.7532525062561035 260.84075927734375 472710.09375
4.75193452835083 260.9130859375 402008.25
4.750617027282715 260.9854736328125 360848.84375
4.749299049377441 261.0578918457031 371118.5
4.747982025146484 261.1302795410156 430995.875
4.746664524078369 261.2027893066406 500545.90625
4.745347023010254 261.2752990722656 559814.1875
4.744029998779297 261.34783935546875 575267.5
4.74271297454834 261.42041015625 546686.125
4.741395950317383 261.4930419921875 494253.9375
4.740078926086426 261.565673828125 424671.5
4.738762378692627 261.6383361816406 353413.21875
4.737445831298828 261.7110595703125 293722.3125
4.736129283905029 261.7838134765625 253461.484375
4.7348127365112305 261.8565979003906 234660.578125
4.73349666595459 261.92938232421875 237209.390625
4.732180595397949 262.00225830078125 255703.46875
4.730864524841309 262.07513427734375 303106.15625
4.729548454284668 262.1480712890625 369091.5
4.7282328605651855 262.22100830078125 423657.34375
4.726917266845703 262.2939758300781 460793.0
4.725601673126221 262.36700439453125 474508.96875
4.724286079406738 262.4400634765625 462739.53125
4.722970485687256 262.5131530761719 432267.96875
4.721655368804932 262.5863037109375 395853.5
4.720340251922607 262.6594543457031 356935.5
4.719025135040283 262.7326354980469 316713.25
4.717710494995117 262.8058776855469 289875.4375
4.716395854949951 262.8791198730469 279507.28125
4.715080738067627 262.9524230957031 272571.9375
4.713766574859619 263.0257568359375 275852.71875
4.712451934814453 263.09912109375 281506.6875
4.711137771606445 263.1725158691406 289596.28125
4.7098236083984375 263.2459411621094 292385.28125
4.70850944519043 263.3194274902344 299859.90625
4.707195281982422 263.3929443359375 305516.625
4.705881595611572 263.4664611816406 309898.90625
4.704567909240723 263.5400390625 304362.28125
4.703254222869873 263.6136474609375 301105.125
4.701940536499023 263.6872863769531 301740.875
4.700627326965332 263.7609558105469 305462.875
4.699314117431641 263.8346862792969 305718.96875
4.698000907897949 263.9084167480469 308964.59375
4.696687698364258 263.9822082519531 320069.625
4.695374488830566 264.0560302734375 331573.84375
4.694061756134033 264.1298828125 338253.90625
4.6927490234375 264.2037658691406 358403.75
4.691436290740967 264.2777099609375 396714.1875
4.690124034881592 264.3516540527344 470173.375
4.688811779022217 264.4256286621094 603258.5625
4.687499523162842 264.4996643066406 756959.625
4.686187267303467 264.57373046875 876327.75
4.684875011444092 264.6478271484375 963621.1875
4.683563232421875 264.721923828125 993875.5625
4.682251453399658 264.7961120605469 964180.8125
4.680939674377441 264.87030029296875 898980.75
4.679627895355225 264.9445495605469 827535.25
4.678316593170166 265.0188293457031 770906.5
4.677005290985107 265.0931396484375 729244.5
4.675693988800049 265.1674499511719 718525.6875
4.67438268661499 265.2418518066406 738070.1875
4.67307186126709 265.3162536621094 769551.3125
4.6717610359191895 265.3907165527344 805860.4375
4.670450210571289 265.4651794433594 838092.125
4.669139385223389 265.53973388671875 875508.6875
4.6678290367126465 265.6142578125 904161.8125
4.666518211364746 265.6888732910156 918135.375
4.665208339691162 265.7634582519531 903858.25
4.66389799118042 265.838134765625 885123.75
4.662587642669678 265.912841796875 842007.6875
4.661277770996094 265.9875793457031 789222.25
4.65996789932251 266.06231689453125 748206.8125
4.658658027648926 266.13714599609375 734752.125
4.6573486328125 266.21197509765625 744248.0
4.656038761138916 266.286865234375 767217.0
4.65472936630249 266.3617858886719 807435.375
4.6534199714660645 266.4367370605469 859116.0
4.652111053466797 266.5116882324219 922370.5
4.650801658630371 266.58673095703125 993248.6875
4.6494927406311035 266.6617736816406 1080396.75
4.648184299468994 266.7368469238281 1158973.0
4.646875381469727 266.81195068359375 1230477.75
4.645566463470459 266.88714599609375 1262692.875
4.64425802230835 266.96234130859375 1249518.875
4.64294958114624 267.0375671386719 1211174.375
4.641641616821289 267.1128234863281 1175761.75
4.64033317565918 267.1881408691406 1145667.875
4.6390252113342285 267.2634582519531 1155244.75
4.637717247009277 267.3388366699219 1194905.75
4.636409282684326 267.4142761230469 1272632.625
4.635101795196533 267.48968505859375 1353543.5
4.63379430770874 267.5651550292969 1406256.625
4.632486820220947 267.64068603515625 1415277.375
4.631179332733154 267.7162780761719 1355783.75
4.629871845245361 267.7918701171875 1282401.125
4.628564834594727 267.86749267578125 1191275.25
4.627257823944092 267.9431457519531 1100521.375
4.625950813293457 268.0188293457031 1019607.0625
4.6246442794799805 268.09454345703125 951337.4375
4.623337268829346 268.17034912109375 915322.6875
4.622030735015869 268.24615478515625 896443.6875
4.620724201202393 268.3219909667969 886184.0
4.619418144226074 268.3978576660156 876576.6875
4.618111610412598 268.4737854003906 866287.5625
4.616805553436279 268.54974365234375 853212.4375
4.615499496459961 268.625732421875 855545.5
4.614193916320801 268.7017517089844 884230.75
4.612887859344482 268.77783203125 950896.9375
4.611582279205322 268.8539123535156 1052333.5
4.610276699066162 268.9300537109375 1165655.0
4.608971118927002 269.0062255859375 1255264.625
4.607666015625 269.0824279785156 1313769.0
4.606360912322998 269.15869140625 1313319.375
4.605055809020996 269.23492431640625 1282624.0
4.603750705718994 269.311279296875 1235890.125
4.602445602416992 269.38763427734375 1172137.5
4.601140975952148 269.4640197753906 1103590.625
4.599836349487305 269.54046630859375 1044699.875
4.598531723022461 269.6169128417969 1005821.6875
4.597227573394775 269.69342041015625 977504.5625
4.595922946929932 269.76995849609375 955386.9375
4.594618797302246 269.8465576171875 940595.1875
4.593315124511719 269.9231262207031 936130.5
4.592010974884033 269.9997863769531 966234.5
4.590707302093506 270.0764465332031 1035548.875
4.5894036293029785 270.1531677246094 1138755.375
4.588099956512451 270.2299499511719 1279395.5
4.586796283721924 270.3067321777344 1447186.625
4.585493087768555 270.3835754394531 1644821.75
4.584189414978027 270.46044921875 1876785.625
4.582886695861816 270.537353515625 2169485.75
4.581583499908447 270.6142883300781 2578136.5
4.580280303955078 270.6912841796875 3060699.5
4.578977584838867 270.7682800292969 3567127.25
4.577674865722656 270.8453674316406 3990519.0
4.576372146606445 270.9224548339844 4212018.5
4.575069904327393 270.99957275390625 4246229.5
4.57376766204834 271.07672119140625 4102959.25
4.572465419769287 271.1539306640625 3826864.25
4.571163177490234 271.2311706542969 3502222.0
4.569860935211182 271.3084716796875 3169704.5
4.568559169769287 271.3857727050781 2858771.0
4.567257404327393 271.463134765625 2584010.0
4.565955638885498 271.54052734375 2360824.75
4.564654350280762 271.617919921875 2168235.0
4.563352584838867 271.6954345703125 2004182.5
4.562051296234131 271.7729187011719 1870541.5
4.5607500076293945 271.8504638671875 1758773.375
4.559449195861816 271.9280090332031 1671272.875
4.55814790725708 272.0056457519531 1614243.75
4.556847095489502 272.08331298828125 1572501.375
4.555546283721924 272.1609802246094 1555440.625
4.554245948791504 272.2386779785156 1557748.75
4.552945137023926 272.31646728515625 1548665.625
4.551644802093506 272.3942565917969 1527512.625
4.550344467163086 272.47210693359375 1488909.5
4.549044132232666 272.5500183105469 1435553.625
4.547744274139404 272.6278991699219 1331823.125
4.546444416046143 272.70587158203125 1188816.375
4.545144081115723 272.78387451171875 1034955.5625
4.543844699859619 272.86187744140625 884221.75
4.542544841766357 272.9399719238281 744984.25
4.541245460510254 273.01806640625 628997.0625
4.53994607925415 273.09619140625 541425.4375
4.538646697998047 273.17437744140625 502814.15625
4.537347793579102 273.2525634765625 505747.71875
4.536048412322998 273.3308410644531 551103.8125
4.534749507904053 273.4091491699219 643969.0625
4.533450603485107 273.48748779296875 778633.9375
4.53215217590332 273.5658264160156 915649.625
4.530853271484375 273.6442565917969 1032647.875
4.529554843902588 273.72271728515625 1115780.75
4.528256416320801 273.8011779785156 1181104.75
4.526958465576172 273.87969970703125 1223872.75
4.525660037994385 273.9582824707031 1284091.875
4.524362087249756 274.036865234375 1378918.125
4.523064136505127 274.115478515625 1517907.25
4.521766185760498 274.1941833496094 1675051.75
4.520468711853027 274.27288818359375 1812136.0
4.519171237945557 274.35162353515625 1929608.625
4.517873764038086 274.430419921875 2027395.875
4.516576290130615 274.5092468261719 2093223.875
4.5152788162231445 274.588134765625 2154657.0
4.513981819152832 274.6670227050781 2256318.5
4.5126848220825195 274.7459716796875 2423002.75
4.511387825012207 274.824951171875 2705917.25
4.510091304779053 274.9039611816406 3161446.75
4.50879430770874 274.9830322265625 3868029.75
4.507498264312744 275.0621337890625 4794028.5
4.50620174407959 275.1412353515625 5764461.5
4.5049052238464355 275.220458984375 6580662.0
4.5036091804504395 275.2996520996094 7077525.0
4.502313137054443 275.3788757324219 7132219.0
4.501017093658447 275.45819091796875 6775615.5
4.499721050262451 275.5375061035156 6029352.0
4.498425483703613 275.61688232421875 5009456.5
4.497129440307617 275.6962890625 3910439.0
4.4958343505859375 275.7757263183594 2902522.0
4.4945387840271 275.855224609375 2061865.0
4.493243217468262 275.93475341796875 1435723.5
4.491948127746582 276.0143127441406 1015682.4375
4.490653038024902 276.09393310546875 759890.0625
4.489358425140381 276.17352294921875 602120.1875
4.488063335418701 276.25323486328125 513469.375
4.48676872253418 276.3329162597656 451758.6875
4.485474109649658 276.4127197265625 407859.53125
4.484179496765137 276.49249267578125 360091.46875
4.482885360717773 276.57232666015625 337854.03125
4.481590747833252 276.6521911621094 333595.625
4.480296611785889 276.73211669921875 350008.6875
4.479002475738525 276.81207275390625 370864.53125
4.47770881652832 276.89202880859375 392399.75
4.476414680480957 276.97210693359375 400444.4375
4.475121021270752 277.05218505859375 403044.4375
4.473827838897705 277.13226318359375 389346.71875
4.4725341796875 277.2124328613281 377242.71875
4.471240520477295 277.2926330566406 362763.21875
4.469947338104248 277.3728332519531 353713.40625
4.468654155731201 277.453125 345473.15625
4.4673614501953125 277.5334167480469 343019.34375
4.466068267822266 277.61376953125 349104.875
4.464775562286377 277.69415283203125 373885.15625
4.463482856750488 277.7745361328125 404788.15625
4.462190628051758 277.85498046875 452779.9375
4.460897922515869 277.9355163574219 497177.5
4.459605693817139 278.01605224609375 524504.0625
4.458313465118408 278.0966491699219 535794.75
4.457021236419678 278.1772766113281 553932.8125
4.4557294845581055 278.2579040527344 586419.25
4.454437255859375 278.338623046875 606620.3125
4.453145503997803 278.41937255859375 634494.625
4.4518537521362305 278.5001525878906 647767.1875
4.450562477111816 278.5809631347656 671456.125
4.449271202087402 278.66180419921875 669140.5625
4.44797945022583 278.74273681640625 654259.125
4.446688652038574 278.82366943359375 629155.875
4.44539737701416 278.9046325683594 629083.1875
4.444106578826904 278.98565673828125 653658.3125
4.442815780639648 279.06671142578125 690089.25
4.441524982452393 279.1477966308594 717157.75
4.440234184265137 279.2289733886719 731699.875
4.438943862915039 279.31011962890625 729614.9375
4.437653064727783 279.391357421875 723289.0625
4.4363627433776855 279.4726257324219 715687.375
4.435072898864746 279.5539245605469 713415.375
4.433782577514648 279.6352844238281 726819.6875
4.432492733001709 279.7166442871094 761697.9375
4.4312028884887695 279.79803466796875 800796.625
4.42991304397583 279.8795166015625 862710.0
4.428623676300049 279.96099853515625 946594.5625
4.427334308624268 280.04254150390625 1026841.625
4.426044940948486 280.1241149902344 1084512.0
4.424755573272705 280.2057800292969 1111307.375
4.423466205596924 280.2874450683594 1114811.25
4.422177314758301 280.3691101074219 1081944.125
4.420888423919678 280.45086669921875 1026320.9375
4.419599533081055 280.53265380859375 951547.875
4.418310642242432 280.6144714355469 882763.3125
4.417022228240967 280.6963195800781 849478.3125
4.415733814239502 280.77825927734375 880931.6875
4.414445400238037 280.8601989746094 978033.375
4.4131574630737305 280.942138671875 1119146.5
4.411869049072266 281.0242004394531 1260235.125
4.410581111907959 281.10626220703125 1359855.125
4.409293174743652 281.1883850097656 1382483.875
4.408005237579346 281.2705383300781 1334688.875
4.406717777252197 281.3526916503906 1256581.0
4.405430316925049 281.4349365234375 1182719.875
4.4041428565979 281.5171813964844 1149216.0
4.402855396270752 281.5995178222656 1141743.625
4.401568412780762 281.6818542480469 1143019.5
4.400280952453613 281.7642517089844 1134956.0
4.398993968963623 281.8466796875 1109092.5
4.397707462310791 281.92913818359375 1053849.0
4.396420478820801 282.0116882324219 960152.5625
4.395133972167969 282.09423828125 852670.9375
4.393847465515137 282.17681884765625 753479.0
4.392560958862305 282.25946044921875 684390.6875
4.391274452209473 282.3421630859375 660642.5
4.389988422393799 282.42486572265625 669518.6875
4.388702392578125 282.50762939453125 719691.75
4.387416362762451 282.5904541015625 802726.4375
4.3861308097839355 282.67327880859375 926476.625
4.384844779968262 282.7561950683594 1062804.375
4.383559226989746 282.8390808105469 1186093.625
4.3822736740112305 282.92205810546875 1272746.0
4.380988597869873 283.00506591796875 1348825.5
4.379703044891357 283.088134765625 1473609.0
4.37841796875 283.1712341308594 1670091.125
4.377132892608643 283.2543640136719 1931777.125
4.375847816467285 283.3375549316406 2189883.25
4.374563217163086 283.4207458496094 2367552.25
4.373278617858887 283.5039978027344 2448425.0
4.371993541717529 283.58734130859375 2421303.25
4.370709419250488 283.670654296875 2347006.0
4.369424819946289 283.7540283203125 2247987.0
4.368140697479248 283.83746337890625 2184652.0
4.366856575012207 283.9209289550781 2194359.25
4.365572452545166 284.00445556640625 2292726.0
4.364288806915283 284.0879821777344 2450233.75
4.363004684448242 284.17156982421875 2630701.0
4.361721038818359 284.2552185058594 2693657.0
4.360437393188477 284.3388977050781 2612631.75
4.359154224395752 284.422607421875 2427865.75
4.357871055603027 284.50634765625 2166886.5
4.3565874099731445 284.5901794433594 1853828.625
4.35530424118042 284.67401123046875 1536539.0
4.3540215492248535 284.75787353515625 1246864.375
4.352738857269287 284.841796875 1041849.8125
4.3514556884765625 284.92578125 916146.9375
4.350172996520996 285.00982666015625 857534.125
4.348890781402588 285.0938415527344 879380.5625
4.3476080894470215 285.1779479980469 932712.625
4.346325874328613 285.2620544433594 996393.5625
4.345043659210205 285.3462829589844 1081749.0
4.343761444091797 285.43048095703125 1177174.625
4.342479705810547 285.5147399902344 1265411.375
4.341197967529297 285.59906005859375 1332402.625
4.339916229248047 285.68341064453125 1395066.875
4.338634490966797 285.7677917480469 1440191.875
4.337352752685547 285.85223388671875 1480266.625
4.336071491241455 285.9366760253906 1507534.125
4.334790229797363 286.0212097167969 1518961.125
4.3335089683532715 286.1058044433594 1543216.125
4.33222770690918 286.1903991699219 1604153.375
4.330946922302246 286.2750244140625 1730476.875
4.3296661376953125 286.3597106933594 1965496.5
4.328385353088379 286.4444580078125 2236058.0
4.3271050453186035 286.5292053222656 2454545.75
4.32582426071167 286.6140441894531 2561798.75
4.3245439529418945 286.6988830566406 2564131.75
4.323263645172119 286.7838134765625 2482599.0
4.321983337402344 286.8687438964844 2358377.5
4.320703506469727 286.9537353515625 2235603.5
4.319423675537109 287.03875732421875 2157807.25
4.318143844604492 287.12384033203125 2200214.25
4.316864013671875 287.2089538574219 2392620.5
4.315584659576416 287.2940979003906 2699781.75
4.314304828643799 287.3793029785156 3068605.5
4.31302547454834 287.46453857421875 3386202.75
4.311746597290039 287.5498352050781 3656455.25
4.31046724319458 287.6351623535156 3838478.75
4.309188365936279 287.7205505371094 3868451.25
4.3079094886779785 287.8059387207031 3812586.5
4.306630611419678 287.89141845703125 3664044.5
4.305352210998535 287.9768981933594 3395154.75
4.304073333740234 288.0624694824219 3037668.25
4.302794933319092 288.1480407714844 2627048.0
4.301516532897949 288.2336730957031 2211860.0
4.300238609313965 288.3193359375 1821853.75
4.298960208892822 288.4050598144531 1465193.875
4.297682285308838 288.4908447265625 1171793.75
4.2964043617248535 288.57666015625 964971.6875
4.295126914978027 288.6624755859375 826528.625
4.293848991394043 288.7483825683594 754428.375
4.292571544647217 288.83428955078125 721526.625
4.291294097900391 288.9202880859375 710809.875
4.2900166511535645 289.00634765625 713554.5625
4.2887396812438965 289.0923767089844 717292.0625
4.2874627113342285 289.1784973144531 720368.0
4.2861857414245605 289.2646484375 724555.625
4.284908771514893 289.350830078125 750783.3125
4.283632278442383 289.43707275390625 831142.8125
4.282355308532715 289.52337646484375 1023242.75
4.281078815460205 289.6097106933594 1306997.875
4.279802322387695 289.6960754394531 1599591.875
4.278526306152344 289.7825012207031 1832722.75
4.277250289916992 289.8689270019531 1976922.75
4.275974273681641 289.9554138183594 2014180.0
4.274698257446289 290.0419921875 1962551.625
4.2734222412109375 290.12860107421875 1817474.875
4.272146701812744 290.2152099609375 1652759.5
4.270871162414551 290.3018798828125 1527100.75
4.269595623016357 290.3886413574219 1512013.375
4.268320083618164 290.47540283203125 1673567.125
4.267045021057129 290.56219482421875 2073187.375
4.265769958496094 290.6490478515625 2702416.0
4.264494895935059 290.7359313964844 3412604.75
4.263219833374023 290.8229064941406 4049783.5
4.2619452476501465 290.9098815917969 4477366.5
4.2606706619262695 290.9969177246094 4594845.0
4.259396076202393 291.083984375 4405157.0
4.258121490478516 291.1711120605469 3986702.25
4.256846904754639 291.25830078125 3425418.5
4.25557279586792 291.3454895019531 2796879.75
4.254298686981201 291.4327392578125 2217549.5
4.253024578094482 291.5200500488281 1792281.5
4.251750946044922 291.60736083984375 1583635.625
4.250476837158203 291.6947937011719 1557318.25
4.249203205108643 291.7822265625 1651252.875
4.24793004989624 291.8696594238281 1787409.125
4.24665641784668 291.95721435546875 1908067.875
4.245383262634277 292.0447692871094 2004463.0
4.244110107421875 292.13238525390625 2064413.125
4.242836952209473 292.22003173828125 2105810.5
4.24156379699707 292.3077697753906 2159919.75
4.240291118621826 292.3955078125 2241423.0
4.239018440246582 292.4832458496094 2321528.75
4.237745761871338 292.57110595703125 2296135.75
4.236473083496094 292.65899658203125 2190821.75
4.235200881958008 292.7469177246094 2010231.0
4.233928203582764 292.8349304199219 1744312.375
4.232656478881836 292.9228820800781 1444750.25
4.23138427734375 293.0109558105469 1178721.5
4.230112075805664 293.0990905761719 969359.375
4.228840351104736 293.1872253417969 816163.3125
4.227568626403809 293.2754211425781 723596.75
4.226296901702881 293.3636779785156 665327.6875
4.225025653839111 293.4519348144531 634934.125
4.223754405975342 293.5402526855469 616738.375
4.222483158111572 293.6286315917969 602589.875
4.221211910247803 293.7170715332031 599692.5
4.219940662384033 293.8055419921875 603182.6875
4.218669891357422 293.89404296875 612923.5
4.2173991203308105 293.98260498046875 614101.5
4.216128349304199 294.0711975097656 631592.0
4.214858055114746 294.15985107421875 662987.5
4.213587284088135 294.24853515625 713423.9375
4.212316989898682 294.3373107910156 780704.125
4.2110466957092285 294.42608642578125 872561.0
4.209776878356934 294.5148620605469 956088.9375
4.2085065841674805 294.6037902832031 1009772.125
4.2072367668151855 294.69268798828125 1021737.8125
4.205966949462891 294.78167724609375 993611.4375
4.204697132110596 294.8706970214844 936643.9375
4.203427791595459 294.959716796875 855565.875
4.202158451080322 295.0488586425781 777764.5625
4.2008891105651855 295.13800048828125 704854.5
4.199619770050049 295.2272033691406 652678.1875
4.19835090637207 295.31640625 616084.8125
4.197081565856934 295.4057312011719 585833.0625
4.195812702178955 295.49505615234375 568988.25
4.194543838500977 295.5844421386719 564126.1875
4.193275451660156 295.6738586425781 596939.9375
4.192007064819336 295.7633361816406 697902.0
4.190738677978516 295.85284423828125 839319.0625
4.189470291137695 295.9424133300781 967398.6875
4.188201904296875 296.03204345703125 1079679.625
4.186933994293213 296.1216735839844 1158985.625
4.185666084289551 296.2113952636719 1202702.5
4.184398174285889 296.3011474609375 1212592.875
4.183130264282227 296.39093017578125 1159413.0
4.181862831115723 296.48077392578125 1058454.875
4.180595397949219 296.5706481933594 958385.9375
4.179327964782715 296.66058349609375 870669.6875
4.178060531616211 296.7505798339844 797692.3125
4.176793575286865 296.8406066894531 734305.75
4.1755266189575195 296.9306640625 723042.125
4.174259662628174 297.02081298828125 809986.625
4.172992706298828 297.1109924316406 978901.5625
4.171725749969482 297.2012023925781 1208920.25
4.170459270477295 297.2914733886719 1418918.375
4.169192790985107 297.38177490234375 1558663.625
4.16792631149292 297.47216796875 1605391.375
4.166660308837891 297.5625305175781 1572834.5
4.165394306182861 297.6529541015625 1474809.25
4.164128303527832 297.74346923828125 1305337.25
4.162862300872803 297.8340148925781 1131034.25
4.161596298217773 297.9245910644531 1006020.625
4.160330772399902 298.0152282714844 923939.0625
4.159065246582031 298.1059265136719 905395.3125
4.15779972076416 298.1966552734375 954241.8125
4.156534194946289 298.2874450683594 1085954.625
4.155269145965576 298.3782653808594 1329354.25
4.154004096984863 298.4691467285156 1699241.0
4.15273904800415 298.5600280761719 2173702.0
4.1514739990234375 298.6510314941406 2637939.5
4.150209426879883 298.74200439453125 2955989.5
4.148944854736328 298.83306884765625 3085900.75
4.147680282592773 298.9241943359375 3014634.75
4.146415710449219 299.0153503417969 2797283.25
4.145151615142822 299.1065673828125 2487243.5
4.143887042999268 299.19781494140625 2151730.75
4.142622947692871 299.28912353515625 1860821.0
4.141359329223633 299.38043212890625 1613478.125
4.140095233917236 299.47186279296875 1414370.25
4.138831615447998 299.56329345703125 1255588.0
4.13756799697876 299.6547546386719 1133423.625
4.1363043785095215 299.7463073730469 1026490.5
4.135041236877441 299.8378601074219 931557.6875
4.133777618408203 299.9295349121094 856145.8125
4.132514476776123 300.0212097167969 808493.125
4.131251335144043 300.1129150390625 773704.125
4.129988670349121 300.2047119140625 743643.25
4.128726005554199 300.2965087890625 722462.875
4.127462863922119 300.3883972167969 721840.1875
4.126200199127197 300.4803161621094 755442.375
4.124938011169434 300.572265625 820943.4375
4.12367582321167 300.6642761230469 893071.625
4.122413158416748 300.75634765625 960695.0
4.121150970458984 300.84844970703125 1036674.625
4.119889259338379 300.9405822753906 1084902.875
4.118627071380615 301.0328369140625 1110861.875
4.11736536026001 301.1250915527344 1129432.25
4.116103649139404 301.2173767089844 1159219.125
4.114841938018799 301.30975341796875 1187003.625
4.113580703735352 301.4021301269531 1219849.75
4.112319469451904 301.49456787109375 1227236.25
4.111058235168457 301.5870666503906 1205062.875
4.10979700088501 301.6795959472656 1166023.5
4.1085357666015625 301.772216796875 1123328.875
4.107275009155273 301.8648376464844 1097988.75
4.106014251708984 301.9575500488281 1097849.75
4.104753494262695 302.05029296875 1114034.5
4.1034932136535645 302.14306640625 1133139.375
4.102232456207275 302.23590087890625 1135678.125
4.1009721755981445 302.32879638671875 1133685.375
4.099711894989014 302.4217529296875 1133544.5
4.098452091217041 302.51470947265625 1130220.125
4.09719181060791 302.6077575683594 1105783.25
4.0959320068359375 302.7008056640625 1072286.25
4.094672203063965 302.7939453125 1032278.375
4.09341287612915 302.8871154785156 987226.8125
4.092153072357178 302.9803466796875 935369.6875
4.090893745422363 303.0736083984375 864501.875
4.089634418487549 303.16693115234375 814253.75
4.088375568389893 303.2602844238281 783642.375
4.087116241455078 303.3537292480469 762844.6875
4.085857391357422 303.4471740722656 749678.0625
4.084598541259766 303.54071044921875 738517.5
4.083339691162109 303.6343078613281 725507.0
4.082081317901611 303.7278747558594 713870.5625
4.080822467803955 303.82159423828125 716818.75
4.079564094543457 303.9153137207031 734700.6875
4.078306198120117 304.009033203125 783251.5625
4.077047824859619 304.1028747558594 826074.375
4.075789928436279 304.19671630859375 834588.375
4.0745320320129395 304.2906494140625 848033.4375
4.0732741355896 304.3846130371094 858395.4375
4.07201623916626 304.4786376953125 857676.375
4.070758819580078 304.57269287109375 866550.375
4.0695013999938965 304.66680908203125 861125.5625
4.068243980407715 304.7609558105469 866382.75
4.066986560821533 304.8551940917969 888350.125
4.06572961807251 304.9494323730469 928567.25
4.064472675323486 305.0437316894531 994797.625
4.063215732574463 305.13812255859375 1126595.125
4.0619587898254395 305.2325134277344 1318890.375
4.060702323913574 305.3269958496094 1536809.75
4.059445381164551 305.4215087890625 1720786.875
4.0581889152526855 305.5160827636719 1843746.75
4.0569329261779785 305.61065673828125 1927917.25
4.055676460266113 305.7053527832031 1929304.75
4.054420471191406 305.800048828125 1832439.375
4.053164482116699 305.8948059082031 1680346.0
4.051908493041992 305.9896240234375 1495974.375
4.050652980804443 306.08447265625 1296865.375
4.049396991729736 306.1794128417969 1129242.125
4.0481414794921875 306.27435302734375 1023069.75
4.046885967254639 306.369384765625 979032.5
4.045630931854248 306.46441650390625 1011746.5
4.044375896453857 306.55950927734375 1094441.875
4.043120384216309 306.6547546386719 1162851.125
4.041865825653076 306.7499084472656 1197434.5
4.0406107902526855 306.8451843261719 1175216.75
4.039356231689453 306.94049072265625 1107385.75
4.0381011962890625 307.035888671875 1003560.1875
4.036847114562988 307.13128662109375 904646.125
4.035592555999756 307.22674560546875 841430.25
4.034338474273682 307.322265625 840360.75
4.033083915710449 307.4178466796875 929056.3125
4.031829833984375 307.51348876953125 1056679.375
4.030576229095459 307.6091003417969 1179843.125
4.029322147369385 307.704833984375 1307136.25
4.028068542480469 307.80059814453125 1456400.375
4.026814937591553 307.89642333984375 1595328.625
4.025561332702637 307.9923095703125 1682398.625
4.024308204650879 308.0882263183594 1698405.75
4.023054599761963 308.1842346191406 1633779.75
4.021801471710205 308.2802429199219 1516224.875
4.0205488204956055 308.37628173828125 1382533.25
4.019295692443848 308.4724426269531 1253405.625
4.018043041229248 308.5686340332031 1161652.875
4.01678991317749 308.66485595703125 1098273.0
4.015537738800049 308.7611389160156 1070909.625
4.014285087585449 308.85748291015625 1061999.75
4.013032913208008 308.9538269042969 1098120.875
4.011780738830566 309.05029296875 1160484.75
4.010528564453125 309.14678955078125 1189950.5
4.009276390075684 309.2433166503906 1159523.25
4.0080246925354 309.33990478515625 1090340.375
4.006772518157959 309.43658447265625 1003267.8125
4.005521297454834 309.5332336425781 899589.5625
4.004269599914551 309.6300048828125 841728.0
4.003018379211426 309.7267761230469 880238.875
4.001766681671143 309.82366943359375 1006990.25
4.000515460968018 309.9205322265625 1152830.375
3.9992644786834717 310.0174865722656 1275508.5
3.998013496398926 310.114501953125 1347111.0
3.996762752532959 310.2115783691406 1330666.0
3.995511770248413 310.3086853027344 1224329.875
3.9942612648010254 310.40582275390625 1062531.875
3.9930107593536377 310.5030212402344 871085.6875
3.991760492324829 310.6003112792969 686408.5
3.9905099868774414 310.6976318359375 530041.25
3.989259958267212 310.7949523925781 417078.125
3.9880099296569824 310.89239501953125 340771.8125
3.986759901046753 310.9898681640625 287845.8125
3.9855098724365234 311.0874328613281 255698.96875
3.984260320663452 311.18499755859375 232775.625
3.9830105304718018 311.2826232910156 226338.640625
3.9817612171173096 311.3802795410156 224716.8125
3.9805119037628174 311.4779968261719 252621.46875
3.979262590408325 311.5758056640625 276880.4375
3.978013277053833 311.6736755371094 289687.71875
3.976764440536499 311.77154541015625 288702.75
3.975515365600586 311.8694763183594 277789.34375
3.974266529083252 311.9674987792969 264144.0625
3.973017930984497 312.0655212402344 251041.953125
3.971769332885742 312.16363525390625 236010.625
3.9705209732055664 312.26177978515625 222167.0625
3.9692726135253906 312.3599853515625 212805.296875
3.968024253845215 312.458251953125 215988.40625
3.966776132583618 312.5565490722656 231043.90625
3.9655280113220215 312.6549377441406 269192.0
3.964280128479004 312.75335693359375 327804.5
3.9630322456359863 312.8518371582031 389219.28125
3.961784601211548 312.9503479003906 433289.5625
3.9605369567871094 313.0489501953125 462107.8125
3.959289789199829 313.1475524902344 482254.625
3.9580423831939697 313.2462463378906 474832.6875
3.9567952156066895 313.3450012207031 461453.03125
3.955548048019409 313.44378662109375 433584.09375
3.954301118850708 313.5426330566406 409010.0
3.953054189682007 313.64154052734375 391932.28125
3.9518072605133057 313.740478515625 380256.1875
3.9505608081817627 313.8394775390625 372607.09375
3.9493141174316406 313.93853759765625 388888.59375
3.9480679035186768 314.03765869140625 413509.125
3.946821451187134 314.1368103027344 455242.84375
3.94557523727417 314.2360534667969 488602.1875
3.944329261779785 314.3352966308594 505614.875
3.9430832862854004 314.43463134765625 505229.0625
3.9418373107910156 314.5340270996094 488196.46875
3.94059157371521 314.6334533691406 456586.90625
3.9393460750579834 314.73291015625 417669.5625
3.9381003379821777 314.83251953125 369660.71875
3.9368553161621094 314.93206787109375 321401.53125
3.935609817504883 315.03173828125 298617.5625
3.9343647956848145 315.13140869140625 284106.1875
3.933119535446167 315.2311706542969 299387.5
3.9318747520446777 315.33099365234375 331047.625
3.9306297302246094 315.4308776855469 359775.6875
3.929385185241699 315.53076171875 389608.25
3.92814040184021 315.6307678222656 403078.46875
3.926896095275879 315.73077392578125 408481.0625
3.925651788711548 315.8308410644531 422749.09375
3.924407482147217 315.9309997558594 441525.40625
3.923163414001465 316.03118896484375 483226.25
3.921919345855713 316.1314392089844 556583.8125
3.920675277709961 316.2317199707031 612450.0
3.919431447982788 316.33209228515625 631906.125
3.9181878566741943 316.4325256347656 624358.5625
3.9169442653656006 316.532958984375 594316.625
3.915700674057007 316.63348388671875 544517.3125
3.9144575595855713 316.7340393066406 480989.5625
3.9132142066955566 316.8346862792969 425288.40625
3.911971092224121 316.9353332519531 410058.625
3.9107282161712646 317.03607177734375 428455.25
3.909485340118408 317.1368713378906 450259.5
3.9082424640655518 317.23773193359375 479931.09375
3.9069998264312744 317.338623046875 510230.25
3.905757188796997 317.4396057128906 548995.3125
3.904514789581299 317.5406188964844 593846.3125
3.9032726287841797 317.64166259765625 623931.625
3.9020304679870605 317.7427673339844 654418.0
3.9007883071899414 317.8439636230469 670226.5625
3.8995461463928223 317.9451904296875 690006.125
3.8983044624328613 318.0464782714844 686997.875
3.8970625400543213 318.1478271484375 652986.8125
3.8958208560943604 318.2492370605469 597591.375
3.8945794105529785 318.3506774902344 560400.9375
3.8933379650115967 318.45220947265625 513640.09375
3.892096757888794 318.5537109375 474267.59375
3.890855550765991 318.65533447265625 453803.15625
3.8896145820617676 318.75701904296875 463413.875
3.888373613357544 318.8587341308594 486740.21875
3.8871326446533203 318.9605712890625 526301.875
3.885891914367676 319.0624084472656 562035.3125
3.8846514225006104 319.1642761230469 597207.0
3.883410930633545 319.2662353515625 634629.75
3.8821704387664795 319.3682556152344 661300.9375
3.8809304237365723 319.4703063964844 675898.75
3.879690170288086 319.5724182128906 660490.1875
3.8784501552581787 319.6745910644531 621484.6875
3.8772101402282715 319.7768249511719 569559.75
3.8759703636169434 319.8791198730469 509211.65625
3.8747305870056152 319.9814758300781 449567.71875
3.873491048812866 320.0838623046875 409181.34375
3.872251510620117 320.1863098144531 407171.5
3.8710122108459473 320.2888488769531 428268.3125
3.8697731494903564 320.3913879394531 450053.5
3.8685338497161865 320.4940185546875 470904.125
3.8672947883605957 320.5967102050781 489785.0
3.866055965423584 320.6994323730469 504670.75
3.8648171424865723 320.80224609375 494168.15625
3.8635783195495605 320.90509033203125 482917.21875
3.862339973449707 321.00799560546875 486617.34375
3.8611013889312744 321.1109619140625 505312.84375
3.859863042831421 321.2139587402344 563572.4375
3.8586249351501465 321.3170471191406 628884.3125
3.857386827468872 321.420166015625 671386.625
3.8561489582061768 321.52337646484375 674717.0625
3.8549108505249023 321.62664794921875 650855.0625
3.853673219680786 321.72991943359375 626364.6875
3.85243558883667 321.8332824707031 606968.125
3.8511979579925537 321.9366760253906 590164.8125
3.8499605655670166 322.0401916503906 574396.875
3.8487231731414795 322.1437072753906 573347.0625
3.8474862575531006 322.24725341796875 562301.8125
3.8462491035461426 322.3509216308594 532939.6875
3.8450121879577637 322.45465087890625 479073.59375
3.8437752723693848 322.55841064453125 410136.3125
3.842538356781006 322.6622314453125 336297.09375
3.841301918029785 322.7660827636719 269992.8125
3.8400652408599854 322.8700256347656 232483.140625
3.8388288021087646 322.9739990234375 210263.4375
3.837592601776123 323.07806396484375 208265.59375
3.8363566398620605 323.18212890625 225031.234375
3.835120439529419 323.28631591796875 248392.3125
3.8338844776153564 323.3905334472656 266211.21875
3.832648754119873 323.4947814941406 278870.96875
3.8314130306243896 323.5991516113281 289953.5625
3.8301773071289062 323.70355224609375 301061.59375
3.828941822052002 323.8080139160156 328461.9375
3.8277065753936768 323.9124755859375 331433.21875
3.8264713287353516 324.0170593261719 309410.25
3.8252363204956055 324.1216735839844 298380.375
3.8240010738372803 324.2263488769531 291249.21875
3.8227663040161133 324.3310852050781 268873.5
3.821531295776367 324.4359130859375 234693.90625
3.8202967643737793 324.540771484375 218998.09375
3.8190622329711914 324.6456604003906 202664.109375
3.8178277015686035 324.7506408691406 200014.3125
3.8165931701660156 324.85565185546875 196383.671875
3.815359115600586 324.96075439453125 199679.625
3.8141250610351562 325.0658874511719 229376.9375
3.8128910064697266 325.1711120605469 282129.8125
3.811657190322876 325.2763366699219 362529.96875
3.8104233741760254 325.3816833496094 444898.59375
3.809189796447754 325.4870300292969 502802.25
3.8079562187194824 325.5924987792969 521499.9375
3.806722640991211 325.697998046875 504515.0
3.8054893016815186 325.8035583496094 465419.59375
3.8042562007904053 325.9091796875 413669.15625
3.803023099899292 326.0148620605469 346697.28125
3.801790237426758 326.1205749511719 279581.84375
3.8005573749542236 326.2263488769531 231555.6875
3.7993245124816895 326.33221435546875 206017.859375
3.7980918884277344 326.4381408691406 193517.015625
3.7968592643737793 326.5440979003906 200505.4375
3.7956268787384033 326.6501159667969 215440.453125
3.7943947315216064 326.7561950683594 233063.0
3.7931625843048096 326.8623046875 257526.296875
3.7919304370880127 326.9685363769531 269625.96875
3.790698528289795 327.0747985839844 295292.71875
3.789466619491577 327.1811218261719 324872.125
3.7882349491119385 327.2874755859375 357483.15625
3.7870032787323 327.3939514160156 395655.5
3.7857718467712402 327.5004577636719 429827.3125
3.7845404148101807 327.6070251464844 460267.0
3.7833092212677 327.713623046875 485125.40625
3.7820780277252197 327.8203125 501293.40625
3.7808470726013184 327.92706298828125 515200.6875
3.779616117477417 328.0338134765625 527143.75
3.7783854007720947 328.14068603515625 529160.125
3.7771546840667725 328.2475891113281 525518.75
3.77592396736145 328.3545837402344 519779.5
3.774693489074707 328.46160888671875 508804.3125
3.773463010787964 328.5687255859375 506250.34375
3.7722327709198 328.6758728027344 502362.90625
3.771003007888794 328.7830505371094 496974.21875
3.76977276802063 328.890380859375 491430.6875
3.768543004989624 328.9977111816406 483013.53125
3.767313241958618 329.1051025390625 472758.65625
3.7660834789276123 329.2125549316406 468786.375
3.7648539543151855 329.320068359375 480544.28125
3.763624429702759 329.4276428222656 492254.9375
3.762395143508911 329.5353088378906 509414.40625
3.7611658573150635 329.64300537109375 525059.9375
3.759936809539795 329.750732421875 521552.28125
3.7587080001831055 329.8585510253906 502920.5
3.757478952407837 329.9664611816406 477016.71875
3.7562501430511475 330.07440185546875 426842.1875
3.755021572113037 330.182373046875 364851.6875
3.7537930011749268 330.29046630859375 312557.25
3.7525646686553955 330.3985595703125 273590.4375
3.7513363361358643 330.5067443847656 247780.296875
3.750108003616333 330.6150207519531 224885.578125
3.74888014793396 330.7232971191406 216954.765625
3.747652053833008 330.8316650390625 227748.09375
3.7464241981506348 330.9400939941406 243168.421875
3.745196580886841 331.0485534667969 261249.40625
3.743968963623047 331.1571350097656 295539.03125
3.742741346359253 331.2657470703125 327075.78125
3.741513967514038 331.3744201660156 359323.75
3.7402865886688232 331.483154296875 390572.125
3.7390594482421875 331.5919494628906 415342.96875
3.737832546234131 331.7008056640625 441118.5625
3.736605644226074 331.8096923828125 457173.625
3.7353787422180176 331.9186706542969 462401.375
3.73415207862854 332.0277099609375 471816.5625
3.7329254150390625 332.1368103027344 477990.46875
3.731698989868164 332.2459716796875 486162.40625
3.7304725646972656 332.355224609375 487699.3125
3.7292463779449463 332.4644775390625 486085.4375
3.728020191192627 332.5738220214844 484852.40625
3.7267942428588867 332.6832580566406 486252.5
3.7255682945251465 332.7926940917969 478124.21875
3.7243425846099854 332.9022521972656 456136.0
3.723116874694824 333.0118408203125 427275.03125
3.721891164779663 333.1214904785156 409962.78125
3.720665693283081 333.2312316894531 375439.3125
3.719440460205078 333.34100341796875 342658.21875
3.718215227127075 333.4508361816406 317654.34375
3.7169899940490723 333.5607604980469 283198.28125
3.7157652378082275 333.67071533203125 264054.03125
3.7145402431488037 333.7807312011719 252219.125
3.713315486907959 333.89080810546875 249367.328125
3.7120909690856934 334.0009765625 250326.203125
3.7108662128448486 334.1112060546875 244304.796875
3.709641933441162 334.2214660644531 242010.3125
3.7084174156188965 334.3318176269531 234360.25
3.707193374633789 334.4422302246094 221906.109375
3.7059690952301025 334.5527038574219 213076.5
3.704745292663574 334.6632080078125 221372.65625
3.703521490097046 334.7738037109375 247215.90625
3.7022976875305176 334.88446044921875 268782.5
3.7010741233825684 334.99517822265625 287450.21875
3.699850559234619 335.10595703125 309471.75
3.698627233505249 335.216796875 332264.0
3.697403907775879 335.3277282714844 351862.90625
3.696180582046509 335.4386901855469 358691.53125
3.6949574947357178 335.5497131347656 359515.03125
3.693734645843506 335.6607971191406 353732.03125
3.692511796951294 335.77197265625 377136.71875
3.691289186477661 335.8831787109375 422194.0625
3.6900665760040283 335.9944763183594 513303.9375
3.6888439655303955 336.1058349609375 663737.75
3.687621593475342 336.2172546386719 884264.3125
3.686399459838867 336.3287048339844 1130066.375
3.6851770877838135 336.4402770996094 1334532.125
3.683955192565918 336.5518493652344 1458175.75
3.6827332973480225 336.66351318359375 1478108.0
3.681511640548706 336.7752380371094 1415082.625
3.6802897453308105 336.8870544433594 1264357.5
3.6790683269500732 336.9989013671875 1053167.0
3.677846670150757 337.11083984375 838371.0625
3.6766254901885986 337.2228088378906 665182.1875
3.6754040718078613 337.3348693847656 514753.71875
3.674182891845703 337.4469909667969 392277.6875
3.672961950302124 337.55914306640625 306546.71875
3.671741247177124 337.67138671875 259602.734375
3.670520544052124 337.78369140625 228389.6875
3.669299840927124 337.89605712890625 210762.90625
3.668079137802124 338.0085144042969 209232.921875
3.666858673095703 338.1210021972656 198632.46875
3.6656384468078613 338.23358154296875 190567.203125
3.6644182205200195 338.34619140625 182127.59375
3.6631979942321777 338.4588928222656 178479.765625
3.661978006362915 338.5716552734375 172310.078125
3.6607582569122314 338.6844787597656 173895.296875
3.659538507461548 338.79736328125 179480.6875
3.6583189964294434 338.9102783203125 178622.71875
3.6570992469787598 339.0233459472656 188395.125
3.6558799743652344 339.13641357421875 200228.484375
3.654660701751709 339.2495422363281 212204.21875
3.6534414291381836 339.3627624511719 231704.15625
3.6522223949432373 339.4760437011719 251949.03125
3.651003360748291 339.5893859863281 278771.5625
3.649784564971924 339.7027893066406 325517.875
3.6485660076141357 339.81622314453125 408767.5625
3.6473472118377686 339.9297790527344 550627.375
3.6461286544799805 340.04339599609375 753280.375
3.6449103355407715 340.1570739746094 979071.375
3.6436920166015625 340.2707824707031 1167475.0
3.6424739360809326 340.38458251953125 1274680.875
3.6412558555603027 340.4984436035156 1290743.125
3.640038013458252 340.61236572265625 1217877.25
3.638820171356201 340.7263488769531 1071999.875
3.6376025676727295 340.8404235839844 870332.25
3.636384963989258 340.95452880859375 651937.4375
3.635167360305786 341.0687561035156 459098.1875
3.6339499950408936 341.1830139160156 314463.5625
3.632732629776001 341.2973327636719 212494.5
3.6315155029296875 341.4117431640625 154999.265625
3.630298614501953 341.5261535644531 122395.2265625
3.6290817260742188 341.64068603515625 110903.234375
3.6278650760650635 341.7552795410156 103184.15625
3.626648187637329 341.86993408203125 99046.9296875
3.625431776046753 341.984619140625 100150.7578125
3.6242151260375977 342.0994567871094 104360.59375
3.6229989528656006 342.21429443359375 111788.1796875
3.6217825412750244 342.3292236328125 116764.484375
3.6205666065216064 342.4441833496094 121357.0390625
3.6193504333496094 342.5592346191406 122563.9765625
3.6181347370147705 342.6743469238281 121233.328125
3.6169190406799316 342.7895202636719 119124.2109375
3.6157033443450928 342.90478515625 106489.203125
3.614487648010254 343.0201110839844 95814.5
3.6132724285125732 343.1354675292969 95632.3125
3.6120569705963135 343.2509460449219 103791.34375
3.610841751098633 343.366455078125 106418.484375
3.6096267700195312 343.4820556640625 115849.453125
3.6084117889404297 343.5976867675781 123508.25
3.6071970462799072 343.7134094238281 131656.625
3.6059823036193848 343.8291931152344 137431.0
3.6047675609588623 343.945068359375 138860.890625
3.603553056716919 344.06097412109375 140102.1875
3.6023385524749756 344.1769714355469 138328.125
3.6011242866516113 344.2929992675781 139717.796875
3.599910259246826 344.40911865234375 139002.484375
3.598695993423462 344.5253601074219 131846.46875
3.597482204437256 344.6416015625 126550.2890625
3.59626841545105 344.7579040527344 124847.828125
3.5950546264648438 344.8742980957031 120038.984375
3.593841075897217 344.9907531738281 113724.515625
3.59262752532959 345.1072998046875 116904.0859375
3.591414213180542 345.223876953125 114219.3203125
3.590200901031494 345.3405456542969 113367.1640625
3.5889878273010254 345.457275390625 114251.4921875
3.5877747535705566 345.5740661621094 112407.4375
3.586561679840088 345.69097900390625 113417.015625
3.5853490829467773 345.8078918457031 116431.875
3.584136486053467 345.9248962402344 115145.328125
3.5829238891601562 346.0419616699219 114425.875
3.5817112922668457 346.15911865234375 113240.109375
3.5804989337921143 346.27630615234375 119729.640625
3.579286813735962 346.3935852050781 122801.4609375
3.5780746936798096 346.51092529296875 123231.1953125
3.5768625736236572 346.62835693359375 122326.6484375
3.575650691986084 346.7458190917969 125377.375
3.57443904876709 346.8633728027344 124424.46875
3.5732274055480957 346.9809875488281 129307.6640625
3.5720157623291016 347.09869384765625 135925.828125
3.5708043575286865 347.2164306640625 147624.4375
3.5695929527282715 347.3342590332031 164517.640625
3.5683817863464355 347.4521789550781 178834.03125
3.5671706199645996 347.57012939453125 187380.859375
3.5659596920013428 347.68817138671875 196342.1875
3.564748764038086 347.8062744140625 193474.359375
3.563538074493408 347.9244384765625 191846.890625
3.5623276233673096 348.04266357421875 190182.515625
3.561116933822632 348.1609802246094 179099.671875
3.559906482696533 348.27935791015625 155505.09375
3.5586962699890137 348.3977966308594 151595.953125
3.557486057281494 348.5163269042969 151674.65625
3.5562758445739746 348.6349182128906 155968.484375
3.555065870285034 348.7535705566406 164404.34375
3.553856134414673 348.8722839355469 174151.5625
3.5526466369628906 348.9910583496094 178462.71875
3.5514369010925293 349.1099548339844 181703.109375
3.550227403640747 349.2288818359375 189737.546875
3.549017906188965 349.347900390625 188086.96875
3.5478086471557617 349.46697998046875 191253.515625
3.5465996265411377 349.58612060546875 196512.0625
3.5453906059265137 349.705322265625 196151.890625
3.5441815853118896 349.8246154785156 194192.984375
3.5429728031158447 349.9439697265625 205173.765625
3.541764259338379 350.0633850097656 213404.453125
3.540555477142334 350.1828918457031 213870.0625
3.5393471717834473 350.3024597167969 210384.265625
3.5381386280059814 350.422119140625 219389.65625
3.5369303226470947 350.54180908203125 220604.625
3.535722255706787 350.6615905761719 213534.09375
3.5345141887664795 350.78143310546875 198989.296875
3.533306360244751 350.9013366699219 196143.671875
3.5320985317230225 351.0213623046875 199439.984375
3.530890941619873 351.1413879394531 202103.078125
3.5296833515167236 351.26153564453125 203500.71875
3.5284759998321533 351.3817138671875 212857.875
3.527268648147583 351.50201416015625 219457.796875
3.5260612964630127 351.6223449707031 231620.109375
3.5248541831970215 351.7427673339844 241792.015625
3.5236473083496094 351.8632507324219 263281.78125
3.5224404335021973 351.9837951660156 278529.0625
3.521233558654785 352.10443115234375 303181.3125
3.5200271606445312 352.22509765625 335634.21875
3.5188205242156982 352.3459167480469 360967.125
3.5176141262054443 352.46673583984375 370410.21875
3.5164077281951904 352.587646484375 361753.71875
3.5152015686035156 352.7086486816406 345807.03125
3.513995409011841 352.8297119140625 336023.9375
3.512789487838745 352.9508361816406 321901.15625
3.5115835666656494 353.0720520019531 299308.25
3.510377883911133 353.19329833984375 282881.5625
3.5091724395751953 353.31463623046875 271846.875
3.5079667568206787 353.4360656738281 277473.9375
3.5067615509033203 353.5575256347656 291417.59375
3.505556106567383 353.6791076660156 307852.0625
3.5043509006500244 353.8007507324219 327338.96875
3.503145933151245 353.9224548339844 347257.9375
3.501940965652466 354.0442199707031 368181.1875
3.5007359981536865 354.16607666015625 390406.84375
3.4995312690734863 354.28802490234375 404956.3125
3.4983270168304443 354.40997314453125 408185.125
3.4971225261688232 354.53204345703125 407630.5625
3.495918035507202 354.6541748046875 397581.6875
3.49471378326416 354.7763977050781 380549.59375
3.493509531021118 354.898681640625 373060.84375
3.4923055171966553 355.02105712890625 366182.875
3.4911017417907715 355.1434631347656 365198.5625
3.4898977279663086 355.2659912109375 362073.25
3.488694190979004 355.3885498046875 375033.375
3.487490653991699 355.5111999511719 381766.875
3.4862873554229736 355.6339111328125 392325.21875
3.485083818435669 355.7567138671875 422001.25
3.4838805198669434 355.87957763671875 447003.96875
3.482677459716797 356.0025329589844 466414.4375
3.4814743995666504 356.12554931640625 488706.28125
3.480271577835083 356.2486267089844 502887.6875
3.4790687561035156 356.3717956542969 499912.03125
3.4778661727905273 356.4950256347656 479075.59375
3.476663827896118 356.6183166503906 456896.96875
3.47546124458313 356.74169921875 438615.5
3.4742588996887207 356.8651428222656 425239.28125
3.4730567932128906 356.9886779785156 423501.09375
3.4718546867370605 357.1122741699219 412086.8125
3.4706525802612305 357.2359924316406 409653.75
3.4694507122039795 357.3597412109375 428332.625
3.4682490825653076 357.4835510253906 466538.75
3.4670472145080566 357.60748291015625 522043.4375
3.465846061706543 357.73138427734375 569203.625
3.464644432067871 357.85546875 592536.3125
3.4634432792663574 357.9795837402344 583077.0
3.4622421264648438 358.103759765625 539561.4375
3.46104097366333 358.2280578613281 492938.15625
3.4598400592803955 358.3523864746094 428179.875
3.458639144897461 358.476806640625 352856.65625
3.4574384689331055 358.601318359375 292177.15625
3.45623779296875 358.72589111328125 254173.796875
3.4550373554229736 358.85052490234375 251350.140625
3.4538371562957764 358.9752197265625 265649.5
3.45263671875 359.10003662109375 290279.15625
3.4514365196228027 359.22491455078125 314734.4375
3.4502365589141846 359.3498229980469 342479.5
3.4490365982055664 359.4748840332031 375989.40625
3.4478368759155273 359.5999755859375 424161.21875
3.4466371536254883 359.7251281738281 467008.15625
3.4454376697540283 359.8503723144531 503942.0
3.4442381858825684 359.9756774902344 542655.625
3.4430387020111084 360.1011047363281 583581.5625
3.4418394565582275 360.2265625 646142.75
3.440640449523926 360.3520812988281 707274.75
3.439441442489624 360.4776916503906 747248.6875
3.4382424354553223 360.6034240722656 767908.4375
3.4370436668395996 360.72918701171875 792891.3125
3.435844898223877 360.85504150390625 827266.0625
3.4346466064453125 360.9809265136719 848968.5625
3.433448076248169 361.1069641113281 831836.9375
3.4322497844696045 361.2330322265625 785207.8125
3.43105149269104 361.35919189453125 720352.375
3.4298534393310547 361.48541259765625 672249.25
3.4286553859710693 361.6117248535156 616551.4375
3.427457571029663 361.73809814453125 557604.0
3.426259756088257 361.86456298828125 518974.84375
3.4250621795654297 361.9910888671875 546314.3125
3.4238646030426025 362.1177062988281 651747.625
3.4226672649383545 362.2443542480469 857917.5
3.4214699268341064 362.37115478515625 1174473.125
3.4202728271484375 362.49798583984375 1556615.375
3.4190757274627686 362.6248779296875 1942943.75
3.4178786277770996 362.7519226074219 2252171.25
3.4166817665100098 362.87896728515625 2389637.5
3.415485143661499 363.006103515625 2362140.75
3.4142885208129883 363.1333312988281 2195275.0
3.4130921363830566 363.2606201171875 1897173.125
3.411895751953125 363.38800048828125 1524410.125
3.4106993675231934 363.5154724121094 1161258.5
3.409503221511841 363.64300537109375 871869.6875
3.4083070755004883 363.7706298828125 686654.8125
3.407111167907715 363.8983154296875 606940.0
3.4059152603149414 364.0260925292969 598311.625
3.404719591140747 364.1539306640625 596375.8125
3.4035239219665527 364.2818298339844 603108.0625
3.4023287296295166 364.4098205566406 596779.625
3.4011332988739014 364.53790283203125 566754.375
3.3999381065368652 364.6660461425781 510262.03125
3.398742914199829 364.7942810058594 456644.8125
3.397547721862793 364.922607421875 412900.65625
3.396353006362915 365.05096435546875 385418.375
3.395158052444458 365.1794738769531 377122.40625
3.39396333694458 365.3079833984375 384881.71875
3.3927688598632812 365.4366149902344 394155.59375
3.3915746212005615 365.5652770996094 409897.5
3.3903801441192627 365.694091796875 426782.6875
3.389185905456543 365.82293701171875 462192.875
3.3879919052124023 365.9518737792969 514721.78125
3.3867976665496826 366.0809020996094 579684.4375
3.385603904724121 366.2099914550781 657704.875
3.3844101428985596 366.3391418457031 733779.0
3.383216381072998 366.4684143066406 777349.5
3.3820228576660156 366.5977478027344 765973.125
3.3808295726776123 366.7271423339844 733895.4375
3.379636287689209 366.85662841796875 669267.25
3.3784430027008057 366.9862060546875 579274.5
3.3772499561309814 367.1158447265625 504005.34375
3.3760569095611572 367.2455749511719 431225.5625
3.374864101409912 367.3753967285156 377795.3125
3.373671293258667 367.5052795410156 351764.6875
3.372478723526001 367.6352233886719 350647.90625
3.371286153793335 367.7652587890625 382251.03125
3.370093822479248 367.8953857421875 464809.0
3.368901491165161 368.0256042480469 644621.5625
3.3677093982696533 368.1558837890625 949942.0625
3.3665173053741455 368.2862243652344 1374693.25
3.365325450897217 368.4166564941406 1868599.625
3.364133596420288 368.5472106933594 2332636.0
3.3629417419433594 368.67779541015625 2670549.0
3.3617501258850098 368.8085021972656 2814615.25
3.3605587482452393 368.9392395019531 2765337.0
3.3593673706054688 369.070068359375 2549074.5
3.3581762313842773 369.20098876953125 2179691.5
3.356985092163086 369.3320007324219 1713710.875
3.3557939529418945 369.46307373046875 1255516.375
3.3546030521392822 369.59423828125 876252.5
3.35341215133667 369.7254943847656 601663.25
3.3522214889526367 369.8568115234375 442410.125
3.3510308265686035 369.98822021484375 371562.5625
3.3498404026031494 370.11968994140625 370380.84375
3.3486502170562744 370.25128173828125 405870.375
3.3474600315093994 370.3829040527344 445587.9375
3.3462698459625244 370.5146484375 467884.40625
3.3450798988342285 370.6464538574219 458978.90625
3.3438899517059326 370.7783508300781 424725.4375
3.3427000045776367 370.91033935546875 383697.09375
3.341510534286499 371.0423583984375 331609.0
3.3403208255767822 371.1745300292969 282212.3125
3.3391313552856445 371.3067321777344 239264.3125
3.337942123413086 371.43902587890625 206250.296875
3.3367531299591064 371.5713806152344 193327.625
3.335563898086548 371.703857421875 181950.515625
3.3343749046325684 371.8363952636719 175000.84375
3.333185911178589 371.96905517578125 174598.09375
3.3319971561431885 372.10174560546875 177348.015625
3.330808639526367 372.2345275878906 180088.9375
3.329620122909546 372.36737060546875 177343.21875
3.3284316062927246 372.5003662109375 173898.421875
3.3272435665130615 372.6333923339844 171503.234375
3.3260552883148193 372.7664794921875 172191.1875
3.3248672485351562 372.8996887207031 183578.515625
3.323679208755493 373.0329895019531 196540.90625
3.322491407394409 373.16632080078125 206077.984375
3.321303606033325 373.2998046875 225055.734375
3.3201160430908203 373.4333190917969 245790.21875
3.3189284801483154 373.5669250488281 274495.75
3.3177411556243896 373.7006530761719 313515.625
3.316554069519043 373.83441162109375 342043.1875
3.315366744995117 373.96826171875 355547.65625
3.3141796588897705 374.1022033691406 357826.09375
3.312992811203003 374.2362365722656 345524.53125
3.3118059635162354 374.3703308105469 323990.3125
3.310619354248047 374.5045166015625 291078.84375
3.3094327449798584 374.6387939453125 250519.28125
3.30824613571167 374.773193359375 218390.109375
3.3070597648620605 374.9076232910156 193521.359375
3.3058736324310303 375.0421447753906 187354.890625
3.3046875 375.1767578125 181229.9375
3.303501605987549 375.31146240234375 177595.9375
3.3023154735565186 375.4462585449219 178330.75
3.3011298179626465 375.5810852050781 176607.9375
3.2999441623687744 375.7160339355469 181551.734375
3.2987585067749023 375.8511047363281 186897.171875
3.2975730895996094 375.9861755371094 191883.609375
3.2963876724243164 376.12139892578125 196972.140625
3.2952027320861816 376.2566833496094 199563.375
3.2940175533294678 376.39202880859375 203518.921875
3.292832374572754 376.52752685546875 205034.0625
3.2916476726531982 376.66302490234375 216530.59375
3.2904627323150635 376.7986755371094 225494.21875
3.289278268814087 376.9343566894531 236687.484375
3.2880935668945312 377.0701599121094 242353.84375
3.2869091033935547 377.2060546875 248750.265625
3.2857248783111572 377.34197998046875 248420.78125
3.284540891647339 377.4779968261719 254364.203125
3.2833566665649414 377.6141662597656 256279.296875
3.282172679901123 377.7503967285156 259081.65625
3.280988931655884 377.88665771484375 266228.125
3.2798051834106445 378.0230407714844 280103.3125
3.2786214351654053 378.1595458984375 295713.09375
3.277437925338745 378.29608154296875 309105.40625
3.276254415512085 378.4327392578125 333409.71875
3.275071144104004 378.5694580078125 349981.03125
3.273888111114502 378.7062683105469 372475.59375
3.272705078125 378.8431701660156 399450.9375
3.271522283554077 378.9801330566406 436292.96875
3.270339250564575 379.11724853515625 473411.125
3.2691566944122314 379.25439453125 504698.34375
3.2679738998413086 379.3916320800781 522648.375
3.266791582107544 379.5289306640625 528349.5625
3.2656090259552 379.6663818359375 523821.40625
3.2644269466400146 379.8038635253906 507147.46875
3.263244867324829 379.9414367675781 482483.53125
3.2620627880096436 380.0791320800781 450233.3125
3.260880947113037 380.21685791015625 421021.90625
3.2596991062164307 380.354736328125 403462.65625
3.258517265319824 380.49267578125 392121.25
3.257335662841797 380.6307067871094 386124.625
3.2561542987823486 380.768798828125 384513.40625
3.2549729347229004 380.9070129394531 393783.9375
3.2537918090820312 381.0452575683594 401719.28125
3.252610683441162 381.1836242675781 408290.0625
3.251429796218872 381.32208251953125 412128.21875
3.250248908996582 381.46063232421875 406229.8125
3.249068021774292 381.5992736816406 404477.8125
3.247887372970581 381.73797607421875 432815.15625
3.24670672416687 381.8768005371094 473266.34375
3.2455263137817383 382.01568603515625 525886.9375
3.2443459033966064 382.1546630859375 609576.6875
3.243165969848633 382.293701171875 714891.75
3.24198579788208 382.432861328125 811036.75
3.2408058643341064 382.5721130371094 872871.6875
3.239625930786133 382.7114562988281 886920.3125
3.2384462356567383 382.8508605957031 862320.6875
3.2372665405273438 382.9903869628906 808322.4375
3.2360870838165283 383.1299743652344 731071.5625
3.234907627105713 383.2696838378906 641861.125
3.2337284088134766 383.409423828125 570414.4375
3.2325491905212402 383.5492858886719 525431.1875
3.231370210647583 383.6892395019531 506052.5
3.230191230773926 383.8292541503906 507875.8125
3.2290124893188477 383.9693908691406 531414.3125
3.2278337478637695 384.109619140625 558241.8125
3.2266550064086914 384.24993896484375 601636.25
3.2254765033721924 384.3903503417969 642935.6875
3.2242980003356934 384.53082275390625 683116.0
3.2231197357177734 384.6714172363281 716603.125
3.2219417095184326 384.8120422363281 730415.8125
3.220763683319092 384.9527893066406 723013.8125
3.21958589553833 385.0936279296875 743277.9375
3.2184081077575684 385.23455810546875 797130.0
3.2172303199768066 385.3755798339844 922660.625
3.216052770614624 385.51666259765625 1136907.375
3.2148752212524414 385.65789794921875 1433276.875
3.213697910308838 385.7991638183594 1769952.375
3.2125205993652344 385.9405517578125 2134735.75
3.21134352684021 386.0820007324219 2491787.5
3.2101666927337646 386.2235412597656 2720889.75
3.2089896202087402 386.3652038574219 2791149.75
3.207812786102295 386.5069580078125 2665478.25
3.2066361904144287 386.6487731933594 2403821.25
3.2054595947265625 386.79071044921875 2079135.5
3.2042832374572754 386.9327087402344 1721078.25
3.2031068801879883 387.0747985839844 1355524.75
3.201930522918701 387.2170104980469 1035269.5625
3.2007546424865723 387.3592529296875 800561.9375
3.1995785236358643 387.50164794921875 664034.0
3.1984026432037354 387.64410400390625 591174.125
3.1972270011901855 387.7866516113281 555077.875
3.1960513591766357 387.9293212890625 532813.625
3.194875717163086 388.0720520019531 518318.78125
3.1937003135681152 388.2148742675781 506783.84375
3.1925249099731445 388.3577880859375 512112.59375
3.191349744796753 388.5008239746094 530959.8125
3.1901748180389404 388.6438903808594 569132.3125
3.188999891281128 388.7870788574219 639330.875
3.1878249645233154 388.9303894042969 770173.875
3.186650276184082 389.07373046875 978110.625
3.1854755878448486 389.21722412109375 1284530.375
3.1843011379241943 389.36077880859375 1633128.125
3.18312668800354 389.5044250488281 1904607.625
3.181952476501465 389.6481628417969 2071631.75
3.1807782649993896 389.7920227050781 2120746.25
3.1796042919158936 389.9359436035156 2098343.75
3.1784303188323975 390.0799560546875 2045845.25
3.1772565841674805 390.22406005859375 1994734.0
3.1760828495025635 390.3682861328125 1966075.125
3.1749093532562256 390.5125732421875 1941601.125
3.1737358570098877 390.6569519042969 1904613.5
3.17256236076355 390.80145263671875 1826077.625
3.171389102935791 390.946044921875 1721112.875
3.1702160835266113 391.0906677246094 1590575.875
3.1690430641174316 391.2354431152344 1424711.625
3.167870283126831 391.3802795410156 1273408.5
3.1666972637176514 391.5252685546875 1164797.375
3.16552472114563 391.6702880859375 1141851.0
3.1643521785736084 391.8154296875 1139726.25
3.163179636001587 391.9606628417969 1102897.25
3.1620073318481445 392.10595703125 1035878.0
3.160835027694702 392.25140380859375 904202.25
3.159662961959839 392.3968811035156 719913.125
