string
description: [ 1.3500e-02  2.1300e+00  4.1500e+03  3.6555e+00  2.5750e+03 -1.4700e+02] RZPA9-S1
file210205_PM023351.tif back:data/strayLight_Fe_3x945ms_ roi list:[0, 222, 2048, 1401]
nm eV counts
5.78122091293335 214.46022033691406 1061644.5
5.7798171043396 214.51231384277344 1068101.625
5.77841329574585 214.56442260742188 1070066.375
5.7770094871521 214.61656188964844 1017977.25
5.775606155395508 214.66873168945312 938128.3125
5.774202823638916 214.7209014892578 930952.25
5.772799491882324 214.77310180664062 981463.625
5.771396160125732 214.8253173828125 1060933.875
5.769993305206299 214.87754821777344 1141540.125
5.768589973449707 214.92982482910156 1228008.625
5.767187118530273 214.98208618164062 1319755.625
5.765784740447998 215.0343780517578 1382017.75
5.7643818855285645 215.0867156982422 1434157.0
5.762979507446289 215.13905334472656 1499933.625
5.761577129364014 215.19142150878906 1576158.0
5.760174751281738 215.2438201904297 1625213.125
5.758772850036621 215.2962188720703 1644398.5
5.757370471954346 215.34866333007812 1666389.625
5.7559685707092285 215.40109252929688 1689047.375
5.7545671463012695 215.45355224609375 1692248.375
5.753165245056152 215.5060577392578 1686212.125
5.751763820648193 215.55857849121094 1677300.875
5.750362396240234 215.61109924316406 1705632.25
5.748960971832275 215.66366577148438 1791250.375
5.747559547424316 215.71624755859375 1953157.75
5.746158599853516 215.7688446044922 2176379.75
5.744757652282715 215.8214569091797 2428639.75
5.743356704711914 215.8740997314453 2647510.25
5.741955757141113 215.9267578125 2809524.25
5.740555286407471 215.9794464111328 2870731.0
5.73915433883667 216.0321807861328 2812811.5
5.737753868103027 216.08489990234375 2683572.5
5.736353874206543 216.13763427734375 2517859.75
5.7349534034729 216.19041442871094 2362962.0
5.733553409576416 216.2432098388672 2261849.5
5.732153415679932 216.2960205078125 2258864.5
5.730753421783447 216.34886169433594 2360215.0
5.729353904724121 216.40170288085938 2572202.25
5.727954387664795 216.45458984375 2836703.25
5.726554870605469 216.50747680664062 3153777.25
5.725155353546143 216.56040954589844 3482587.0
5.723755836486816 216.6133575439453 3762114.25
5.722356796264648 216.6663055419922 3949500.25
5.7209577560424805 216.71929931640625 4030660.0
5.7195587158203125 216.77230834960938 4030103.75
5.7181596755981445 216.82534790039062 3947466.25
5.716761112213135 216.87840270996094 3790997.75
5.715362548828125 216.93145751953125 3569220.25
5.713963985443115 216.98455810546875 3325238.0
5.7125654220581055 217.03768920898438 3045120.5
5.711167335510254 217.0908203125 2701561.0
5.709769248962402 217.1439666748047 2334890.25
5.708371162414551 217.1971435546875 1981982.75
5.706973075866699 217.25035095214844 1655787.5
5.705575466156006 217.3035888671875 1381344.375
5.704177379608154 217.35684204101562 1157518.25
5.702779769897461 217.4101104736328 1004799.1875
5.701382637023926 217.46337890625 914148.4375
5.699985027313232 217.51670837402344 873521.375
5.698587894439697 217.57003784179688 878449.375
5.697190761566162 217.62338256835938 901908.0
5.695793628692627 217.67677307128906 925004.125
5.69439697265625 217.7301483154297 939507.75
5.692999839782715 217.78358459472656 947343.8125
5.691603183746338 217.8370361328125 954376.375
5.690206527709961 217.8905029296875 956535.875
5.688810348510742 217.9439697265625 951453.25
5.687413692474365 217.99749755859375 964254.75
5.6860175132751465 218.051025390625 1009191.5625
5.684621334075928 218.10458374023438 1103428.625
5.683225631713867 218.15814208984375 1285459.5
5.681829452514648 218.21176147460938 1532898.375
5.680433750152588 218.265380859375 1799501.375
5.679038047790527 218.3190155029297 2057457.75
5.677642822265625 218.37265014648438 2232830.0
5.6762471199035645 218.4263458251953 2284963.25
5.674851894378662 218.4800567626953 2214051.5
5.67345666885376 218.53379821777344 2046545.25
5.672061443328857 218.58753967285156 1867986.875
5.670666694641113 218.64129638671875 1669040.5
5.669271945953369 218.69509887695312 1498549.0
5.667877197265625 218.74891662597656 1395637.125
5.666482448577881 218.80274963378906 1404481.875
5.665087699890137 218.85662841796875 1549853.25
5.663693428039551 218.91050720214844 1852277.75
5.662299156188965 218.9644012451172 2347102.75
5.660904884338379 219.01834106445312 2993978.25
5.659510612487793 219.07228088378906 3730489.75
5.658116817474365 219.1262664794922 4416763.0
5.6567230224609375 219.1802520751953 4886671.0
5.65532922744751 219.23426818847656 5080918.0
5.65393590927124 219.28829956054688 4948833.0
5.6525421142578125 219.3423614501953 4559607.0
5.651148796081543 219.39645385742188 4004220.75
5.649755477905273 219.45054626464844 3370849.5
5.648362159729004 219.50469970703125 2760279.0
5.646969318389893 219.558837890625 2234661.25
5.645576477050781 219.6129913330078 1842326.625
5.64418363571167 219.6671905517578 1584928.875
5.642790794372559 219.72140502929688 1472664.375
5.6413984298706055 219.775634765625 1510711.5
5.640005588531494 219.82992553710938 1688344.5
5.638613224029541 219.8842010498047 1902648.75
5.637221336364746 219.93849182128906 2093441.0
5.635828971862793 219.99282836914062 2259315.75
5.634437084197998 220.04718017578125 2328091.0
5.633045196533203 220.10154724121094 2299222.0
5.631653308868408 220.15594482421875 2244072.0
5.630261421203613 220.2103729248047 2247797.5
5.628870010375977 220.2648162841797 2319936.75
5.62747859954834 220.3192596435547 2406065.75
5.626087188720703 220.37374877929688 2488954.75
5.624696254730225 220.42825317382812 2547820.25
5.623304843902588 220.48280334472656 2524731.75
5.621913909912109 220.537353515625 2367331.75
5.620522975921631 220.59193420410156 2088412.625
5.6191325187683105 220.64651489257812 1778766.0
5.617741584777832 220.70114135742188 1462773.375
5.616351127624512 220.7557830810547 1161082.125
5.614960670471191 220.81044006347656 920860.625
5.613570213317871 220.86514282226562 748182.6875
5.612180233001709 220.9198455810547 639098.875
5.610790252685547 220.97457885742188 581474.6875
5.609400272369385 221.02932739257812 555444.875
5.608010292053223 221.08412170410156 559518.625
5.6066203117370605 221.13893127441406 587559.5625
5.605230808258057 221.19374084472656 640284.6875
5.603841304779053 221.24859619140625 694245.1875
5.602451801300049 221.30345153808594 730055.875
5.601062774658203 221.35833740234375 751672.6875
5.599673271179199 221.41326904296875 748751.9375
5.5982842445373535 221.46820068359375 727258.6875
5.596895217895508 221.52317810058594 693646.875
5.59550666809082 221.57814025878906 652302.375
5.594118118286133 221.6331329345703 612130.0
5.592729091644287 221.6881866455078 603911.4375
5.591341018676758 221.74322509765625 629171.8125
5.58995246887207 221.7982940673828 677021.9375
5.588563919067383 221.85340881347656 772933.1875
5.5871758460998535 221.90853881835938 873225.5625
5.585787773132324 221.9636688232422 949995.6875
5.584400177001953 222.01882934570312 988522.0
5.583012104034424 222.07403564453125 975411.125
5.581624507904053 222.1292266845703 912237.5625
5.580236911773682 222.18446350097656 812018.8125
5.5788493156433105 222.23974609375 709098.75
5.577462196350098 222.2949981689453 621857.125
5.576075077056885 222.35031127929688 556644.25
5.574687957763672 222.40562438964844 513091.75
5.573300838470459 222.4609832763672 491266.875
5.571913719177246 222.516357421875 500219.1875
5.570527076721191 222.57176208496094 511868.34375
5.569140434265137 222.62716674804688 513878.9375
5.567753791809082 222.68260192871094 513471.78125
5.566367149353027 222.7380828857422 528374.25
5.564980983734131 222.79356384277344 570636.1875
5.563594818115234 222.84909057617188 653036.875
5.562208652496338 222.9046173095703 774719.8125
5.5608229637146 222.9601593017578 914893.5
5.559436798095703 223.01576232910156 1049417.625
5.558051109313965 223.07135009765625 1139361.625
5.556665420532227 223.12696838378906 1187210.0
5.555279731750488 223.18263244628906 1191934.25
5.553894519805908 223.23831176757812 1171027.625
5.552509307861328 223.2939910888672 1124314.375
5.551124095916748 223.34971618652344 1054162.5
5.549738883972168 223.40545654296875 984759.9375
5.548354148864746 223.4612274169922 910184.375
5.546968936920166 223.51702880859375 842388.1875
5.545584201812744 223.5728302001953 788935.625
5.5441999435424805 223.628662109375 736545.8125
5.542815208435059 223.6845245361328 704763.4375
5.541430950164795 223.7404022216797 713264.8125
5.540046691894531 223.79629516601562 758035.1875
5.538662433624268 223.85223388671875 872545.5
5.537278175354004 223.90818786621094 1073089.125
5.535894393920898 223.9641571044922 1322580.5
5.534510612487793 224.02015686035156 1557784.625
5.5331268310546875 224.07618713378906 1753149.625
5.531743049621582 224.13223266601562 1851370.375
5.530359745025635 224.18829345703125 1815943.0
5.5289764404296875 224.244384765625 1699220.375
5.52759313583374 224.30050659179688 1503299.375
5.526209831237793 224.35665893554688 1281446.75
5.524827003479004 224.41281127929688 1092075.625
5.523444175720215 224.468994140625 929704.75
5.522061347961426 224.52520751953125 828305.3125
5.520678520202637 224.58143615722656 782536.5
5.519296169281006 224.6376953125 789699.6875
5.517913341522217 224.69398498535156 845733.0625
5.516530990600586 224.7502899169922 936071.125
5.515149116516113 224.80661010742188 1086103.875
5.513766765594482 224.8629608154297 1329552.875
5.51238489151001 224.91934204101562 1686005.625
5.511003017425537 224.97573852539062 2147976.5
5.5096211433410645 225.0321502685547 2667876.25
5.50823974609375 225.08859252929688 3103123.5
5.506857872009277 225.14508056640625 3383977.0
5.505476474761963 225.20156860351562 3459724.0
5.504095077514648 225.25808715820312 3286743.75
5.502714157104492 225.31463623046875 2926614.0
5.501332759857178 225.37120056152344 2478509.0
5.4999518394470215 225.42779541015625 2049724.875
5.498570919036865 225.48439025878906 1712183.75
5.497190475463867 225.54103088378906 1471851.25
5.495809555053711 225.59768676757812 1321678.875
5.494429111480713 225.6543731689453 1228344.125
5.493048667907715 225.71107482910156 1153252.875
5.491668224334717 225.767822265625 1069489.5
5.490288257598877 225.82456970214844 990427.5625
5.488908290863037 225.88134765625 917583.375
5.487528324127197 225.93814086914062 867045.5
5.486148357391357 225.99497985839844 818409.75
5.484768867492676 226.05181884765625 792319.0625
5.483388900756836 226.10870361328125 764650.1875
5.482009410858154 226.16561889648438 732863.1875
5.480630397796631 226.22251892089844 692771.1875
5.479250907897949 226.2794647216797 645975.0625
5.477871894836426 226.33642578125 622358.4375
5.476492881774902 226.3934326171875 645204.625
5.475113868713379 226.450439453125 700109.5625
5.4737348556518555 226.5074920654297 772374.1875
5.47235631942749 226.56454467773438 852647.5
5.470977783203125 226.62164306640625 925083.625
5.46959924697876 226.6787567138672 993490.0
5.4682207107543945 226.73590087890625 1046673.0625
5.4668426513671875 226.79306030273438 1066972.5
5.4654645919799805 226.85023498535156 1081632.375
5.464086532592773 226.90745544433594 1117387.75
5.462708473205566 226.96469116210938 1129786.75
5.461330890655518 227.02194213867188 1149802.25
5.4599528312683105 227.07925415039062 1198467.375
5.458575248718262 227.13656616210938 1251850.75
5.457198143005371 227.19387817382812 1264778.625
5.455820560455322 227.25125122070312 1251555.625
5.454443454742432 227.30862426757812 1220367.75
5.453066349029541 227.36602783203125 1178699.25
5.45168924331665 227.4234619140625 1135853.5
5.450312614440918 227.4808807373047 1112026.375
5.448935508728027 227.5383758544922 1125398.625
5.447558879852295 227.5958709716797 1164393.125
5.446182727813721 227.6533966064453 1195155.0
5.444806098937988 227.71095275878906 1217071.0
5.443429946899414 227.76852416992188 1200202.75
5.44205379486084 227.8261260986328 1174190.25
5.440677642822266 227.88372802734375 1132049.5
5.439301490783691 227.94139099121094 1084524.75
5.437925815582275 227.99905395507812 1058055.625
5.436550140380859 228.0567626953125 1047385.25
5.435174465179443 228.11447143554688 1025488.4375
5.433798789978027 228.17222595214844 985237.625
5.4324235916137695 228.22999572753906 931056.0
5.4310479164123535 228.28781127929688 863436.4375
5.429672718048096 228.34561157226562 793758.9375
5.428297996520996 228.4034423828125 741315.3125
5.426922798156738 228.46133422851562 697806.5625
5.425548076629639 228.5192108154297 660885.375
5.424173355102539 228.57713317871094 651469.75
5.4227986335754395 228.63507080078125 654676.0625
5.421424388885498 228.6930389404297 660539.625
5.420049667358398 228.75103759765625 647959.4375
5.418675422668457 228.80905151367188 632456.8125
5.417301654815674 228.8670654296875 613459.8125
5.415927410125732 228.92514038085938 598205.0
5.414553642272949 228.98321533203125 602174.5
5.413179874420166 229.0413360595703 642063.6875
5.411806106567383 229.09947204589844 696923.125
5.4104323387146 229.15765380859375 758001.1875
5.409059047698975 229.21583557128906 815959.875
5.40768575668335 229.2740478515625 853275.3125
5.406312465667725 229.332275390625 851852.875
5.4049391746521 229.3905487060547 835638.875
5.403566360473633 229.44883728027344 830984.875
5.402193546295166 229.50714111328125 827631.5625
5.400820732116699 229.5654754638672 823910.9375
5.399447917938232 229.6238555908203 825737.375
5.398075103759766 229.68223571777344 845745.1875
5.396702766418457 229.7406463623047 865644.1875
5.395330429077148 229.799072265625 884848.875
5.393958568572998 229.85751342773438 904933.75
5.3925862312316895 229.91603088378906 949430.0625
5.391214370727539 229.9745330810547 1059999.0
5.389842510223389 230.03306579589844 1240104.625
5.388470649719238 230.0916290283203 1455921.75
5.387098789215088 230.15020751953125 1653016.0
5.385727405548096 230.2088165283203 1799626.75
5.3843560218811035 230.2674560546875 1882387.5
5.382984638214111 230.3261260986328 1875423.875
5.381613731384277 230.38479614257812 1777256.0
5.380242347717285 230.4435272216797 1637660.75
5.378871440887451 230.50225830078125 1482981.5
5.377500534057617 230.56101989746094 1295936.5
5.376130104064941 230.6197967529297 1125850.25
5.374759197235107 230.67861938476562 979045.25
5.373388767242432 230.73745727539062 869146.25
5.372018337249756 230.79629516601562 777356.5
5.37064790725708 230.85519409179688 733937.6875
5.3692779541015625 230.91409301757812 769736.1875
5.367908000946045 230.9730224609375 869516.875
5.366538047790527 231.03199768066406 1012621.875
5.36516809463501 231.0909881591797 1148372.625
5.36379861831665 231.14999389648438 1226384.0
5.362428665161133 231.2090301513672 1244552.125
5.361059188842773 231.26809692382812 1185651.625
5.359690189361572 231.32717895507812 1076736.25
5.358320713043213 231.38629150390625 950273.6875
5.356951713562012 231.44541931152344 839744.25
5.3555827140808105 231.50457763671875 761940.5
5.354213714599609 231.56378173828125 721133.0625
5.352844715118408 231.62301635742188 733136.9375
5.351476192474365 231.68223571777344 798399.25
5.350107669830322 231.7415008544922 895325.4375
5.348739147186279 231.80079650878906 1001028.3125
5.347370624542236 231.860107421875 1113400.0
5.346002578735352 231.91944885253906 1218056.5
5.344634532928467 231.9788055419922 1292051.625
5.343266487121582 232.0382080078125 1370517.875
5.341898441314697 232.09762573242188 1450138.625
5.340530872344971 232.1570587158203 1500847.25
5.339163303375244 232.21652221679688 1495457.5
5.337795734405518 232.27603149414062 1435027.875
5.336428165435791 232.33554077148438 1314802.5
5.335061073303223 232.3950958251953 1160008.875
5.333693504333496 232.4546661376953 1020766.75
5.332326412200928 232.51426696777344 934413.125
5.330959796905518 232.57386779785156 898647.9375
5.329592704772949 232.63351440429688 905555.1875
5.328226089477539 232.69320678710938 934523.9375
5.326859474182129 232.75289916992188 969389.625
5.325492858886719 232.81263732910156 989141.25
5.324126243591309 232.8723907470703 1015905.5625
5.322760105133057 232.93214416503906 1049442.625
5.321393966674805 232.991943359375 1073612.75
5.320027828216553 233.05178833007812 1065829.75
5.318661689758301 233.1116485595703 1031345.0
5.317296028137207 233.1715087890625 950393.5625
5.315930366516113 233.23141479492188 833561.375
5.3145647048950195 233.29135131835938 715117.5
5.313199043273926 233.351318359375 647898.625
5.31183385848999 233.41128540039062 649905.625
5.310468673706055 233.47128295898438 730223.5
5.309103488922119 233.5313262939453 882748.25
5.307738304138184 233.5913848876953 1059640.875
5.306373596191406 233.65145874023438 1197902.875
5.305008411407471 233.7115936279297 1270346.125
5.303644180297852 233.77169799804688 1265558.75
5.302279472351074 233.8318634033203 1181747.875
5.300914764404297 233.89207458496094 1028663.125
5.299550533294678 233.95228576660156 853703.0625
5.298186302185059 234.0125274658203 682716.25
5.2968220710754395 234.07278442382812 526553.3125
5.2954583168029785 234.13307189941406 405651.625
5.294094085693359 234.1934051513672 323976.0625
5.292730331420898 234.25375366210938 278025.375
5.2913665771484375 234.3141326904297 238464.625
5.290003299713135 234.37452697753906 218060.265625
5.288639545440674 234.43495178222656 206001.875
5.287276268005371 234.4954071044922 193988.328125
5.285912990570068 234.55587768554688 193373.796875
5.284550189971924 234.61636352539062 196879.1875
5.283186912536621 234.67691040039062 207568.59375
5.281824111938477 234.73745727539062 218364.625
5.280461311340332 234.7980499267578 238557.671875
5.279098987579346 234.85862731933594 256391.34375
5.277736186981201 234.91928100585938 262574.84375
5.276373863220215 234.9799346923828 264108.28125
5.2750115394592285 235.0406036376953 252027.171875
5.273649215698242 235.10133361816406 241516.140625
5.272287368774414 235.1620635986328 228752.28125
5.270925521850586 235.2228240966797 215065.375
5.269563674926758 235.2836151123047 209639.421875
5.26820182800293 235.34442138671875 209710.796875
5.266839981079102 235.40528869628906 213315.71875
5.265478610992432 235.46615600585938 221516.109375
5.264117240905762 235.52703857421875 229334.453125
5.262755870819092 235.58798217773438 254817.5
5.26139497756958 235.64891052246094 291082.03125
5.26003360748291 235.70989990234375 327802.75
5.258672714233398 235.77088928222656 362921.1875
5.257311820983887 235.83193969726562 395605.75
5.255951404571533 235.89297485351562 412648.125
5.2545905113220215 235.9540557861328 422126.5625
5.253230094909668 236.01516723632812 416903.625
5.2518696784973145 236.0762939453125 398242.8125
5.250509262084961 236.13748168945312 386966.03125
5.249149322509766 236.1986541748047 372029.25
5.24778938293457 236.25985717773438 355923.9375
5.246429443359375 236.3210906982422 351561.71875
5.24506950378418 236.3823699951172 359132.78125
5.243710041046143 236.4436492919922 352327.0
5.242350101470947 236.50498962402344 344607.875
5.24099063873291 236.56634521484375 345720.15625
5.239631652832031 236.62770080566406 350485.59375
5.238272190093994 236.68910217285156 366014.1875
5.236913204193115 236.75051879882812 388544.4375
5.235554218292236 236.81198120117188 424736.21875
5.234195232391357 236.8734588623047 454701.5
5.232836723327637 236.93496704101562 480669.75
5.231477737426758 236.99652099609375 475228.25
5.230119228363037 237.05807495117188 449933.0625
5.228760719299316 237.11965942382812 420235.28125
5.227402687072754 237.18125915527344 383606.71875
5.226044178009033 237.242919921875 345204.53125
5.224686145782471 237.30458068847656 314928.15625
5.223328113555908 237.3662872314453 289045.625
5.221970558166504 237.42799377441406 264998.0625
5.220612525939941 237.48974609375 258109.78125
5.219254970550537 237.55152893066406 266933.5625
5.217897415161133 237.6133270263672 277934.5625
5.2165398597717285 237.6751708984375 296741.25
5.215182781219482 237.7370147705078 328742.5
5.213825702667236 237.7989044189453 354841.03125
5.21246862411499 237.8607940673828 373750.09375
5.211111545562744 237.92274475097656 387041.96875
5.209754467010498 237.98472595214844 380542.3125
5.20839786529541 238.0467071533203 363483.875
5.207041263580322 238.10873413085938 353823.15625
5.205684661865234 238.17079162597656 368359.59375
5.204328536987305 238.2328338623047 404935.03125
5.202971935272217 238.29495239257812 472793.40625
5.201615810394287 238.35708618164062 551362.125
5.200260162353516 238.41920471191406 601478.6875
5.198904037475586 238.48141479492188 623542.8125
5.1975483894348145 238.54360961914062 601515.9375
5.196192264556885 238.6058807373047 551717.125
5.1948370933532715 238.66810607910156 490775.28125
5.1934814453125 238.7304229736328 431406.96875
5.192126274108887 238.79270935058594 381711.0625
5.190770626068115 238.85508728027344 362660.84375
5.189415454864502 238.91746520996094 370122.0
5.188060760498047 238.97984313964844 386886.59375
5.186705589294434 239.04229736328125 410869.53125
5.1853508949279785 239.104736328125 442764.9375
5.183996200561523 239.167236328125 460070.0625
5.182641506195068 239.229736328125 488882.40625
5.1812872886657715 239.29226684570312 514523.125
5.179933071136475 239.35482788085938 543698.875
5.178578853607178 239.4174041748047 568023.625
5.177224636077881 239.48004150390625 594765.5625
5.175870418548584 239.54269409179688 606183.25
5.174516677856445 239.60537719726562 593737.5
5.173162937164307 239.66807556152344 582351.5625
5.171809196472168 239.7307891845703 560940.3125
5.1704559326171875 239.79354858398438 514286.125
5.169102191925049 239.85635375976562 471886.09375
5.167748928070068 239.91915893554688 429279.0
5.166395664215088 239.9820098876953 385471.03125
5.165042877197266 240.04486083984375 346348.625
5.163689613342285 240.10775756835938 318322.0
5.162336826324463 240.17068481445312 301715.75
5.160984039306641 240.23362731933594 306196.8125
5.159631729125977 240.29661560058594 330568.6875
5.158278942108154 240.359619140625 360820.8125
5.15692663192749 240.4226531982422 402903.875
5.155574321746826 240.4857177734375 434287.84375
5.154222011566162 240.54881286621094 453668.5625
5.152870178222656 240.61190795898438 475630.0625
5.15151834487915 240.675048828125 499631.15625
5.1501665115356445 240.73822021484375 522770.15625
5.148814678192139 240.80142211914062 550864.0625
5.147462844848633 240.8646697998047 566541.0
5.146111488342285 240.92791748046875 562343.625
5.1447601318359375 240.99119567871094 533121.75
5.14340877532959 241.0545196533203 512538.375
5.1420578956604 241.1178436279297 482378.0
5.140706539154053 241.1812286376953 445198.46875
5.139355659484863 241.24462890625 415248.375
5.138004779815674 241.3080596923828 397646.3125
5.136654376983643 241.3715057373047 393112.78125
5.135303497314453 241.43499755859375 404553.46875
5.133953094482422 241.49850463867188 409344.28125
5.132602691650391 241.56204223632812 417497.25
5.131252765655518 241.62557983398438 424432.5
5.129902362823486 241.68919372558594 421826.40625
5.128552436828613 241.7528076171875 418754.21875
5.12720251083374 241.81646728515625 400590.3125
5.125852584838867 241.88014221191406 374563.09375
5.124503135681152 241.94383239746094 361337.25
5.1231536865234375 242.007568359375 374208.0625
5.121804237365723 242.07131958007812 403473.625
5.120454788208008 242.13511657714844 463791.6875
5.119105339050293 242.19895935058594 536638.125
5.117756366729736 242.26278686523438 588417.125
5.11640739440918 242.32667541503906 623478.625
5.115058422088623 242.3905792236328 615042.5625
5.113709926605225 242.45449829101562 582367.25
5.112361431121826 242.51844787597656 541546.0625
5.1110124588012695 242.5824432373047 498656.40625
5.109664440155029 242.64645385742188 477125.1875
5.108315944671631 242.7104949951172 483249.4375
5.106967926025391 242.7745819091797 518438.6875
5.10561990737915 242.8386688232422 551706.4375
5.10427188873291 242.90281677246094 561446.4375
5.10292387008667 242.9669647216797 568061.3125
5.101576328277588 243.03115844726562 593090.3125
5.100228309631348 243.0953826904297 668988.3125
5.098881244659424 243.1595916748047 791732.25
5.097533702850342 243.22389221191406 947367.25
5.09618616104126 243.28819274902344 1107023.875
5.094839096069336 243.3525390625 1231443.0
5.093492031097412 243.41688537597656 1273143.625
5.092144966125488 243.4812774658203 1212216.5
5.090798377990723 243.54566955566406 1079493.875
5.089451789855957 243.61012268066406 921935.9375
5.088105201721191 243.67459106445312 763662.125
5.086758613586426 243.7390899658203 609175.0
5.08541202545166 243.8036346435547 475869.75
5.084065914154053 243.86819458007812 380965.53125
5.082719802856445 243.9327850341797 319607.28125
5.081373691558838 243.99740600585938 296711.875
5.080028057098389 244.06202697753906 282723.34375
5.078681945800781 244.126708984375 276920.34375
5.077336311340332 244.19140625 276782.59375
5.075990676879883 244.2561492919922 273523.28125
5.074645519256592 244.32089233398438 252286.203125
5.073299884796143 244.38571166992188 231644.515625
5.071954727172852 244.45053100585938 208896.28125
5.0706095695495605 244.515380859375 186140.5
5.069264888763428 244.5802459716797 171145.03125
5.067919731140137 244.64515686035156 162012.171875
5.066575050354004 244.7100830078125 152571.359375
5.065230369567871 244.77505493164062 149709.515625
5.063885688781738 244.84002685546875 150274.328125
5.062541484832764 244.90504455566406 154532.53125
5.061197280883789 244.9700927734375 153639.78125
5.0598530769348145 245.03517150878906 162394.46875
5.05850887298584 245.10028076171875 190526.09375
5.057164669036865 245.16543579101562 245045.015625
5.055820941925049 245.23060607910156 319247.28125
5.054477214813232 245.2957763671875 402124.25
5.053133487701416 245.3610076904297 460478.84375
5.051790237426758 245.42625427246094 498551.78125
5.050446510314941 245.49156188964844 510953.21875
5.049103260040283 245.55686950683594 493527.0625
5.047760009765625 245.62220764160156 442544.9375
5.046417236328125 245.68756103515625 392545.5625
5.045073986053467 245.75299072265625 346725.21875
5.043731212615967 245.8184051513672 309447.125
5.042388439178467 245.8838653564453 287700.25
5.041046142578125 245.94935607910156 278793.5625
5.039703369140625 246.01486206054688 274815.03125
5.038361072540283 246.08041381835938 270262.75
5.037018775939941 246.14598083496094 269807.40625
5.0356764793396 246.21160888671875 263873.125
5.034334659576416 246.2772216796875 258108.421875
5.032992839813232 246.34288024902344 255059.265625
5.031651020050049 246.4085693359375 247758.96875
5.030309200286865 246.47430419921875 247422.046875
5.028967380523682 246.5400848388672 249983.796875
5.027626037597656 246.60585021972656 263573.84375
5.026284694671631 246.67164611816406 287835.59375
5.0249433517456055 246.7375030517578 325538.0
5.023602485656738 246.80335998535156 370428.96875
5.022261619567871 246.8692626953125 432217.5
5.020920276641846 246.93521118164062 512682.8125
5.019579887390137 247.0011444091797 623654.9375
5.0182390213012695 247.06715393066406 782949.875
5.0168986320495605 247.13314819335938 990122.1875
5.015558242797852 247.19918823242188 1222902.5
5.014217853546143 247.26527404785156 1452714.875
5.012877464294434 247.33140563964844 1605877.375
5.011537551879883 247.39752197265625 1652104.125
5.010197639465332 247.46368408203125 1582638.125
5.008857727050781 247.52987670898438 1432213.125
5.0075178146362305 247.59613037109375 1231650.625
5.00617790222168 247.66238403320312 1019981.25
5.004838466644287 247.72866821289062 822277.875
5.0034990310668945 247.79498291015625 664457.3125
5.00216007232666 247.86131286621094 558255.0625
5.000820636749268 247.9276885986328 488558.375
4.999481678009033 247.9940948486328 441164.6875
4.998142719268799 248.06053161621094 401761.6875
4.9968037605285645 248.12701416015625 362520.15625
4.995465278625488 248.19349670410156 353383.6875
4.994126319885254 248.26004028320312 358125.3125
4.992787837982178 248.32659912109375 376066.78125
4.991449356079102 248.3931884765625 397244.21875
4.990111351013184 248.4597930908203 412920.375
4.988772869110107 248.52645874023438 414275.84375
4.9874348640441895 248.59310913085938 413395.40625
4.9860968589782715 248.65982055664062 396122.28125
4.984759330749512 248.72654724121094 363126.1875
4.983421325683594 248.79331970214844 318779.21875
4.982083797454834 248.86012268066406 276070.40625
4.980746269226074 248.9269561767578 252136.734375
4.979409217834473 248.99380493164062 229675.625
4.978071689605713 249.06068420410156 214410.140625
4.976734638214111 249.12759399414062 207367.625
4.97539758682251 249.19454956054688 200746.34375
4.974060535430908 249.26153564453125 198263.6875
4.972723960876465 249.32852172851562 198017.546875
4.9713873863220215 249.39556884765625 195341.375
4.970050811767578 249.46263122558594 187902.375
4.968714237213135 249.52975463867188 201128.109375
4.967377662658691 249.5968780517578 220639.5
4.966041564941406 249.66403198242188 239105.59375
4.964705467224121 249.73121643066406 248860.6875
4.963369369506836 249.79844665527344 265703.84375
4.962033748626709 249.86569213867188 278331.84375
4.960697650909424 249.9329833984375 294851.59375
4.959362030029297 250.00030517578125 310269.8125
4.95802640914917 250.067626953125 323702.875
4.956691265106201 250.135009765625 333080.75
4.955355644226074 250.20240783691406 329440.5625
4.9540205001831055 250.2698516845703 328956.03125
4.952685356140137 250.33731079101562 326328.84375
4.951350688934326 250.40480041503906 325144.15625
4.950015544891357 250.4723358154297 309703.96875
4.948680877685547 250.53990173339844 309790.21875
4.947346210479736 250.60748291015625 323764.03125
4.946012020111084 250.67507934570312 338186.15625
4.944677352905273 250.7427520751953 350556.96875
4.943343162536621 250.81040954589844 356020.5625
4.942008972167969 250.8781280517578 348063.71875
4.940674781799316 250.9458770751953 329960.40625
4.939341068267822 251.01364135742188 304073.8125
4.93800687789917 251.08145141601562 278409.125
4.936673164367676 251.14930725097656 260262.546875
4.93533992767334 251.21714782714844 235953.421875
4.934006214141846 251.28504943847656 219790.0625
4.93267297744751 251.3529510498047 216434.859375
4.931339740753174 251.42091369628906 214174.40625
4.930006504058838 251.48892211914062 201380.0625
4.928673267364502 251.55694580078125 194224.8125
4.927340507507324 251.62498474121094 189444.78125
4.9260077476501465 251.69305419921875 193000.390625
4.924674987792969 251.76116943359375 190486.3125
4.923342227935791 251.82933044433594 188420.078125
4.9220099449157715 251.89749145507812 184701.9375
4.920677661895752 251.96568298339844 181657.578125
4.919345378875732 252.03392028808594 173001.40625
4.918013095855713 252.10220336914062 166361.46875
4.916681289672852 252.1704864501953 158899.84375
4.915349006652832 252.2388458251953 153409.1875
4.914017200469971 252.3072052001953 154896.4375
4.912685871124268 252.37557983398438 165615.28125
4.911354064941406 252.4440155029297 177046.6875
4.910022735595703 252.51246643066406 190797.703125
4.90869140625 252.58096313476562 206371.484375
4.907360076904297 252.6494903564453 228492.796875
4.906029224395752 252.718017578125 246239.609375
4.904697895050049 252.78662109375 255245.9375
4.903367042541504 252.85520935058594 258663.40625
4.902036666870117 252.92384338378906 252287.40625
4.900705814361572 252.99253845214844 257669.828125
4.8993754386901855 253.0612335205078 260291.25
4.898044586181641 253.12997436523438 256005.0625
4.896714687347412 253.19873046875 255699.5
4.895384311676025 253.26754760742188 271771.375
4.894054412841797 253.3363494873047 316735.34375
4.89272403717041 253.40524291992188 400408.0625
4.89139461517334 253.47413635253906 535862.875
4.890064716339111 253.5430450439453 721178.5625
4.888734817504883 253.61203002929688 898177.125
4.8874053955078125 253.68101501464844 1049503.875
4.886075973510742 253.75003051757812 1122830.5
4.88474702835083 253.81907653808594 1120867.375
4.88341760635376 253.88816833496094 1053305.375
4.882088661193848 253.95729064941406 922290.5
4.8807597160339355 254.0264129638672 776401.3125
4.879430770874023 254.09561157226562 636181.5
4.8781023025512695 254.16481018066406 513900.90625
4.876773357391357 254.23406982421875 416233.75
4.8754448890686035 254.3033447265625 362922.15625
4.87411642074585 254.37266540527344 327641.3125
4.872788429260254 254.44198608398438 296834.0625
4.871460437774658 254.5113525390625 274965.4375
4.8701324462890625 254.58074951171875 261022.34375
4.868804454803467 254.65017700195312 238638.375
4.867476463317871 254.71966552734375 220574.53125
4.866148948669434 254.78915405273438 206091.328125
4.864821434020996 254.85867309570312 201333.671875
4.863493919372559 254.92825317382812 197246.125
4.862166404724121 254.9978485107422 185399.0625
4.860839366912842 255.0674591064453 176010.109375
4.859511852264404 255.1371307373047 173376.578125
4.858185291290283 255.20681762695312 163068.375
4.856858253479004 255.27655029296875 151274.828125
4.855531215667725 255.3463134765625 141271.90625
4.8542046546936035 255.4160919189453 141289.828125
4.852878093719482 255.48590087890625 143309.265625
4.851551532745361 255.55575561523438 152563.328125
4.850225448608398 255.62564086914062 162654.15625
4.8488993644714355 255.695556640625 171229.953125
4.847573280334473 255.7655029296875 180339.765625
4.84624719619751 255.83547973632812 189701.578125
4.844921112060547 255.90550231933594 199992.234375
4.843595504760742 255.9755401611328 210475.84375
4.8422698974609375 256.0456237792969 217960.390625
4.840944290161133 256.11572265625 239395.8125
4.839619159698486 256.18585205078125 279267.28125
4.838293552398682 256.25604248046875 345546.5
4.836968421936035 256.3262634277344 448687.53125
4.835643291473389 256.396484375 602068.9375
4.8343186378479 256.46673583984375 799972.25
4.832993507385254 256.53704833984375 1006180.1875
4.831668853759766 256.6073913574219 1153697.625
4.830344200134277 256.6777648925781 1203416.375
4.829019546508789 256.7481689453125 1161672.5
4.827695369720459 256.818603515625 1045708.9375
4.826371192932129 256.8890686035156 872817.0
4.825047016143799 256.9595642089844 673782.1875
4.823722839355469 257.03009033203125 501137.96875
4.822399139404297 257.10064697265625 358764.03125
4.821074962615967 257.1712646484375 258330.5
4.819751262664795 257.24188232421875 195139.375
4.818428039550781 257.3125305175781 158712.15625
4.817104339599609 257.3832702636719 142871.71875
4.815781116485596 257.4539489746094 142053.78125
4.814457893371582 257.52471923828125 150743.21875
4.813134670257568 257.5955505371094 157558.9375
4.811811447143555 257.6663513183594 167007.40625
4.810488700866699 257.7372131347656 182505.71875
4.809165954589844 257.80810546875 195428.53125
4.807843208312988 257.8790283203125 212522.875
4.806520462036133 257.9499816894531 238204.09375
4.8051981925964355 258.02099609375 252998.609375
4.803875923156738 258.0920104980469 262169.8125
4.802553653717041 258.1630554199219 255561.8125
4.801231384277344 258.2341613769531 244655.046875
4.799909591674805 258.3052673339844 234085.515625
4.798587799072266 258.3764343261719 216835.515625
4.797266006469727 258.4476318359375 196320.4375
4.7959442138671875 258.51885986328125 186987.0625
4.794622898101807 258.590087890625 191362.921875
4.793301105499268 258.6614074707031 234490.703125
4.791979789733887 258.73272705078125 294814.625
4.790658473968506 258.8040771484375 367118.1875
4.789337635040283 258.8754577636719 454478.125
4.7880167961120605 258.9468688964844 546621.6875
4.786695957183838 259.018310546875 639606.5
4.785375118255615 259.08984375 734254.625
4.784054279327393 259.1613464355469 793047.6875
4.782733917236328 259.23291015625 804490.5625
4.781413555145264 259.3044738769531 769485.9375
4.780093193054199 259.3760986328125 698039.375
4.778772830963135 259.4477844238281 591639.5625
4.7774529457092285 259.51947021484375 472024.53125
4.776133060455322 259.5911865234375 359074.25
4.774813175201416 259.6629333496094 268433.71875
4.773493766784668 259.7347106933594 203162.25
4.772173881530762 259.8065490722656 170173.15625
4.770854473114014 259.8783874511719 157893.640625
4.769535064697266 259.9502868652344 146048.734375
4.768215656280518 260.022216796875 144769.328125
4.766896724700928 260.0941467285156 150279.96875
4.765577793121338 260.1661376953125 147266.203125
4.764258861541748 260.2381591796875 148000.875
4.762939929962158 260.3102111816406 146375.890625
4.761620998382568 260.38232421875 148620.53125
4.760302543640137 260.4544372558594 152924.6875
4.758984088897705 260.526611328125 152014.953125
4.757665634155273 260.59881591796875 148639.234375
4.75634765625 260.6710205078125 146262.640625
4.755029678344727 260.7432556152344 147779.625
4.753711223602295 260.8155822753906 155810.671875
4.75239372253418 260.88787841796875 157707.046875
4.751075744628906 260.96026611328125 166545.3125
4.749758243560791 261.03265380859375 186878.671875
4.748440742492676 261.1050720214844 230751.359375
4.7471232414245605 261.17755126953125 309693.8125
4.745805740356445 261.25006103515625 411819.40625
4.744488716125488 261.3225402832031 515761.125
4.743171691894531 261.3951110839844 601790.875
4.741854667663574 261.4677429199219 640691.125
4.740537643432617 261.5403747558594 619775.75
4.73922061920166 261.613037109375 550179.1875
4.737904071807861 261.6857604980469 472710.09375
4.7365875244140625 261.75848388671875 402008.25
4.735271453857422 261.83123779296875 360848.84375
4.733954906463623 261.904052734375 371118.5
4.732638835906982 261.97686767578125 430995.875
4.731322765350342 262.0497741699219 500545.90625
4.730006694793701 262.1226501464844 559814.1875
4.7286906242370605 262.19561767578125 575267.5
4.727375030517578 262.2685852050781 546686.125
4.726059436798096 262.34161376953125 494253.9375
4.724743843078613 262.4146423339844 424671.5
4.723428726196289 262.4877014160156 353413.21875
4.722113132476807 262.56085205078125 293722.3125
4.720798015594482 262.63397216796875 253461.484375
4.719483375549316 262.7071533203125 234660.578125
4.718168258666992 262.7803649902344 237209.390625
4.716853141784668 262.8536376953125 255703.46875
4.715538501739502 262.9269104003906 303106.15625
4.714224338531494 263.0002136230469 369091.5
4.712909698486328 263.0735778808594 423657.34375
4.711595058441162 263.14697265625 460793.0
4.710280895233154 263.22039794921875 474508.96875
4.7089667320251465 263.2938537597656 462739.53125
4.707653045654297 263.3673095703125 432267.96875
4.706338882446289 263.44085693359375 395853.5
4.7050251960754395 263.514404296875 356935.5
4.70371150970459 263.5880126953125 316713.25
4.70239782333374 263.6616516113281 289875.4375
4.701084613800049 263.7353210449219 279507.28125
4.699770927429199 263.80902099609375 272571.9375
4.698457717895508 263.88275146484375 275852.71875
4.697144985198975 263.9565124511719 281506.6875
4.695831775665283 264.0303039550781 289596.28125
4.69451904296875 264.1041564941406 292385.28125
4.693206310272217 264.1780090332031 299859.90625
4.691893577575684 264.2519226074219 305516.625
4.69058084487915 264.3258972167969 309898.90625
4.689268589019775 264.3998718261719 304362.28125
4.6879563331604 264.473876953125 301105.125
4.686644077301025 264.54791259765625 301740.875
4.68533182144165 264.62200927734375 305462.875
4.684020042419434 264.6961364746094 305718.96875
4.682708263397217 264.7702941894531 308964.59375
4.681396484375 264.844482421875 320069.625
4.680084705352783 264.918701171875 331573.84375
4.678773403167725 264.9929504394531 338253.90625
4.677461624145508 265.0672607421875 358403.75
4.676150321960449 265.1416015625 396714.1875
4.674839496612549 265.2159423828125 470173.375
4.67352819442749 265.29034423828125 603258.5625
4.67221736907959 265.3647766113281 756959.625
4.6709065437316895 265.43927001953125 876327.75
4.669595718383789 265.5137939453125 963621.1875
4.668285369873047 265.5882873535156 993875.5625
4.6669745445251465 265.66290283203125 964180.8125
4.665664196014404 265.7375183105469 898980.75
4.664353847503662 265.8121643066406 827535.25
4.663043975830078 265.8868408203125 770906.5
4.661733627319336 265.9615478515625 729244.5
4.660423755645752 266.03631591796875 718525.6875
4.659113883972168 266.1111145019531 738070.1875
4.657804489135742 266.1859130859375 769551.3125
4.656495094299316 266.2607727050781 805860.4375
4.655185222625732 266.335693359375 838092.125
4.653875827789307 266.41064453125 875508.6875
4.652566909790039 266.4855651855469 904161.8125
4.651257514953613 266.5605773925781 918135.375
4.649948596954346 266.6356201171875 903858.25
4.648639678955078 266.710693359375 885123.75
4.6473307609558105 266.78582763671875 842007.6875
4.646022319793701 266.8609619140625 789222.25
4.644713878631592 266.9361267089844 748206.8125
4.643405437469482 267.0113525390625 734752.125
4.642096996307373 267.08660888671875 744248.0
4.640788555145264 267.1618957519531 767217.0
4.6394805908203125 267.23724365234375 807435.375
4.638172626495361 267.3125915527344 859116.0
4.63686466217041 267.38800048828125 922370.5
4.635557174682617 267.46343994140625 993248.6875
4.634249210357666 267.5389099121094 1080396.75
4.632941722869873 267.6144104003906 1158973.0
4.63163423538208 267.68994140625 1230477.75
4.630327224731445 267.7655029296875 1262692.875
4.629019737243652 267.8411560058594 1249518.875
4.627712726593018 267.91680908203125 1211174.375
4.626405715942383 267.99249267578125 1175761.75
4.625099182128906 268.0682067871094 1145667.875
4.6237921714782715 268.14398193359375 1155244.75
4.622485637664795 268.2197570800781 1194905.75
4.621179103851318 268.29559326171875 1272632.625
4.619873046875 268.3714294433594 1353543.5
4.618566513061523 268.4473571777344 1406256.625
4.617260456085205 268.5232849121094 1415277.375
4.615954399108887 268.5992736816406 1355783.75
4.614648342132568 268.67529296875 1282401.125
4.613342761993408 268.7513122558594 1191275.25
4.61203670501709 268.8274230957031 1100521.375
4.61073112487793 268.903564453125 1019607.0625
4.609426021575928 268.9797058105469 951337.4375
4.608120441436768 269.055908203125 915322.6875
4.606815338134766 269.1321105957031 896443.6875
4.605510234832764 269.2083740234375 886184.0
4.604205131530762 269.2846984863281 876576.6875
4.60290002822876 269.3610534667969 866287.5625
4.601595401763916 269.43743896484375 853212.4375
4.600290775299072 269.5138244628906 855545.5
4.5989861488342285 269.59027099609375 884230.75
4.597681522369385 269.6667785644531 950896.9375
4.596377372741699 269.7433166503906 1052333.5
4.595073223114014 269.8198547363281 1165655.0
4.593769073486328 269.8964538574219 1255264.625
4.592464923858643 269.9731140136719 1313769.0
4.591161251068115 270.04974365234375 1313319.375
4.58985710144043 270.1264953613281 1282624.0
4.588553428649902 270.2032470703125 1235890.125
4.587250232696533 270.2799987792969 1172137.5
4.585946559906006 270.3568420410156 1103590.625
4.584643363952637 270.4336853027344 1044699.875
4.583340167999268 270.5105895996094 1005821.6875
4.582036972045898 270.5874938964844 977504.5625
4.580733776092529 270.66448974609375 955386.9375
4.579431056976318 270.7414855957031 940595.1875
4.578128337860107 270.81854248046875 936130.5
4.5768256187438965 270.8955993652344 966234.5
4.575523376464844 270.97271728515625 1035548.875
4.574221134185791 271.04986572265625 1138755.375
4.57291841506958 271.1270446777344 1279395.5
4.5716166496276855 271.20428466796875 1447186.625
4.570314407348633 271.28155517578125 1644821.75
4.569012641906738 271.35882568359375 1876785.625
4.5677103996276855 271.43621826171875 2169485.75
4.566408634185791 271.5135803222656 2578136.5
4.565107345581055 271.5909729003906 3060699.5
4.56380558013916 271.66845703125 3567127.25
4.562504291534424 271.7459411621094 3990519.0
4.5612030029296875 271.8234558105469 4212018.5
4.559902191162109 271.9010009765625 4246229.5
4.558600902557373 271.9786376953125 4102959.25
4.557300090789795 272.0562438964844 3826864.25
4.555999279022217 272.1339416503906 3502222.0
4.554698467254639 272.2116394042969 3169704.5
4.553398132324219 272.28936767578125 2858771.0
4.552097320556641 272.3671875 2584010.0
4.550796985626221 272.44500732421875 2360824.75
4.549496650695801 272.52288818359375 2168235.0
4.548196792602539 272.6007995605469 2004182.5
4.546896457672119 272.6787414550781 1870541.5
4.545597076416016 272.7566833496094 1758773.375
4.544297218322754 272.834716796875 1671272.875
4.542997360229492 272.91278076171875 1614243.75
4.541697978973389 272.9908447265625 1572501.375
4.540398120880127 273.0690002441406 1555440.625
4.539099216461182 273.14715576171875 1557748.75
4.537799835205078 273.225341796875 1548665.625
4.536500930786133 273.3035888671875 1527512.625
4.535201549530029 273.38189697265625 1488909.5
4.533903121948242 273.4601745605469 1435553.625
4.532604217529297 273.5385437011719 1331823.125
4.531305313110352 273.6169738769531 1188816.375
4.5300068855285645 273.6954040527344 1034955.5625
4.528708457946777 273.7738342285156 884221.75
4.52741003036499 273.85235595703125 744984.25
4.526112079620361 273.930908203125 628997.0625
4.524814128875732 274.0094909667969 541425.4375
4.5235161781311035 274.0881042480469 502814.15625
4.522218227386475 274.1667785644531 505747.71875
4.520920276641846 274.2454833984375 551103.8125
4.519622802734375 274.32421875 643969.0625
4.518325328826904 274.4029846191406 778633.9375
4.517027854919434 274.4818115234375 915649.625
4.515730857849121 274.5606384277344 1032647.875
4.51443338394165 274.6395568847656 1115780.75
4.513136386871338 274.718505859375 1181104.75
4.511839389801025 274.7974548339844 1223872.75
4.510542869567871 274.8764343261719 1284091.875
4.509245872497559 274.95550537109375 1378918.125
4.507949352264404 275.0345764160156 1517907.25
4.50665283203125 275.11370849609375 1675051.75
4.505356311798096 275.19287109375 1812136.0
4.5040602684021 275.2720642089844 1929608.625
4.5027642250061035 275.351318359375 2027395.875
4.501468181610107 275.4305725097656 2093223.875
4.500172138214111 275.5099182128906 2154657.0
4.498876571655273 275.5892333984375 2256318.5
4.497580528259277 275.66864013671875 2423002.75
4.4962849617004395 275.74810791015625 2705917.25
4.494989395141602 275.82757568359375 3161446.75
4.493694305419922 275.90704345703125 3868029.75
4.492399215698242 275.9866027832031 4794028.5
4.4911041259765625 276.0661926269531 5764461.5
4.489809036254883 276.14581298828125 6580662.0
4.488513946533203 276.2254943847656 7077525.0
4.487219333648682 276.3052062988281 7132219.0
4.48592472076416 276.3849182128906 6775615.5
4.484630107879639 276.4647216796875 6029352.0
4.483335494995117 276.5445251464844 5009456.5
4.482041358947754 276.6243896484375 3910439.0
4.480747222900391 276.7043151855469 2902522.0
4.479453086853027 276.78424072265625 2061865.0
4.478158950805664 276.8642272949219 1435723.5
4.476865291595459 276.9442138671875 1015682.4375
4.475571632385254 277.0242614746094 759890.0625
4.474277973175049 277.1043701171875 602120.1875
4.472984313964844 277.18450927734375 513469.375
4.471691131591797 277.2646789550781 451758.6875
4.470397472381592 277.34490966796875 407859.53125
4.469104290008545 277.4251708984375 360091.46875
4.467811584472656 277.50543212890625 337854.03125
4.466518402099609 277.5857849121094 333595.625
4.465225696563721 277.6661376953125 350008.6875
4.463932991027832 277.7465515136719 370864.53125
4.462640285491943 277.8269958496094 392399.75
4.461347579956055 277.9075012207031 400444.4375
4.460055351257324 277.9880065917969 403044.4375
4.458763122558594 278.0685729980469 389346.71875
4.457470893859863 278.1492004394531 377242.71875
4.456179141998291 278.2298278808594 362763.21875
4.4548869132995605 278.310546875 353713.40625
4.453595161437988 278.3912658691406 345473.15625
4.452303409576416 278.4720153808594 343019.34375
4.451012134552002 278.5528259277344 349104.875
4.44972038269043 278.6336975097656 373885.15625
4.448429107666016 278.71453857421875 404788.15625
4.447137832641602 278.79547119140625 452779.9375
4.4458465576171875 278.87646484375 497177.5
4.444555759429932 278.95745849609375 524504.0625
4.443264961242676 279.0384826660156 535794.75
4.44197416305542 279.1195983886719 553932.8125
4.440683364868164 279.2007141113281 586419.25
4.439393043518066 279.2818603515625 606620.3125
4.4381022453308105 279.3630676269531 634494.625
4.436811923980713 279.4443359375 647767.1875
4.435522079467773 279.52557373046875 671456.125
4.434231758117676 279.60693359375 669140.5625
4.432941913604736 279.6883239746094 654259.125
4.431652069091797 279.76971435546875 629155.875
4.430362224578857 279.85113525390625 629083.1875
4.429072380065918 279.9326477050781 653658.3125
4.427783012390137 280.01416015625 690089.25
4.4264936447143555 280.0957336425781 717157.75
4.425204277038574 280.1773376464844 731699.875
4.423914909362793 280.2590026855469 729614.9375
4.42262601852417 280.3406677246094 723289.0625
4.421337127685547 280.4223937988281 715687.375
4.420048236846924 280.504150390625 713415.375
4.418759346008301 280.58599853515625 726819.6875
4.417470932006836 280.6678161621094 761697.9375
4.416182518005371 280.74969482421875 800796.625
4.414894104003906 280.8316650390625 862710.0
4.413605690002441 280.91363525390625 946594.5625
4.412317276000977 280.9956359863281 1026841.625
4.41102933883667 281.07769775390625 1084512.0
4.409741401672363 281.1597900390625 1111307.375
4.408453464508057 281.241943359375 1114811.25
4.407166004180908 281.3240966796875 1081944.125
4.40587854385376 281.40631103515625 1026320.9375
4.404591083526611 281.4885559082031 951547.875
4.403303623199463 281.57086181640625 882763.3125
4.4020161628723145 281.6531982421875 849478.3125
4.400729179382324 281.7355651855469 880931.6875
4.399442195892334 281.8179931640625 978033.375
4.398155212402344 281.90045166015625 1119146.5
4.3968682289123535 281.98297119140625 1260235.125
4.3955817222595215 282.06549072265625 1359855.125
4.3942952156066895 282.1480712890625 1382483.875
4.393008708953857 282.230712890625 1334688.875
4.391722202301025 282.3133850097656 1256581.0
4.390436172485352 282.3960876464844 1182719.875
4.389150142669678 282.47882080078125 1149216.0
4.387864112854004 282.5616149902344 1141743.625
4.38657808303833 282.64447021484375 1143019.5
4.3852925300598145 282.727294921875 1134956.0
4.384006500244141 282.81024169921875 1109092.5
4.382720947265625 282.8931884765625 1053849.0
4.381435871124268 282.9761962890625 960152.5625
4.380150318145752 283.0592346191406 852670.9375
4.3788652420043945 283.1423034667969 753479.0
4.377580165863037 283.22540283203125 684390.6875
4.37629508972168 283.30859375 660642.5
4.3750104904174805 283.3917541503906 669518.6875
4.373725414276123 283.47503662109375 719691.75
4.372440814971924 283.5583190917969 802726.4375
4.371156215667725 283.64166259765625 926476.625
4.369872093200684 283.7250061035156 1062804.375
4.368587493896484 283.8084411621094 1186093.625
4.367303371429443 283.8918762207031 1272746.0
4.366019248962402 283.9753723144531 1348825.5
4.3647356033325195 284.0588684082031 1473609.0
4.3634514808654785 284.1424865722656 1670091.125
4.362167835235596 284.2261047363281 1931777.125
4.360884189605713 284.30975341796875 2189883.25
4.359601020812988 284.3934631347656 2367552.25
4.3583173751831055 284.4772033691406 2448425.0
4.357034206390381 284.56097412109375 2421303.25
4.355751037597656 284.64483642578125 2347006.0
4.354467868804932 284.72869873046875 2247987.0
4.353185176849365 284.8125915527344 2184652.0
4.351902484893799 284.89654541015625 2194359.25
4.350619316101074 284.9805908203125 2292726.0
4.349337100982666 285.0645751953125 2450233.75
4.3480544090271 285.148681640625 2630701.0
4.346772193908691 285.2327880859375 2693657.0
4.345489978790283 285.31695556640625 2612631.75
4.344207763671875 285.4011535644531 2427865.75
4.342926025390625 285.4853820800781 2166886.5
4.341643810272217 285.5697326660156 1853828.625
4.340362071990967 285.654052734375 1536539.0
4.339080333709717 285.7384338378906 1246864.375
4.337799072265625 285.82281494140625 1041849.8125
4.336517333984375 285.90728759765625 916146.9375
4.335236072540283 285.9917907714844 857534.125
4.333954811096191 286.07635498046875 879380.5625
4.3326735496521 286.16094970703125 932712.625
4.331392765045166 286.2455749511719 996393.5625
4.330111980438232 286.3302307128906 1081749.0
4.328831195831299 286.4149475097656 1177174.625
4.327550411224365 286.4997253417969 1265411.375
4.32627010345459 286.5845031738281 1332402.625
4.3249897956848145 286.6693420410156 1395066.875
4.323709487915039 286.75421142578125 1440191.875
4.322429180145264 286.83917236328125 1480266.625
4.321148872375488 286.9241638183594 1507534.125
4.319869041442871 287.0091552734375 1518961.125
4.318589210510254 287.0942077636719 1543216.125
4.317309379577637 287.1793212890625 1604153.375
4.316030025482178 287.26446533203125 1730476.875
4.3147501945495605 287.34967041015625 1965496.5
4.313470840454102 287.43487548828125 2236058.0
4.312191486358643 287.5201416015625 2454545.75
4.310912609100342 287.6054382324219 2561798.75
4.309633255004883 287.6908264160156 2564131.75
4.308354377746582 287.7762451171875 2482599.0
4.307075500488281 287.8616638183594 2358377.5
4.305797100067139 287.9471435546875 2235603.5
4.304518222808838 288.0326843261719 2157807.25
4.303239822387695 288.1182556152344 2200214.25
4.301961421966553 288.203857421875 2392620.5
4.300683498382568 288.2895202636719 2699781.75
4.299405097961426 288.375244140625 3068605.5
4.298127174377441 288.4609680175781 3386202.75
4.296849250793457 288.5467834472656 3656455.25
4.295571327209473 288.63262939453125 3838478.75
4.2942938804626465 288.7184753417969 3868451.25
4.293015956878662 288.8044128417969 3812586.5
4.291738510131836 288.890380859375 3664044.5
4.290461540222168 288.97637939453125 3395154.75
4.289184093475342 289.0624084472656 3037668.25
4.287907123565674 289.1485290527344 2627048.0
4.286630153656006 289.2346496582031 2211860.0
4.285353183746338 289.3208312988281 1821853.75
4.28407621383667 289.4070739746094 1465193.875
4.28279972076416 289.49334716796875 1171793.75
4.28152322769165 289.57965087890625 964971.6875
4.280246734619141 289.6659851074219 826528.625
4.278970241546631 289.7524108886719 754428.375
4.277694225311279 289.8388366699219 721526.625
4.276418209075928 289.92535400390625 710809.875
4.275142192840576 290.0118713378906 713554.5625
4.273866176605225 290.09844970703125 717292.0625
4.272590637207031 290.18505859375 720368.0
4.271315097808838 290.271728515625 724555.625
4.2700395584106445 290.3584289550781 750783.3125
4.268764019012451 290.4451904296875 831142.8125
4.267488956451416 290.5319519042969 1023242.75
4.266213417053223 290.61883544921875 1306997.875
4.2649383544921875 290.7057189941406 1599591.875
4.2636637687683105 290.7926330566406 1832722.75
4.262388706207275 290.8796081542969 1976922.75
4.261114120483398 290.96661376953125 2014180.0
4.2598395347595215 291.0536804199219 1962551.625
4.2585649490356445 291.14080810546875 1817474.875
4.257290363311768 291.22796630859375 1652759.5
4.256016254425049 291.3151550292969 1527100.75
4.25474214553833 291.4023742675781 1512013.375
4.253468036651611 291.48968505859375 1673567.125
4.252193927764893 291.5770263671875 2073187.375
4.250920295715332 291.66436767578125 2702416.0
4.2496466636657715 291.7518005371094 3412604.75
4.248373031616211 291.8392639160156 4049783.5
4.24709939956665 291.9267578125 4477366.5
4.245826244354248 292.0143127441406 4594845.0
4.244553089141846 292.10186767578125 4405157.0
4.243279933929443 292.18951416015625 3986702.25
4.242006778717041 292.2772216796875 3425418.5
4.240734100341797 292.36492919921875 2796879.75
4.2394609451293945 292.4527282714844 2217549.5
4.23818826675415 292.5405578613281 1792281.5
4.2369160652160645 292.6283874511719 1583635.625
4.23564338684082 292.71630859375 1557318.25
4.234371185302734 292.80426025390625 1651252.875
4.233098983764648 292.89227294921875 1787409.125
4.2318267822265625 292.9803466796875 1908067.875
4.230555057525635 293.0683898925781 2004463.0
4.229282855987549 293.15655517578125 2064413.125
4.228011131286621 293.2447509765625 2105810.5
4.226739406585693 293.33294677734375 2159919.75
4.225468158721924 293.42120361328125 2241423.0
4.224196434020996 293.5095520019531 2321528.75
4.222925186157227 293.597900390625 2296135.75
4.221653938293457 293.6863098144531 2190821.75
4.220383167266846 293.77471923828125 2010231.0
4.219111919403076 293.8632507324219 1744312.375
4.217841148376465 293.9517822265625 1444750.25
4.2165703773498535 294.0403747558594 1178721.5
4.2153000831604 294.1289978027344 969359.375
4.214029312133789 294.2176818847656 816163.3125
4.212759017944336 294.306396484375 723596.75
4.211488723754883 294.3951721191406 665327.6875
4.21021842956543 294.4840087890625 634934.125
4.208948612213135 294.5728454589844 616738.375
4.207678318023682 294.6617736816406 602589.875
4.206408977508545 294.75067138671875 599692.5
4.20513916015625 294.8397216796875 603182.6875
4.203869342803955 294.92877197265625 612923.5
4.202600002288818 295.017822265625 614101.5
4.201330661773682 295.10699462890625 631592.0
4.200061321258545 295.1961669921875 662987.5
4.198792457580566 295.2853698730469 713423.9375
4.19752311706543 295.3746337890625 780704.125
4.196254253387451 295.4639892578125 872561.0
4.194985389709473 295.5533447265625 956088.9375
4.193717002868652 295.6427307128906 1009772.125
4.192448139190674 295.7322082519531 1021737.8125
4.1911797523498535 295.8216857910156 993611.4375
4.189911365509033 295.9112854003906 936643.9375
4.188643455505371 296.0008544921875 855565.875
4.187375068664551 296.09051513671875 777764.5625
4.186107158660889 296.18017578125 704854.5
4.184839248657227 296.2699279785156 652678.1875
4.1835713386535645 296.3597106933594 616084.8125
4.1823039054870605 296.44952392578125 585833.0625
4.181036472320557 296.53936767578125 568988.25
4.179769039154053 296.6293029785156 564126.1875
4.178501605987549 296.7192687988281 596939.9375
4.177234172821045 296.8092956542969 697902.0
4.175967216491699 296.89935302734375 839319.0625
4.1747002601623535 296.9894714355469 967398.6875
4.173433303833008 297.0796203613281 1079679.625
4.17216682434082 297.1697998046875 1158985.625
4.170899868011475 297.26007080078125 1202702.5
4.169633388519287 297.3503723144531 1212592.875
4.1683669090271 297.440673828125 1159413.0
4.16710090637207 297.53106689453125 1058454.875
4.165834426879883 297.62152099609375 958385.9375
4.1645684242248535 297.7120056152344 870669.6875
4.163302421569824 297.8025207519531 797692.3125
4.162036895751953 297.89306640625 734305.75
4.160770893096924 297.98370361328125 723042.125
4.159505367279053 298.0743713378906 809986.625
4.158239841461182 298.16510009765625 978901.5625
4.156974792480469 298.2558288574219 1208920.25
4.155709266662598 298.3466491699219 1418918.375
4.154444217681885 298.4375305175781 1558663.625
4.153179168701172 298.5284118652344 1605391.375
4.151914119720459 298.619384765625 1572834.5
4.150649547576904 298.7103271484375 1474809.25
4.14938497543335 298.8013916015625 1305337.25
4.148119926452637 298.89251708984375 1131034.25
4.14685583114624 298.9836120605469 1006020.625
4.1455912590026855 299.0748291015625 923939.0625
4.144327163696289 299.1660461425781 905395.3125
4.143063068389893 299.25732421875 954241.8125
4.141798973083496 299.3486633300781 1085954.625
4.1405348777771 299.4400634765625 1329354.25
4.139271259307861 299.5314636230469 1699241.0
4.138007640838623 299.6229248046875 2173702.0
4.136744022369385 299.7144470214844 2637939.5
4.1354804039001465 299.8060302734375 2955989.5
4.134217262268066 299.89764404296875 3085900.75
4.132954120635986 299.9892883300781 3014634.75
4.131690979003906 300.08099365234375 2797283.25
4.130427837371826 300.17279052734375 2487243.5
4.129165172576904 300.2645568847656 2151730.75
4.127902507781982 300.3564147949219 1860821.0
4.1266398429870605 300.44830322265625 1613478.125
4.125377178192139 300.540283203125 1414370.25
4.124114990234375 300.63226318359375 1255588.0
4.122852325439453 300.72430419921875 1133423.625
4.1215901374816895 300.81640625 1026490.5
4.120328426361084 300.90850830078125 931557.6875
4.11906623840332 301.000732421875 856145.8125
4.117804527282715 301.09295654296875 808493.125
4.116542816162109 301.18524169921875 773704.125
4.115281105041504 301.277587890625 743643.25
4.114019393920898 301.3699951171875 722462.875
4.112758159637451 301.46240234375 721840.1875
4.111496925354004 301.55487060546875 755442.375
4.110235691070557 301.64739990234375 820943.4375
4.108974933624268 301.7399597167969 893071.625
4.10771369934082 301.8326110839844 960695.0
4.106452941894531 301.9252624511719 1036674.625
4.105192184448242 302.01800537109375 1084902.875
4.103931427001953 302.11077880859375 1110861.875
4.102671146392822 302.2035827636719 1129432.25
4.101410865783691 302.29644775390625 1159219.125
4.1001505851745605 302.3893737792969 1187003.625
4.09889030456543 302.48236083984375 1219849.75
4.097630500793457 302.5753479003906 1227236.25
4.096370697021484 302.66839599609375 1205062.875
4.0951104164123535 302.76153564453125 1166023.5
4.093851089477539 302.85467529296875 1123328.875
4.092591285705566 302.9479064941406 1097988.75
4.091331958770752 303.0411682128906 1097849.75
4.0900726318359375 303.13446044921875 1114034.5
4.088813304901123 303.2278137207031 1133139.375
4.087554454803467 303.32122802734375 1135678.125
4.086295127868652 303.4147033691406 1133685.375
4.085036277770996 303.5081787109375 1133544.5
4.08377742767334 303.60174560546875 1130220.125
4.082519054412842 303.6953430175781 1105783.25
4.081260681152344 303.7889709472656 1072286.25
4.0800018310546875 303.8826904296875 1032278.375
4.078743934631348 303.9764099121094 987226.8125
4.07748556137085 304.0702209472656 935369.6875
4.07622766494751 304.1640930175781 864501.875
4.074969291687012 304.25799560546875 814253.75
4.073711395263672 304.3519592285156 783642.375
4.07245397567749 304.4459228515625 762844.6875
4.07119607925415 304.53997802734375 749678.0625
4.069938659667969 304.6340637207031 738517.5
4.068681240081787 304.7282409667969 725507.0
4.0674238204956055 304.8224182128906 713870.5625
4.066166877746582 304.9166259765625 716818.75
4.064909934997559 305.01092529296875 734700.6875
4.063652992248535 305.1052551269531 783251.5625
4.062396049499512 305.19970703125 826074.375
4.061139106750488 305.29412841796875 834588.375
4.059882640838623 305.38861083984375 848033.4375
4.058626174926758 305.4831848144531 858395.4375
4.057369709014893 305.5777587890625 857676.375
4.0561137199401855 305.6723937988281 866550.375
4.05485725402832 305.76708984375 861125.5625
4.053601264953613 305.8618469238281 866382.75
4.052345275878906 305.9566345214844 888350.125
4.051089763641357 306.05145263671875 928567.25
4.04983377456665 306.1463623046875 994797.625
4.048578262329102 306.2413024902344 1126595.125
4.047322750091553 306.3363342285156 1318890.375
4.046067714691162 306.4313659667969 1536809.75
4.044812202453613 306.5264587402344 1720786.875
4.043557167053223 306.6216125488281 1843746.75
4.042302131652832 306.716796875 1927917.25
4.041047096252441 306.8120422363281 1929304.75
4.039792537689209 306.9073181152344 1832439.375
4.038537979125977 307.002685546875 1680346.0
4.037283420562744 307.09808349609375 1495974.375
4.036028861999512 307.1935119628906 1296865.375
4.034774303436279 307.2890319824219 1129242.125
4.033520221710205 307.38458251953125 1023069.75
4.032266139984131 307.4801940917969 979032.5
4.031012058258057 307.5758361816406 1011746.5
4.029758453369141 307.6715393066406 1094441.875
4.028504848480225 307.76727294921875 1162851.125
4.02725076675415 307.8631286621094 1197434.5
4.025997638702393 307.9589538574219 1175216.75
4.024744033813477 308.0548400878906 1107385.75
4.023490905761719 308.1507873535156 1003560.1875
4.022237300872803 308.2468566894531 904646.125
4.020984649658203 308.3428955078125 841430.25
4.019731521606445 308.43902587890625 840360.75
4.018478870391846 308.5351257324219 929056.3125
4.017225742340088 308.6313781738281 1056679.375
4.015973091125488 308.7276611328125 1179843.125
4.014720916748047 308.8239440917969 1307136.25
4.013468265533447 308.9203186035156 1456400.375
4.012216091156006 309.0167541503906 1595328.625
4.0109639167785645 309.1131896972656 1682398.625
4.009712219238281 309.209716796875 1698405.75
4.00846004486084 309.3063049316406 1633779.75
4.007208347320557 309.4029235839844 1516224.875
4.005956649780273 309.4996032714844 1382533.25
4.00470495223999 309.5963134765625 1253405.625
4.003453254699707 309.6931457519531 1161652.875
4.002202033996582 309.7899475097656 1098273.0
4.000950813293457 309.8868408203125 1070909.625
3.999699831008911 309.9837646484375 1061999.75
3.9984488487243652 310.08074951171875 1098120.875
3.9971978664398193 310.17779541015625 1160484.75
3.9959468841552734 310.27490234375 1189950.5
3.9946963787078857 310.3720397949219 1159523.25
3.993445634841919 310.4692077636719 1090340.375
3.9921951293945312 310.56646728515625 1003267.8125
3.9909448623657227 310.66375732421875 899589.5625
3.989694833755493 310.7611083984375 841728.0
3.9884448051452637 310.8584899902344 880238.875
3.987194776535034 310.9559631347656 1006990.25
3.9859447479248047 311.0534973144531 1152830.375
3.9846949577331543 311.1510314941406 1275508.5
3.983445405960083 311.2486572265625 1347111.0
3.9821958541870117 311.3462829589844 1330666.0
3.9809463024139404 311.44403076171875 1224329.875
3.9796969890594482 311.5417785644531 1062531.875
3.978447914123535 311.6396179199219 871085.6875
3.977198839187622 311.73748779296875 686408.5
3.975949764251709 311.8354187011719 530041.25
3.974700927734375 311.9333801269531 417078.125
3.973452091217041 312.0314636230469 340771.8125
3.972203493118286 312.1295166015625 287845.8125
3.9709551334381104 312.2276306152344 255698.96875
3.9697065353393555 312.32586669921875 232775.625
3.968458414077759 312.424072265625 226338.640625
3.967210292816162 312.5223693847656 224716.8125
3.9659621715545654 312.6207275390625 252621.46875
3.964714288711548 312.7191162109375 276880.4375
3.9634664058685303 312.81756591796875 289687.71875
3.962218761444092 312.91607666015625 288702.75
3.9609711170196533 313.0146484375 277789.34375
3.959723472595215 313.11328125 264144.0625
3.9584760665893555 313.2119445800781 251041.953125
3.957228899002075 313.3106689453125 236010.625
3.955981969833374 313.409423828125 222167.0625
3.9547348022460938 313.50823974609375 212805.296875
3.9534878730773926 313.60711669921875 215988.40625
3.9522409439086914 313.7060852050781 231043.90625
3.9509942531585693 313.8050537109375 269192.0
3.9497478008270264 313.9040832519531 327804.5
3.9485013484954834 314.0032043457031 389219.28125
3.9472548961639404 314.1023254394531 433289.5625
3.9460086822509766 314.2015380859375 462107.8125
3.944762706756592 314.3007507324219 482254.625
3.943516731262207 314.40008544921875 474832.6875
3.9422707557678223 314.49945068359375 461453.03125
3.9410250186920166 314.598876953125 433584.09375
3.939779281616211 314.6983337402344 409010.0
3.9385337829589844 314.7978515625 391932.28125
3.937288284301758 314.8974304199219 380256.1875
3.9360427856445312 314.9970703125 372607.09375
3.934797763824463 315.09674072265625 388888.59375
3.9335527420043945 315.19647216796875 413509.125
3.932307720184326 315.2962646484375 455242.84375
3.931062936782837 315.3960876464844 488602.1875
3.9298181533813477 315.4960021972656 505614.875
3.9285733699798584 315.5959777832031 505229.0625
3.9273288249969482 315.69598388671875 488196.46875
3.926084518432617 315.7960510253906 456586.90625
3.924840211868286 315.89617919921875 417669.5625
3.923595905303955 315.9963684082031 369660.71875
3.9223520755767822 316.0965576171875 321401.53125
3.9211080074310303 316.19683837890625 298617.5625
3.9198641777038574 316.29718017578125 284106.1875
3.9186203479766846 316.3975830078125 299387.5
3.917376756668091 316.4980163574219 331047.625
3.916133165359497 316.5985107421875 359775.6875
3.9148898124694824 316.6990661621094 389608.25
3.9136464595794678 316.7996826171875 403078.46875
3.9124033451080322 316.90032958984375 408481.0625
3.911160469055176 317.0010681152344 422749.09375
3.9099175930023193 317.1018371582031 441525.40625
3.908674716949463 317.20263671875 483226.25
3.9074320793151855 317.3034973144531 556583.8125
3.906189441680908 317.40447998046875 612450.0
3.904946804046631 317.5054931640625 631906.125
3.9037044048309326 317.60650634765625 624358.5625
3.9024622440338135 317.7076110839844 594316.625
3.9012200832366943 317.80877685546875 544517.3125
3.8999781608581543 317.90997314453125 480989.5625
3.8987362384796143 318.0112609863281 425288.40625
3.8974945545196533 318.1125793457031 410058.625
3.8962528705596924 318.2139587402344 428455.25
3.8950111865997314 318.3153991699219 450259.5
3.8937697410583496 318.4168701171875 479931.09375
3.8925282955169678 318.5184326171875 510230.25
3.891287088394165 318.6200256347656 548995.3125
3.8900461196899414 318.7216491699219 593846.3125
3.8888051509857178 318.8233947753906 623931.625
3.8875644207000732 318.92510986328125 654418.0
3.8863234519958496 319.0269775390625 670226.5625
3.885082960128784 319.1288146972656 690006.125
3.8838422298431396 319.23077392578125 686997.875
3.882601737976074 319.332763671875 652986.8125
3.881361484527588 319.434814453125 597591.375
3.8801212310791016 319.53692626953125 560400.9375
3.8788812160491943 319.6390686035156 513640.09375
3.877641439437866 319.74127197265625 474267.59375
3.876401424407959 319.8435363769531 453803.15625
3.87516188621521 319.9458312988281 463413.875
3.873922109603882 320.0482482910156 486740.21875
3.872682571411133 320.1506652832031 526301.875
3.871443271636963 320.253173828125 562035.3125
3.870203971862793 320.3557434082031 597207.0
3.868964672088623 320.45831298828125 634629.75
3.8677256107330322 320.56097412109375 661300.9375
3.8664867877960205 320.6636962890625 675898.75
3.865247964859009 320.7664794921875 660490.1875
3.864009141921997 320.86932373046875 621484.6875
3.8627705574035645 320.9721984863281 569559.75
3.861532211303711 321.07513427734375 509211.65625
3.8602936267852783 321.17816162109375 449567.71875
3.859055519104004 321.2812194824219 409181.34375
3.8578174114227295 321.3843078613281 407171.5
3.856579303741455 321.48748779296875 428268.3125
3.8553414344787598 321.5906982421875 450053.5
3.8541035652160645 321.6940002441406 470904.125
3.8528659343719482 321.79730224609375 489785.0
3.851628303527832 321.9007263183594 504670.75
3.850390911102295 322.0041809082031 494168.15625
3.849153518676758 322.1076965332031 482917.21875
3.8479163646698 322.2112731933594 486617.34375
3.846679210662842 322.3149108886719 505312.84375
3.845442056655884 322.4186096191406 563572.4375
3.844205379486084 322.52227783203125 628884.3125
3.842968463897705 322.6261291503906 671386.625
3.8417317867279053 322.7299499511719 674717.0625
3.8404953479766846 322.8338928222656 650855.0625
3.839258909225464 322.9378356933594 626364.6875
3.838022470474243 323.0418701171875 606968.125
3.8367862701416016 323.1459655761719 590164.8125
3.835550308227539 323.2500915527344 574396.875
3.8343141078948975 323.3542785644531 573347.0625
3.833078384399414 323.45855712890625 562301.8125
3.8318426609039307 323.5628662109375 532939.6875
3.8306071758270264 323.667236328125 479073.59375
3.829371452331543 323.77166748046875 410136.3125
3.8281362056732178 323.8761291503906 336297.09375
3.8269007205963135 323.980712890625 269992.8125
3.8256654739379883 324.0852966308594 232483.140625
3.824430465698242 324.18994140625 210263.4375
3.823195457458496 324.294677734375 208265.59375
3.821960926055908 324.3994140625 225031.234375
3.820726156234741 324.5042724609375 248392.3125
3.819491386413574 324.6091613769531 266211.21875
3.8182568550109863 324.7141418457031 278870.96875
3.8170225620269775 324.81915283203125 289953.5625
3.8157882690429688 324.9241943359375 301061.59375
3.81455397605896 325.0293273925781 328461.9375
3.8133199214935303 325.134521484375 331433.21875
3.812086343765259 325.23974609375 309410.25
3.810852527618408 325.34503173828125 298380.375
3.8096187114715576 325.450439453125 291249.21875
3.808385133743286 325.5558166503906 268873.5
3.8071515560150146 325.66131591796875 234693.90625
3.8059182167053223 325.766845703125 218998.09375
3.80468487739563 325.8724670410156 202664.109375
3.8034517765045166 325.97808837890625 200014.3125
3.8022186756134033 326.0838317871094 196383.671875
3.8009860515594482 326.1895751953125 199679.625
3.799753189086914 326.29541015625 229376.9375
3.798520565032959 326.4012756347656 282129.8125
3.797287940979004 326.5072326660156 362529.96875
3.796055555343628 326.61322021484375 444898.59375
3.794823169708252 326.71929931640625 502802.25
3.793591022491455 326.825439453125 521499.9375
3.792358875274658 326.9316101074219 504515.0
3.7911267280578613 327.0378723144531 465419.59375
3.7898950576782227 327.1441345214844 413669.15625
3.788663387298584 327.2505187988281 346697.28125
3.7874317169189453 327.3569030761719 279581.84375
3.7862000465393066 327.4634094238281 231555.6875
3.784968614578247 327.5699768066406 206017.859375
3.7837371826171875 327.67657470703125 193517.015625
3.782505989074707 327.783203125 200505.4375
3.7812750339508057 327.8899230957031 215440.453125
3.7800440788269043 327.9967041015625 233063.0
3.778813362121582 328.103515625 257526.296875
3.7775826454162598 328.21038818359375 269625.96875
3.7763519287109375 328.3173828125 295292.71875
3.7751214504241943 328.42437744140625 324872.125
3.773890972137451 328.5314636230469 357483.15625
3.772660732269287 328.6386413574219 395655.5
3.771430492401123 328.7458190917969 429827.3125
3.770200490951538 328.85302734375 460267.0
3.768970489501953 328.96038818359375 485125.40625
3.7677407264709473 329.0677490234375 501293.40625
3.7665109634399414 329.1752014160156 515200.6875
3.7652814388275146 329.2826843261719 527143.75
3.764051914215088 329.3902587890625 529160.125
3.7628226280212402 329.49786376953125 525518.75
3.7615933418273926 329.60552978515625 519779.5
3.760364055633545 329.7132873535156 508804.3125
3.7591350078582764 329.82110595703125 506250.34375
3.757906198501587 329.9289245605469 502362.90625
3.7566773891448975 330.036865234375 496974.21875
3.755448818206787 330.1448059082031 491430.6875
3.7542202472686768 330.25286865234375 483013.53125
3.7529916763305664 330.3609619140625 472758.65625
3.751763343811035 330.4691162109375 468786.375
3.750535011291504 330.5773620605469 480544.28125
3.7493069171905518 330.6856689453125 492254.9375
3.7480790615081787 330.79400634765625 509414.40625
3.7468509674072266 330.90240478515625 525059.9375
3.7456233501434326 331.0108337402344 521552.28125
3.7443957328796387 331.119384765625 502920.5
3.7431681156158447 331.22796630859375 477016.71875
3.74194073677063 331.33660888671875 426842.1875
3.740713357925415 331.4453430175781 364851.6875
3.7394862174987793 331.5541076660156 312557.25
3.7382590770721436 331.6629333496094 273590.4375
3.737032175064087 331.7718200683594 247780.296875
3.7358052730560303 331.88079833984375 224885.578125
3.7345786094665527 331.98980712890625 216954.765625
3.733351945877075 332.098876953125 227748.09375
3.7321255207061768 332.2080078125 243168.421875
3.7308990955352783 332.31719970703125 261249.40625
3.72967267036438 332.4264831542969 295539.03125
3.7284464836120605 332.5357971191406 327075.78125
3.727220296859741 332.64520263671875 359323.75
3.725994348526001 332.7546691894531 390572.125
3.72476863861084 332.8641662597656 415342.96875
3.7235429286956787 332.9737243652344 441118.5625
3.7223174571990967 333.0833435058594 457173.625
3.7210919857025146 333.19305419921875 462401.375
3.7198665142059326 333.3028259277344 471816.5625
3.7186412811279297 333.4126281738281 477990.46875
3.7174160480499268 333.52252197265625 486162.40625
3.716191053390503 333.6324768066406 487699.3125
3.714966058731079 333.74249267578125 486085.4375
3.7137413024902344 333.8525390625 484852.40625
3.7125165462493896 333.9626770019531 486252.5
3.711292028427124 334.0728759765625 478124.21875
3.7100675106048584 334.1831359863281 456136.0
3.708843231201172 334.2934265136719 427275.03125
3.7076189517974854 334.4038391113281 409962.78125
3.706394672393799 334.5142822265625 375439.3125
3.7051708698272705 334.624755859375 342658.21875
3.703946828842163 334.7353515625 317654.34375
3.7027230262756348 334.8459777832031 283198.28125
3.7014994621276855 334.9566955566406 264054.03125
3.7002758979797363 335.06744384765625 252219.125
3.699052572250366 335.1782531738281 249367.328125
3.697829246520996 335.28912353515625 250326.203125
3.696605920791626 335.40008544921875 244304.796875
3.695382833480835 335.5111083984375 242010.3125
3.694159746170044 335.6221923828125 234360.25
3.692936897277832 335.7333068847656 221906.109375
3.69171404838562 335.8445129394531 213076.5
3.6904916763305664 335.9557800292969 221372.65625
3.6892690658569336 336.0671081542969 247215.90625
3.68804669380188 336.1784973144531 268782.5
3.686824321746826 336.2899475097656 287450.21875
3.6856021881103516 336.4014587402344 309471.75
3.684380054473877 336.5130615234375 332264.0
3.6831579208374023 336.6247253417969 351862.90625
3.681936264038086 336.7364196777344 358691.53125
3.6807143688201904 336.84820556640625 359515.03125
3.679492950439453 336.9599914550781 353732.03125
3.678271532058716 337.0718994140625 377136.71875
3.6770501136779785 337.1838684082031 422194.0625
3.675828695297241 337.2958984375 513303.9375
3.674607515335083 337.4079895019531 663737.75
3.673386573791504 337.5201416015625 884264.3125
3.672165632247925 337.63238525390625 1130066.375
3.6709446907043457 337.7446594238281 1334532.125
3.6697239875793457 337.8570251464844 1458175.75
3.668503522872925 337.9693908691406 1478108.0
3.667283058166504 338.0818786621094 1415082.625
3.666062593460083 338.1944274902344 1264357.5
3.664842367172241 338.3070373535156 1053167.0
3.6636221408843994 338.4197082519531 838371.0625
3.6624021530151367 338.5324401855469 665182.1875
3.661182165145874 338.645263671875 514753.71875
3.6599624156951904 338.75811767578125 392277.6875
3.658742666244507 338.87103271484375 306546.71875
3.6575233936309814 338.9840087890625 259602.734375
3.656303882598877 339.0970764160156 228389.6875
3.6550843715667725 339.2102355957031 210762.90625
3.653865337371826 339.3233947753906 209232.921875
3.652646064758301 339.4366455078125 198632.46875
3.6514270305633545 339.54998779296875 190567.203125
3.6502082347869873 339.6633605957031 182127.59375
3.64898943901062 339.77679443359375 178479.765625
3.647770643234253 339.89031982421875 172310.078125
3.646552324295044 340.00390625 173895.296875
3.645334005355835 340.1175231933594 179480.6875
3.644115447998047 340.2312316894531 178622.71875
3.642897367477417 340.3450012207031 188395.125
3.641679286956787 340.4588623046875 200228.484375
3.6404612064361572 340.5727844238281 212204.21875
3.6392433643341064 340.6867370605469 231704.15625
3.6380255222320557 340.80078125 251949.03125
3.636807918548584 340.9148864746094 278771.5625
3.6355905532836914 341.029052734375 325517.875
3.634373188018799 341.1432800292969 408767.5625
3.6331558227539062 341.257568359375 550627.375
3.6319386959075928 341.3719482421875 753280.375
3.6307215690612793 341.48638916015625 979071.375
3.629504680633545 341.60089111328125 1167475.0
3.6282877922058105 341.7154541015625 1274680.875
3.6270711421966553 341.8300476074219 1290743.125
3.6258544921875 341.94476318359375 1217877.25
3.624638080596924 342.0595397949219 1071999.875
3.6234216690063477 342.1743469238281 870332.25
3.6222054958343506 342.28924560546875 651937.4375
3.6209893226623535 342.4042053222656 459098.1875
3.6197731494903564 342.51922607421875 314463.5625
3.6185572147369385 342.63433837890625 212494.5
3.6173415184020996 342.74951171875 154999.265625
3.6161258220672607 342.8647155761719 122395.2265625
3.614910364151001 342.97998046875 110903.234375
3.613694906234741 343.0953674316406 103184.15625
3.6124794483184814 343.2107849121094 99046.9296875
3.611264228820801 343.3262939453125 100150.7578125
3.61004900932312 343.4418640136719 104360.59375
3.6088340282440186 343.5574951171875 111788.1796875
3.607619047164917 343.6732177734375 116764.484375
3.6064043045043945 343.7889404296875 121357.0390625
3.605189561843872 343.90478515625 122563.9765625
3.603975296020508 344.0206604003906 121233.328125
3.6027607917785645 344.1366271972656 119124.2109375
3.6015465259552 344.2526550292969 106489.203125
3.600332260131836 344.3687438964844 95814.5
3.5991179943084717 344.4849548339844 95632.3125
3.5979039669036865 344.6011657714844 103791.34375
3.5966901779174805 344.71746826171875 106418.484375
3.5954763889312744 344.8338317871094 115849.453125
3.5942628383636475 344.9502868652344 123508.25
3.5930492877960205 345.0667724609375 131656.625
3.5918359756469727 345.183349609375 137431.0
3.590622663497925 345.29998779296875 138860.890625
3.589409351348877 345.4167175292969 140102.1875
3.588196277618408 345.5334777832031 138328.125
3.5869834423065186 345.65032958984375 139717.796875
3.585770606994629 345.7672119140625 139002.484375
3.5845577716827393 345.88421630859375 131846.46875
3.5833451747894287 346.0012512207031 126550.2890625
3.5821328163146973 346.11834716796875 124847.828125
3.580920457839966 346.23553466796875 120038.984375
3.5797080993652344 346.3528137207031 113724.515625
3.578495979309082 346.4701232910156 116904.0859375
3.5772838592529297 346.5875244140625 114219.3203125
3.5760719776153564 346.7049865722656 113367.1640625
3.574860095977783 346.822509765625 114251.4921875
3.57364821434021 346.94012451171875 112407.4375
3.572436809539795 347.0577697753906 113417.015625
3.57122540473938 347.1755065917969 116431.875
3.570013999938965 347.2933044433594 115145.328125
3.568802833557129 347.4111633300781 114425.875
3.567591667175293 347.52911376953125 113240.109375
3.566380500793457 347.64715576171875 119729.640625
3.5651695728302 347.7652282714844 122801.4609375
3.5639588832855225 347.88336181640625 123231.1953125
3.5627481937408447 348.0015563964844 122326.6484375
3.561537504196167 348.119873046875 125377.375
3.5603272914886475 348.23822021484375 124424.46875
3.559116840362549 348.35662841796875 129307.6640625
3.5579066276550293 348.4751281738281 135925.828125
3.556696653366089 348.59368896484375 147624.4375
3.5554864406585693 348.71234130859375 164517.640625
3.554276704788208 348.8310241699219 178834.03125
3.5530667304992676 348.9497985839844 187380.859375
3.5518572330474854 349.0686340332031 196342.1875
3.550647735595703 349.18756103515625 193474.359375
3.549438238143921 349.3065490722656 191846.890625
3.5482289791107178 349.42559814453125 190182.515625
3.5470197200775146 349.5447082519531 179099.671875
3.5458106994628906 349.6639099121094 155505.09375
3.5446016788482666 349.7831726074219 151595.953125
3.5433928966522217 349.9024963378906 151674.65625
3.5421841144561768 350.0218811035156 155968.484375
3.540975332260132 350.141357421875 164404.34375
3.539767026901245 350.2608947753906 174151.5625
3.5385587215423584 350.3804931640625 178462.71875
3.5373504161834717 350.50018310546875 181703.109375
3.536142110824585 350.61993408203125 189737.546875
3.5349340438842773 350.7397766113281 188086.96875
3.533726215362549 350.8596496582031 191253.515625
3.5325183868408203 350.9796142578125 196512.0625
3.531310558319092 351.09967041015625 196151.890625
3.5301029682159424 351.21978759765625 194192.984375
3.528895378112793 351.3399658203125 205173.765625
3.5276882648468018 351.4601745605469 213404.453125
3.5264809131622314 351.58050537109375 213870.0625
3.5252737998962402 351.7008972167969 210384.265625
3.524066686630249 351.8213806152344 219389.65625
3.522859811782837 351.94189453125 220604.625
3.521652936935425 352.0625305175781 213534.09375
3.520446300506592 352.1831970214844 198989.296875
3.519239664077759 352.3039245605469 196143.671875
3.518033266067505 352.42474365234375 199439.984375
3.51682710647583 352.5456237792969 202103.078125
3.515620708465576 352.6665954589844 203500.71875
3.5144145488739014 352.7876281738281 212857.875
3.5132086277008057 352.9087219238281 219457.796875
3.51200270652771 353.0299072265625 231620.109375
3.5107967853546143 353.1511535644531 241792.015625
3.5095911026000977 353.2724914550781 263281.78125
3.50838565826416 353.39385986328125 278529.0625
3.5071802139282227 353.51531982421875 303181.3125
3.5059750080108643 353.6368713378906 335634.21875
3.504769802093506 353.7584533691406 360967.125
3.5035645961761475 353.8801574707031 370410.21875
3.502359628677368 354.00189208984375 361753.71875
3.501154899597168 354.12371826171875 345807.03125
3.4999499320983887 354.2456359863281 336023.9375
3.4987454414367676 354.3675842285156 321901.15625
3.4975409507751465 354.4896240234375 299308.25
3.4963364601135254 354.61175537109375 282881.5625
3.4951322078704834 354.7339172363281 271846.875
3.4939281940460205 354.8561706542969 277473.9375
3.4927239418029785 354.978515625 291417.59375
3.4915199279785156 355.1009521484375 307852.0625
3.490316152572632 355.223388671875 327338.96875
3.489112377166748 355.345947265625 347257.9375
3.4879088401794434 355.46856689453125 368181.1875
3.4867053031921387 355.5912780761719 390406.84375
3.485501766204834 355.71405029296875 404956.3125
3.4842987060546875 355.8368835449219 408185.125
3.483095645904541 355.95977783203125 407630.5625
3.4818925857543945 356.082763671875 397581.6875
3.480689525604248 356.2058410644531 380549.59375
3.4794867038726807 356.3289794921875 373060.84375
3.4782841205596924 356.4521789550781 366182.875
3.477081537246704 356.5754699707031 365198.5625
3.475878953933716 356.6988220214844 362073.25
3.4746766090393066 356.822265625 375033.375
3.4734745025634766 356.94573974609375 381766.875
3.4722723960876465 357.0693359375 392325.21875
3.4710702896118164 357.1929931640625 422001.25
3.4698684215545654 357.31671142578125 447003.96875
3.4686665534973145 357.4405212402344 466414.4375
3.4674649238586426 357.56439208984375 488706.28125
3.4662632942199707 357.6883239746094 502887.6875
3.465061902999878 357.8123474121094 499912.03125
3.463860511779785 357.93646240234375 479075.59375
3.4626593589782715 358.06060791015625 456896.96875
3.461458206176758 358.18487548828125 438615.5
3.4602572917938232 358.3091735839844 425239.28125
3.4590563774108887 358.4335632324219 423501.09375
3.457855701446533 358.55804443359375 412086.8125
3.4566550254821777 358.6825866699219 409653.75
3.4554543495178223 358.8072204589844 428332.625
3.454253911972046 358.9319152832031 466538.75
3.4530537128448486 359.0566711425781 522043.4375
3.4518535137176514 359.1815185546875 569203.625
3.450653553009033 359.306396484375 592536.3125
3.449453592300415 359.4314270019531 583077.0
3.448253631591797 359.5564880371094 539561.4375
3.447053909301758 359.681640625 492938.15625
3.4458541870117188 359.8068542480469 428179.875
3.444654703140259 359.9321594238281 352856.65625
3.443455457687378 360.0574951171875 292177.15625
3.442255973815918 360.1829833984375 254173.796875
3.441056966781616 360.3084716796875 251350.140625
3.4398579597473145 360.4340515136719 265649.5
3.4386589527130127 360.5597229003906 290279.15625
3.43746018409729 360.68548583984375 314734.4375
3.4362614154815674 360.8113098144531 342479.5
3.435062885284424 360.93719482421875 375989.40625
3.4338643550872803 361.06317138671875 424161.21875
3.4326658248901367 361.1892395019531 467008.15625
3.4314677715301514 361.3153381347656 503942.0
3.430269718170166 361.4415283203125 542655.625
3.4290716648101807 361.5678405761719 583581.5625
3.4278736114501953 361.6941833496094 646142.75
3.426675796508789 361.82061767578125 707274.75
3.425478219985962 361.9471130371094 747248.6875
3.4242806434631348 362.0736999511719 767908.4375
3.4230830669403076 362.20037841796875 792891.3125
3.4218857288360596 362.3271179199219 827266.0625
3.4206886291503906 362.4538879394531 848968.5625
3.4194915294647217 362.580810546875 831836.9375
3.4182944297790527 362.707763671875 785207.8125
3.417097568511963 362.8348083496094 720352.375
3.415900945663452 362.9619140625 672249.25
3.4147040843963623 363.0891418457031 616551.4375
3.4135076999664307 363.2164001464844 557604.0
3.41231107711792 363.3437805175781 518974.84375
3.4111149311065674 363.47119140625 546314.3125
3.409918785095215 363.5986633300781 651747.625
3.4087226390838623 363.72625732421875 857917.5
3.407526731491089 363.8539123535156 1174473.125
3.4063308238983154 363.9816589355469 1556615.375
3.405135154724121 364.1094665527344 1942943.75
3.4039394855499268 364.23736572265625 2252171.25
3.4027438163757324 364.3653564453125 2389637.5
3.401548385620117 364.493408203125 2362140.75
3.400353193283081 364.62152099609375 2195275.0
3.399158000946045 364.7497253417969 1897173.125
3.397963047027588 364.87799072265625 1524410.125
3.396768093109131 365.0063781738281 1161258.5
3.395573139190674 365.13482666015625 871869.6875
3.394378423690796 365.2633361816406 686654.8125
3.393183946609497 365.39190673828125 606940.0
3.391989231109619 365.5205993652344 598311.625
3.3907949924468994 365.6493225097656 596375.8125
3.3896007537841797 365.7781677246094 603108.0625
3.388406753540039 365.9070739746094 596779.625
3.3872125148773193 366.03607177734375 566754.375
3.386018753051758 366.1651306152344 510262.03125
3.384824752807617 366.2942810058594 456644.8125
3.3836312294006348 366.4234924316406 412900.65625
3.3824374675750732 366.55279541015625 385418.375
3.381243944168091 366.68218994140625 377122.40625
3.3800506591796875 366.8116760253906 384881.71875
3.378857374191284 366.9411926269531 394155.59375
3.37766432762146 367.0708312988281 409897.5
3.376471519470215 367.20050048828125 426782.6875
3.3752784729003906 367.3302917480469 462192.875
3.3740856647491455 367.4601135253906 514721.78125
3.3728930950164795 367.5900573730469 579684.4375
3.3717005252838135 367.7200622558594 657704.875
3.3705079555511475 367.8501892089844 733779.0
3.3693156242370605 367.9803771972656 777349.5
3.3681235313415527 368.110595703125 765973.125
3.366931438446045 368.2409362792969 733895.4375
3.365739345550537 368.3713684082031 669267.25
3.3645474910736084 368.5018615722656 579274.5
3.363355875015259 368.6324157714844 504005.34375
3.362164258956909 368.7630615234375 431225.5625
3.3609726428985596 368.893798828125 377795.3125
3.359781265258789 369.0246276855469 351764.6875
3.3585898876190186 369.155517578125 350647.90625
3.357398748397827 369.2864990234375 382251.03125
3.3562076091766357 369.41754150390625 464809.0
3.3550167083740234 369.5486755371094 644621.5625
3.353825807571411 369.6799011230469 949942.0625
3.352635145187378 369.8111877441406 1374693.25
3.3514444828033447 369.94256591796875 1868599.625
3.3502540588378906 370.0740051269531 2332636.0
3.3490636348724365 370.20556640625 2670549.0
3.3478732109069824 370.3371887207031 2814615.25
3.3466830253601074 370.4689025878906 2765337.0
3.3454933166503906 370.60064697265625 2549074.5
3.3443033695220947 370.7325134277344 2179691.5
3.343113422393799 370.8644714355469 1713710.875
3.341923713684082 370.9964904785156 1255516.375
3.3407340049743652 371.12860107421875 876252.5
3.3395445346832275 371.26080322265625 601663.25
3.338355302810669 371.39306640625 442410.125
3.3371658325195312 371.52545166015625 371562.5625
3.3359768390655518 371.6578369140625 370380.84375
3.3347878456115723 371.79034423828125 405870.375
3.333599090576172 371.9229431152344 445587.9375
3.3324100971221924 372.0556640625 467884.40625
3.331221580505371 372.1883850097656 458978.90625
3.3300328254699707 372.3212585449219 424725.4375
3.3288445472717285 372.4541320800781 383697.09375
3.3276560306549072 372.5871887207031 331609.0
3.326467752456665 372.72027587890625 282212.3125
3.325279712677002 372.8534240722656 239264.3125
3.324091911315918 372.9866638183594 206250.296875
3.322903871536255 373.1200256347656 193327.625
3.32171630859375 373.25341796875 181950.515625
3.320528507232666 373.3869323730469 175000.84375
3.319340944290161 373.5205383300781 174598.09375
3.3181536197662354 373.6541748046875 177348.015625
3.3169662952423096 373.7879333496094 180088.9375
3.315778970718384 373.9217529296875 177343.21875
3.314591884613037 374.0556945800781 173898.421875
3.3134050369262695 374.189697265625 171503.234375
3.312218189239502 374.3237609863281 172191.1875
3.3110313415527344 374.45794677734375 183578.515625
3.309844732284546 374.5921936035156 196540.90625
3.3086583614349365 374.72650146484375 206077.984375
3.307471752166748 374.8609313964844 225055.734375
3.3062856197357178 374.99542236328125 245790.21875
3.3050992488861084 375.1300354003906 274495.75
3.3039133548736572 375.2646484375 313515.625
3.302727460861206 375.3994140625 342043.1875
3.301541566848755 375.5342712402344 355547.65625
3.300355911254883 375.669189453125 357826.09375
3.2991702556610107 375.8041687011719 345524.53125
3.2979848384857178 375.9392395019531 323990.3125
3.296799421310425 376.0744323730469 291078.84375
3.295614004135132 376.2096862792969 250519.28125
3.294429063796997 376.34503173828125 218390.109375
3.293243885040283 376.4804382324219 193521.359375
3.2920591831207275 376.6159362792969 187354.890625
3.2908742427825928 376.75152587890625 181229.9375
3.289689540863037 376.8872375488281 177595.9375
3.2885050773620605 377.0229797363281 178330.75
3.287320613861084 377.1588439941406 176607.9375
3.2861361503601074 377.2947692871094 181551.734375
3.28495192527771 377.4307861328125 186897.171875
3.2837677001953125 377.56689453125 191883.609375
3.282583713531494 377.7030944824219 196972.140625
3.281399965286255 377.8393249511719 199563.375
3.2802162170410156 377.9756774902344 203518.921875
3.2790324687957764 378.11212158203125 205034.0625
3.277848958969116 378.2486572265625 216530.59375
3.276665449142456 378.3852844238281 225494.21875
3.275482177734375 378.52197265625 236687.484375
3.274298906326294 378.65875244140625 242353.84375
3.273115873336792 378.7956237792969 248750.265625
3.27193284034729 378.9325866699219 248420.78125
3.270750045776367 379.0696105957031 254364.203125
3.2695674896240234 379.2066955566406 256279.296875
3.2683846950531006 379.34393310546875 259081.65625
3.267202138900757 379.48126220703125 266228.125
3.266019821166992 379.6186218261719 280103.3125
3.2648375034332275 379.756103515625 295713.09375
3.263655185699463 379.8936767578125 309105.40625
3.2624731063842773 380.0313415527344 333409.71875
3.261291265487671 380.1690368652344 349981.03125
3.2601094245910645 380.3068542480469 372475.59375
3.258927822113037 380.4447326660156 399450.9375
3.2577462196350098 380.5827331542969 436292.96875
3.2565646171569824 380.7208251953125 473411.125
3.255383253097534 380.8590087890625 504698.34375
3.254201889038086 380.99725341796875 522648.375
3.253020763397217 381.1355895996094 528349.5625
3.2518396377563477 381.2740173339844 523821.40625
3.2506587505340576 381.41253662109375 507147.46875
3.2494781017303467 381.5511169433594 482483.53125
3.2482974529266357 381.6897888183594 450233.3125
3.247116804122925 381.82855224609375 421021.90625
3.245936393737793 381.9674072265625 403462.65625
3.244755983352661 382.10638427734375 392121.25
3.2435755729675293 382.2454528808594 386124.625
3.2423954010009766 382.38458251953125 384513.40625
3.241215467453003 382.5237731933594 393783.9375
3.2400357723236084 382.6630554199219 401719.28125
3.2388558387756348 382.80242919921875 408290.0625
3.2376761436462402 382.9419250488281 412128.21875
3.236496686935425 383.08148193359375 406229.8125
3.2353172302246094 383.2211608886719 404477.8125
3.234137773513794 383.36090087890625 432815.15625
3.2329585552215576 383.500732421875 473266.34375
3.2317795753479004 383.640625 525886.9375
3.230600357055664 383.7806701660156 609576.6875
3.229421854019165 383.92071533203125 714891.75
3.228242874145508 384.0609436035156 811036.75
3.227064371109009 384.2012023925781 872871.6875
3.2258858680725098 384.341552734375 886920.3125
3.2247073650360107 384.4820251464844 862320.6875
3.223529100418091 384.62255859375 808322.4375
3.222350835800171 384.76318359375 731071.5625
3.221172571182251 384.9039306640625 641861.125
3.2199947834014893 385.0447082519531 570414.4375
3.2188169956207275 385.18560791015625 525431.1875
3.217639207839966 385.32659912109375 506052.5
3.216461658477783 385.4676818847656 507875.8125
3.2152841091156006 385.60882568359375 531414.3125
3.214106798171997 385.7500915527344 558241.8125
3.2129294872283936 385.89141845703125 601636.25
3.21175217628479 386.03289794921875 642935.6875
3.2105751037597656 386.1744384765625 683116.0
3.2093982696533203 386.3160400390625 716603.125
3.208221435546875 386.4577331542969 730415.8125
3.207044839859009 386.5994873046875 723013.8125
3.2058682441711426 386.74139404296875 743277.9375
3.2046916484832764 386.8833923339844 797130.0
3.2035152912139893 387.02545166015625 922660.625
3.202338933944702 387.1676330566406 1136907.375
3.201162815093994 387.30987548828125 1433276.875
3.199986696243286 387.4522399902344 1769952.375
3.1988108158111572 387.5946350097656 2134735.75
3.1976351737976074 387.7371520996094 2491787.5
3.1964595317840576 387.8797607421875 2720889.75
3.195283889770508 388.0224609375 2791149.75
3.194108486175537 388.165283203125 2665478.25
3.1929330825805664 388.30816650390625 2403821.25
3.191757917404175 388.4511413574219 2079135.5
3.190582752227783 388.5942077636719 1721078.25
3.1894078254699707 388.73736572265625 1355524.75
3.188232898712158 388.880615234375 1035269.5625
3.187058210372925 389.0239562988281 800561.9375
3.1858835220336914 389.1673889160156 664034.0
3.184709072113037 389.3109130859375 591174.125
3.183534622192383 389.45452880859375 555077.875
3.1823601722717285 389.5982360839844 532813.625
3.1811859607696533 389.7420349121094 518318.78125
3.180011749267578 389.885986328125 506783.84375
3.178837776184082 390.02996826171875 512112.59375
3.177664041519165 390.1740417480469 530959.8125
3.176490306854248 390.3182067871094 569132.3125
3.17531681060791 390.46246337890625 639330.875
3.1741433143615723 390.6068115234375 770173.875
3.1729698181152344 390.75128173828125 978110.625
3.1717965602874756 390.89581298828125 1284530.375
3.170623302459717 391.0404357910156 1633128.125
3.169450283050537 391.1851806640625 1904607.625
3.1682772636413574 391.33001708984375 2071631.75
3.167104482650757 391.47491455078125 2120746.25
3.1659319400787354 391.6199035644531 2098343.75
3.1647591590881348 391.7650146484375 2045845.25
3.1635866165161133 391.9102478027344 1994734.0
3.162414312362671 392.0555114746094 1966075.125
3.1612420082092285 392.2008972167969 1941601.125
3.1600699424743652 392.34637451171875 1904613.5
3.158897876739502 392.491943359375 1826077.625
3.1577258110046387 392.63763427734375 1721112.875
3.1565539836883545 392.78338623046875 1590575.875
3.1553823947906494 392.9292297363281 1424711.625
3.1542108058929443 393.0751953125 1273408.5
3.1530394554138184 393.22119140625 1164797.375
3.1518681049346924 393.3673400878906 1141851.0
3.1506967544555664 393.5135803222656 1139726.25
3.1495256423950195 393.659912109375 1102897.25
3.1483545303344727 393.80633544921875 1035878.0
3.147183656692505 393.9528503417969 904202.25
3.146013021469116 394.09942626953125 719913.125
