string
description: [ 1.3500e-02  2.1300e+00  1.3380e+03  3.6521e+00  2.5750e+03 -1.4700e+02] RZPA9 -S3
file210205_PM012930.tif back:data/strayLight_Fe_3x945ms_ roi list:[0, 222, 2048, 1401]
nm eV counts
1.8588004112243652 667.0119018554688 48501.875
1.8583481311798096 667.1742553710938 58708.109375
1.8578959703445435 667.3366088867188 70676.6171875
1.857443928718567 667.4990234375 76701.2265625
1.8569917678833008 667.6615600585938 73268.4453125
1.8565397262573242 667.8240966796875 73365.8359375
1.8560876846313477 667.9867553710938 75597.46875
1.8556357622146606 668.1494140625 77606.109375
1.855183720588684 668.312255859375 76810.078125
1.8547319173812866 668.4750366210938 76217.5859375
1.8542799949645996 668.637939453125 73989.2421875
1.8538281917572021 668.8009033203125 73617.1875
1.8533763885498047 668.9639282226562 73485.546875
1.8529245853424072 669.1270751953125 75116.3984375
1.8524729013442993 669.2902221679688 76836.625
1.8520212173461914 669.4534301757812 77290.1484375
1.8515695333480835 669.6167602539062 79277.03125
1.8511179685592651 669.7800903320312 79926.8984375
1.8506662845611572 669.9435424804688 77836.4609375
1.8502148389816284 670.1070556640625 75516.8515625
1.84976327419281 670.2706298828125 79079.421875
1.8493118286132812 670.4342041015625 82243.625
1.8488603830337524 670.5979614257812 84503.5546875
1.8484090566635132 670.76171875 84972.53125
1.8479576110839844 670.925537109375 86580.5546875
1.8475062847137451 671.0894165039062 91589.609375
1.8470550775527954 671.2533569335938 90915.15625
1.8466037511825562 671.41748046875 92899.5234375
1.8461525440216064 671.58154296875 96606.5078125
1.8457014560699463 671.7456665039062 95543.15625
1.8452502489089966 671.909912109375 91726.6796875
1.8447991609573364 672.07421875 92689.734375
1.8443480730056763 672.2385864257812 90227.6328125
1.8438971042633057 672.4030151367188 87754.453125
1.8434460163116455 672.5675659179688 82756.53125
1.8429951667785645 672.7321166992188 78536.8984375
1.8425441980361938 672.896728515625 74507.40625
1.8420933485031128 673.0614624023438 75574.7109375
1.8416424989700317 673.2261962890625 75713.6015625
1.8411916494369507 673.3910522460938 75185.75
1.8407409191131592 673.555908203125 74620.3515625
1.8402901887893677 673.7208862304688 75547.71875
1.8398394584655762 673.885986328125 73814.2578125
1.8393888473510742 674.0510864257812 71949.0
1.8389381170272827 674.2162475585938 70625.828125
1.8384876251220703 674.3814697265625 73620.078125
1.8380370140075684 674.5468139648438 73865.875
1.837586522102356 674.712158203125 70487.8046875
1.8371360301971436 674.8776245117188 69628.15625
1.8366856575012207 675.0430908203125 70296.828125
1.8362351655960083 675.2086791992188 72153.796875
1.8357847929000854 675.3743286132812 72918.1171875
1.8353345394134521 675.5400390625 69904.2734375
1.8348841667175293 675.7058715820312 68935.859375
1.834433913230896 675.8717041015625 69421.2734375
1.8339837789535522 676.03759765625 69813.7890625
1.833533525466919 676.20361328125 72171.5078125
1.8330833911895752 676.36962890625 74885.5703125
1.8326332569122314 676.5358276367188 74655.890625
1.8321832418441772 676.7019653320312 71359.90625
1.831733226776123 676.8681640625 72207.1796875
1.8312832117080688 677.0345458984375 70975.65625
1.8308331966400146 677.200927734375 72006.4765625
1.83038330078125 677.3673706054688 70409.1796875
1.8299334049224854 677.533935546875 72621.703125
1.8294835090637207 677.7005615234375 72367.3515625
1.8290337324142456 677.8671875 70613.7265625
1.8285839557647705 678.033935546875 70939.4453125
1.8281341791152954 678.2007446289062 69570.1875
1.8276845216751099 678.3676147460938 67588.015625
1.8272348642349243 678.5345458984375 68355.25
1.8267852067947388 678.7015380859375 67465.484375
1.8263355493545532 678.86865234375 68467.0
1.8258860111236572 679.0357666015625 72514.3046875
1.8254364728927612 679.2030029296875 71149.125
1.8249870538711548 679.3702392578125 71691.390625
1.8245375156402588 679.5377197265625 71910.0625
1.8240880966186523 679.7051391601562 72608.9453125
1.8236387968063354 679.87255859375 74672.9296875
1.823189377784729 680.0401000976562 76808.8125
1.822740077972412 680.207763671875 79948.171875
1.8222908973693848 680.3754272460938 80133.359375
1.8218415975570679 680.543212890625 77763.6171875
1.8213924169540405 680.7110595703125 75899.921875
1.8209432363510132 680.8789672851562 73509.390625
1.8204941749572754 681.0469360351562 72671.5703125
1.8200451135635376 681.2149658203125 75536.9375
1.8195960521697998 681.383056640625 71729.8515625
1.819146990776062 681.55126953125 68733.6484375
1.8186980485916138 681.7195434570312 73802.90625
1.8182491064071655 681.8878173828125 74364.34375
1.8178001642227173 682.0562744140625 73864.6875
1.8173513412475586 682.2247314453125 73388.953125
1.8169025182724 682.3931884765625 75234.0078125
1.8164536952972412 682.5618286132812 77061.421875
1.816004991531372 682.7305297851562 75383.1953125
1.815556287765503 682.8992309570312 75841.5078125
1.8151075839996338 683.0680541992188 74951.890625
1.8146589994430542 683.2368774414062 74984.234375
1.814210295677185 683.4058837890625 73437.453125
1.813761830329895 683.5748291015625 73376.375
1.8133132457733154 683.7439575195312 73422.3359375
1.8128647804260254 683.9130859375 73098.0703125
1.8124163150787354 684.0823364257812 72541.4921875
1.8119678497314453 684.2516479492188 71200.625
1.8115195035934448 684.4209594726562 71798.6953125
1.8110711574554443 684.5904541015625 73839.640625
1.8106228113174438 684.7599487304688 72080.953125
1.810174584388733 684.9295043945312 74772.96875
1.8097262382507324 685.0991821289062 74827.7578125
1.809278130531311 685.2688598632812 74105.984375
1.8088299036026 685.4386596679688 77218.4140625
1.8083817958831787 685.6085205078125 76571.5703125
1.8079336881637573 685.7784423828125 77090.1015625
1.8074856996536255 685.9484252929688 79023.8359375
1.807037591934204 686.1185302734375 80294.3203125
1.8065896034240723 686.2886962890625 81340.53125
1.80614173412323 686.4588623046875 84258.96875
1.8056937456130981 686.629150390625 81057.3203125
1.8052458763122559 686.7994995117188 79291.71875
1.8047981262207031 686.9699096679688 79744.2734375
1.8043502569198608 687.140380859375 80280.6484375
1.803902506828308 687.3109741210938 76307.34375
1.8034547567367554 687.4816284179688 71814.671875
1.8030071258544922 687.6522827148438 70888.8125
1.802559494972229 687.8230590820312 74297.1484375
1.8021118640899658 687.993896484375 75383.859375
1.8016642332077026 688.1648559570312 74965.9296875
1.801216721534729 688.3358154296875 79405.1796875
1.8007692098617554 688.5068359375 82047.484375
1.8003216981887817 688.677978515625 82306.1484375
1.7998743057250977 688.8491821289062 84229.7578125
1.7994269132614136 689.0205078125 89550.9140625
1.7989795207977295 689.1917724609375 91579.7890625
1.798532247543335 689.3632202148438 92510.953125
1.7980849742889404 689.5347290039062 90840.859375
1.797637701034546 689.7062377929688 91337.5703125
1.797190546989441 689.8778686523438 92345.9453125
1.7967432737350464 690.0496215820312 90758.9296875
1.796296238899231 690.2213134765625 89794.140625
1.795849084854126 690.3931884765625 90384.6328125
1.7954020500183105 690.5650634765625 90956.796875
1.7949550151824951 690.737060546875 85902.6953125
1.7945079803466797 690.9091796875 86900.3203125
1.7940610647201538 691.0812377929688 91572.1953125
1.793614149093628 691.25341796875 97859.5546875
1.793167233467102 691.4257202148438 99462.84375
1.7927204370498657 691.5980224609375 100482.0625
1.7922736406326294 691.7705078125 101036.4765625
1.791826844215393 691.9429321289062 100453.8515625
1.7913800477981567 692.1155395507812 102253.140625
1.79093337059021 692.2881469726562 101535.3203125
1.7904866933822632 692.4608764648438 100571.4921875
1.790040135383606 692.6336059570312 99837.5078125
1.7895935773849487 692.8064575195312 103287.9453125
1.7891470193862915 692.9793701171875 105879.5546875
1.7887004613876343 693.15234375 106183.28125
1.7882540225982666 693.325439453125 106961.84375
1.787807583808899 693.49853515625 105573.4765625
1.7873611450195312 693.6717529296875 102949.796875
1.7869148254394531 693.8450317382812 108193.421875
1.7864683866500854 694.0184326171875 110920.734375
1.7860221862792969 694.1918334960938 112666.9921875
1.7855758666992188 694.3653564453125 111806.421875
1.7851296663284302 694.5388793945312 113111.625
1.7846834659576416 694.7125244140625 114089.0234375
1.7842373847961426 694.88623046875 115256.578125
1.783791184425354 695.06005859375 113145.609375
1.783345103263855 695.23388671875 111929.7109375
1.7828991413116455 695.4078369140625 111677.9375
1.7824530601501465 695.5818481445312 114982.0703125
1.782007098197937 695.7559204101562 120849.484375
1.781561255455017 695.9299926757812 125553.7578125
1.7811152935028076 696.104248046875 132191.984375
1.7806694507598877 696.278564453125 140216.75
1.7802236080169678 696.4529418945312 140346.90625
1.7797778844833374 696.6273193359375 137560.03125
1.779332160949707 696.8018798828125 135297.0625
1.7788864374160767 696.9764404296875 132699.6875
1.7784407138824463 697.1511840820312 132784.78125
1.7779951095581055 697.3258666992188 127409.328125
1.7775495052337646 697.5006713867188 124922.328125
1.7771040201187134 697.6754760742188 120969.4140625
1.7766584157943726 697.8505249023438 118630.5625
1.7762129306793213 698.0255737304688 120032.1953125
1.7757675647735596 698.2005615234375 118104.6640625
1.7753220796585083 698.3757934570312 119061.1328125
1.7748767137527466 698.551025390625 123400.9609375
1.7744313478469849 698.7263793945312 124746.25
1.7739861011505127 698.9017333984375 127054.953125
1.7735408544540405 699.0772094726562 130340.578125
1.7730956077575684 699.2527465820312 132035.84375
1.7726503610610962 699.4283447265625 127563.3359375
1.7722052335739136 699.6040649414062 126922.46875
1.771760106086731 699.77978515625 129298.8203125
1.7713149785995483 699.9556274414062 123980.4765625
1.7708699703216553 700.131591796875 122253.34375
1.7704249620437622 700.3075561523438 122334.296875
1.7699799537658691 700.4835815429688 122887.1171875
1.7695350646972656 700.6597290039062 124140.25
1.769090175628662 700.8359375 123449.9140625
1.7686452865600586 701.01220703125 124415.3671875
1.7682005167007446 701.1885375976562 121777.578125
1.7677557468414307 701.364990234375 126221.21875
1.7673109769821167 701.5414428710938 126362.5078125
1.7668662071228027 701.7180786132812 126532.515625
1.7664215564727783 701.894775390625 125085.578125
1.765976905822754 702.0714721679688 130909.3828125
1.7655322551727295 702.248291015625 134374.078125
1.7650877237319946 702.4251708984375 136621.015625
1.7646431922912598 702.6021118164062 140754.6875
1.764198660850525 702.7791137695312 145669.90625
1.7637542486190796 702.9561767578125 147758.875
1.7633098363876343 703.1333618164062 148387.875
1.762865424156189 703.3106079101562 153282.5625
1.7624211311340332 703.4879150390625 157997.0625
1.761976718902588 703.6653442382812 160114.234375
1.7615325450897217 703.8427734375 166049.140625
1.761088252067566 704.0203857421875 169819.5
1.7606440782546997 704.1979370117188 177265.921875
1.7601999044418335 704.3756713867188 190206.953125
1.7597557306289673 704.553466796875 197782.765625
1.7593116760253906 704.7313232421875 202972.15625
1.758867621421814 704.9091796875 212273.09375
1.7584235668182373 705.0872192382812 217091.4375
1.7579796314239502 705.2652587890625 219774.46875
1.757535696029663 705.4434204101562 221811.0
1.757091760635376 705.6216430664062 220442.578125
1.7566479444503784 705.7999267578125 216705.125
1.7562040090560913 705.9783325195312 209061.078125
1.7557603120803833 706.15673828125 202577.140625
1.7553164958953857 706.3352661132812 204928.546875
1.7548727989196777 706.5138549804688 206702.0
1.7544291019439697 706.6925659179688 207016.078125
1.7539854049682617 706.8712768554688 206766.78125
1.7535418272018433 707.0501098632812 205520.0625
1.7530982494354248 707.22900390625 204088.046875
1.7526546716690063 707.4080200195312 201328.78125
1.7522112131118774 707.5870361328125 202589.609375
1.7517677545547485 707.7661743164062 209263.59375
1.7513242959976196 707.9454345703125 228370.375
1.7508809566497803 708.1246337890625 261795.59375
1.7504374980926514 708.3040161132812 315986.625
1.7499942779541016 708.4834594726562 387956.1875
1.7495509386062622 708.6630249023438 471677.71875
1.7491077184677124 708.8425903320312 548415.8125
1.7486644983291626 709.022216796875 611624.25
1.7482212781906128 709.2019653320312 650216.5
1.7477781772613525 709.3817749023438 663852.9375
1.7473350763320923 709.5616455078125 654518.3125
1.746891975402832 709.7416381835938 610874.125
1.7464489936828613 709.921630859375 554653.4375
1.7460060119628906 710.1017456054688 503167.59375
1.74556303024292 710.281982421875 459354.21875
1.7451201677322388 710.4622192382812 433040.40625
1.744677186012268 710.642578125 419334.21875
1.7442344427108765 710.822998046875 410893.3125
1.7437915802001953 711.0035400390625 407522.375
1.7433488368988037 711.18408203125 401721.28125
1.742906093597412 711.36474609375 397085.59375
1.7424633502960205 711.5455322265625 400396.65625
1.7420207262039185 711.726318359375 395858.5
1.7415781021118164 711.9071655273438 390253.46875
1.7411354780197144 712.088134765625 395348.625
1.7406929731369019 712.2691650390625 416641.0
1.7402504682540894 712.4503173828125 452694.6875
1.7398079633712769 712.6314697265625 496254.5625
1.739365577697754 712.812744140625 544664.5
1.7389230728149414 712.994140625 588930.1875
1.738480806350708 713.175537109375 608193.4375
1.738038420677185 713.3570556640625 620108.9375
1.7375961542129517 713.5386352539062 624021.9375
1.7371538877487183 713.7202758789062 616277.25
1.7367116212844849 713.9020385742188 607643.75
1.736269474029541 714.0838012695312 591107.25
1.7358273267745972 714.2657470703125 574026.5
1.7353851795196533 714.4476928710938 561002.9375
1.734943151473999 714.6297607421875 535540.8125
1.7345011234283447 714.8118286132812 515348.25
1.7340590953826904 714.9940795898438 497776.6875
1.7336171865463257 715.1763305664062 460971.625
1.733175277709961 715.358642578125 418087.71875
1.7327333688735962 715.5411376953125 375401.03125
1.7322914600372314 715.7236328125 340310.59375
1.7318496704101562 715.9061889648438 309088.78125
1.731407880783081 716.0889282226562 273209.125
1.7309660911560059 716.2716674804688 238256.28125
1.7305244207382202 716.4544677734375 213158.125
1.7300827503204346 716.6373901367188 194632.375
1.7296411991119385 716.8203735351562 181781.421875
1.7291995286941528 717.00341796875 170870.953125
1.7287579774856567 717.1865844726562 160796.3125
1.7283164262771606 717.3697509765625 156036.09375
1.727874994277954 717.5530395507812 151904.4375
1.7274335622787476 717.7363891601562 150824.890625
1.726992130279541 717.9198608398438 149532.171875
1.7265506982803345 718.1033935546875 148195.8125
1.7261093854904175 718.2869873046875 144040.59375
1.7256680727005005 718.470703125 147399.203125
1.725226879119873 718.6544189453125 154806.453125
1.724785566329956 718.8383178710938 172499.828125
1.7243443727493286 719.022216796875 196344.96875
1.7239032983779907 719.2062377929688 223786.1875
1.7234621047973633 719.3903198242188 258502.046875
1.7230210304260254 719.5745239257812 289193.4375
1.7225799560546875 719.7587280273438 330493.1875
1.7221390008926392 719.9429931640625 376459.28125
1.7216980457305908 720.12744140625 430296.65625
1.7212570905685425 720.3118896484375 499010.6875
1.7208162546157837 720.4964599609375 581881.0625
1.7203752994537354 720.6810913085938 672028.875
1.7199344635009766 720.8658447265625 750226.875
1.7194937467575073 721.0505981445312 801596.75
1.7190529108047485 721.2354736328125 837497.375
1.7186123132705688 721.42041015625 852612.1875
1.7181715965270996 721.60546875 836716.125
1.7177308797836304 721.7905883789062 796923.9375
1.7172902822494507 721.9757690429688 745709.25
1.7168498039245605 722.1610107421875 695091.75
1.7164092063903809 722.3463745117188 651354.75
1.7159687280654907 722.5317993164062 623734.625
1.7155282497406006 722.7173461914062 604183.6875
1.715087890625 722.9028930664062 594986.125
1.7146475315093994 723.0885009765625 580052.875
1.7142071723937988 723.2742919921875 568279.25
1.7137668132781982 723.4601440429688 577743.75
1.7133265733718872 723.6460571289062 604258.1875
1.7128863334655762 723.83203125 649318.1875
1.7124460935592651 724.01806640625 708433.0625
1.7120059728622437 724.2042846679688 769408.1875
1.7115658521652222 724.3904418945312 817936.625
1.7111257314682007 724.5767822265625 857658.25
1.7106856107711792 724.76318359375 867947.0
1.7102456092834473 724.9496459960938 866555.0625
1.7098057270050049 725.1361694335938 847671.875
1.709365725517273 725.3228149414062 810330.75
1.7089258432388306 725.509521484375 772690.1875
1.7084859609603882 725.6963500976562 744268.0
1.7080460786819458 725.8831787109375 743100.625
1.707606315612793 726.0701293945312 765460.1875
1.7071665525436401 726.2572021484375 818671.75
1.7067267894744873 726.4443359375 983913.6875
1.706287145614624 726.6314697265625 1407288.375
1.7058475017547607 726.8187866210938 2216670.75
1.7054078578948975 727.006103515625 3429881.0
1.7049683332443237 727.1935424804688 4825519.5
1.70452880859375 727.3810424804688 6135301.5
1.7040892839431763 727.5686645507812 7200024.0
1.7036497592926025 727.7564086914062 7899282.0
1.7032103538513184 727.944091796875 8153717.0
1.7027709484100342 728.1319580078125 7859187.5
1.7023316621780396 728.3198852539062 6993334.0
1.7018922567367554 728.5079345703125 5743716.5
1.7014529705047607 728.696044921875 4337931.5
1.7010138034820557 728.8840942382812 3056862.0
1.700574517250061 729.0724487304688 2038258.625
1.700135350227356 729.2607421875 1290862.5
1.6996963024139404 729.4490966796875 785861.4375
1.6992571353912354 729.6376342773438 483324.84375
1.6988180875778198 729.826171875 329028.46875
1.6983790397644043 730.014892578125 260154.5
1.6979401111602783 730.20361328125 236658.65625
1.6975010633468628 730.3924560546875 220014.796875
1.6970622539520264 730.5813598632812 212607.734375
1.6966233253479004 730.7703247070312 201242.25
1.696184515953064 730.9594116210938 188161.515625
1.6957457065582275 731.1484985351562 173563.40625
1.6953068971633911 731.3377685546875 159197.390625
1.6948682069778442 731.527099609375 153340.015625
1.6944295167922974 731.7164306640625 159151.765625
1.6939908266067505 731.906005859375 169526.0625
1.6935521364212036 732.0955200195312 185199.609375
1.6931135654449463 732.28515625 202385.65625
1.6926751136779785 732.474853515625 218961.328125
1.6922365427017212 732.6647338867188 233728.46875
1.6917980909347534 732.8545532226562 241532.03125
1.6913596391677856 733.0445556640625 240041.5
1.6909211874008179 733.234619140625 242670.125
1.6904828548431396 733.4248046875 255053.90625
1.6900445222854614 733.614990234375 277468.8125
1.6896061897277832 733.8052978515625 308903.90625
1.6891679763793945 733.9956665039062 346851.03125
1.6887297630310059 734.1861572265625 387678.46875
1.6882915496826172 734.376708984375 425695.3125
1.687853455543518 734.5673217773438 448321.96875
1.687415361404419 734.7579956054688 451058.03125
1.6869772672653198 734.9488525390625 438773.34375
1.6865391731262207 735.1397094726562 414161.625
1.6861011981964111 735.3306884765625 375254.6875
1.6856632232666016 735.521728515625 323838.71875
1.6852253675460815 735.712890625 280241.0625
1.6847875118255615 735.904052734375 260638.328125
1.6843496561050415 736.0953369140625 256553.46875
1.6839118003845215 736.2867431640625 263169.375
1.683474063873291 736.4782104492188 280281.0
1.6830363273620605 736.6697387695312 310717.65625
1.68259859085083 736.8614501953125 351008.84375
1.6821608543395996 737.0531616210938 393412.5625
1.6817232370376587 737.2449340820312 419728.40625
1.6812856197357178 737.4368286132812 439317.84375
1.6808481216430664 737.6287841796875 457569.34375
1.680410623550415 737.82080078125 478267.9375
1.6799731254577637 738.0130004882812 510067.21875
1.6795356273651123 738.2052001953125 574787.625
1.6790982484817505 738.3975219726562 767305.8125
1.6786608695983887 738.5899047851562 1270609.0
1.6782234907150269 738.7824096679688 2218581.25
1.6777862310409546 738.9749755859375 3507253.5
1.6773489713668823 739.1676025390625 4869112.5
1.67691171169281 739.3603515625 6058287.0
1.6764745712280273 739.5531005859375 6944419.0
1.6760374307632446 739.7459716796875 7508205.5
1.675600290298462 739.93896484375 7607306.5
1.6751631498336792 740.132080078125 7141935.0
1.674726128578186 740.3251953125 6165044.5
1.6742891073226929 740.5184326171875 4891655.5
1.6738522052764893 740.7117309570312 3580928.25
1.6734153032302856 740.9050903320312 2453443.5
1.672978401184082 741.0986328125 1579997.0
1.6725414991378784 741.292236328125 964592.25
1.6721047163009644 741.48583984375 562749.75
1.6716679334640503 741.6795654296875 323302.0
1.6712311506271362 741.8734130859375 204458.5
1.6707943677902222 742.0673828125 154860.265625
1.6703577041625977 742.2613525390625 131318.296875
1.6699211597442627 742.4553833007812 117898.9375
1.6694844961166382 742.6495971679688 108938.3515625
1.6690479516983032 742.8438110351562 104587.265625
1.6686114072799683 743.0381469726562 102120.8203125
1.6681748628616333 743.2326049804688 100911.0703125
1.667738437652588 743.4271240234375 95758.8828125
1.6673020124435425 743.6217041015625 96644.5078125
1.6668657064437866 743.8163452148438 98557.3203125
1.6664292812347412 744.0111694335938 96443.0234375
1.6659929752349854 744.2059936523438 97259.8828125
1.6655566692352295 744.4010009765625 97965.7578125
1.6651204824447632 744.595947265625 98657.734375
1.6646842956542969 744.791015625 99445.2890625
1.6642481088638306 744.9862670898438 97745.4609375
1.6638120412826538 745.1815185546875 100784.953125
1.6633758544921875 745.376953125 101445.578125
1.6629399061203003 745.5723266601562 99228.5078125
1.6625038385391235 745.7678833007812 101026.203125
1.6620678901672363 745.9635009765625 109003.7265625
1.6616319417953491 746.1591796875 118390.453125
1.661195993423462 746.3550415039062 125572.9609375
1.6607601642608643 746.5509033203125 127930.9296875
1.6603243350982666 746.746826171875 127582.6953125
1.659888505935669 746.9429321289062 131529.15625
1.6594527959823608 747.1390380859375 136642.109375
1.6590170860290527 747.3352661132812 132301.625
1.6585813760757446 747.5315551757812 126619.1875
1.6581456661224365 747.72802734375 123715.984375
1.657710075378418 747.9244995117188 122239.7109375
1.6572744846343994 748.12109375 121481.3828125
1.6568390130996704 748.3176879882812 117189.65625
1.6564034223556519 748.5145263671875 112042.1171875
1.6559679508209229 748.7113037109375 106758.6015625
1.6555325984954834 748.908203125 101046.3203125
1.655097246170044 749.105224609375 95825.484375
1.654661774635315 749.3023681640625 97668.453125
1.654226541519165 749.49951171875 95125.2109375
1.6537911891937256 749.6968383789062 92580.1953125
1.6533559560775757 749.8941650390625 92863.875
1.6529207229614258 750.0916137695312 91905.15625
1.6524856090545654 750.2891235351562 92047.1015625
1.652050495147705 750.4866943359375 90187.859375
1.6516153812408447 750.6844482421875 90875.4375
1.6511802673339844 750.8822631835938 91032.921875
1.6507452726364136 751.0801391601562 91523.765625
1.6503102779388428 751.278076171875 95324.09375
1.6498754024505615 751.4761352539062 96579.515625
1.6494404077529907 751.67431640625 97345.703125
1.6490055322647095 751.87255859375 103390.234375
1.6485706567764282 752.0708618164062 108173.1796875
1.6481359004974365 752.269287109375 112962.765625
1.6477011442184448 752.4677734375 121801.8125
1.6472663879394531 752.6663818359375 129616.4453125
1.646831750869751 752.864990234375 132954.75
1.6463969945907593 753.0638427734375 132738.140625
1.6459624767303467 753.2625732421875 133254.28125
1.6455278396606445 753.4615478515625 137227.421875
1.645093321800232 753.6605834960938 141072.171875
1.6446588039398193 753.8596801757812 147029.296875
1.6442242860794067 754.0588989257812 150668.75
1.6437898874282837 754.2581787109375 153902.96875
1.6433554887771606 754.4575805664062 158534.921875
1.6429210901260376 754.6570434570312 168813.296875
1.642486810684204 754.8565673828125 176825.796875
1.6420525312423706 755.0562133789062 181275.078125
1.641618251800537 755.2559814453125 183510.53125
1.6411839723587036 755.455810546875 186085.53125
1.6407498121261597 755.6557006835938 190130.90625
1.6403156518936157 755.8557739257812 193113.15625
1.6398816108703613 756.0557861328125 195224.3125
1.639447569847107 756.2559204101562 196972.03125
1.6390135288238525 756.4562377929688 195693.796875
1.6385794878005981 756.6565551757812 195462.0
1.6381455659866333 756.8569946289062 198340.296875
1.6377116441726685 757.0575561523438 200726.09375
1.6372777223587036 757.2581787109375 197035.984375
1.6368439197540283 757.4588623046875 191654.453125
1.636410117149353 757.65966796875 191864.9375
1.6359763145446777 757.860595703125 196395.625
1.6355425119400024 758.0615844726562 197509.734375
1.6351088285446167 758.2626342773438 196083.859375
1.634675145149231 758.4638671875 203377.71875
1.6342415809631348 758.6650390625 215592.96875
1.633807897567749 758.866455078125 234106.84375
1.6333744525909424 759.0678100585938 253693.234375
1.6329408884048462 759.2693481445312 268515.875
1.6325074434280396 759.470947265625 278700.78125
1.632073998451233 759.6726684570312 286299.75
1.6316405534744263 759.8744506835938 295926.71875
1.6312072277069092 760.0762939453125 323207.5625
1.6307737827301025 760.2783203125 379830.46875
1.630340576171875 760.4803466796875 443242.34375
1.629907250404358 760.6825561523438 485382.28125
1.6294740438461304 760.884765625 515397.25
1.6290408372879028 761.0870971679688 543634.6875
1.6286077499389648 761.2894897460938 560907.9375
1.6281745433807373 761.4920654296875 552651.125
1.6277415752410889 761.6946411132812 520449.9375
1.6273084878921509 761.8973388671875 479099.59375
1.6268755197525024 762.1000366210938 436515.5
1.626442551612854 762.3029174804688 397478.90625
1.6260095834732056 762.5059204101562 372540.875
1.6255766153335571 762.7090454101562 360257.8125
1.6251437664031982 762.9121704101562 350788.4375
1.624711036682129 763.1153564453125 338698.75
1.62427818775177 763.3187255859375 319790.0
1.6238454580307007 763.5221557617188 303208.375
1.6234127283096313 763.7256469726562 290884.84375
1.6229801177978516 763.9292602539062 279133.34375
1.6225473880767822 764.1329956054688 271590.53125
1.6221147775650024 764.3367309570312 266971.3125
1.6216822862625122 764.5405883789062 261796.859375
1.6212496757507324 764.74462890625 254924.375
1.6208173036575317 764.9486083984375 243688.28125
1.6203848123550415 765.15283203125 230099.0625
1.6199523210525513 765.3570556640625 226007.6875
1.6195199489593506 765.5614013671875 225879.671875
1.6190876960754395 765.7658081054688 237913.828125
1.6186553239822388 765.9703369140625 268116.34375
1.6182230710983276 766.1749267578125 305954.90625
1.6177908182144165 766.379638671875 341833.4375
1.617358684539795 766.5844116210938 413166.15625
1.6169264316558838 766.7893676757812 524491.8125
1.6164942979812622 766.9943237304688 640411.0625
1.6160622835159302 767.1993408203125 728537.25
1.6156301498413086 767.4046020507812 785553.625
1.6151982545852661 767.6098022460938 808755.0
1.614766240119934 767.8151245117188 809567.25
1.6143343448638916 768.0205688476562 781894.0625
1.6139023303985596 768.2261962890625 706639.6875
1.6134705543518066 768.4317626953125 607700.125
1.6130386590957642 768.6375122070312 501387.5625
1.6126068830490112 768.84326171875 420679.625
1.6121751070022583 769.0491943359375 368085.71875
1.611743450164795 769.2551879882812 341495.625
1.611311674118042 769.4613037109375 327827.65625
1.6108800172805786 769.66748046875 314110.34375
1.6104484796524048 769.8737182617188 311766.15625
1.610016942024231 770.080078125 314839.40625
1.6095854043960571 770.2865600585938 325605.6875
1.6091538667678833 770.4931030273438 354086.1875
1.6087223291397095 770.6998291015625 375272.71875
1.6082909107208252 770.9065551757812 422203.40625
1.6078596115112305 771.1133422851562 486654.5
1.6074281930923462 771.3202514648438 564837.0
1.6069968938827515 771.5272827148438 628495.8125
1.6065655946731567 771.7344360351562 664837.75
1.6061344146728516 771.9415893554688 675388.375
1.6057032346725464 772.1488647460938 680918.4375
1.6052720546722412 772.3562622070312 665007.125
1.604840874671936 772.5637817382812 629343.5625
1.6044098138809204 772.7714233398438 576234.0625
1.6039787530899048 772.9790649414062 525922.5625
1.6035476922988892 773.1868286132812 554858.0625
1.603116750717163 773.3946533203125 714942.125
1.602685809135437 773.6026611328125 972711.875
1.602254867553711 773.8107299804688 1235160.625
1.6018239259719849 774.0188598632812 1471271.75
1.6013931035995483 774.2271118164062 1811677.375
1.6009622812271118 774.4354858398438 2309868.0
1.6005315780639648 774.6438598632812 2825868.25
1.6001008749008179 774.8523559570312 3155240.5
1.599670171737671 775.0609741210938 3233231.75
1.599239468574524 775.269775390625 3161732.75
1.5988088846206665 775.478515625 3045151.25
1.598378300666809 775.6874389648438 2835663.25
1.5979477167129517 775.896484375 2450979.0
1.5975172519683838 776.1055297851562 1945642.75
1.597086787223816 776.314697265625 1444005.875
1.596656322479248 776.5240478515625 1026719.4375
1.5962259769439697 776.7333374023438 741970.5
1.5957955121994019 776.94287109375 564371.6875
1.595365285873413 777.1524047851562 457258.90625
1.5949349403381348 777.3621215820312 394005.59375
1.594504714012146 777.5718383789062 367872.15625
1.5940744876861572 777.78173828125 361722.90625
1.5936442613601685 777.99169921875 361520.75
1.5932141542434692 778.2017211914062 357552.1875
1.59278404712677 778.411865234375 357146.15625
1.5923539400100708 778.6220703125 357457.78125
1.5919239521026611 778.8323974609375 353291.25
1.5914939641952515 779.0428466796875 355244.8125
1.5910639762878418 779.2533569335938 353269.53125
1.5906341075897217 779.4639892578125 355843.09375
1.5902042388916016 779.6746826171875 362342.875
1.5897743701934814 779.885498046875 373007.0625
1.5893445014953613 780.096435546875 391477.65625
1.5889147520065308 780.3074340820312 412030.34375
1.5884850025177002 780.5184936523438 474642.9375
1.5880553722381592 780.7296752929688 635538.75
1.5876256227493286 780.9410400390625 948312.9375
1.5871959924697876 781.1524047851562 1367305.875
1.5867664813995361 781.3638916015625 1732752.125
1.5863368511199951 781.575439453125 1968363.0
1.5859073400497437 781.7871704101562 2130487.75
1.5854779481887817 781.9989013671875 2240753.25
1.5850484371185303 782.2107543945312 2222425.0
1.5846190452575684 782.4227294921875 2041207.25
1.5841896533966064 782.6348266601562 1749124.375
1.583760380744934 782.846923828125 1482962.0
1.5833309888839722 783.0592651367188 1404037.0
1.5829018354415894 783.2715454101562 1490764.875
1.582472562789917 783.4840698242188 1598680.75
1.5820434093475342 783.696533203125 1678844.75
1.5816142559051514 783.9092407226562 1760110.625
1.5811851024627686 784.1219482421875 1827081.25
1.5807560682296753 784.3348388671875 1808766.875
1.580327033996582 784.5477294921875 1651640.0
1.5798979997634888 784.7607421875 1400030.875
1.579469084739685 784.973876953125 1123641.25
1.5790400505065918 785.1871337890625 889636.0
1.5786112546920776 785.4004516601562 726878.875
1.578182339668274 785.6138916015625 627918.125
1.5777535438537598 785.827392578125 606965.4375
1.5773247480392456 786.041015625 702656.8125
1.5768959522247314 786.2547607421875 887500.5625
1.5764672756195068 786.4686279296875 1077109.375
1.5760385990142822 786.6824951171875 1211070.5
1.5756099224090576 786.8965454101562 1303014.125
1.5751813650131226 787.110595703125 1380041.625
1.5747528076171875 787.3248291015625 1420626.625
1.5743242502212524 787.5391235351562 1379433.25
1.573895812034607 787.7535400390625 1250063.5
1.5734673738479614 787.968017578125 1093631.75
1.573038935661316 788.1826171875 952662.8125
1.5726104974746704 788.3973388671875 842383.6875
1.5721821784973145 788.6121215820312 765537.1875
1.5717538595199585 788.8270263671875 724555.25
1.571325659751892 789.0419921875 712397.1875
1.5708974599838257 789.257080078125 710777.9375
1.5704692602157593 789.4722900390625 720392.125
1.5700410604476929 789.6876220703125 735207.5
1.569612979888916 789.9030151367188 748359.1875
1.5691848993301392 790.1184692382812 763899.8125
1.5687568187713623 790.3340454101562 788121.1875
1.5683287382125854 790.5498046875 807962.8125
1.5679007768630981 790.765625 824683.3125
1.5674728155136108 790.9814453125 830200.3125
1.567044973373413 791.1974487304688 840245.8125
1.5666171312332153 791.4135131835938 847604.0
1.5661892890930176 791.6296997070312 854013.875
1.5657614469528198 791.8460083007812 867456.6875
1.5653337240219116 792.0624389648438 883801.875
1.5649060010910034 792.2788696289062 898965.25
1.5644782781600952 792.4954833984375 924060.25
1.5640506744384766 792.712158203125 980516.5625
1.563623070716858 792.928955078125 1158543.625
1.5631954669952393 793.1458129882812 1521931.5
1.5627679824829102 793.36279296875 2007418.375
1.562340497970581 793.579833984375 2450769.5
1.561913013458252 793.7970581054688 2754799.5
1.5614856481552124 794.0143432617188 2969486.25
1.5610581636428833 794.2317504882812 3133599.25
1.5606307983398438 794.4492797851562 3201968.0
1.5602035522460938 794.6668090820312 3081413.5
1.5597763061523438 794.8844604492188 2800147.75
1.5593490600585938 795.102294921875 2451575.0
1.5589218139648438 795.3201904296875 2171727.0
1.5584946870803833 795.5381469726562 1972220.875
1.5580675601959229 795.7562255859375 1874076.875
1.5576404333114624 795.9744873046875 1844284.125
1.557213306427002 796.1927490234375 1868056.5
1.556786298751831 796.4111328125 1935606.75
1.5563594102859497 796.6295776367188 2013522.75
1.5559324026107788 796.8482055664062 2098324.75
1.5555055141448975 797.06689453125 2185930.5
1.5550786256790161 797.2857055664062 2232555.25
1.5546517372131348 797.504638671875 2234364.25
1.554224967956543 797.7235717773438 2188434.0
1.5537981986999512 797.9426879882812 2118360.25
1.553371548652649 798.161865234375 2047164.375
1.5529447793960571 798.3812255859375 2008095.875
1.5525181293487549 798.6006469726562 2018695.0
1.5520914793014526 798.8201293945312 2100518.75
1.55166494846344 799.0397338867188 2268137.25
1.5512384176254272 799.2594604492188 2502426.25
1.5508118867874146 799.4793090820312 2776282.25
1.5503854751586914 799.6991577148438 3109202.75
1.5499590635299683 799.9191284179688 3554093.5
1.5495326519012451 800.1392822265625 4016900.25
1.549106240272522 800.3595581054688 4350912.5
1.5486799478530884 800.5798950195312 4525243.5
1.5482536554336548 800.80029296875 4611022.5
1.5478273630142212 801.0208129882812 4637337.0
1.5474011898040771 801.241455078125 4643894.5
1.546975016593933 801.462158203125 4593097.5
1.546548843383789 801.6830444335938 4525861.5
1.5461227893829346 801.9039306640625 4539796.5
1.54569673538208 802.125 4666874.5
1.5452706813812256 802.3461303710938 4852502.0
1.544844627380371 802.5674438476562 5013690.5
1.5444186925888062 802.7887573242188 5122283.5
1.5439927577972412 803.01025390625 5145840.0
1.5435669422149658 803.2317504882812 5031494.5
1.5431411266326904 803.4534301757812 4805274.0
1.542715311050415 803.6751708984375 4456717.0
1.5422894954681396 803.8970947265625 4062904.75
1.5418637990951538 804.1190185546875 3696139.5
1.541438102722168 804.341064453125 3438245.75
1.5410124063491821 804.5632934570312 3252079.0
1.5405868291854858 804.7855224609375 3096288.0
1.5401611328125 805.0079345703125 2981458.5
1.5397356748580933 805.2303466796875 2888464.0
1.539310097694397 805.4530639648438 2809216.5
1.5388846397399902 805.6757202148438 2752364.0
1.5384591817855835 805.8984985351562 2707335.75
1.5380338430404663 806.1213989257812 2715103.25
1.5376083850860596 806.3444213867188 2825605.25
1.5371830463409424 806.5675048828125 3027435.0
1.5367578268051147 806.7907104492188 3268036.0
1.5363324880599976 807.0140991210938 3540048.75
1.53590726852417 807.237548828125 3803059.25
1.5354821681976318 807.4609985351562 4024528.0
1.5350569486618042 807.6846923828125 4201806.0
1.5346318483352661 807.908447265625 4310232.0
1.5342068672180176 808.1322021484375 4346010.0
1.5337817668914795 808.3561401367188 4294901.0
1.533356785774231 808.5802001953125 4172848.25
1.5329318046569824 808.8043823242188 4022513.0
1.5325069427490234 809.0286254882812 3888378.0
1.532081961631775 809.2530517578125 3779709.5
1.531657099723816 809.4775390625 3685105.75
1.5312323570251465 809.7020263671875 3624369.25
1.5308074951171875 809.9267578125 3646119.5
1.530382752418518 810.1515502929688 3790693.75
1.5299581289291382 810.3764038085938 4083153.75
1.5295333862304688 810.6014404296875 4522284.5
1.5291087627410889 810.8265380859375 5022850.0
1.528684139251709 811.0517578125 5556230.0
1.5282596349716187 811.2770385742188 6202101.0
1.5278351306915283 811.50244140625 7096517.0
1.527410626411438 811.72802734375 8360391.5
1.5269861221313477 811.9536743164062 10054379.0
1.5265617370605469 812.1793823242188 11926042.0
1.526137351989746 812.4052124023438 13610278.0
1.5257130861282349 812.6311645507812 15009602.0
1.525288701057434 812.8572387695312 15963477.0
1.5248644351959229 813.0834350585938 16478075.0
1.5244402885437012 813.3096313476562 16501499.0
1.52401602268219 813.5360107421875 15922202.0
1.5235918760299683 813.7625122070312 14723254.0
1.5231677293777466 813.9891357421875 13212035.0
1.5227437019348145 814.2157592773438 11754838.0
1.5223196744918823 814.442626953125 10530472.0
1.5218956470489502 814.6694946289062 9496766.0
1.521471619606018 814.8965454101562 8645921.0
1.5210477113723755 815.1236572265625 7961569.0
1.520623803138733 815.3508911132812 7419432.0
1.5202000141143799 815.5781860351562 6996003.5
1.5197761058807373 815.8056640625 6664705.0
1.5193523168563843 816.033203125 6415990.0
1.5189286470413208 816.2608032226562 6272527.0
1.5185048580169678 816.4886474609375 6180105.5
1.5180811882019043 816.716552734375 6137512.5
1.5176575183868408 816.9445190429688 6130444.0
1.517233967781067 817.172607421875 6105713.0
1.516810417175293 817.4007568359375 5994238.5
1.516386866569519 817.6290893554688 5760106.5
1.5159633159637451 817.8575439453125 5472046.0
1.5155398845672607 818.0859985351562 5098450.0
1.5151164531707764 818.3146362304688 4598801.0
1.5146931409835815 818.5433349609375 4019246.75
1.5142697095870972 818.772216796875 3422037.5
1.5138463973999023 819.0011596679688 2881306.25
1.513423204421997 819.2301635742188 2421222.0
1.5129998922348022 819.4594116210938 2063386.5
1.512576699256897 819.6886596679688 1868632.25
1.5121535062789917 819.9180297851562 1862985.625
1.511730432510376 820.1475219726562 1993273.75
1.5113073587417603 820.3771362304688 2198190.5
1.5108842849731445 820.6068725585938 2396592.5
1.5104612112045288 820.836669921875 2581775.5
1.5100382566452026 821.0665893554688 2780223.25
1.5096153020858765 821.2966918945312 2995365.25
1.5091924667358398 821.5267333984375 3210529.0
1.5087695121765137 821.757080078125 3433432.75
1.508346676826477 821.9873657226562 3730884.75
1.50792396068573 822.2178344726562 4187446.75
1.5075011253356934 822.4484252929688 4807629.5
1.5070784091949463 822.6791381835938 5490917.5
1.5066556930541992 822.909912109375 6115321.0
1.5062330961227417 823.140869140625 6622362.0
1.5058104991912842 823.371826171875 7037055.5
1.5053879022598267 823.60302734375 7447557.5
1.5049654245376587 823.8341674804688 7811987.5
1.5045428276062012 824.0655517578125 8159285.0
1.5041203498840332 824.2970581054688 8585829.0
1.5036979913711548 824.528564453125 9368752.0
1.5032756328582764 824.76025390625 10868704.0
1.5028531551361084 824.9921264648438 13284642.0
1.5024309158325195 825.2239379882812 16480277.0
1.5020086765289307 825.4559326171875 19898964.0
1.5015863180160522 825.6881103515625 22904100.0
1.501164197921753 825.9202880859375 25170524.0
1.500741958618164 826.1527099609375 26575166.0
1.5003198385238647 826.3851318359375 26742768.0
1.4998977184295654 826.61767578125 25504068.0
1.4994757175445557 826.850341796875 22856180.0
1.4990535974502563 827.0831298828125 19203914.0
1.4986317157745361 827.3159790039062 15127666.0
1.4982097148895264 827.5490112304688 11287584.0
1.4977878332138062 827.7821044921875 8056903.0
1.497365951538086 828.0153198242188 5565077.0
1.4969440698623657 828.2487182617188 3761211.0
1.496522307395935 828.4821166992188 2551077.75
1.4961005449295044 828.7156982421875 1834698.125
1.4956787824630737 828.9494018554688 1459339.0
1.495257019996643 829.1831665039062 1260041.0
1.494835376739502 829.4170532226562 1122017.5
1.4944138526916504 829.6510009765625 1020471.4375
1.4939922094345093 829.8851928710938 967291.0
1.4935706853866577 830.119384765625 958494.9375
1.4931491613388062 830.3536987304688 969203.25
1.4927276372909546 830.5881958007812 976287.875
1.4923062324523926 830.82275390625 1011375.875
1.4918848276138306 831.057373046875 1051519.625
1.4914634227752686 831.292236328125 1086941.375
1.491042137145996 831.5271606445312 1100063.375
1.4906208515167236 831.7620849609375 1080309.0
1.4901995658874512 831.9972534179688 1047504.6875
1.4897783994674683 832.232421875 1006984.9375
1.4893572330474854 832.4678344726562 975506.5625
1.4889360666275024 832.7033081054688 953782.5
1.4885149002075195 832.9389038085938 959130.8125
1.4880938529968262 833.1746215820312 1006924.125
1.4876728057861328 833.410400390625 1095881.625
1.487251877784729 833.646240234375 1191613.375
1.4868308305740356 833.88232421875 1249955.875
1.4864099025726318 834.1184692382812 1272666.125
1.4859890937805176 834.354736328125 1295785.125
1.4855681657791138 834.5911254882812 1306489.375
1.4851473569869995 834.8275756835938 1269698.5
1.4847266674041748 835.0640869140625 1195291.625
1.4843058586120605 835.3009033203125 1120122.375
1.4838851690292358 835.5376586914062 1061768.875
1.4834644794464111 835.7745971679688 1045212.4375
1.483043909072876 836.0115966796875 1065711.75
1.4826233386993408 836.2488403320312 1101985.75
1.4822027683258057 836.486083984375 1174419.625
1.4817821979522705 836.7235107421875 1304627.75
1.481361746788025 836.9609985351562 1483015.0
1.4809412956237793 837.1986083984375 1657113.0
1.4805208444595337 837.4363403320312 1785945.75
1.4801005125045776 837.6741333007812 1879133.25
1.4796801805496216 837.912109375 1969646.0
1.4792598485946655 838.1502075195312 2058228.125
1.478839635848999 838.3883666992188 2102910.75
1.478419303894043 838.626708984375 2121657.75
1.477999210357666 838.8651123046875 2153279.5
1.4775789976119995 839.1036987304688 2191818.0
1.4771589040756226 839.3423461914062 2235877.0
1.4767388105392456 839.5811157226562 2364603.0
1.4763188362121582 839.8198852539062 2603647.75
1.4758987426757812 840.0589599609375 2904140.5
1.4754787683486938 840.298095703125 3155648.75
1.475058913230896 840.5372924804688 3259880.0
1.4746389389038086 840.7766723632812 3306715.0
1.4742190837860107 841.0160522460938 3351280.75
1.4737993478775024 841.255615234375 3360481.0
1.4733794927597046 841.495361328125 3257235.5
1.4729597568511963 841.735107421875 3029823.5
1.472540020942688 841.9750366210938 2751006.75
1.4721204042434692 842.215087890625 2549844.0
1.4717007875442505 842.4552001953125 2507732.25
1.4712811708450317 842.6954956054688 2616199.0
1.470861554145813 842.9358520507812 2819672.0
1.4704420566558838 843.1763916015625 3034365.25
1.4700225591659546 843.4169311523438 3191344.0
1.4696030616760254 843.65771484375 3285179.75
1.4691836833953857 843.8985595703125 3359127.25
1.468764305114746 844.1395263671875 3398748.75
1.4683449268341064 844.380615234375 3409976.0
1.4679256677627563 844.6217651367188 3429879.25
1.4675064086914062 844.8630981445312 3383655.75
1.4670871496200562 845.1044921875 3312736.0
1.466667890548706 845.3460693359375 3276424.25
1.4662487506866455 845.5877685546875 3299681.0
1.465829610824585 845.8295288085938 3301728.75
1.465410590171814 846.0713500976562 3219283.0
1.4649914503097534 846.3134155273438 3020694.0
1.464572548866272 846.5555419921875 2737087.25
1.464153528213501 846.7977905273438 2449090.5
1.4637346267700195 847.0401611328125 2250020.5
1.4633156061172485 847.2826538085938 2147678.25
1.4628968238830566 847.5252075195312 2137393.5
1.4624779224395752 847.7679443359375 2263751.0
1.4620591402053833 848.0108032226562 2552776.0
1.4616403579711914 848.2537841796875 2948067.25
1.461221694946289 848.496826171875 3276497.5
1.4608030319213867 848.739990234375 3549932.75
1.4603843688964844 848.9832763671875 3868632.5
1.459965705871582 849.2267456054688 4298318.5
1.4595471620559692 849.4702758789062 4890219.5
1.4591286182403564 849.7139892578125 5597025.5
1.4587101936340332 849.9577026367188 6335936.0
1.4582916498184204 850.20166015625 6938831.0
1.4578732252120972 850.4456787109375 7378167.5
1.457454800605774 850.6898803710938 7612501.5
1.4570364952087402 850.9340209960938 7775575.5
1.4566181898117065 851.1784057617188 7919342.5
1.4561998844146729 851.4229125976562 7976001.5
1.4557816982269287 851.6675415039062 7863315.0
1.455363392829895 851.9122924804688 7664987.0
1.4549453258514404 852.1571044921875 7698603.5
1.4545271396636963 852.402099609375 8156336.5
1.4541090726852417 852.6471557617188 8775439.0
1.453691005706787 852.8923950195312 9117718.0
1.4532729387283325 853.1376953125 9078189.0
1.4528549909591675 853.3831787109375 8767678.0
1.4524370431900024 853.6287231445312 8327688.5
1.4520190954208374 853.8744506835938 7713681.5
1.451601266860962 854.1202392578125 6820249.5
1.4511834383010864 854.3661499023438 5770021.5
1.450765609741211 854.6121826171875 4771435.0
1.450347900390625 854.8583374023438 4028607.25
1.4499300718307495 855.1046752929688 3610030.0
1.4495124816894531 855.3510131835938 3416941.0
1.4490947723388672 855.5975952148438 3330814.25
1.4486771821975708 855.8441772460938 3313551.25
1.4482595920562744 856.0910034179688 3406368.0
1.447842001914978 856.337890625 3672466.25
1.4474245309829712 856.5848388671875 4006994.5
1.4470070600509644 856.8319702148438 4250307.0
1.4465895891189575 857.0792846679688 4429318.5
1.4461722373962402 857.32666015625 4635203.0
1.445754885673523 857.5740966796875 4841720.0
1.4453375339508057 857.8217163085938 4989799.5
1.4449201822280884 858.0695190429688 5088248.0
1.4445029497146606 858.3173217773438 5163248.5
1.444085717201233 858.5653686523438 5256384.0
1.4436686038970947 858.8134765625 5494536.5
1.4432514905929565 859.0616455078125 5944963.5
1.4428343772888184 859.3099975585938 6597914.5
1.4424172639846802 859.5584716796875 7224362.5
1.4420002698898315 859.8070678710938 7615782.0
1.441583275794983 860.0557861328125 7880079.5
1.4411662817001343 860.3046264648438 8108148.0
1.4407494068145752 860.553466796875 8258129.0
1.4403324127197266 860.8026123046875 8224571.5
1.439915657043457 861.0518188476562 8006903.0
1.439498782157898 861.3011474609375 7728771.5
1.4390820264816284 861.5505981445312 7677060.0
1.4386652708053589 861.8001708984375 8116532.0
1.438248634338379 862.0498046875 8985832.0
1.437831997871399 862.2996215820312 9932362.0
1.437415361404419 862.549560546875 10800320.0
1.436998724937439 862.7996826171875 11716760.0
1.4365822076797485 863.0498046875 12526286.0
1.436165690422058 863.3001098632812 13013619.0
1.4357491731643677 863.5504760742188 13179045.0
1.4353327751159668 863.801025390625 13050618.0
1.4349162578582764 864.0518188476562 12532609.0
1.434499979019165 864.3025512695312 11608896.0
1.4340835809707642 864.5535278320312 10421064.0
1.4336673021316528 864.8045043945312 9199467.0
1.4332510232925415 865.0557250976562 8017097.0
1.4328348636627197 865.3069458007812 6813660.0
1.432418704032898 865.558349609375 5637297.5
1.4320025444030762 865.8098754882812 4582210.5
1.4315863847732544 866.0615844726562 3760220.75
1.4311703443527222 866.3133544921875 3208400.75
1.43075430393219 866.5652465820312 2880349.5
1.4303382635116577 866.8173217773438 2694791.25
1.429922342300415 867.0694580078125 2581108.25
1.4295064210891724 867.3217163085938 2545519.0
1.4290904998779297 867.5740966796875 2564524.5
1.428674578666687 867.8267211914062 2599828.75
1.4282587766647339 868.079345703125 2624891.5
1.4278429746627808 868.3321533203125 2740604.0
1.4274272918701172 868.5850219726562 3057994.75
1.4270116090774536 868.8380126953125 3683391.0
1.42659592628479 869.0912475585938 4558700.0
1.4261802434921265 869.3445434570312 5378992.0
1.4257646799087524 869.597900390625 5926774.0
1.4253491163253784 869.8514404296875 6302808.5
1.4249335527420044 870.1051025390625 6663578.0
1.42451810836792 870.35888671875 6875608.5
1.4241026639938354 870.61279296875 6785993.0
1.423687219619751 870.8668212890625 6350146.5
1.423271894454956 871.1209716796875 5804481.5
1.4228564500808716 871.3753051757812 5491178.5
1.4224412441253662 871.6296997070312 5710934.5
1.4220259189605713 871.88427734375 6640296.5
1.421610713005066 872.1388549804688 8246116.5
1.4211955070495605 872.3936767578125 10208197.0
1.4207803010940552 872.6486206054688 12118270.0
1.4203652143478394 872.9036254882812 13647725.0
1.4199501276016235 873.1588134765625 14655178.0
1.4195350408554077 873.4141235351562 15165332.0
1.4191200733184814 873.6695556640625 15086240.0
1.4187051057815552 873.9251098632812 14280370.0
1.418290138244629 874.1807250976562 12646426.0
1.4178752899169922 874.4365234375 10525268.0
1.4174604415893555 874.6925048828125 8513511.0
1.4170455932617188 874.948486328125 7011601.5
1.416630744934082 875.2047729492188 6202963.5
1.4162160158157349 875.4611206054688 5947855.5
1.4158012866973877 875.717529296875 5862969.5
1.41538667678833 875.9740600585938 5836364.5
1.414971947669983 876.2307739257812 6051218.5
1.4145573377609253 876.4876098632812 6466601.5
1.4141428470611572 876.7445068359375 6923238.0
1.4137282371520996 877.0015869140625 7380775.5
1.4133137464523315 877.2588500976562 7817279.0
1.4128992557525635 877.5161743164062 8134281.5
1.412484884262085 877.7736206054688 8148103.0
1.4120705127716064 878.0311889648438 7921022.0
1.411656141281128 878.2889404296875 7644046.5
1.411241888999939 878.5466918945312 7294087.5
1.4108275175094604 878.8048095703125 6709480.0
1.410413384437561 879.0628051757812 5851376.0
1.409999132156372 879.321044921875 4818100.5
1.4095849990844727 879.5794067382812 3809872.0
1.4091708660125732 879.8379516601562 3000018.0
1.4087567329406738 880.0965576171875 2459995.5
1.408342719078064 880.3552856445312 2089242.875
1.407928705215454 880.6141967773438 1853629.5
1.4075146913528442 880.8731689453125 1744396.0
1.4071006774902344 881.1323852539062 1694416.125
1.406686782836914 881.3916015625 1672345.25
1.4062730073928833 881.6509399414062 1682684.625
1.405859112739563 881.9105224609375 1703210.125
1.4054453372955322 882.170166015625 1724675.25
1.4050315618515015 882.4299926757812 1731687.375
1.4046177864074707 882.68994140625 1761128.625
1.4042041301727295 882.949951171875 1832720.875
1.4037904739379883 883.2101440429688 1987134.125
1.403376817703247 883.470458984375 2224984.25
1.4029632806777954 883.7308959960938 2465289.75
1.4025497436523438 883.9913940429688 2651095.0
1.402136206626892 884.2521362304688 2769398.0
1.40172278881073 884.512939453125 2814722.0
1.4013093709945679 884.77392578125 2804694.75
1.4008959531784058 885.0349731445312 2719830.0
1.4004825353622437 885.2962646484375 2559006.25
1.400069236755371 885.5576171875 2341242.5
1.3996559381484985 885.819091796875 2124226.0
1.3992427587509155 886.0806884765625 1942218.875
1.3988295793533325 886.3424072265625 1795653.125
1.3984163999557495 886.604248046875 1725518.5
1.3980032205581665 886.8663330078125 1729553.125
1.397590160369873 887.12841796875 1794859.75
1.3971771001815796 887.3907470703125 1981304.5
1.3967640399932861 887.653076171875 2306931.0
1.3963509798049927 887.9157104492188 2669332.25
1.3959380388259888 888.1783447265625 2899192.0
1.3955252170562744 888.441162109375 3064485.25
1.3951122760772705 888.7041015625 3291820.0
1.3946994543075562 888.9671020507812 3538013.5
1.3942866325378418 889.2303466796875 3629716.5
1.3938738107681274 889.4937133789062 3462320.25
1.3934611082077026 889.757080078125 3148185.75
1.3930484056472778 890.020751953125 2856652.75
1.392635703086853 890.2844848632812 2627884.0
1.3922231197357178 890.5482788085938 2451465.0
1.3918105363845825 890.8123779296875 2295376.25
1.3913979530334473 891.0764770507812 2270253.75
1.3909854888916016 891.3406982421875 2541208.25
1.3905730247497559 891.6051025390625 3189345.5
1.3901605606079102 891.86962890625 4026603.5
1.389748215675354 892.1342163085938 4787421.5
1.3893357515335083 892.3990478515625 5378542.0
1.3889234066009521 892.6640014648438 5847613.5
1.3885111808776855 892.9290161132812 6168943.0
1.388098955154419 893.1942138671875 6251981.5
1.3876867294311523 893.4595336914062 5966430.5
1.3872745037078857 893.7250366210938 5359023.5
1.3868623971939087 893.9906005859375 4596947.0
1.3864502906799316 894.25634765625 3925241.5
1.3860381841659546 894.522216796875 3453519.25
1.385626196861267 894.7882080078125 3207266.25
1.38521409034729 895.0543823242188 3240375.25
1.384802222251892 895.3206176757812 3664347.25
1.3843902349472046 895.5870971679688 4654877.5
1.3839783668518066 895.853515625 6216856.5
1.3835664987564087 896.1202392578125 7998997.5
1.3831547498703003 896.3870239257812 9545429.0
1.3827428817749023 896.654052734375 10623405.0
1.382331132888794 896.9210815429688 11316021.0
1.381919503211975 897.1882934570312 11572685.0
1.3815077543258667 897.4556884765625 11356698.0
1.3810961246490479 897.72314453125 10612551.0
1.3806846141815186 897.99072265625 9313505.0
1.3802729845046997 898.258544921875 7701550.5
1.3798614740371704 898.5264282226562 6143512.5
1.3794499635696411 898.7944946289062 4943932.5
1.3790385723114014 899.0625610351562 4105186.5
1.3786271810531616 899.3308715820312 3520281.0
1.3782157897949219 899.5993041992188 3127381.0
1.3778043985366821 899.867919921875 2807915.0
1.377393126487732 900.1365966796875 2518600.75
1.3769818544387817 900.4053955078125 2285763.75
1.376570701599121 900.6743774414062 2135080.5
1.376159429550171 900.9435424804688 2065245.75
1.3757482767105103 901.2127685546875 2048140.5
1.3753372430801392 901.482177734375 2069871.875
1.3749260902404785 901.751708984375 2146906.25
1.3745150566101074 902.0213623046875 2249292.0
1.3741040229797363 902.291259765625 2339293.5
1.3736931085586548 902.5610961914062 2479493.75
1.3732821941375732 902.8311767578125 2711793.5
1.3728712797164917 903.1013793945312 2967337.75
1.3724603652954102 903.3717651367188 3162650.25
1.3720495700836182 903.6422119140625 3274255.75
1.3716387748718262 903.9129028320312 3372845.5
1.3712279796600342 904.1837158203125 3484591.5
1.3708173036575317 904.45458984375 3609128.25
1.3704066276550293 904.7256469726562 3708735.0
1.3699960708618164 904.9967651367188 3709125.0
1.369585394859314 905.2681274414062 3646680.25
1.369174838066101 905.53955078125 3561031.25
1.3687642812728882 905.8111572265625 3534130.0
1.3683538436889648 906.0828857421875 3565425.0
1.3679434061050415 906.354736328125 3591392.0
1.3675329685211182 906.626708984375 3530059.5
1.3671225309371948 906.89892578125 3403480.25
1.366712212562561 907.1712036132812 3333306.75
1.3663018941879272 907.4436645507812 3388328.75
1.3658915758132935 907.7162475585938 3460070.5
1.3654813766479492 907.9889526367188 3462958.5
1.365071177482605 908.2617797851562 3332705.5
1.3646609783172607 908.5347900390625 3146109.5
1.364250898361206 908.8079223632812 3010917.0
1.3638408184051514 909.0811157226562 2928571.0
1.3634307384490967 909.3545532226562 2828463.5
1.3630207777023315 909.6281127929688 2681934.75
1.3626108169555664 909.9017333984375 2515726.5
1.3622008562088013 910.1755981445312 2387600.0
1.3617908954620361 910.4495849609375 2282654.0
1.3613810539245605 910.7236938476562 2214548.5
1.360971212387085 910.9979248046875 2181838.25
1.3605613708496094 911.2723388671875 2138464.25
1.3601516485214233 911.5468139648438 2087800.75
1.3597419261932373 911.821533203125 2092629.125
1.3593322038650513 912.0963745117188 2169533.25
1.3589226007461548 912.371337890625 2282590.75
1.3585129976272583 912.6463623046875 2359519.5
1.3581033945083618 912.9215698242188 2389820.75
1.3576939105987549 913.197021484375 2427389.25
1.3572843074798584 913.4725341796875 2548425.75
1.356874942779541 913.7481079101562 2686223.0
1.356465458869934 914.0239868164062 2763363.75
1.3560560941696167 914.2999267578125 2748366.5
1.3556467294692993 914.5759887695312 2724152.5
1.3552374839782715 914.8521728515625 2779276.5
1.354828119277954 915.128662109375 2860723.0
1.3544188737869263 915.4051513671875 2967023.0
1.3540096282958984 915.6818237304688 3166993.0
1.3536005020141602 915.9585571289062 3579189.0
1.3531913757324219 916.2354736328125 4149741.0
1.3527822494506836 916.5125732421875 4605292.0
1.3523732423782349 916.789794921875 4896542.0
1.3519642353057861 917.067138671875 5162812.5
1.3515552282333374 917.3446655273438 5444208.0
1.3511462211608887 917.622314453125 5577013.5
1.3507373332977295 917.900146484375 5455125.0
1.3503284454345703 918.1781005859375 5066615.0
1.3499196767807007 918.4561157226562 4516384.0
1.3495107889175415 918.7344360351562 3976113.5
1.3491020202636719 919.0128173828125 3552801.25
1.3486933708190918 919.2911987304688 3317530.25
1.3482846021652222 919.5698852539062 3276359.75
1.347875952720642 919.8486938476562 3349316.5
1.3474674224853516 920.1276245117188 3444734.75
1.3470587730407715 920.4067993164062 3504701.75
1.346650242805481 920.6859130859375 3552880.25
1.3462417125701904 920.96533203125 3594963.25
1.3458333015441895 921.244873046875 3618263.5
1.345424771308899 921.5245361328125 3527998.25
1.345016360282898 921.8043823242188 3280404.5
1.3446080684661865 922.0843505859375 2982118.25
1.344199776649475 922.3643798828125 2823819.25
1.3437914848327637 922.6446533203125 2913013.25
1.3433831930160522 922.9249877929688 3148745.5
1.3429750204086304 923.20556640625 3402325.75
1.342566728591919 923.4862670898438 3738920.0
1.3421586751937866 923.76708984375 4219604.0
1.3417505025863647 924.0480346679688 4755801.5
1.3413424491882324 924.3292236328125 5259965.5
1.3409343957901 924.6104736328125 5538159.5
1.3405264616012573 924.8917846679688 5482888.0
1.3401185274124146 925.1734008789062 5266681.0
1.3397105932235718 925.455078125 5045280.0
1.339302659034729 925.7369384765625 4871667.0
1.3388948440551758 926.0189819335938 4637725.0
1.3384870290756226 926.3010864257812 4284855.5
1.3380792140960693 926.5833740234375 3866468.5
1.3376715183258057 926.8657836914062 3579475.75
1.337263822555542 927.1483764648438 3565430.25
1.3368561267852783 927.43115234375 3770581.0
1.3364485502243042 927.7139892578125 3982932.0
1.33604097366333 927.9969482421875 3966287.75
1.335633397102356 928.2801513671875 3739053.5
1.3352258205413818 928.5634765625 3518184.0
1.3348183631896973 928.846923828125 3349007.5
1.3344109058380127 929.1305541992188 3243861.25
1.3340035676956177 929.4142456054688 3203379.25
1.333596110343933 929.6982421875 3270212.0
1.333188772201538 929.9822998046875 3447551.25
1.3327815532684326 930.2664184570312 3665325.0
1.3323742151260376 930.5508422851562 3883843.5
1.3319669961929321 930.8353271484375 4086932.0
1.3315598964691162 931.1199340820312 4217980.5
1.3311526775360107 931.40478515625 4176703.25
1.3307455778121948 931.6897583007812 3907594.75
1.330338478088379 931.974853515625 3409911.5
1.3299314975738525 932.260009765625 2767877.5
1.3295245170593262 932.54541015625 2142807.0
1.3291175365447998 932.8309326171875 1631561.0
1.3287105560302734 933.11669921875 1234584.75
1.3283036947250366 933.4024658203125 966849.125
1.3278968334197998 933.6884765625 784697.875
1.327489972114563 933.9746704101562 670522.6875
1.3270832300186157 934.2608642578125 610776.0
1.3266764879226685 934.54736328125 602270.125
1.3262697458267212 934.8339233398438 645981.3125
1.3258631229400635 935.1206665039062 691273.0
1.3254565000534058 935.4075317382812 712544.5
1.325049877166748 935.694580078125 725581.0625
1.3246432542800903 935.9818115234375 735452.5625
1.3242367506027222 936.2691040039062 739266.0
1.323830246925354 936.556640625 732764.1875
1.3234238624572754 936.84423828125 708668.0625
1.3230173587799072 937.1320190429688 665716.0625
1.3226109743118286 937.4199829101562 630685.8125
1.3222047090530396 937.7080078125 606264.3125
1.321798324584961 937.9962768554688 622275.6875
1.3213920593261719 938.2847290039062 688850.0
1.3209859132766724 938.5731811523438 802331.9375
1.3205796480178833 938.8619384765625 915186.5625
1.3201735019683838 939.1508178710938 999995.375
1.3197673559188843 939.4398193359375 1080533.5
1.3193613290786743 939.7288818359375 1181620.75
1.3189553022384644 940.0181884765625 1267512.375
1.3185492753982544 940.3076171875 1305411.375
1.3181432485580444 940.5972290039062 1294770.25
1.317737340927124 940.8870849609375 1267866.125
1.3173314332962036 941.177001953125 1237773.0
1.3169256448745728 941.4669799804688 1191140.5
1.3165197372436523 941.7572631835938 1131820.375
1.3161139488220215 942.047607421875 1105990.125
1.3157081604003906 942.338134765625 1132853.875
1.3153024911880493 942.6287841796875 1216071.75
1.314896821975708 942.9196166992188 1314168.375
1.3144911527633667 943.2106323242188 1347896.625
1.314085602760315 943.5016479492188 1333624.25
1.3136799335479736 943.7930297851562 1319478.0
1.3132745027542114 944.0844116210938 1319271.25
1.3128689527511597 944.3760375976562 1277750.875
1.3124635219573975 944.6677856445312 1168335.0
1.3120580911636353 944.959716796875 1022626.3125
1.311652660369873 945.251708984375 883155.9375
1.3112473487854004 945.5438842773438 797320.1875
1.3108420372009277 945.8363037109375 756701.8125
1.310436725616455 946.1288452148438 748726.8125
1.310031533241272 946.4214477539062 773793.75
1.3096263408660889 946.7142944335938 804181.0
1.3092211484909058 947.00732421875 833952.875
1.3088159561157227 947.3004760742188 863738.3125
1.308410882949829 947.59375 887447.875
1.3080058097839355 947.8871459960938 920715.25
1.3076008558273315 948.1807861328125 1000063.5625
1.3071959018707275 948.4744873046875 1150212.25
1.3067909479141235 948.7684326171875 1354323.5
1.3063859939575195 949.0625 1529879.375
1.305981159210205 949.3567504882812 1629907.25
1.3055763244628906 949.6510620117188 1701827.75
1.3051714897155762 949.9456787109375 1763271.0
1.3047667741775513 950.2402954101562 1802360.0
1.3043620586395264 950.5350952148438 1762589.875
1.3039573431015015 950.8302001953125 1637443.375
1.3035526275634766 951.1253662109375 1496736.0
1.3031480312347412 951.420654296875 1386486.125
1.3027434349060059 951.7161865234375 1335337.625
1.30233895778656 952.01171875 1322223.875
1.3019343614578247 952.3075561523438 1402285.0
1.3015300035476685 952.6034545898438 1566593.875
1.3011255264282227 952.8995361328125 1742719.5
1.3007211685180664 953.1958618164062 1884402.25
1.3003168106079102 953.4922485351562 1953828.75
1.299912452697754 953.788818359375 2009802.75
1.2995080947875977 954.0856323242188 2113453.0
1.299103856086731 954.3825073242188 2167192.25
1.2986997365951538 954.679443359375 2120630.0
1.298295497894287 954.9766845703125 2009347.625
1.29789137840271 955.2740478515625 1857861.625
1.2974872589111328 955.5715942382812 1693439.875
1.2970832586288452 955.8692016601562 1526355.75
1.296679139137268 956.1671142578125 1366140.125
1.29627525806427 956.465087890625 1245574.375
1.2958712577819824 956.7632446289062 1177893.875
1.2954672574996948 957.0616455078125 1142798.0
1.2950634956359863 957.3599853515625 1124538.25
1.2946596145629883 957.6586303710938 1137587.5
1.2942558526992798 957.9573974609375 1202184.75
1.2938519716262817 958.2564697265625 1330562.875
1.2934483289718628 958.5554809570312 1467904.875
1.2930445671081543 958.854736328125 1545207.5
1.2926409244537354 959.1541748046875 1538493.0
1.2922372817993164 959.453857421875 1518897.75
1.291833758354187 959.7534790039062 1496908.625
1.2914302349090576 960.0534057617188 1457765.0
1.2910267114639282 960.3533935546875 1371132.25
1.2906231880187988 960.6536865234375 1257541.375
1.290219783782959 960.9541015625 1164339.75
1.2898163795471191 961.254638671875 1134850.625
1.2894129753112793 961.555419921875 1137779.375
1.289009690284729 961.856201171875 1138016.25
1.2886064052581787 962.1572875976562 1165719.75
1.2882031202316284 962.4584350585938 1203012.25
1.2877998352050781 962.7598876953125 1233717.125
1.2873966693878174 963.0613403320312 1256065.875
1.2869935035705566 963.3629760742188 1271665.875
1.2865904569625854 963.6648559570312 1312616.625
1.2861874103546143 963.966796875 1442808.5
1.285784363746643 964.2689208984375 1641326.75
1.2853813171386719 964.5713500976562 1810633.25
1.2849783897399902 964.873779296875 1898526.375
1.2845754623413086 965.1764526367188 1950097.625
1.284172534942627 965.479248046875 2029469.875
1.2837697267532349 965.7822265625 2088545.375
1.2833669185638428 966.0853881835938 2095649.875
1.2829641103744507 966.388671875 2037186.625
1.2825613021850586 966.692138671875 1937789.875
1.282158613204956 966.9957885742188 1828506.5
1.281756043434143 967.2994995117188 1699528.75
1.2813533544540405 967.6034545898438 1587953.125
1.2809507846832275 967.9075317382812 1517944.5
1.2805482149124146 968.2118530273438 1425074.875
1.2801456451416016 968.5162963867188 1276487.625
1.2797431945800781 968.8208618164062 1079760.75
1.2793407440185547 969.1256713867188 886507.3125
1.2789382934570312 969.4306030273438 732175.3125
1.2785359621047974 969.7357177734375 639971.8125
1.2781336307525635 970.0409545898438 613945.4375
1.2777312994003296 970.346435546875 640997.3125
1.2773290872573853 970.6519775390625 681320.25
1.276926875114441 970.9577026367188 705988.125
1.2765246629714966 971.2636108398438 743040.3125
1.2761224508285522 971.5697631835938 792237.125
1.2757203578948975 971.8759765625 869136.9375
1.2753182649612427 972.1824340820312 923172.625
1.2749162912368774 972.4888916015625 924661.875
1.2745143175125122 972.795654296875 892810.25
1.274112343788147 973.1026000976562 862215.3125
1.2737103700637817 973.4096069335938 834799.0
1.2733083963394165 973.7169799804688 806167.5625
1.2729065418243408 974.0242919921875 765892.25
1.2725048065185547 974.3318481445312 696934.625
1.272102952003479 974.6397094726562 635691.25
1.2717012166976929 974.947509765625 583700.4375
1.2712994813919067 975.2556762695312 573767.625
1.2708978652954102 975.5638427734375 625709.6875
1.2704962491989136 975.8721923828125 775363.125
1.270094633102417 976.1807861328125 1039595.5
1.2696930170059204 976.489501953125 1371588.875
1.2692915201187134 976.7984619140625 1659940.0
1.2688900232315063 977.1074829101562 1869305.5
1.2684885263442993 977.416748046875 2048735.125
1.2680871486663818 977.7261962890625 2168233.0
1.2676857709884644 978.0357055664062 2197452.0
1.2672843933105469 978.345458984375 2111303.0
1.266883134841919 978.6553344726562 1879540.5
1.266481876373291 978.9654541015625 1549985.5
1.266080617904663 979.2756958007812 1242334.375
1.2656793594360352 979.5861206054688 1003758.0
1.2652782201766968 979.8966674804688 843292.0625
1.2648770809173584 980.2074584960938 731136.4375
1.26447594165802 980.5184936523438 675281.3125
1.2640749216079712 980.8295288085938 654855.8125
1.263674020767212 981.1406860351562 661126.3125
1.263273000717163 981.4521484375 700511.75
1.2628720998764038 981.7637329101562 779107.5
1.262471079826355 982.0755615234375 890934.1875
1.2620702981948853 982.387451171875 1026981.75
1.261669397354126 982.6995849609375 1192479.25
1.2612686157226562 983.0118408203125 1365058.25
1.2608678340911865 983.3243408203125 1539569.5
1.2604671716690063 983.6368408203125 1705235.75
1.2600665092468262 983.9495849609375 1856478.625
1.259665846824646 984.2625732421875 1974502.75
1.2592651844024658 984.5757446289062 2074597.25
1.2588646411895752 984.8890380859375 2127066.0
1.2584640979766846 985.2024536132812 2153564.25
1.258063554763794 985.5161743164062 2156869.0
1.2576631307601929 985.8299560546875 2173453.5
1.2572627067565918 986.1439819335938 2217475.0
1.2568622827529907 986.4580688476562 2267422.5
1.2564619779586792 986.7723999023438 2279908.75
1.2560616731643677 987.0869140625 2255555.75
1.2556613683700562 987.4015502929688 2206923.5
1.2552611827850342 987.7163696289062 2128072.5
1.2548608779907227 988.0313720703125 2108411.0
1.2544606924057007 988.3466186523438 2161758.25
1.2540606260299683 988.661865234375 2225383.75
1.2536604404449463 988.9774780273438 2245210.0
1.2532603740692139 989.2931518554688 2238431.75
1.252860426902771 989.6090087890625 2235694.25
1.2524604797363281 989.9249877929688 2241653.0
1.2520605325698853 990.2412719726562 2232122.0
1.2516605854034424 990.5576782226562 2139461.5
1.251260757446289 990.8741455078125 1959392.875
1.2508608102798462 991.1910400390625 1705092.875
1.2504611015319824 991.5078125 1450048.5
1.250061273574829 991.824951171875 1241061.0
1.2496615648269653 992.1422119140625 1065543.75
1.2492618560791016 992.4596557617188 921814.75
1.2488622665405273 992.7771606445312 830056.6875
1.2484625577926636 993.0950317382812 782474.0
1.2480629682540894 993.4129638671875 801503.5625
1.2476634979248047 993.7310791015625 871834.9375
1.2472639083862305 994.0494384765625 967779.25
1.2468644380569458 994.367919921875 1070686.25
1.2464650869369507 994.6864624023438 1194705.875
1.246065616607666 995.00537109375 1347342.375
1.245666265487671 995.3243408203125 1535342.375
1.2452670335769653 995.6434326171875 1698951.375
1.2448676824569702 995.9628295898438 1815800.25
1.2444684505462646 996.2823486328125 1882832.0
1.244069218635559 996.6021118164062 1937127.375
1.2436699867248535 996.9219970703125 2001635.875
1.2432708740234375 997.2420654296875 2070555.25
1.2428717613220215 997.5623168945312 2133440.0
1.2424726486206055 997.8827514648438 2173308.75
1.2420737743377686 998.203125 2196227.5
1.2416746616363525 998.5239868164062 2198135.75
1.2412757873535156 998.8449096679688 2193680.5
1.2408767938613892 999.1660766601562 2170374.5
1.2404779195785522 999.4873657226562 2113829.0
1.2400790452957153 999.8087768554688 1989554.75
1.239680290222168 1000.1304321289062 1822399.75
1.2392815351486206 1000.4522705078125 1638866.5
1.2388827800750732 1000.7742309570312 1459287.125
1.2384841442108154 1001.0963745117188 1300923.625
1.238085389137268 1001.4188232421875 1181257.375
1.2376867532730103 1001.7413330078125 1076489.0
1.237288236618042 1002.0640258789062 983140.3125
1.2368896007537842 1002.3869018554688 919903.0625
1.236491084098816 1002.7100219726562 866625.3125
1.2360925674438477 1003.0332641601562 827297.375
1.235694169998169 1003.356689453125 806926.375
1.2352957725524902 1003.6802368164062 785716.875
1.234897494316101 1004.0040283203125 767479.625
1.2344990968704224 1004.3279418945312 747349.125
1.2341008186340332 1004.6520385742188 746926.4375
1.233702540397644 1004.9764404296875 785639.6875
1.2333042621612549 1005.3009643554688 832168.6875
1.2329061031341553 1005.6256103515625 882484.1875
1.2325079441070557 1005.9505004882812 949530.3125
1.232109785079956 1006.2755737304688 1017104.9375
1.231711745262146 1006.6007080078125 1092074.625
1.2313138246536255 1006.926025390625 1146979.875
1.2309157848358154 1007.251708984375 1214881.375
1.2305177450180054 1007.5775146484375 1279924.5
1.2301198244094849 1007.9034423828125 1359618.375
1.2297219038009644 1008.2295532226562 1495168.75
1.2293241024017334 1008.5557861328125 1770244.75
1.2289263010025024 1008.8822631835938 2315404.5
1.2285284996032715 1009.2089233398438 3160130.25
1.2281306982040405 1009.5358276367188 4215372.5
1.2277330160140991 1009.86279296875 5252075.5
1.2273354530334473 1010.18994140625 6067689.0
1.2269377708435059 1010.5173950195312 6636111.0
1.226540207862854 1010.8449096679688 7020579.0
1.2261425256729126 1011.1727905273438 7156167.5
1.2257450819015503 1011.5006713867188 6911040.5
1.2253475189208984 1011.828857421875 6201098.5
1.2249500751495361 1012.1571655273438 5169619.5
1.2245527505874634 1012.485595703125 4103855.25
1.224155306816101 1012.8143310546875 3160876.0
1.2237579822540283 1013.14306640625 2396609.25
1.2233606576919556 1013.47216796875 1792898.625
1.2229634523391724 1013.8013305664062 1347402.375
1.2225661277770996 1014.130859375 1072818.625
1.222169041633606 1014.4602661132812 916250.875
1.2217718362808228 1014.7901000976562 818763.4375
1.221374750137329 1015.1200561523438 757308.0625
1.2209776639938354 1015.4501342773438 728187.9375
1.2205805778503418 1015.780517578125 699910.125
1.2201836109161377 1016.1109619140625 669193.4375
1.2197866439819336 1016.441650390625 644296.1875
1.2193896770477295 1016.7725830078125 636757.625
1.2189927101135254 1017.1036987304688 635393.8125
1.2185958623886108 1017.4349365234375 641718.875
1.2181990146636963 1017.766357421875 660635.5
1.2178022861480713 1018.097900390625 693772.625
1.2174055576324463 1018.4296875 748307.6875
1.2170088291168213 1018.7616577148438 814722.5
1.2166121006011963 1019.0939331054688 900364.3125
1.2162154912948608 1019.4262084960938 1018140.8125
1.2158188819885254 1019.7587280273438 1194925.0
1.21542227268219 1020.091552734375 1501353.375
1.215025782585144 1020.4244384765625 2049540.875
1.2146292924880981 1020.7575073242188 2889879.0
1.2142328023910522 1021.0908813476562 3966673.25
1.213836431503296 1021.4242553710938 4972843.5
1.2134400606155396 1021.7579345703125 5762276.0
1.2130436897277832 1022.0917358398438 6327062.5
1.2126473188400269 1022.4258422851562 6669611.0
1.21225106716156 1022.760009765625 6752107.0
1.2118548154830933 1023.0945434570312 6488045.0
1.211458683013916 1023.4290771484375 5769953.5
1.2110624313354492 1023.763916015625 4704038.0
1.210666298866272 1024.098876953125 3579761.0
1.2102702856063843 1024.4339599609375 2565786.25
1.2098742723464966 1024.769287109375 1782549.625
1.2094782590866089 1025.1048583984375 1196897.625
1.2090822458267212 1025.4405517578125 779879.5
1.2086862325668335 1025.776611328125 511242.5625
1.2082903385162354 1026.112548828125 378058.78125
1.2078944444656372 1026.4488525390625 330880.53125
1.2074986696243286 1026.785400390625 321457.125
1.2071027755737305 1027.1220703125 328491.53125
1.2067071199417114 1027.4588623046875 334021.75
1.2063113451004028 1027.7960205078125 335810.40625
1.2059156894683838 1028.1331787109375 334904.09375
1.2055200338363647 1028.4705810546875 338348.28125
1.2051243782043457 1028.808349609375 337931.5
1.2047288417816162 1029.1461181640625 323723.65625
1.2043333053588867 1029.4840087890625 305136.59375
1.2039377689361572 1029.822265625 287274.65625
1.2035423517227173 1030.16064453125 269596.03125
1.2031469345092773 1030.4991455078125 255773.3125
1.2027515172958374 1030.8380126953125 252501.203125
1.202356219291687 1031.1768798828125 257670.015625
1.201960802078247 1031.51611328125 263517.65625
1.2015655040740967 1031.85546875 268323.34375
1.2011703252792358 1032.1949462890625 277149.6875
1.2007750272750854 1032.5347900390625 296000.0
1.2003798484802246 1032.874755859375 303041.40625
1.1999847888946533 1033.2147216796875 309351.375
1.199589729309082 1033.5550537109375 321521.3125
1.1991946697235107 1033.8955078125 320365.5625
1.1987996101379395 1034.2362060546875 322524.40625
1.1984046697616577 1034.5770263671875 324261.375
1.1980096101760864 1034.918212890625 331826.71875
1.1976147890090942 1035.2593994140625 327568.1875
1.1972198486328125 1035.6009521484375 321809.375
1.1968250274658203 1035.942626953125 314972.5625
1.1964302062988281 1036.284423828125 316864.90625
1.1960355043411255 1036.6263427734375 315069.84375
1.1956406831741333 1036.9686279296875 313598.03125
1.1952459812164307 1037.3111572265625 308179.15625
1.1948513984680176 1037.6536865234375 304379.09375
1.194456696510315 1037.99658203125 301075.875
1.1940621137619019 1038.339599609375 298701.53125
1.1936675310134888 1038.682861328125 301635.90625
1.1932730674743652 1039.0262451171875 304520.78125
1.1928786039352417 1039.3697509765625 310821.0
1.1924841403961182 1039.713623046875 315411.9375
1.1920897960662842 1040.0574951171875 315322.90625
1.1916954517364502 1040.4017333984375 321007.90625
1.1913011074066162 1040.74609375 328618.875
1.1909067630767822 1041.0906982421875 339229.71875
1.1905125379562378 1041.435546875 360301.4375
1.1901183128356934 1041.780517578125 384296.65625
1.189724087715149 1042.1256103515625 404170.625
1.189329981803894 1042.470947265625 430634.25
1.1889358758926392 1042.8165283203125 482829.71875
1.1885418891906738 1043.1622314453125 551008.6875
1.188147783279419 1043.5081787109375 622488.4375
1.1877537965774536 1043.8543701171875 681835.1875
1.1873598098754883 1044.20068359375 709206.25
1.1869659423828125 1044.5472412109375 721525.3125
1.1865719556808472 1044.89404296875 728189.5625
1.1861780881881714 1045.240966796875 725249.375
1.1857843399047852 1045.5880126953125 710131.8125
1.185390591621399 1045.9354248046875 675186.375
1.1849968433380127 1046.282958984375 626831.375
1.1846030950546265 1046.6307373046875 599500.625
1.1842094659805298 1046.9786376953125 599745.8125
1.183815836906433 1047.32666015625 603222.25
1.1834222078323364 1047.6751708984375 619585.375
1.1830286979675293 1048.0235595703125 648257.4375
1.1826351881027222 1048.372314453125 664375.25
1.182241678237915 1048.7213134765625 685294.0625
1.1818482875823975 1049.0703125 717430.625
1.1814548969268799 1049.419677734375 736044.1875
1.1810615062713623 1049.7691650390625 743251.875
1.1806681156158447 1050.118896484375 744084.4375
1.1802748441696167 1050.4688720703125 756207.4375
1.1798815727233887 1050.8189697265625 795648.9375
1.1794883012771606 1051.1693115234375 823924.625
1.1790951490402222 1051.519775390625 837276.875
1.1787019968032837 1051.87060546875 836241.75
1.1783088445663452 1052.2215576171875 830738.0625
1.1779158115386963 1052.5726318359375 820203.25
1.1775227785110474 1052.9239501953125 803380.25
1.1771297454833984 1053.2755126953125 783788.875
1.176736831665039 1053.627197265625 768668.9375
1.1763437986373901 1053.979248046875 746748.375
1.1759510040283203 1054.331298828125 725663.6875
1.175558090209961 1054.6837158203125 717211.1875
1.1751652956008911 1055.0362548828125 719141.5625
1.1747725009918213 1055.388916015625 739643.375
1.1743797063827515 1055.741943359375 766396.5625
1.1739870309829712 1056.0950927734375 812513.375
1.173594355583191 1056.448486328125 871366.25
1.1732016801834106 1056.8021240234375 930826.8125
1.17280912399292 1057.15576171875 995216.75
1.1724165678024292 1057.509765625 1072070.0
1.1720240116119385 1057.8638916015625 1160384.25
1.1716314554214478 1058.2183837890625 1245837.0
1.1712391376495361 1058.5728759765625 1291677.625
1.170846700668335 1058.927734375 1282914.375
1.1704542636871338 1059.28271484375 1257300.375
1.1700619459152222 1059.6378173828125 1228327.5
1.1696696281433105 1059.9932861328125 1181147.875
1.169277310371399 1060.3489990234375 1111793.0
1.1688851118087769 1060.7047119140625 1027922.375
1.1684929132461548 1061.060791015625 954866.375
1.1681007146835327 1061.4169921875 905573.9375
1.1677086353302002 1061.7734375 884248.6875
1.1673165559768677 1062.1300048828125 888342.3125
1.1669244766235352 1062.4869384765625 923979.0
1.1665325164794922 1062.8438720703125 1011170.875
1.1661405563354492 1063.201171875 1136324.25
1.1657485961914062 1063.55859375 1252949.125
1.1653566360473633 1063.9163818359375 1345653.625
1.1649647951126099 1064.274169921875 1406796.75
1.164573073387146 1064.6322021484375 1450208.5
1.1641812324523926 1064.990478515625 1475308.0
1.1637895107269287 1065.3489990234375 1467399.0
1.1633977890014648 1065.707763671875 1425206.75
1.163006067276001 1066.066650390625 1348570.375
1.162614345550537 1066.42578125 1267461.125
1.1622227430343628 1066.78515625 1218439.0
1.161831259727478 1067.1446533203125 1200850.875
1.1614396572113037 1067.50439453125 1242466.5
1.161048173904419 1067.8643798828125 1325360.25
1.1606566905975342 1068.2244873046875 1422846.0
1.160265326499939 1068.5848388671875 1550970.0
1.1598739624023438 1068.9454345703125 1698265.375
1.1594825983047485 1069.3062744140625 1835941.75
1.1590912342071533 1069.6673583984375 1958328.0
1.1586999893188477 1070.028564453125 2028658.0
1.158308744430542 1070.389892578125 2068905.625
1.1579174995422363 1070.7515869140625 2083969.5
1.1575263738632202 1071.1134033203125 2092135.375
1.157135248184204 1071.4754638671875 2104552.25
1.156744122505188 1071.837646484375 2101570.0
1.1563531160354614 1072.2000732421875 2080026.25
1.1559621095657349 1072.562744140625 2074575.75
1.1555711030960083 1072.9256591796875 2149963.25
1.1551800966262817 1073.2889404296875 2359657.75
1.1547892093658447 1073.6522216796875 2672400.0
1.1543983221054077 1074.0157470703125 2988768.25
1.1540075540542603 1074.37939453125 3159827.25
1.1536166667938232 1074.743408203125 3212141.75
1.1532258987426758 1075.107666015625 3227157.25
1.1528352499008179 1075.471923828125 3195507.75
1.1524444818496704 1075.8365478515625 3066100.5
1.1520538330078125 1076.201416015625 2797637.25
1.1516631841659546 1076.5665283203125 2412945.25
1.1512726545333862 1076.931640625 1955488.0
1.1508821249008179 1077.297119140625 1540729.125
1.1504915952682495 1077.6627197265625 1224674.125
1.1501011848449707 1078.0286865234375 1023779.3125
1.149710774421692 1078.3946533203125 893938.3125
1.149320363998413 1078.760986328125 828218.9375
1.1489299535751343 1079.1275634765625 825176.4375
1.148539662361145 1079.4942626953125 887884.4375
1.1481493711471558 1079.8612060546875 1008230.0625
1.1477590799331665 1080.228515625 1173158.25
1.1473689079284668 1080.595703125 1365582.25
1.146978735923767 1080.9632568359375 1594162.0
1.1465885639190674 1081.3311767578125 1894919.25
1.1461985111236572 1081.69921875 2301706.25
1.145808458328247 1082.0673828125 2724466.25
1.145418405532837 1082.435791015625 3056562.0
1.1450283527374268 1082.8046875 3298297.75
1.1446384191513062 1083.1734619140625 3529606.75
1.1442484855651855 1083.5426025390625 3780502.5
1.1438586711883545 1083.911865234375 3975557.25
1.1434688568115234 1084.2813720703125 3961439.75
1.1430790424346924 1084.651123046875 3751597.75
1.1426892280578613 1085.0211181640625 3446521.0
1.1422995328903198 1085.391357421875 3130519.0
1.1419098377227783 1085.76171875 2808183.75
1.1415201425552368 1086.13232421875 2420083.25
1.1411304473876953 1086.5032958984375 1990103.75
1.1407408714294434 1086.8743896484375 1550211.625
1.1403512954711914 1087.24560546875 1174334.0
1.139961838722229 1087.6170654296875 907203.375
1.1395723819732666 1087.98876953125 719423.625
1.1391829252243042 1088.3607177734375 582665.25
1.1387935876846313 1088.73291015625 504738.3125
1.138404130935669 1089.105224609375 455064.75
1.138014793395996 1089.4779052734375 423762.90625
1.1376255750656128 1089.8505859375 412469.5625
1.13723623752594 1090.2237548828125 407089.0
1.1368470191955566 1090.5970458984375 416293.4375
1.136457920074463 1090.9703369140625 437880.78125
1.1360687017440796 1091.3441162109375 501296.125
1.1356796026229858 1091.7181396484375 661277.25
1.135290503501892 1092.09228515625 939203.3125
1.134901523590088 1092.466552734375 1352630.125
1.1345125436782837 1092.8411865234375 1878844.75
1.1341235637664795 1093.2159423828125 2358862.25
1.1337345838546753 1093.591064453125 2757355.75
1.1333457231521606 1093.96630859375 3070083.0
1.132956862449646 1094.3416748046875 3319557.75
1.132568120956421 1094.7174072265625 3461060.5
1.1321792602539062 1095.0933837890625 3453523.75
1.1317905187606812 1095.469482421875 3280788.0
1.131401777267456 1095.8458251953125 3008492.0
1.1310131549835205 1096.222412109375 2710184.25
1.130624532699585 1096.5992431640625 2496920.0
1.1302359104156494 1096.9761962890625 2339800.5
1.1298474073410034 1097.353515625 2240556.0
1.1294589042663574 1097.73095703125 2201038.75
1.1290704011917114 1098.108642578125 2226606.25
1.1286818981170654 1098.4866943359375 2347769.75
1.128293514251709 1098.86474609375 2596112.0
1.1279051303863525 1099.2431640625 2950771.0
1.127516746520996 1099.6217041015625 3396782.75
1.1271284818649292 1100.00048828125 3837479.0
1.1267402172088623 1100.379638671875 4194396.0
1.1263519525527954 1100.7589111328125 4445774.0
1.125963807106018 1101.138427734375 4612660.5
1.1255756616592407 1101.51806640625 4654231.5
1.1251875162124634 1101.8980712890625 4529663.5
1.1247994899749756 1102.2781982421875 4170938.5
1.1244114637374878 1102.6585693359375 3615852.25
1.1240234375 1103.0391845703125 2918475.0
1.1236354112625122 1103.420166015625 2234982.5
1.123247504234314 1103.8011474609375 1703579.625
1.1228595972061157 1104.1824951171875 1296048.5
1.122471809387207 1104.56396484375 989311.4375
1.1220839023590088 1104.9459228515625 747456.0
1.1216961145401 1105.327880859375 594465.8125
1.121308445930481 1105.7100830078125 500465.09375
1.1209206581115723 1106.092529296875 457396.71875
1.1205329895019531 1106.4752197265625 446418.5625
1.120145320892334 1106.858154296875 439891.40625
1.1197577714920044 1107.2412109375 433368.40625
1.1193702220916748 1107.6246337890625 434278.34375
1.1189826726913452 1108.0081787109375 445871.96875
1.1185952425003052 1108.3919677734375 454624.53125
1.1182076930999756 1108.776123046875 470096.875
1.1178202629089355 1109.160400390625 497490.125
1.117432951927185 1109.5447998046875 547056.4375
1.117045521736145 1109.9296875 629305.0
1.1166582107543945 1110.3145751953125 764794.6875
1.1162710189819336 1110.6998291015625 997552.0
1.115883708000183 1111.085205078125 1336294.75
1.1154965162277222 1111.470947265625 1787386.5
1.1151094436645508 1111.856689453125 2258069.75
1.1147222518920898 1112.242919921875 2661481.5
1.1143351793289185 1112.6292724609375 2992104.75
1.113948106765747 1113.0159912109375 3250653.5
1.1135611534118652 1113.4027099609375 3391334.0
1.1131740808486938 1113.7899169921875 3398189.5
1.112787127494812 1114.1771240234375 3214638.5
1.1124002933502197 1114.5645751953125 2869676.0
1.1120134592056274 1114.9522705078125 2428154.75
1.1116266250610352 1115.34033203125 1977352.75
1.1112397909164429 1115.728515625 1566614.125
1.1108530759811401 1116.116943359375 1247462.75
1.1104663610458374 1116.5057373046875 1008330.5
1.1100796461105347 1116.8946533203125 835564.6875
1.109692931175232 1117.2838134765625 709094.4375
1.1093063354492188 1117.6732177734375 645617.75
1.1089197397232056 1118.0628662109375 599561.875
1.108533263206482 1118.45263671875 568856.25
1.1081467866897583 1118.8426513671875 544210.375
1.1077603101730347 1119.2330322265625 535849.875
1.107373833656311 1119.623779296875 562906.25
1.106987476348877 1120.0145263671875 633053.3125
1.1066011190414429 1120.405517578125 734022.875
1.1062147617340088 1120.796875 871878.875
1.1058285236358643 1121.188232421875 1068955.0
1.1054422855377197 1121.5799560546875 1316355.75
1.1050560474395752 1121.9720458984375 1615958.25
1.1046699285507202 1122.3641357421875 1949048.625
1.1042838096618652 1122.756591796875 2225181.0
1.1038976907730103 1123.1494140625 2427596.75
1.1035115718841553 1123.5423583984375 2541120.0
1.1031255722045898 1123.9354248046875 2552050.0
1.1027395725250244 1124.328857421875 2497903.25
1.1023536920547485 1124.7225341796875 2350910.75
1.1019678115844727 1125.1163330078125 2101457.5
1.1015819311141968 1125.5103759765625 1777396.0
1.101196050643921 1125.90478515625 1443719.875
1.1008102893829346 1126.2994384765625 1129195.375
1.1004244089126587 1126.6943359375 887638.375
1.100038766860962 1127.08935546875 713889.4375
1.0996530055999756 1127.4847412109375 588170.0
1.0992673635482788 1127.8802490234375 495913.75
1.098881721496582 1128.276123046875 448511.21875
1.0984961986541748 1128.6719970703125 427295.28125
1.0981106758117676 1129.068359375 413702.1875
1.0977251529693604 1129.46484375 395798.15625
1.0973396301269531 1129.8616943359375 389322.78125
1.0969542264938354 1130.2586669921875 385906.15625
1.0965688228607178 1130.65576171875 383933.25
1.0961834192276 1131.053466796875 393781.65625
1.095798134803772 1131.4510498046875 411626.375
1.0954128503799438 1131.8489990234375 432327.5625
1.0950276851654053 1132.2471923828125 463583.875
1.0946424007415771 1132.6456298828125 493863.75
1.0942572355270386 1133.0443115234375 517800.09375
1.0938720703125 1133.443359375 544585.3125
1.093487024307251 1133.8424072265625 571209.5625
1.0931018590927124 1134.241943359375 582675.4375
1.0927168130874634 1134.6416015625 585531.875
1.092331886291504 1135.0413818359375 584448.5625
1.0919468402862549 1135.4417724609375 584603.4375
1.091562032699585 1135.842041015625 581181.625
1.0911771059036255 1136.24267578125 572698.75
1.0907922983169556 1136.6435546875 576166.75
1.0904074907302856 1137.044677734375 578902.4375
1.0900226831436157 1137.446044921875 580332.0
1.0896379947662354 1137.84765625 582990.75
1.0892531871795654 1138.2496337890625 594228.4375
1.0888686180114746 1138.651611328125 609227.3125
1.0884839296340942 1139.0540771484375 639805.6875
1.0880993604660034 1139.4566650390625 667379.1875
1.0877147912979126 1139.859375 702760.125
1.0873303413391113 1140.262451171875 733532.8125
1.0869457721710205 1140.6658935546875 761731.8125
1.0865613222122192 1141.0694580078125 781835.4375
1.0861769914627075 1141.4732666015625 799677.625
1.0857925415039062 1141.87744140625 811462.5625
1.0854082107543945 1142.28173828125 814407.8125
1.0850239992141724 1142.686279296875 816039.4375
1.0846397876739502 1143.091064453125 833297.25
1.0842554569244385 1143.49609375 868431.5625
1.0838713645935059 1143.9013671875 924259.1875
1.0834871530532837 1144.30712890625 1008028.0
1.083103060722351 1144.7127685546875 1101443.625
1.0827189683914185 1145.118896484375 1165430.0
1.0823348760604858 1145.5252685546875 1210544.625
1.0819509029388428 1145.931884765625 1239988.375
1.0815669298171997 1146.338623046875 1262581.125
1.0811830759048462 1146.74560546875 1280654.625
1.0807992219924927 1147.15283203125 1314267.375
1.0804152488708496 1147.5606689453125 1373020.5
1.0800315141677856 1147.96826171875 1484165.375
1.0796476602554321 1148.37646484375 1678748.375
1.0792639255523682 1148.7847900390625 1920148.875
1.0788801908493042 1149.193359375 2159478.5
1.0784965753555298 1149.6021728515625 2358715.75
1.0781129598617554 1150.01123046875 2503851.25
1.077729344367981 1150.4205322265625 2599764.0
1.077345848083496 1150.830078125 2613407.75
1.0769622325897217 1151.239990234375 2512819.5
1.0765787363052368 1151.6500244140625 2308097.25
1.0761953592300415 1152.060302734375 2043988.0
1.0758118629455566 1152.470947265625 1755954.75
1.0754284858703613 1152.8818359375 1493175.75
1.0750452280044556 1153.2928466796875 1251848.75
1.0746618509292603 1153.704345703125 1055556.375
1.0742785930633545 1154.1158447265625 910130.9375
1.0738954544067383 1154.527587890625 798228.875
1.0735121965408325 1154.9398193359375 709217.625
1.0731290578842163 1155.3521728515625 641806.9375
1.0727459192276 1155.7647705078125 587556.3125
1.0723627805709839 1156.177734375 549943.25
1.0719797611236572 1156.5908203125 536843.8125
1.0715967416763306 1157.0042724609375 546462.5
1.0712138414382935 1157.4178466796875 583742.875
1.0708309412002563 1157.8316650390625 650228.4375
1.0704480409622192 1158.2457275390625 744271.1875
1.0700651407241821 1158.6602783203125 839283.5625
1.069682240486145 1159.074951171875 950547.25
1.0692994594573975 1159.489990234375 1065007.125
1.0689167976379395 1159.905029296875 1220969.375
1.068534016609192 1160.3204345703125 1399330.625
1.0681513547897339 1160.7362060546875 1579300.875
1.0677686929702759 1161.1522216796875 1716539.125
1.0673861503601074 1161.568359375 1817899.375
1.067003607749939 1161.9847412109375 1908493.5
1.0666210651397705 1162.401611328125 2000760.0
1.066238522529602 1162.8184814453125 2036984.125
1.0658560991287231 1163.23583984375 1994363.875
1.0654736757278442 1163.6533203125 1891935.5
1.0650912523269653 1164.0711669921875 1746993.0
1.0647088289260864 1164.4892578125 1592504.75
1.064326524734497 1164.907470703125 1456150.25
1.0639443397521973 1165.3260498046875 1334421.0
1.0635621547698975 1165.7447509765625 1217604.875
1.063179850578308 1166.1639404296875 1105500.5
1.0627976655960083 1166.583251953125 1003039.0625
1.062415599822998 1167.0028076171875 923049.625
1.0620335340499878 1167.422607421875 866938.375
1.0616514682769775 1167.8427734375 821201.375
1.0612694025039673 1168.26318359375 788952.4375
1.0608874559402466 1168.683837890625 773289.6875
1.0605055093765259 1169.104736328125 789422.9375
1.0601235628128052 1169.52587890625 834895.75
1.059741735458374 1169.947265625 918697.0
1.0593599081039429 1170.368896484375 1047671.0
1.0589780807495117 1170.791015625 1201300.375
1.0585963726043701 1171.213134765625 1365638.625
1.058214545249939 1171.6357421875 1488262.375
1.057832956314087 1172.058349609375 1569710.0
1.0574512481689453 1172.4814453125 1619072.75
1.0570696592330933 1172.9046630859375 1648099.875
1.0566880702972412 1173.3282470703125 1668784.625
1.0563066005706787 1173.751953125 1659025.875
1.0559250116348267 1174.1761474609375 1622810.25
1.0555435419082642 1174.6004638671875 1594824.625
1.0551621913909912 1175.0250244140625 1595908.75
1.0547807216644287 1175.449951171875 1634061.625
1.0543993711471558 1175.8751220703125 1675374.375
1.0540180206298828 1176.300537109375 1732275.25
1.0536367893218994 1176.7261962890625 1800706.75
1.053255558013916 1177.152099609375 1876727.125
1.0528743267059326 1177.5782470703125 1945689.0
1.0524932146072388 1178.004638671875 1984686.0
1.052112102508545 1178.431396484375 1993065.0
1.051730990409851 1178.8585205078125 1966273.875
1.0513498783111572 1179.2857666015625 1923197.375
1.050968885421753 1179.7132568359375 1857215.0
1.0505878925323486 1180.14111328125 1771437.375
1.0502068996429443 1180.5692138671875 1650944.75
1.0498260259628296 1180.99755859375 1510016.375
1.0494451522827148 1181.42626953125 1355587.125
1.0490642786026 1181.8551025390625 1229606.625
1.048683524131775 1182.2841796875 1138305.625
1.0483027696609497 1182.713623046875 1084722.5
1.0479220151901245 1183.1434326171875 1072357.125
1.0475412607192993 1183.5733642578125 1080429.0
1.0471606254577637 1184.003662109375 1107494.625
1.046779990196228 1184.43408203125 1144452.375
1.046399474143982 1184.8648681640625 1182693.375
1.0460188388824463 1185.2960205078125 1220095.625
1.0456383228302002 1185.7274169921875 1241122.0
1.0452579259872437 1186.158935546875 1212311.75
1.0448774099349976 1186.5908203125 1161924.0
1.044497013092041 1187.0230712890625 1100526.125
1.044116735458374 1187.455322265625 1032366.9375
1.0437363386154175 1187.8880615234375 967061.9375
1.0433560609817505 1188.321044921875 902072.625
1.042975902557373 1188.754150390625 846590.8125
1.042595624923706 1189.1878662109375 806255.125
1.0422154664993286 1189.62158203125 793995.5625
1.0418353080749512 1190.0556640625 813150.875
1.0414551496505737 1190.489990234375 856261.375
1.0410751104354858 1190.924560546875 909816.25
1.040695071220398 1191.3594970703125 948540.3125
1.0403151512145996 1191.7945556640625 977677.0625
1.0399351119995117 1192.2301025390625 999095.4375
1.0395551919937134 1192.6658935546875 1010990.375
1.0391753911972046 1193.1016845703125 1006141.3125
1.0387954711914062 1193.5380859375 988869.5625
1.0384156703948975 1193.974609375 985722.4375
1.0380358695983887 1194.4114990234375 1031677.75
1.0376561880111694 1194.8485107421875 1096550.5
1.0372763872146606 1195.2860107421875 1170782.0
1.036896824836731 1195.7236328125 1248911.25
1.0365171432495117 1196.16162109375 1326509.75
1.036137580871582 1196.599853515625 1405213.125
1.0357580184936523 1197.0382080078125 1468925.25
1.0353784561157227 1197.47705078125 1489377.625
1.0349990129470825 1197.9161376953125 1477375.25
1.0346195697784424 1198.35546875 1416193.875
1.0342401266098022 1198.7950439453125 1352303.0
1.0338608026504517 1199.23486328125 1269607.0
1.033481478691101 1199.6751708984375 1176500.375
1.0331021547317505 1200.115478515625 1091929.875
1.0327229499816895 1200.5562744140625 1016435.4375
1.0323437452316284 1200.9971923828125 955173.875
1.0319645404815674 1201.4384765625 906505.0
1.0315853357315063 1201.8802490234375 839831.0
1.0312062501907349 1202.322021484375 763596.25
1.0308271646499634 1202.76416015625 693247.0
1.030448079109192 1203.2066650390625 633168.75
1.03006911277771 1203.6494140625 582777.1875
1.029690146446228 1204.09228515625 535549.4375
1.029311180114746 1204.5355224609375 492909.28125
1.0289323329925537 1204.9791259765625 449406.53125
1.0285534858703613 1205.4229736328125 414929.625
1.028174638748169 1205.8670654296875 395805.46875
1.0277959108352661 1206.3115234375 397610.0
1.0274170637130737 1206.7562255859375 406552.65625
1.027038335800171 1207.201171875 420310.03125
1.0266597270965576 1207.646484375 442698.09375
1.0262811183929443 1208.092041015625 482816.5625
1.025902509689331 1208.537841796875 533159.3125
1.0255239009857178 1208.9840087890625 603218.5
1.025145411491394 1209.4302978515625 673856.0625
1.0247669219970703 1209.876953125 739599.375
1.0243884325027466 1210.3240966796875 803761.125
1.0240100622177124 1210.7713623046875 868827.625
1.0236316919326782 1211.2188720703125 918907.0625
1.023253321647644 1211.666748046875 956075.9375
1.0228750705718994 1212.11474609375 980359.125
1.0224968194961548 1212.563232421875 985757.3125
1.0221185684204102 1213.011962890625 975647.6875
1.0217403173446655 1213.4609375 944678.75
1.0213621854782104 1213.9102783203125 903106.3125
1.0209840536117554 1214.3597412109375 852274.4375
1.0206059217453003 1214.8096923828125 798345.0625
1.0202279090881348 1215.259765625 746638.9375
1.0198498964309692 1215.710205078125 692867.4375
1.0194720029830933 1216.160888671875 648453.9375
1.0190939903259277 1216.612060546875 598581.6875
1.0187160968780518 1217.063232421875 565584.5625
1.0183382034301758 1217.514892578125 553305.8125
1.0179604291915894 1217.966796875 555524.0625
1.017582654953003 1218.4189453125 570622.4375
1.0172048807144165 1218.8714599609375 597336.625
1.01682710647583 1219.3243408203125 649529.5
1.0164494514465332 1219.77734375 716681.5
1.0160717964172363 1220.230712890625 797914.625
1.015694260597229 1220.684326171875 893329.625
1.0153166055679321 1221.13818359375 1004279.5
1.0149390697479248 1221.592529296875 1109750.625
1.014561653137207 1222.046875 1210974.125
1.0141841173171997 1222.5018310546875 1279992.875
1.013806700706482 1222.9569091796875 1328713.625
1.0134292840957642 1223.4124755859375 1351124.0
1.013051986694336 1223.8680419921875 1349370.75
1.0126746892929077 1224.3240966796875 1304068.25
1.0122973918914795 1224.7803955078125 1210184.75
1.0119202136993408 1225.23681640625 1103903.375
1.0115430355072021 1225.69384765625 937278.125
1.0111658573150635 1226.1510009765625 730403.375
1.0107886791229248 1226.6083984375 556048.8125
1.0104116201400757 1227.066162109375 420034.21875
1.0100345611572266 1227.5242919921875 315220.9375
