string
0.0
0.0
43724.17333984375
47780.43701171875
46885.51513671875
49031.46484375
44427.86083984375
38226.0556640625
39431.146484375
48388.876953125
43393.26953125
44317.9765625
43364.2392578125
46808.11669921875
47608.96337890625
42281.310546875
40994.60498046875
41777.67626953125
44170.302734375
45381.49658203125
51086.7470703125
46904.265625
48650.28271484375
46123.47705078125
43160.369140625
49148.19970703125
45124.05810546875
47374.74267578125
46817.212890625
50451.69580078125
47750.42138671875
44446.5546875
46299.05419921875
49468.7568359375
43357.14599609375
43826.7119140625
50651.74853515625
47560.46240234375
51307.91796875
46397.3232421875
46212.5576171875
46633.2998046875
46714.2001953125
48085.91357421875
45979.3125
42530.23779296875
47786.6171875
52027.861328125
47170.76611328125
45681.265625
45665.53271484375
49581.2333984375
40046.2509765625
46361.638671875
52748.23583984375
51943.10546875
46300.68994140625
46253.9384765625
44356.20654296875
50573.4453125
50982.74365234375
44276.9306640625
45957.671875
47684.55078125
45991.228515625
45797.8115234375
50681.32568359375
51199.02685546875
44619.66845703125
49507.40380859375
48088.24365234375
40255.98681640625
41588.7978515625
48394.28662109375
49014.65673828125
48314.087890625
47928.72802734375
47529.166015625
45350.86767578125
43196.291015625
41469.857421875
48477.3603515625
48598.63427734375
46242.92919921875
49032.10986328125
46382.10888671875
44976.30078125
46401.6005859375
49431.7705078125
40559.94287109375
40470.18115234375
48628.951171875
44044.66455078125
46624.974609375
52282.73876953125
44761.80517578125
51559.765625
50816.02099609375
40611.5791015625
45618.4482421875
47376.06982421875
48202.0048828125
48782.96484375
45079.970703125
46651.17724609375
45513.4091796875
45875.50244140625
42768.3095703125
48209.36328125
47087.0810546875
51134.89208984375
45938.76513671875
0.0
51049.2138671875
53143.18505859375
46640.32177734375
41855.0703125
43188.00732421875
44536.97607421875
44190.1953125
45234.22802734375
44638.55908203125
48048.92724609375
45384.32470703125
47924.9033203125
48285.1904296875
39207.671875
41969.13330078125
45495.87255859375
45103.84765625
45639.60205078125
50960.30322265625
43855.21484375
47679.27392578125
44500.9189453125
48017.0693359375
46689.92529296875
49231.05322265625
48167.5830078125
49200.15673828125
52613.1171875
52441.396484375
50225.3466796875
43477.7197265625
46664.53271484375
39699.796875
47366.31298828125
44035.546875
46036.60693359375
51397.81982421875
45182.91259765625
52890.08984375
39273.38671875
43721.8837890625
43904.6162109375
47599.65087890625
54139.75146484375
53436.880859375
46480.16748046875
56127.4423828125
47438.84033203125
48402.0810546875
49255.3525390625
44560.65185546875
47172.66162109375
46851.2587890625
50941.521484375
48858.34716796875
47326.9814453125
51008.08056640625
46005.31005859375
42767.3603515625
44741.15380859375
48903.61962890625
49683.99658203125
43169.16845703125
46385.806640625
47952.16748046875
41888.73095703125
46648.35302734375
43967.69970703125
48735.18701171875
46267.45263671875
59281.2509765625
48745.7080078125
49174.939453125
48592.7900390625
53270.734375
45978.826171875
46126.00439453125
41558.93212890625
45560.96923828125
42538.62646484375
44557.51123046875
50762.34521484375
44420.19873046875
48352.2216796875
50663.8095703125
49328.1181640625
45921.443359375
43554.21533203125
45570.63818359375
48972.75341796875
45611.06396484375
44032.7626953125
40604.23974609375
44393.2109375
44698.31201171875
41589.91455078125
47587.71435546875
45034.072265625
45795.400390625
49554.919921875
51367.75341796875
46432.255859375
49653.474609375
42526.70947265625
44046.09228515625
45164.74072265625
46901.16845703125
49916.552734375
51945.0078125
54294.85400390625
0.0
46706.22607421875
50479.58837890625
44325.6142578125
46168.35595703125
45244.953125
48644.705078125
49774.30615234375
55860.46142578125
49822.53564453125
45961.8837890625
48469.876953125
45556.50732421875
42953.97607421875
47488.22998046875
46966.5537109375
47535.6806640625
47596.62353515625
48416.28271484375
45085.6640625
42839.12548828125
44416.81005859375
41809.107421875
46865.43798828125
40856.3876953125
44894.60205078125
51867.94140625
44611.33251953125
51098.43310546875
45606.89453125
53592.24560546875
48513.9921875
49198.5693359375
45008.412109375
46891.70458984375
50008.2734375
43249.19384765625
44534.69677734375
52503.0107421875
45036.900390625
45820.171875
43454.39892578125
47796.32470703125
43321.04150390625
46933.224609375
47130.671875
44917.73828125
52170.40283203125
55063.78076171875
43727.623046875
41892.35498046875
49152.7744140625
47295.89599609375
49643.1494140625
48997.4736328125
46041.892578125
47359.44091796875
46605.73095703125
54907.28564453125
44604.90234375
47753.84814453125
40812.697265625
48886.18359375
49538.4189453125
43837.70703125
46396.2333984375
49237.37060546875
40006.0478515625
48282.193359375
43791.45458984375
49220.685546875
52388.8203125
43722.58349609375
51976.12841796875
45521.65380859375
52166.6376953125
47687.64501953125
49973.3642578125
44860.134765625
49936.68701171875
56276.2587890625
51903.189453125
44601.00537109375
44650.55810546875
46353.228515625
50136.85595703125
50672.267578125
48601.95947265625
48185.970703125
49099.35302734375
44755.76904296875
49324.91845703125
47463.72998046875
49672.4072265625
53111.6767578125
45667.646484375
45210.23681640625
47126.33837890625
0.0
43572.60693359375
46410.314453125
44296.36376953125
41991.38525390625
42719.62060546875
44073.26025390625
48480.1005859375
50637.46044921875
42241.99755859375
49823.6748046875
0.0
48061.6953125
42763.12060546875
41800.9189453125
40602.560546875
