string
description: px_shifted, calibration parameter: [ 1.19531225e-04 -2.30194563e-02  6.18194146e+02]
converted file:R_100ms_Fe_S3_x_1_55_binned_y back: data/dark_100msRZP-structure:___RZP_S3100msRoi:[0, 1040, 2048, 2048]
eV counts/s
618.1712462133476 1426959.8
618.1485853507007 1728462.6
618.1261635505048 1553675.2
618.1039808127597 1371684.0
618.0820371374655 1367163.5
618.0603325246223 1384995.8
618.0388669742298 1678760.8
618.0176404862883 1750907.0
617.9966530607976 1831039.5
617.9759046977579 2192310.5
617.955395397169 2461081.5
617.9351251590311 1955958.9
617.9150939833439 1697357.8
617.8953018701078 1881545.0
617.8757488193226 1874823.5
617.8564348309881 2056963.5
617.8373599051046 2440048.5
617.8185240416719 2428040.2
617.7999272406903 2170651.0
617.7815695021593 2240209.5
617.7634508260794 2277081.8
617.7455712124504 2232279.2
617.7279306612722 2087134.0
617.7105291725449 2054713.9
617.6933667462686 2158159.8
617.676443382443 1862908.2
617.6597590810685 1849715.6
617.6433138421447 2150876.5
617.6271076656718 2063284.5
617.6111405516499 1819125.2
617.5954125000789 2042749.4
617.5799235109587 2001781.1
617.5646735842894 2079022.4
617.5496627200711 1944774.0
617.5348909183035 1872168.6
617.520358178987 2020998.6
617.5060645021213 2344719.0
617.4920098877064 2740168.8
617.4781943357425 2569012.8
617.4646178462295 2104531.0
617.4512804191673 2228008.5
617.4381820545561 2551054.5
617.4253227523957 2618980.2
617.4127025126862 2579567.0
617.4003213354276 2471066.5
617.3881792206199 2474872.5
617.3762761682632 1874136.4
617.3646121783572 1799220.2
617.3531872509022 1831974.5
617.342001385898 1983313.1
617.3310545833449 2208543.0
617.3203468432424 1907006.0
617.309878165591 1556498.6
617.2996485503904 1426981.8
617.2896579976408 1548699.2
617.2799065073419 1667577.0
617.270394079494 2048301.9
617.261120714097 2608622.8
617.2520864111508 2919878.5
617.2432911706557 3299788.8
617.2347349926113 3048160.5
617.2264178770179 2950118.0
617.2183398238752 2614080.5
617.2105008331837 2729442.2
617.2029009049428 2302406.0
617.195540039153 2113865.2
617.188418235814 2320121.5
617.1815354949258 2263664.0
617.1748918164886 2614636.8
617.1684872005023 2564327.5
617.1623216469668 2243799.2
617.1563951558823 2355114.0
617.1507077272486 2713390.2
617.1452593610658 2958137.0
617.140050057334 3392066.5
617.1350798160529 3676726.2
617.1303486372229 3658890.0
617.1258565208436 3741174.5
617.1216034669154 4386540.5
617.1175894754379 4477941.0
617.1138145464114 4860937.0
617.1102786798357 4596377.0
617.106981875711 4139789.8
617.1039241340371 4106548.0
617.1011054548142 3859362.5
617.0985258380421 3939134.8
617.0961852837207 3824760.5
617.0940837918505 3522762.0
617.092221362431 3476744.0
617.0905979954625 3615480.2
617.0892136909449 3452915.5
617.0880684488782 3620072.2
617.0871622692623 3935744.5
617.0864951520974 4490919.0
617.0860670973833 5432743.0
617.0858781051202 5578427.5
617.0859281753078 5956526.0
617.0862173079464 5475950.5
617.0867455030359 4849916.0
617.0875127605763 4286874.0
617.0885190805675 3216936.2
617.0897644630096 2794077.2
617.0912489079027 1420595.2
617.0929724152465 1036435.9
617.0949349850415 1079921.8
617.0971366172871 1539865.8
617.0995773119838 1649164.2
617.1022570691313 1550313.9
617.1051758887297 1925763.6
617.1083337707789 2125582.8
617.1117307152791 1938044.2
617.1153667222302 2022646.1
617.1192417916321 1988788.8
617.123355923485 1787624.9
617.1277091177888 1934131.5
617.1323013745433 2245316.0
617.1371326937488 2271936.5
617.1422030754052 2693267.5
617.1475125195125 3683168.8
617.1530610260706 4380224.5
617.1588485950797 5628335.0
617.1648752265397 6045744.0
617.1711409204505 5216613.0
617.1776456768123 5477327.5
617.1843894956249 6300492.0
617.1913723768885 6262834.5
617.1985943206029 5523793.0
617.2060553267681 5632223.0
617.2137553953843 5130805.5
617.2216945264513 4949935.5
617.2298727199694 4748780.5
617.2382899759382 4017231.0
617.246946294358 2643154.5
617.2558416752286 1643176.8
617.2649761185502 927843.4
617.2743496243226 817573.9
617.2839621925459 829041.94
617.29381382322 1066662.2
617.3039045163453 898686.94
617.3142342719211 787006.5
617.3248030899481 849080.1
617.3356109704258 852382.4
617.3466579133545 784074.7
617.357943918734 973548.4
617.3694689865644 973408.0
617.3812331168458 785318.4
617.3932363095779 811078.06
617.4054785647611 786888.25
617.417959882395 685216.75
617.43068026248 626674.56
617.4436397050157 835972.25
617.4568382100024 1041333.9
617.47027577744 1108215.8
617.4839524073284 1698953.5
617.4978680996677 2486632.2
617.512022854458 3172646.0
617.526416671699 4318696.5
617.5410495513911 5164376.5
617.555921493534 6570677.0
617.5710324981277 7176338.0
617.5863825651725 6195990.0
617.601971694668 5035294.0
617.6177998866144 4044735.0
617.6338671410118 2788035.5
617.6501734578601 2326453.5
617.6667188371591 2526070.5
617.6835032789093 2776905.2
617.70052678311 3293999.5
617.7177893497619 4480646.0
617.7352909788646 4214672.5
617.7530316704182 3415517.8
617.7710114244226 3236757.5
617.7892302408779 3498808.0
617.8076881197842 3467944.5
617.8263850611413 4020370.2
617.8453210649494 4669700.0
617.8644961312083 6332425.0
617.8839102599181 7938152.5
617.9035634510788 9365358.0
617.9234557046905 11951692.0
617.9435870207528 13679621.0
617.9639573992663 13890494.0
617.9845668402305 13079646.0
618.0054153436457 10544324.0
618.0265029095117 8041480.0
618.0478295378288 6829847.0
618.0693952285965 4838970.0
618.0911999818152 3755887.8
618.1132437974848 2900000.2
618.1355266756052 2243508.8
618.1580486161766 1919327.0
618.180809619199 1433523.8
618.2038096846721 1317587.4
618.2270488125961 1050899.8
618.2505270029711 1284237.2
618.2742442557969 1229265.2
618.2982005710737 942973.25
618.3223959488013 822901.5
618.3468303889798 744644.94
618.3715038916091 868099.7
618.3964164566895 1082364.5
618.4215680842207 1355331.8
618.4469587742026 982601.8
618.4725885266356 782853.6
618.4984573415195 1017926.4
618.5245652188543 917319.94
618.5509121586398 859643.4
618.5774981608764 1119072.9
618.6043232255638 1406299.8
618.6313873527021 1711824.0
618.6586905422912 1434412.6
618.6862327943314 1845510.5
618.7140141088223 2691158.8
618.7420344857642 3581145.2
618.7702939251569 4860344.5
618.7987924270005 5456098.0
618.827529991295 6762829.5
618.8565066180404 8045962.5
618.8857223072368 8980396.0
618.915177058884 10003236.0
618.944870872982 8370274.5
618.974803749531 6561262.0
619.004975688531 5066877.5
619.0353866899817 4013351.5
619.0660367538834 3051893.8
619.0969258802359 2099211.8
619.1280540690393 2244539.8
619.1594213202936 2294849.8
619.1910276339989 1831799.4
619.2228730101549 1290927.1
619.2549574487618 1217886.0
619.2872809498198 1391889.8
619.3198435133286 1114123.1
619.3526451392883 933960.4
619.3856858276988 581223.2
619.4189655785602 680644.75
619.4524843918725 983148.4
619.4862422676358 993506.9
619.5202392058499 748440.06
619.5544752065149 805911.25
619.5889502696308 1208579.2
619.6236643951976 1371086.5
619.6586175832152 1620918.0
619.6938098336839 1704813.0
619.7292411466033 1559728.1
619.7649115219735 2240881.5
619.8008209597948 3346191.0
619.8369694600669 3831483.0
619.8733570227901 4621922.0
619.9099836479638 5775084.0
619.9468493355887 6883916.0
619.9839540856643 7125055.0
620.0212978981909 6582332.5
620.0588807731684 5662257.0
620.0967027105968 4214426.0
620.134763710476 3529002.2
620.1730637728062 3102899.5
620.2116028975872 2000395.8
620.2503810848191 1548830.1
620.2893983345019 1591710.2
620.3286546466355 1506258.0
620.3681500212202 771738.0
620.4078844582556 537077.3
620.447857957742 421664.62
620.4880705196792 952165.0
620.5285221440674 1036966.0
620.5692128309064 998696.75
620.6101425801965 851484.0
620.6513113919372 695098.44
620.692719266129 778171.1
620.7343662027715 617052.5
620.7762522018651 783311.1
620.8183772634094 856179.1
620.8607413874046 726798.2
620.9033445738509 687232.56
620.9461868227478 900526.1
620.9892681340958 885144.3
621.0325885078946 655789.4
621.0761479441444 907335.9
621.1199464428449 895579.4
621.1639840039965 916737.9
621.2082606275989 820069.75
621.2527763136521 873046.2
621.2975310621563 746313.9
621.3425248731114 997849.4
621.3877577465173 1168025.1
621.4332296823742 976059.7
621.478940680682 745673.9
621.5248907414405 1058870.1
621.5710798646501 977415.7
621.6175080503104 1012468.5
621.6641752984218 959187.1
621.7110816089839 785588.1
621.758226981997 1166502.2
621.8056114174609 1313300.5
621.8532349153759 1278152.9
621.9010974757415 1284580.8
621.9491990985582 1042025.94
621.9975397838257 1000201.6
622.0461195315442 1099745.6
622.0949383417135 1248546.6
622.1439962143336 1234372.2
622.1932931494047 1501701.9
622.2428291469266 1794680.1
622.2926042068996 1335736.5
622.3426183293233 939522.6
622.392871514198 1112843.0
622.4433637615234 1160154.4
622.4940950713 1016225.4
622.5450654435272 1028414.75
622.5962748782055 806474.1
622.6477233753345 1201634.2
622.6994109349146 1291685.0
622.7513375569454 1416363.8
622.8035032414273 1691827.6
622.8559079883598 1966900.5
622.9085517977434 1657953.2
622.9614346695778 1574541.5
623.0145566038631 1776256.0
623.0679176005993 1759401.0
623.1215176597865 1780345.5
623.1753567814245 1943498.1
623.2294349655133 1769209.0
623.2837522120532 2012946.0
623.3383085210438 2081308.8
623.3931038924854 2333148.5
623.4481383263778 2614186.2
623.5034118227212 3859574.5
623.5589243815153 4810754.5
623.6146760027606 4443336.0
623.6706666864566 4627305.0
623.7268964326033 5410691.0
623.7833652412012 6256280.5
623.8400731122499 5991363.0
623.8970200457495 4249839.0
623.9542060416999 3552651.5
624.0116311001013 2769719.0
624.0692952209534 2367372.2
624.1271984042567 1445972.5
624.1853406500106 1237793.8
624.2437219582156 1713140.8
624.3023423288714 1997555.8
624.3612017619781 1616118.1
624.4203002575357 1604085.8
624.4796378155443 1547342.6
624.5392144360035 1361771.1
624.5990301189137 1344629.8
624.659084864275 1010051.56
624.7193786720869 820586.6
624.7799115423499 916403.06
624.8406834750637 1127504.6
624.9016944702284 1125886.8
624.962944527844 739689.06
625.0244336479105 861810.75
625.0861618304278 1015791.9
625.1481290753961 955285.4
625.2103353828153 1414118.1
625.2727807526853 1247361.4
625.3354651850062 1470606.9
625.398388679778 1483762.2
625.4615512370008 1371900.0
625.5249528566744 1979387.0
625.5885935387989 2338497.8
625.6524732833743 2261154.5
625.7165920904006 2607929.5
625.7809499598777 2740142.8
625.8455468918058 3226568.8
625.9103828861847 3814012.8
625.9754579430146 3656814.0
626.0407720622953 2818569.0
626.106325244027 2429469.8
626.1721174882094 2062766.0
626.2381487948429 2115075.5
626.3044191639272 1886336.1
626.3709285954623 1458650.0
626.4376770894484 1015355.56
626.5046646458853 799731.25
626.5718912647732 1098750.1
626.6393569461119 1412314.8
626.7070616899016 1253229.9
626.7750054961421 1261329.4
626.8431883648335 1660813.1
626.9116102959758 1409986.5
626.980271289569 1256559.8
627.0491713456131 1264324.1
627.1183104641082 804542.8
627.1876886450539 918979.1
627.2573058884507 1398062.0
627.3271621942984 1386952.8
627.3972575625968 1450639.8
627.4675919933463 1395450.1
627.5381654865465 1515877.2
627.6089780421978 1863048.6
627.6800296602999 2280232.5
627.7513203408529 2155404.8
627.8228500838567 2009765.6
627.8946188893116 1997565.2
627.9666267572171 2332940.5
628.0388736875738 2554393.5
628.1113596803812 2041696.9
628.1840847356395 1417821.1
628.2570488533487 1412137.2
628.3302520335087 1606292.4
628.4036942761198 1569913.1
628.4773755811816 1853861.5
628.5512959486945 1802522.8
628.6254553786581 2440819.2
628.6998538710727 2433649.2
628.7744914259381 2614282.0
628.8493680432545 2784581.2
628.9244837230217 2088135.2
628.9998384652398 2138656.5
629.0754322699088 2196298.8
629.1512651370288 2277352.8
629.2273370665995 2783219.8
629.3036480586212 2648923.8
629.3801981130938 3088657.0
629.4569872300171 3042948.8
629.5340154093916 3000102.0
629.6112826512167 2888549.8
629.6887889554929 2398088.5
629.7665343222199 2180508.5
629.8445187513979 1783144.9
629.9227422430266 1113004.9
630.0012047971064 1048298.06
630.0799064136369 1650571.0
630.1588470926184 1817135.2
630.2380268340507 1597676.5
630.317445637934 1624631.8
630.3971035042681 1554335.0
630.4770004330533 1404760.5
630.5571364242891 1776634.9
630.6375114779759 1730936.5
630.7181255941136 1535460.1
630.7989787727022 1656618.0
630.8800710137417 1804896.2
630.961402317232 1810328.2
631.0429726831734 1942949.2
631.1247821115654 1902487.8
631.2068306024086 1633131.1
631.2891181557025 1424918.6
631.3716447714473 1002126.4
631.454410449643 890441.2
631.5374151902896 781435.75
631.6206589933871 903124.94
631.7041418589355 1158052.2
631.7878637869347 1356732.8
631.8718247773849 1213591.9
631.956024830286 1307215.9
632.0404639456378 1848490.1
632.1251421234408 2307258.5
632.2100593636944 1969318.1
632.2952156663991 1844696.1
632.3806110315546 1911970.5
632.4662454591611 1883151.9
632.5521189492183 1512216.0
632.6382315017265 1851458.0
632.7245831166855 1781924.8
632.8111737940956 1734140.6
632.8980035339563 1817055.8
632.985072336268 1575779.9
633.0723802010307 1591680.6
633.1599271282441 2010045.8
633.2477131179087 2012254.8
633.3357381700239 1980037.2
633.4240022845902 2064473.2
633.5125054616071 2081088.5
633.6012477010752 2099563.5
633.690229002994 2166941.5
633.7794493673638 2179360.2
633.8689087941844 2268421.5
633.958607283456 2130861.0
634.0485448351784 1802654.4
634.1387214493517 1619081.9
634.2291371259759 1613365.8
634.3197918650509 1174041.5
634.4106856665769 1067829.1
634.5018185305538 975283.5
634.5931904569816 920205.0
634.6848014458602 959670.06
634.7766514971898 1209583.0
634.8687406109701 1271647.9
634.9610687872016 1460152.2
635.0536360258837 1037562.4
635.1464423270169 727746.1
635.2394876906009 687966.5
635.3327721166357 808056.3
635.4262956051215 894094.0
635.5200581560582 901539.25
635.6140597694457 880901.56
635.7083004452841 806784.94
635.8027801835735 713548.0
635.8974989843136 1070052.6
635.9924568475049 975474.94
636.0876537731468 831807.0
636.1830897612398 864867.75
636.2787648117835 1249352.9
636.3746789247782 1451332.6
636.4708321002237 1142532.4
636.5672243381202 1048040.75
636.6638556384676 1154196.4
636.7607260012659 1359606.5
636.857835426515 1563186.4
636.9551839142149 1786461.5
637.0527714643658 1838441.8
637.1505980769675 1473631.2
637.2486637520203 1483644.8
637.3469684895239 1578322.4
637.4455122894784 1124049.6
637.5442951518837 1467847.8
637.64331707674 1491883.6
637.742578064047 1475398.8
637.8420781138052 1673653.1
637.941817226014 1447542.4
638.0417954006739 1242702.1
638.1420126377845 1107614.4
638.2424689373462 1166239.1
638.3431642993586 1057270.4
638.444098723822 1181537.5
638.5452722107362 1013757.25
638.6466847601014 825989.1
638.7483363719175 1040595.94
638.8502270461844 915889.44
638.9523567829023 859889.0
639.0547255820709 958495.94
639.1573334436905 974607.25
639.260180367761 888024.5
639.3632663542825 1051652.4
639.4665914032546 1221312.4
639.5701555146778 921769.9
639.6739586885519 1589154.0
639.7780009248769 1810214.4
639.8822822236526 1934008.6
639.9868025848793 2132129.8
640.091562008557 1974649.2
640.1965604946854 2266757.8
640.3017980432649 2639366.0
640.4072746542952 2918883.5
640.5129903277764 3074863.5
640.6189450637083 2844210.5
640.7251388620914 2216096.0
640.8315717229252 1715946.2
640.93824364621 1451155.0
641.0451546319456 1361491.0
641.1523046801321 1113941.0
641.2596937907695 987555.25
641.3673219638578 968534.7
641.4751891993969 1056979.5
641.583295497387 1040578.25
641.691640857828 948339.5
641.8002252807198 1057619.1
641.9090487660626 1074550.0
642.0181113138563 1152037.0
642.1274129241008 1122594.9
642.2369535967962 1146501.1
642.3467333319426 1363667.8
642.4567521295397 1474166.1
642.5670099895879 1296943.0
642.6775069120868 1366903.9
642.7882428970366 1186620.0
642.8992179444374 1195551.0
643.010432054289 1379300.8
643.1218852265915 1194083.2
643.2335774613449 1281721.1
643.3455087585494 1418125.5
643.4576791182045 1203659.4
643.5700885403106 1255857.0
643.6827370248676 1124331.8
643.7956245718756 1050485.9
643.9087511813342 1461798.1
644.0221168532439 1261353.2
644.1357215876045 1090079.9
644.249565384416 914696.5
644.3636482436782 983070.6
644.4779701653915 1158529.2
644.5925311495556 1185623.9
644.7073311961706 1037660.94
644.8223703052365 1334819.2
644.9376484767532 1390245.8
645.0531657107209 1195157.9
645.1689220071395 1478836.5
645.2849173660089 1559716.8
645.4011517873292 1407974.5
645.5176252711005 1111329.8
645.6343378173226 1276426.0
645.7512894259957 1117294.2
645.8684800971196 1210511.5
645.9859098306944 1317450.2
646.10357862672 972378.4
646.2214864851966 1006328.75
646.3396334061241 837964.75
646.4580193895024 784156.25
646.5766444353317 950963.75
646.6955085436118 1258696.4
646.8146117143428 1239322.0
646.9339539475247 1419660.0
647.0535352431576 1192420.1
647.1733556012413 1154037.0
647.2934150217759 1213055.2
647.4137135047613 1241199.8
647.5342510501977 1020658.1
647.6550276580849 985458.2
647.7760433284232 913632.4
647.8972980612122 928796.1
648.018791856452 939629.6
648.1405247141429 1223820.1
648.2624966342845 1166316.0
648.3847076168772 1054913.6
648.5071576619206 1118346.4
648.629846769415 1046459.25
648.7527749393603 1234623.4
648.8759421717565 1115056.5
648.9993484666035 1045946.94
649.1229938239015 1283722.0
649.2468782436503 1393381.2
649.3710017258501 1298223.9
649.4953642705007 1112134.4
649.6199658776021 957446.6
649.7448065471544 1008251.4
649.8698862791578 1109608.8
649.9952050736119 761978.9
650.120762930517 1063468.2
650.2465598498729 1064481.4
650.3725958316797 953536.8
650.4988708759375 1206626.5
650.6253849826461 1278193.0
650.7521381518056 1165930.1
650.879130383416 984939.94
651.0063616774773 969505.75
651.1338320339895 1241848.2
651.2615414529527 996381.6
651.3894899343666 980239.3
651.5176774782313 1054195.1
651.6461040845472 1220985.5
651.7747697533138 1198661.0
651.9036744845314 818665.5
652.0328182781997 1000844.5
652.162201134319 1232757.4
652.2918230528892 1409017.2
652.4216840339103 1188486.5
652.5517840773823 1176937.4
652.6821231833052 1468617.4
652.8127013516789 1396654.5
652.9435185825037 1321849.5
653.074574875779 1256207.6
653.2058702315056 1450615.5
653.3374046496829 1154773.5
653.469178130311 885600.1
653.6011906733902 1230436.4
653.73344227892 1136525.1
653.865932946901 816558.8
653.9986626773327 846853.7
654.1316314702154 818960.7
654.2648393255489 800931.25
654.3982862433335 1080863.5
654.5319722235687 1135369.9
654.665897266255 1008899.0
654.8000613713921 1086834.8
654.9344645389801 855866.6
655.069106769019 798229.7
655.2039880615088 1138365.4
655.3391084164494 1491078.8
655.4744678338409 1326515.8
655.6100663136834 1297851.8
655.7459038559767 1650097.6
655.881980460721 1528610.8
656.0182961279161 1477925.0
656.1548508575621 1296601.1
656.291644649659 975427.6
656.4286775042068 1146599.5
656.5659494212055 1103910.5
656.7034604006551 1395360.1
656.8412104425555 1346723.6
656.9791995469069 1336533.9
657.117427713709 1139777.6
657.2558949429622 1197603.5
657.3946012346663 1258855.8
657.5335465888211 1048133.06
657.672731005427 1071691.6
657.8121544844836 1005332.75
657.9518170259913 1111122.8
658.0917186299497 1188977.0
658.2318592963591 1031886.94
658.3722390252193 1366033.6
658.5128578165305 898081.94
658.6537156702925 1165970.8
658.7948125865055 1034313.4
658.9361485651692 1105030.8
659.077723606284 1260969.2
659.2195377098495 1511045.2
659.361590875866 1279733.4
659.5038831043335 1184742.8
659.6464143952517 1064814.8
659.7891847486209 907410.06
659.9321941644408 1244505.5
660.0754426427119 1113966.8
660.2189301834336 1105534.5
660.3626567866064 879725.7
660.50662245223 932715.9
660.6508271803045 878674.25
660.7952709708298 1062828.5
660.9399538238061 1473982.8
661.0848757392333 1184109.8
661.2300367171114 984987.75
661.3754367574403 937508.06
661.5210758602201 1098968.0
661.6669540254509 1217831.9
661.8130712531324 1086892.8
661.9594275432651 1128811.5
662.1060228958484 1000289.7
662.2528573108827 1022679.5
662.3999307883678 1147181.0
662.5472433283039 984818.06
662.6947949306908 907784.4
662.8425855955288 949456.6
662.9906153228175 1019773.75
663.1388841125572 1028365.1
663.2873919647476 1134439.8
663.436138879389 1246320.8
663.5851248564813 1374085.2
663.7343498960245 1128908.6
663.8838139980186 998008.9
664.0335171624636 1140471.1
664.1834593893594 1105313.4
664.3336406787062 1200743.2
664.4840610305039 935481.2
664.6347204447524 899833.9
664.7856189214518 1368540.0
664.936756460602 1233669.5
665.0881330622034 1293756.2
665.2397487262554 1064986.0
665.3916034527584 1219449.1
665.5436972417123 1247636.4
665.6960300931171 1284725.8
665.8486020069727 1544967.2
666.0014129832791 1236448.6
666.1544630220367 1090026.0
666.3077521232449 995328.25
666.4612802869042 1149809.2
666.6150475130142 1080045.2
666.7690538015753 856040.56
666.9232991525871 1069514.1
667.07778356605 1025133.4
667.2325070419636 1068864.0
667.3874695803282 1096222.2
667.5426711811436 1458971.5
667.69811184441 1579003.5
667.8537915701272 1595543.5
668.0097103582953 1546544.9
668.1658682089143 1790330.5
668.3222651219842 1558189.4
668.4789010975051 1512925.5
668.6357761354766 1170429.0
668.7928902358992 1286415.2
668.9502433987727 1273229.2
669.1078356240971 1136558.8
669.2656669118722 1355063.0
669.4237372620985 1074113.2
669.5820466747754 981120.0
669.7405951499034 901847.6
669.8993826874821 868396.94
670.0584092875117 1321960.8
670.2176749499924 861929.75
670.3771796749238 530815.75
670.5369234623063 646440.9
670.6969063121394 994204.3
670.8571282244236 1229033.2
671.0175891991586 1088699.4
671.1782892363447 1336660.0
671.3392283359814 1127680.8
671.5004064980691 1216362.8
671.6618237226077 1230958.0
671.8234800095972 1028216.6
671.9853753590376 1179806.5
672.1475097709289 1143577.8
672.309883245271 1264685.2
672.472495782064 1389455.2
672.635347381308 1503633.5
672.7984380430028 1122858.8
672.9617677671484 1045870.94
673.125336553745 1380542.6
673.2891444027925 1457908.9
673.453191314291 1351275.6
673.6174772882403 1197124.4
673.7820023246404 1151305.8
673.9467664234915 866748.25
674.1117695847934 1183622.8
674.2770118085463 1395316.2
674.4424930947499 1587603.5
674.6082134434046 1459604.5
674.7741728545101 1116291.8
674.9403713280664 938455.3
675.1068088640737 797066.94
675.2734854625319 929619.75
675.440401123441 1110352.6
675.6075558468009 1576802.0
675.7749496326118 1864244.9
675.9425824808735 1856924.5
676.1104543915861 1849677.6
676.2785653647496 1815180.5
676.4469154003641 1776455.2
676.6155044984293 1596116.1
676.7843326589456 1257611.2
676.9533998819127 1247717.6
677.1227061673306 1160823.5
677.2922515151995 1360109.4
677.4620359255191 1286613.1
677.6320593982898 1179609.1
677.8023219335114 1447233.8
677.9728235311838 1141851.0
678.1435641913071 1053969.2
678.3145439138814 1107742.6
678.4857626989063 904497.0
678.6572205463824 884436.5
678.8289174563092 1098783.1
679.000853428687 1287579.8
679.1730284635156 1315731.9
679.3454425607953 1371045.0
679.5180957205256 1282964.0
679.690987942707 1245894.8
679.8641192273392 1195859.2
680.0374895744222 1301577.2
680.2110989839563 1338862.4
680.3849474559411 1278315.0
680.559034990377 1379649.9
680.7333615872635 1207849.0
680.9079272466012 1189451.2
681.0827319683896 1135677.5
681.257775752629 1322736.9
681.4330585993191 1207289.6
681.6085805084602 1125755.9
681.7843414800523 1219037.8
681.9603415140951 1298529.0
682.1365806105889 1035686.5
682.3130587695335 1139657.9
682.4897759909292 1101686.5
682.6667322747755 1199023.4
682.8439276210729 1082038.2
683.0213620298211 1053040.8
683.1990355010204 1374605.1
683.3769480346702 1227828.9
683.5550996307712 1191318.1
683.7334902893231 1252081.2
683.9121200103258 1188878.6
684.0909887937793 1057878.4
684.2700966396839 1121701.9
684.4494435480391 1072616.1
684.6290295188454 1283973.4
684.8088545521025 1291614.2
684.9889186478105 1382623.2
685.1692218059694 1151796.4
685.3497640265792 903584.06
685.5305453096399 1065514.8
685.7115656551515 973600.94
685.8928250631141 1096382.2
686.0743235335274 941888.2
686.2560610663917 1291801.8
686.4380376617067 1531948.5
686.6202533194729 1331907.2
686.8027080396897 1279325.6
686.9854018223576 1193716.1
687.1683346674763 1284895.5
687.351506575046 1604271.1
687.5349175450664 1924034.8
687.7185675775377 1369589.9
687.9024566724601 1099021.2
688.0865848298331 1035651.75
688.2709520496572 1425453.1
688.4555583319321 1214329.2
688.640403676658 1224626.8
688.8254880838347 1366848.1
689.0108115534624 1222937.4
689.1963740855408 1331455.2
689.3821756800703 1359706.1
689.5682163370506 1221633.5
689.7544960564818 1259685.5
689.9410148383638 1462000.8
690.1277726826967 1573303.2
690.3147695894805 1439535.5
690.5020055587153 1605481.9
690.689480590401 1814126.0
690.8771946845374 1450691.9
691.0651478411248 1306924.1
691.253340060163 1247046.1
691.4417713416524 1224752.2
691.6304416855924 1378321.2
691.8193510919834 1501331.8
692.0084995608252 1892457.2
692.197887092118 1714806.2
692.3875136858616 1550614.0
692.5773793420561 1493841.0
692.7674840607016 1328314.4
692.9578278417978 1382735.8
693.1484106853451 1485279.5
693.339232591343 1251741.5
693.5302935597921 1501817.5
693.7215935906919 1513279.5
693.9131326840427 1563270.6
694.1049108398444 1433503.5
694.2969280580969 1772102.5
694.4891843388003 2256481.0
694.6816796819547 1933388.8
694.8744140875599 1674450.5
695.067387555616 1807368.6
695.260600086123 1837523.2
695.4540516790809 1598687.2
695.6477423344896 1894516.9
695.8416720523492 1823197.2
696.0358408326598 1823371.0
696.2302486754212 1910737.6
696.4248955806336 1990108.0
696.6197815482967 1888123.8
696.814906578411 2033504.0
697.0102706709758 2023689.2
697.2058738259918 1797729.5
697.4017160434586 1757541.9
697.5977973233763 1993800.6
697.7941176657448 2397688.2
697.9906770705643 2332036.2
698.1874755378346 2250564.5
698.3845130675558 2104217.0
698.581789659728 1949570.6
698.779305314351 2065865.5
698.9770600314249 2057975.2
699.1750538109496 2345356.5
699.3732866529253 2815224.0
699.5717585573519 2355888.8
699.7704695242294 2266901.5
699.9694195535577 2404130.2
700.168608645337 2453172.0
700.3680367995671 2511712.8
700.5677040162482 2734821.5
700.7676102953801 3055711.5
700.9677556369629 2941478.8
701.1681400409966 3008536.0
701.368763507481 2937381.5
701.5696260364166 2850110.2
701.7707276278029 2771154.0
701.9720682816403 2365752.5
702.1736479979284 2530042.8
702.3754667766674 2586532.8
702.5775246178573 2201805.5
702.7798215214982 2184471.0
702.9823574875899 2453316.2
703.1851325161325 2581989.5
703.3881466071259 2242621.5
703.5913997605704 2310225.0
703.7948919764656 2365316.5
703.9986232548118 2359817.2
704.2025935956088 2326009.8
704.4068029988567 2332938.8
704.6112514645556 2020767.0
704.8159389927052 2246678.5
705.020865583306 2666153.8
705.2260312363574 3016691.0
705.4314359518598 2879427.8
705.6370797298131 2529681.2
705.8429625702173 2633239.0
706.0490844730723 3151400.2
706.2554454383783 3337949.0
706.4620454661351 3602594.0
706.6688845563428 3384366.5
706.8759627090014 2740265.2
707.0832799241109 2734711.0
707.2908362016714 2923709.8
707.4986315416826 3504373.8
707.7066659441448 3955650.5
707.9149394090579 3526564.5
708.1234519364218 3699145.0
708.3322035262366 4178149.5
708.5411941785025 4218274.5
708.750423893219 4288988.5
708.9598926703866 4545623.5
709.169600510005 4351917.5
709.3795474120743 4334213.5
709.5897333765945 3830702.2
709.8001584035657 3789405.2
710.0108224929876 3763689.0
710.2217256448604 3888070.5
710.4328678591842 4104787.5
710.6442491359588 4698272.0
710.8558694751844 4882416.0
711.0677288768608 5310839.0
711.2798273409882 6105197.0
711.4921648675663 6740672.5
711.7047414565955 8059694.0
711.9175571080754 9369279.0
712.1306118220064 10219254.0
712.343905598388 11329720.0
712.5574384372208 11760380.0
712.7712103385043 11387641.0
712.9852213022388 10690195.0
713.199471328424 9789499.0
713.4139604170601 9422654.0
713.6286885681474 9105078.0
713.8436557816852 9063309.0
714.0588620576742 8864733.0
714.274307396114 8645209.0
714.4899917970047 8672110.0
714.7059152603462 8273423.0
714.9220777861387 8420038.0
715.138479374382 9043584.0
715.3551200250763 10038020.0
715.5719997382214 10938988.0
715.7891185138174 11252036.0
716.0064763518642 11950020.0
716.224073252362 11734472.0
716.4419092153107 11037281.0
716.6599842407103 10562089.0
716.8782983285607 10531059.0
717.096851478862 10384406.0
717.3156436916144 9539834.0
717.5346749668174 9073569.0
717.7539453044715 8283115.0
717.9734547045764 7608599.5
718.1932031671322 6464149.5
718.4131906921389 6174841.0
718.6334172795965 5837924.5
718.853882929505 5168844.0
719.0745876418644 4521370.0
719.2955314166745 4342945.5
719.5167142539357 4344158.0
719.7381361536477 3880817.0
719.9597971158106 3623576.5
720.1816971404245 3315668.8
720.4038362274891 3769780.0
720.6262143770048 3651462.8
720.8488315889713 3735400.5
721.0716878633887 4407645.5
721.2947832002569 5414475.0
721.518117599576 6229267.5
721.741691061346 7131684.0
721.965503585567 7249562.5
722.1895551722389 8417739.0
722.4138458213616 10670405.0
722.6383755329352 11900192.0
722.8631443069596 12443912.0
723.0881521434351 13243832.0
723.3133990423613 13738416.0
723.5388850037385 13542958.0
723.7646100275665 12767704.0
723.9905741138455 11792239.0
724.2167772625753 10921890.0
724.4432194737561 11308118.0
724.6699007473876 12010151.0
724.8968210834703 12424760.0
725.1239804820036 13210552.0
725.3513789429879 13803619.0
725.579016466423 14302680.0
725.8068930523091 14540541.0
726.0350087006461 15307224.0
726.2633634114338 15657632.0
726.4919571846726 15424200.0
726.7207900203623 16131122.0
726.9498619185028 17151508.0
727.1791728790942 18594298.0
727.4087229021366 20974680.0
727.6385119876297 26351438.0
727.8685401355738 37038080.0
728.0988073459687 51255680.0
728.3293136188147 68807830.0
728.5600589541114 89932150.0
728.7910433518591 111631620.0
729.0222668120575 129945260.0
729.2537293347069 137751740.0
729.4854309198073 130599260.0
729.7173715673584 108419750.0
729.9495512773606 78525784.0
730.1819700498136 51384380.0
730.4146278847174 33928876.0
730.6475247820722 24607330.0
730.8806607418778 19690796.0
731.1140357641343 17171016.0
731.3476498488419 14956341.0
731.5815029960002 12750071.0
731.8155952056094 10281647.0
732.0499264776695 8915389.0
732.2844968121806 8216327.5
732.5193062091423 7423482.5
732.754354668555 5991644.0
732.9896421904187 5348983.0
733.2251687747333 4935392.0
733.4609344214988 4497597.0
733.6969391307151 4697884.0
733.9331829023823 4987801.0
734.1696657365004 5187294.0
734.4063876330695 5693241.0
734.6433485920893 6175379.0
734.8805486135602 6851609.5
735.1179876974818 7116649.0
735.3556658438545 8056000.5
735.5935830526778 8455296.0
735.8317393239522 8755456.0
736.0701346576775 8150873.0
736.3087690538534 6572987.0
736.5476425124806 6248540.0
736.7867550335584 6168005.5
737.0261066170873 6751952.0
737.265697263067 7172338.0
737.5055269714976 7660903.0
737.745595742379 8730911.0
737.9859035757114 10444787.0
738.2264504714947 12556351.0
738.4672364297288 16720542.0
738.7082614504138 23635356.0
738.9495255335498 34385236.0
739.1910286791365 47818360.0
739.4327708871742 65339870.0
739.6747521576629 82188820.0
739.9169724906022 98120000.0
740.1594318859927 111117180.0
740.4021303438338 113174890.0
740.6450678641261 105439850.0
740.8882444468691 86872490.0
741.131660092063 61027524.0
741.3753147997079 37070696.0
741.6192085698036 23697904.0
741.8633414023502 17106196.0
742.1077132973477 14012266.0
742.352324254796 11598151.0
742.5971742746954 9581742.0
742.8422633570456 8634689.0
743.0875915018465 7711119.5
743.3331587090985 6400326.0
743.5789649788013 5552730.0
743.8250103109551 4850723.5
744.0712947055597 3819338.8
744.3178181626151 2922945.2
744.5645806821216 2324608.5
744.8115822640789 2295972.5
745.058822908487 2426261.8
745.3063026153461 2921879.5
745.554021384656 3308965.2
745.801979216417 3339594.5
746.0501761106286 3336096.5
746.2986120672912 3020424.8
746.5472870864048 3415038.5
746.7962011679691 4393699.0
747.0453543119845 4415313.0
747.2947465184507 4088773.0
747.5443777873677 3861272.8
747.7942481187357 3493435.2
748.0443575125546 2916532.2
748.2947059688242 2549201.5
748.545293487545 2348329.5
748.7961200687164 2608214.2
749.0471857123389 2526527.8
749.2984904184123 2570063.5
749.5500341869365 2486481.5
749.8018170179115 2136608.8
750.0538389113375 2135994.5
750.3060998672144 1759607.6
750.558599885542 1701179.8
750.8113389663208 1675721.8
751.0643171095503 2013208.2
751.3175343152308 1986229.0
751.570990583362 2024243.8
751.8246859139442 2046648.8
752.0786203069773 1928967.5
752.3327937624614 2058953.0
752.5872062803962 1982690.1
752.841857860782 2253174.2
753.0967485036186 2215754.0
753.3518782089062 2183803.0
753.6072469766447 2225156.5
753.8628548068339 2370878.5
754.1187016994742 2442303.5
754.3747876545652 2643110.5
754.6311126721073 2350914.8
754.8876767521001 2479756.0
755.144479894544 2693997.0
755.4015220994386 2469759.2
755.6588033667842 2459292.8
755.9163236965807 2357564.5
756.1740830888281 2783072.5
756.4320815435262 3090581.0
756.6903190606754 2956449.8
756.9487956402754 2611403.0
757.2075112823263 2759859.5
757.4664659868281 2693371.5
757.7256597537807 2697681.5
757.9850925831844 2554515.2
758.2447644750388 3077686.2
758.5046754293442 3640606.0
758.7648254461004 3735642.8
759.0252145253075 3950995.2
759.2858426669656 4020731.0
759.5467098710745 4615320.5
759.8078161376343 4563822.5
760.069161466645 4767178.5
760.3307458581066 5021626.0
760.5925693120191 5063086.0
760.8546318283825 5077818.5
761.1169334071967 4468971.0
761.3794740484618 3929072.2
761.6422537521778 3600589.8
761.9052725183449 3439638.0
762.1685303469626 4016187.5
762.4320272380314 3660621.2
762.6957631915509 3631950.2
762.9597382075215 3887488.5
763.2239522859428 3953017.2
763.4884054268151 3583280.2
763.7530976301382 3497957.2
764.0180288959123 3582040.2
764.2831992241372 3073044.5
764.5486086148131 3091351.2
764.8142570679397 3104153.5
765.0801445835173 3913194.5
765.3462711615459 4797449.0
765.6126368020252 4902374.0
765.8792415049556 5172690.0
766.1460852703367 6070869.5
766.4131680981689 6650404.5
766.6804899884517 6499472.5
766.9480509411856 6674300.5
767.2158509563703 6657062.0
767.483890034006 6361722.0
767.7521681740925 5577393.0
768.0206853766299 5219409.5
768.2894416416182 4528857.0
768.5584369690574 4364825.5
768.8276713589474 4191504.5
769.0971448112883 4528493.0
769.3668573260802 4968094.5
769.636808903323 4613246.5
769.9069995430166 5312567.0
770.1774292451611 5717393.0
770.4480980097566 5802288.0
770.7190058368028 5864563.0
770.9901527263 6420453.0
771.2615386782481 6605945.0
771.5331636926471 7578085.0
771.805027769497 8292989.0
772.0771309087978 9217546.0
772.3494731105494 10464290.0
772.622054374752 11773708.0
772.8948747014053 14947212.0
773.1679340905096 18064650.0
773.4412325420649 21020728.0
773.714770056071 23926328.0
773.9885466325279 24561380.0
774.2625622714359 23525678.0
774.5368169727947 22168668.0
774.8113107366042 20055528.0
775.0860435628648 15936744.0
775.3610154515762 11906488.0
775.6362264027387 8676610.0
775.9116764163518 7038127.0
776.1873654924159 6882393.0
776.4632936309309 6756682.0
776.7394608318967 6118995.5
777.0158670953135 5850359.0
777.2925124211812 5957059.5
777.5693968094998 6055303.0
777.8465202602692 5981216.0
778.1238827734896 6713407.0
778.4014843491608 6861127.5
778.6793249872829 7620314.0
778.957404687856 8150682.0
779.23572345088 8979515.0
779.5142812763546 11080465.0
779.7930781642804 13396762.0
780.0721141146569 14438626.0
780.3513891274845 16036348.0
780.6309032027627 18088866.0
780.9106563404919 18934556.0
781.1906485406721 20066004.0
781.4708798033031 18945742.0
781.7513501283851 16079221.0
782.0320595159178 14831792.0
782.3130079659015 14689082.0
782.5941954783361 15051464.0
782.8756220532216 16454918.0
783.157287690558 17159832.0
783.4391923903453 15396366.0
783.7213361525834 12932536.0
784.0037189772725 12354902.0
784.2863408644123 12124331.0
784.5692018140032 12004175.0
784.8523018260448 12131306.0
785.1356409005374 12416419.0
785.419219037481 13368256.0
785.7030362368753 14775192.0
785.9870924987206 15875949.0
786.2713878230167 15831325.0
786.5559222097638 15061116.0
786.8406956589616 13874134.0
787.1257081706106 13432921.0
787.4109597447102 13741051.0
787.6964503812609 13255236.0
787.9821800802623 12981226.0
788.2681488417147 13881930.0
788.554356665618 13974702.0
788.8408035519722 14762599.0
789.1274895007773 15830654.0
789.4144145120331 17550160.0
789.70157858574 16528019.0
789.9889817218977 16401429.0
790.2766239205064 17231124.0
790.5645051815659 18257478.0
790.8526255050763 19066168.0
791.1409848910375 19149328.0
791.4295833394498 20462698.0
791.7184208503128 23211224.0
792.0074974236268 26539780.0
792.2968130593916 28718050.0
792.5863677576074 30423682.0
792.876161518274 32127142.0
793.1661943413915 33294280.0
793.45646622696 33987550.0
793.7469771749792 33523980.0
794.0377271854495 32130808.0
794.3287162583705 31221230.0
794.6199443937426 31260824.0
794.9114115915653 32666882.0
795.2031178518391 34457012.0
795.4950631745637 34920104.0
795.7872475597393 34798184.0
796.0796710073657 35695896.0
796.372333517443 38130664.0
796.6652350899712 38681316.0
796.9583757249504 39416344.0
797.2517554223803 41459396.0
797.5453741822612 41971690.0
797.839232004593 44509476.0
798.1333288893755 47084664.0
798.4276648366092 51507664.0
798.7222398462935 56308600.0
799.0170539184289 60774404.0
799.3121070530151 62669004.0
799.6073992500523 64020776.0
799.9029305095402 65809210.0
800.1987008314792 67087844.0
800.4947102158688 67489890.0
800.7909586627096 67008090.0
801.0874461720011 67353930.0
801.3841727437435 69337020.0
801.6811383779369 69371850.0
801.9783430745811 68027070.0
802.2757868336762 65283390.0
802.5734696552222 63186076.0
802.8713915392192 59567376.0
803.1695524856669 55668090.0
803.4679524945657 52842764.0
803.7665915659152 52232144.0
804.0654696997157 50714790.0
804.364586895967 49100004.0
804.6639431546693 51538690.0
804.9635384758224 53727424.0
805.2633728594265 55543420.0
805.5634463054813 57171016.0
805.863758813987 59643800.0
806.1643103849437 62077116.0
806.4651010183513 64142650.0
806.7661307142098 65311460.0
807.0673994725191 64744190.0
807.3689072932794 64468624.0
807.6706541764905 64964856.0
807.9726401221526 64942470.0
808.2748651302655 67010810.0
808.5773292008294 70516776.0
808.880032333844 76470300.0
809.1829745293097 85591040.0
809.4861557872262 98943810.0
809.7895761075936 116527040.0
810.0932354904118 136774900.0
810.3971339356808 156647980.0
810.701271443401 178373300.0
811.0056480135719 200500380.0
811.3102636461938 218450370.0
811.6151183412665 229475620.0
811.9202120987901 240421780.0
812.2255449187645 241099940.0
812.5311168011899 225087380.0
812.8369277460662 199668740.0
813.1429777533934 177035200.0
813.4492668231715 159585200.0
813.7557949554005 144876580.0
814.0625621500802 132489000.0
814.3695684072109 124225660.0
814.6768137267925 115544110.0
814.984298108825 108417370.0
815.2920215533085 101421130.0
815.5999840602427 98999680.0
815.908185629628 92575100.0
816.216626261464 85371380.0
816.5253059557509 76034500.0
816.8342247124888 67993930.0
817.1433825316776 63534010.0
817.4527794133171 57332100.0
817.7624153574077 48962104.0
818.072290363949 43179124.0
818.3824044329415 39940776.0
818.6927575643846 39658944.0
819.0033497582787 42121600.0
819.3141810146236 44162800.0
819.6252513334194 46831956.0
819.9365607146663 49918970.0
820.2481091583638 54616490.0
820.5598966645124 60846480.0
820.8719232331118 67419210.0
821.1841888641621 72685390.0
821.4966935576633 82014744.0
821.8094373136155 95018290.0
822.1224201320184 109483980.0
822.4356420128723 126500750.0
822.749102956177 144050000.0
823.0628029619327 162738820.0
823.3767420301392 185478220.0
823.6909201607966 210741100.0
824.005337353905 240223140.0
824.3199936094642 273505860.0
824.6348889274743 299985200.0
824.9500233079352 311554500.0
825.2653967508472 307014560.0
825.5810092562099 281089000.0
825.8968608240236 244373220.0
826.2129514542881 200264420.0
826.5292811470036 149926580.0
826.8458499021699 106926960.0
827.1626577197871 75782136.0
827.4797045998553 56784296.0
827.7969905423743 45993720.0
828.1145155473441 38013748.0
828.4322796147649 33603670.0
828.7502827446367 29724076.0
829.0685249369592 25092412.0
829.3870061917327 19752204.0
829.705726508957 16434350.0
830.0246858886322 14973731.0
830.3438843307583 12425278.0
830.6633218353354 11357578.0
830.9829984023633 10166496.0
831.3029140318422 9133898.0
831.6230687237718 9227646.0
831.9434624781525 8935211.0
832.2640952949838 8296164.0
832.5849671742662 8273480.5
832.9060781159994 8327777.5
833.2274281201835 8538276.0
833.5490171868187 8747911.0
833.8708453159045 9205069.0
834.1929125074414 10040527.0
834.515218761429 9916842.0
834.8377640778676 10173513.0
835.160548456757 10269012.0
835.4835718980975 10743594.0
835.8068344018886 10980218.0
836.1303359681309 11280328.0
836.4540765968239 12900165.0
836.778056287968 14119276.0
837.1022750415626 14610970.0
837.4267328576084 15545911.0
837.7514297361049 16206082.0
838.0763656770524 16805310.0
838.4015406804508 16439174.0
838.7269547463001 18061902.0
839.0526078746003 19650404.0
839.3785000653513 19844184.0
839.7046313185533 20642250.0
840.0310016342061 20935580.0
840.3576110123099 20125354.0
840.6844594528644 19407742.0
841.01154695587 17707778.0
841.3388735213264 17457456.0
841.6664391492336 18113458.0
841.9942438395917 18017000.0
842.3222875924008 19190036.0
842.6505704076608 20860996.0
842.9790922853716 21120288.0
843.3078532255333 20765812.0
843.636853228146 19920262.0
843.9660922932096 18687758.0
844.2955704207238 18591552.0
844.6252876106893 18570702.0
844.9552438631054 18579476.0
845.2854391779725 18640200.0
845.6158735552905 18488216.0
845.9465469950594 17996984.0
846.2774594972791 18309388.0
846.6086110619498 20306568.0
846.9400016890712 22182452.0
847.2716313786436 25324620.0
847.603500130667 27831916.0
847.9356079451411 31135096.0
848.2679548220663 34605452.0
848.6005407614422 39214948.0
848.9333657632692 43372716.0
849.2664298275467 45880760.0
849.5997329542755 50798836.0
849.933275143455 52269890.0
850.2670563950855 54184496.0
850.6010767091668 56527120.0
850.935336085699 57696404.0
851.2698345246821 56322910.0
851.6045720261161 53759780.0
851.939548590001 53188130.0
852.2747642163367 52302900.0
852.6102189051235 50325560.0
852.9459126563609 47467680.0
853.2818454700493 43397464.0
853.6180173461887 38073130.0
853.9544282847789 31752898.0
854.29107828582 27315468.0
854.627967349312 25191970.0
854.9650954752549 25698930.0
855.3024626636488 26405342.0
855.6400689144934 27847248.0
855.9779142277889 28799722.0
856.3159986035355 29973796.0
856.6543220417327 32463104.0
856.992884542381 34860212.0
857.33168610548 35964164.0
857.6707267310301 38546464.0
858.010006419031 41492270.0
858.3495251694828 44418440.0
858.6892829823855 46298120.0
859.0292798577391 47944464.0
859.3695157955435 50309820.0
859.709990795799 55266104.0
860.0507048585051 57724964.0
860.3916579836623 58022030.0
860.7328501712702 59442264.0
861.0742814213293 62351430.0
861.415951733839 67953750.0
861.7578611087997 73504140.0
862.1000095462114 78028920.0
862.4423970460737 80172960.0
862.7850236083872 79579896.0
863.1278892331513 76157130.0
863.4709939203666 70221410.0
863.8143376700325 62688740.0
864.1579204821496 55067356.0
864.5017423567174 47750504.0
864.845803293736 40347440.0
865.1901032932057 33072458.0
865.5346423551262 27886860.0
865.8794204794975 24617892.0
866.2244376663198 23062644.0
866.569693915593 23744048.0
866.9151892273169 24998092.0
867.2609236014919 26195308.0
867.6068970381177 27789340.0
867.9531095371945 30950188.0
868.299561098722 34204300.0
868.6462517227006 36900290.0
868.9931814091299 39179436.0
869.3403501580103 42897036.0
869.6877579693414 48049440.0
870.0354048431236 54231516.0
870.3832907793565 57377336.0
870.7314157780402 61420704.0
871.079779839175 65505410.0
871.4283829627606 67024270.0
871.7772251487971 71308180.0
872.1263063972845 76850630.0
872.4756267082229 82153870.0
872.825186081612 85182350.0
873.1749845174521 84156270.0
873.525022015743 79260140.0
873.875298576485 71600080.0
874.2258141996776 61475340.0
874.5765688853213 49300850.0
874.9275626334158 42536624.0
875.2787954439613 40224756.0
875.6302673169575 39938124.0
875.9819782524048 41269890.0
876.3339282503027 43022530.0
876.6861173106518 43072330.0
877.0385454334516 44092076.0
877.3912126187024 43058784.0
877.744118866404 40842536.0
878.0972641765566 38520584.0
878.45064854916 35910404.0
878.8042719842143 32531104.0
879.1581344817196 27717498.0
879.5122360416756 22391800.0
879.8665766640827 18553984.0
880.2211563489404 16637262.0
880.5759750962493 15443814.0
880.9310329060089 15690754.0
881.2863297782194 15844868.0
881.6418657128809 15364865.0
881.9976407099932 15889974.0
882.3536547695564 15181831.0
882.7099078915705 15452520.0
883.0664000760355 17223874.0
883.4231313229513 18042852.0
883.7801016323183 17909086.0
884.1373110041359 17920002.0
884.4947594384045 18752182.0
884.8524469351239 19440402.0
885.2103734942943 18967354.0
885.5685391159154 17823572.0
885.9269437999875 16554549.0
886.2855875465107 15856494.0
886.6444703554844 15742360.0
887.0035922269093 15732975.0
887.3629531607849 15782709.0
887.7225531571116 15964209.0
888.082392215889 16001650.0
888.4424703371174 16639416.0
888.8027875207965 17134776.0
889.1633437669268 17330528.0
889.5241390755077 18193320.0
889.8851734465397 19337872.0
890.2464468800224 21152012.0
890.6079593759562 23210612.0
890.9697109343408 24472752.0
891.3317015551763 27350418.0
891.6939312384626 31396148.0
892.0563999841997 36107340.0
892.419107792388 40075804.0
892.7820546630269 42837470.0
893.145240596117 44820996.0
893.5086655916577 46432344.0
893.8723296496495 48403536.0
894.2362327700921 47899680.0
894.6003749529856 47730950.0
894.96475619833 52411940.0
895.3293765061252 56994000.0
895.6942358763713 61473164.0
896.0593343090684 67072430.0
896.4246718042164 73690390.0
896.7902483618151 74996510.0
897.1560639818649 74373770.0
897.5221186643654 74982260.0
897.888412409317 70728024.0
898.2549452167193 58248130.0
898.6217170865726 44762224.0
898.9887280188768 33125028.0
899.3559780136319 25199302.0
899.7234670708378 22078492.0
900.0911951904947 18625372.0
900.4591623726023 15883319.0
900.827368617161 14132206.0
901.1958139241705 13721651.0
901.5644982936308 14386635.0
901.9334217255422 13474086.0
902.3025842199042 12603890.0
902.6719857767174 11799115.0
903.0416263959813 11493775.0
903.4115060776962 11721885.0
903.7816248218619 11072098.0
904.1519826284787 11444080.0
904.5225794975461 12651811.0
904.8934154290646 12069938.0
905.2644904230337 11170085.0
905.635804479454 10895482.0
906.0073575983251 11090321.0
906.3791497796472 11109592.0
906.7511810234199 10760222.0
907.1234513296438 10644814.0
907.4959606983184 11181301.0
907.8687091294438 10922456.0
908.2416966230203 10600922.0
908.6149231790475 10503139.0
908.9883887975259 10811299.0
909.3620934784549 9984689.0
909.736037221835 9052861.0
910.1102200276657 8888978.0
910.4846418959476 8896379.0
910.8593028266802 8670261.0
911.2342028198638 8033068.0
911.6093418754981 8251874.5
911.9847199935836 9552576.0
912.3603371741196 9453301.0
912.7361934171067 8982565.0
913.1122887225448 9183125.0
913.4886230904336 9126423.0
913.8651965207735 10030298.0
914.242009013564 10937815.0
914.6190605688057 11061066.0
914.996351186498 11729618.0
915.3738808666415 12221912.0
915.7516496092356 12417170.0
916.1296574142808 13127559.0
916.5079042817767 13465388.0
916.8863902117237 14029075.0
917.2651152041215 14918019.0
917.6440792589702 14860544.0
918.0232823762697 15383078.0
918.4027245560201 15471009.0
918.7824057982216 15164779.0
919.1623261028737 12784701.0
919.542485469977 12165169.0
919.9228838995309 11284276.0
920.3035213915359 10592329.0
920.6843979459916 11922140.0
921.0655135628983 12696586.0
921.446868242256 13300916.0
921.8284619840645 14036626.0
922.2102947883237 14470259.0
922.5923666550341 14345071.0
922.9746775841952 14274485.0
923.3572275758072 15510705.0
923.7400166298701 17029744.0
924.1230447463838 17463278.0
924.5063119253487 18074624.0
924.8898181667641 19242174.0
925.2735634706307 19006010.0
925.657547836948 18189402.0
926.0417712657163 18418102.0
926.4262337569354 18020834.0
926.8109353106056 16381811.0
927.1958759267263 15385678.0
927.5810556052983 14014055.0
927.966474346321 13921060.0
928.3521321497947 13737412.0
928.7380290157191 13908785.0
929.1241649440944 14409172.0
929.5105399349206 14484196.0
929.8971539881978 14428564.0
930.2840071039259 13614985.0
930.6710992821048 12595792.0
931.0584305227347 12362912.0
931.4460008258154 11929408.0
931.8338101913471 11360022.0
932.2218586193296 10350421.0
932.610146109763 8980126.0
932.9986726626472 7437302.0
933.3874382779825 5478055.0
933.7764429557685 4082656.0
934.1656866960054 3320060.0
934.5551694986933 3424974.0
934.9448913638321 3259432.2
935.3348522914216 2851553.5
935.7250522814621 2846523.5
936.1154913339535 2968447.8
936.5061694488959 3036343.5
936.8970866262891 3414184.8
937.288242866133 3555444.5
937.6796381684281 3705739.5
938.0712725331739 3617905.5
938.4631459603708 3624859.8
938.8552584500184 4071057.0
939.247610002117 4303497.0
939.6402006166663 4037413.5
940.0330302936667 4078133.8
940.4260990331178 4289096.0
940.8194068350199 4690874.0
941.212953699373 4762987.0
941.6067396261767 4598189.5
942.0007646154315 5533661.0
942.3950286671371 5566985.0
942.7895317812938 4816763.0
943.184273957901 4330289.0
943.5792551969595 4431159.5
943.9744754984687 4200381.0
944.3699348624289 4127652.0
944.7656332888398 4265488.0
945.1615707777016 3890329.8
945.5577473290144 3785792.0
945.9541629427781 3554275.5
946.3508176189927 3561057.8
946.7477113576581 3429659.5
947.1448441587745 3373195.0
947.5422160223416 3802536.5
947.9398269483597 3967753.5
948.3376769368288 3909065.2
948.7357659877487 4592408.5
949.1340941011194 4973694.5
949.5326612769411 5157857.0
949.9314675152136 5553307.0
950.3305128159373 5612170.0
950.7297971791115 6234530.0
951.1293206047367 6710910.5
951.5290830928128 7572652.5
951.9290846433399 7175704.5
952.3293252563178 5885632.0
952.7298049317465 5200715.0
953.1305236696262 5582854.0
953.5314814699568 6132485.0
953.9326783327383 6054100.0
954.3341142579707 6075382.5
954.7357892456539 6024129.0
955.137703295788 5850205.5
955.5398564083731 5880334.5
955.942248583409 5602376.0
956.3448798208958 4979592.0
956.7477501208334 4522803.0
957.1508594832221 5126495.0
957.5542079080615 4978097.5
957.9577953953519 4452662.0
958.3616219450932 4525715.0
958.7656875572852 4016915.2
959.1699922319283 3701224.0
959.5745359690222 4001309.8
959.979318768567 4365663.5
960.3843406305627 4490802.5
960.7896015550094 4949479.5
961.1951015419069 5352374.0
961.6008405912553 5300709.5
962.0068187030545 5695267.0
962.4130358773048 5459952.5
962.8194921140057 5484807.5
963.2261874131577 5458542.0
963.6331217747605 5862743.0
964.0402951988142 6194229.5
964.4477076853188 7176253.0
964.8553592342744 7470230.0
965.2632498456808 7389159.0
965.671379519538 6149135.0
966.0797482558462 6521841.0
966.4883560546052 6576730.0
966.8972029158153 5833356.0
967.3062888394761 5801504.0
967.7156138255879 5259624.0
968.1251778741505 4284173.5
968.534980985164 4209758.0
968.9450231586284 3970671.5
969.3553043945437 4080327.5
969.7658246929099 4080168.5
970.1765840537269 3612814.0
970.5875824769948 3267412.0
970.9988199627137 2816257.0
971.4102965108834 3302876.5
971.822012121504 3477579.8
972.2339667945757 3812533.0
972.6461605300981 3547882.8
973.0585933280714 3706587.2
973.4712651884955 3697143.5
973.8841761113707 4070672.2
974.2973260966967 4084324.5
974.7107151444736 5234935.0
975.1243432547012 5325945.5
975.5382104273799 5383904.5
975.9523166625095 5246723.0
976.3666619600898 5718770.0
976.7812463201212 6287444.0
977.1960697426034 7076179.5
977.6111322275365 8569556.0
978.0264337749204 9284476.0
978.4419743847554 8826651.0
978.8577540570411 8610030.0
979.2737727917779 8486541.0
979.6900305889653 7941639.5
980.1065274486039 6941931.0
980.523263370693 6259572.5
980.9402383552333 5676997.5
981.3574524022245 5678384.5
981.7749055116664 6441989.0
982.1925976835594 6933689.0
982.6105289179031 7415572.5
983.0286992146978 7469716.0
983.4471085739433 7802035.5
983.8657569956398 8316526.0
984.2846444797872 9382866.0
984.7037710263854 10796952.0
985.1231366354345 11192390.0
985.5427413069345 10952711.0
985.9625850408854 11837771.0
986.3826678372873 11662031.0
986.8029896961399 11206444.0
987.2235506174435 11852864.0
987.6443506011979 12166565.0
988.0653896474032 11296318.0
988.4866677560595 11214208.0
988.9081849271665 11109790.0
989.3299411607247 10287095.0
989.7519364567336 10599495.0
990.1741708151934 9619158.0
990.5966442361041 8773799.0
991.0193567194657 8227665.5
991.4423082652781 7839785.0
991.8654988735416 7815940.0
992.2889285442558 7366052.0
992.712597277421 6720096.0
993.1365050730369 6267101.0
993.5606519311038 5893348.0
993.9850378516217 6759695.5
994.4096628345903 7784492.0
994.83452688001 7468680.0
995.2596299878804 7054167.5
995.6849721582018 7954583.0
996.110553390974 8941708.0
996.5363736861973 9567691.0
996.9624330438713 10189508.0
997.3887314639962 10020788.0
997.8152689465721 10105136.0
998.2420454915989 10065678.0
998.6690610990764 9449332.0
999.0963157690048 9024543.0
999.5238095013843 8531710.0
999.9515422962145 7903462.5
1000.3795141534958 7737410.5
1000.8077250732279 7594204.5
1001.2361750554107 5927850.0
1001.6648641000446 5304304.0
1002.0937922071294 5243158.0
1002.522959376665 4747777.5
1002.9523656086515 4875388.0
1003.3820109030889 5063146.0
1003.8118952599773 5120012.0
1004.2420186793163 5056765.0
1004.6723811611065 5018231.0
1005.1029827053474 5816059.0
1005.5338233120393 6960999.0
1005.9649029811819 6799510.5
1006.3962217127755 7455128.0
1006.8277795068202 8921807.0
1007.2595763633155 10110154.0
1007.6916122822619 11090280.0
1008.1238872636591 12426445.0
1008.5564013075071 13774549.0
1008.9891544138061 14949524.0
1009.422146582556 16188785.0
1009.8553778137567 17568328.0
1010.2888481074084 18333538.0
1010.7225574635108 19166964.0
1011.1565058820644 21578210.0
1011.5906933630686 22204716.0
1012.0251199065237 21681372.0
1012.45978551243 19944696.0
1012.8946901807869 17395676.0
1013.3298339115948 13634314.0
1013.7652167048535 8753804.0
1014.2008385605632 7275776.0
1014.6366994787238 6195392.5
1015.0727994593352 5280314.0
1015.5091385023975 5166720.5
1015.9457166079108 5194535.5
1016.3825337758749 5362603.0
1016.8195900062899 5819259.0
1017.2568852991558 5902490.5
1017.6944196544725 6566885.0
1018.1321930722402 8302992.0
1018.5702055524587 9112406.0
1019.0084570951283 9893769.0
1019.4469477002485 10497114.0
1019.8856773678198 11978242.0
1020.3246460978419 13212195.0
1020.763853890315 13683212.0
1021.2033007452387 14049354.0
1021.6429866626136 15158185.0
1022.0829116424393 16829932.0
1022.5230756847159 17884750.0
1022.9634787894433 17173896.0
1023.4041209566217 17843778.0
1023.8450021862509 17165904.0
1024.286122478331 12898459.0
1024.727481832862 10325661.0
1025.1690802498438 7036925.5
1025.6109177292767 4842209.5
1026.0529942711605 4340901.0
1026.495309875495 3528553.0
1026.9378645422805 2751601.2
1027.380658271517 2466413.0
1027.823691063204 2384977.8
1028.2669629173424 1756831.5
1028.7104738339312 1902212.5
1029.1542238129714 1865883.2
1029.598212854462 1461271.5
1030.0424409584039 1377091.9
1030.4869081247964 1121110.4
1030.9316143536398 1298973.6
1031.376559644934 983559.94
1031.8217439986793 926930.4
1032.2671674148755 869646.6
1032.7128298935227 1212228.0
1033.1587314346207 1156709.5
1033.6048720381693 988703.25
1034.051251704169 874237.0
1034.4978704326197 975768.75
1034.9447282235212 1025162.9
1035.3918250768736 1082943.8
1035.8391609926769 1177474.1
1036.286735970931 1209481.9
1036.734550011636 1011111.9
1037.182603114792 820584.25
1037.6308952803988 1056074.0
1038.0794265084567 986773.8
1038.5281967989652 892190.25
1038.9772061519247 879022.75
1039.426454567335 886363.1
1039.8759420451966 793235.25
1040.3256685855085 949100.3
1040.7756341882716 1075296.5
1041.2258388534856 943241.1
1041.6762825811506 1003693.06
1042.1269653712661 908440.25
1042.577887223833 1376442.4
1043.0290481388504 1441543.6
1043.4804481163187 1354887.4
1043.9320871562381 1438963.0
1044.3839652586082 1257425.6
1044.8360824234294 1307461.4
1045.2884386507012 1255767.4
1045.7410339404241 1747611.1
1046.193868292598 1809531.5
1046.6469417072226 1955066.4
1047.1002541842981 1506781.0
1047.5538057238246 1752750.0
1048.0075963258018 2015590.0
1048.46162599023 1590891.8
1048.915894717109 1655550.2
1049.3704025064392 1892066.8
1049.82514935822 1384240.2
1050.2801352724516 1232786.5
1050.7353602491344 1518153.0
1051.1908242882678 1603217.5
1051.6465273898525 1474879.5
1052.1024695538877 1509433.5
1052.558650780374 1770753.6
1053.015071069311 1875165.0
1053.471730420699 1810776.2
1053.928628834538 1530731.8
1054.3857663108276 1333254.2
1054.8431428495683 1325967.6
1055.30075845076 1769723.1
1055.7586131144024 564907.4
1056.2167068404956 -881410.9
1056.67503962904 -2124318.5
1057.133611480035 -4319104.5
1057.592422393481 -5941207.0
1058.0514723693777 -7518642.5
1058.5107614077258 -9551030.0
1058.9702895085243 -11539471.0
1059.4300566717739 -13072295.0
1059.8900628974743 -14757672.0
1060.3503081856259 -16746251.0
1060.8107925362278 -18729674.0
1061.2715159492811 -20587408.0
1061.732478424785 -22513342.0
1062.1936799627401 -24376144.0
1062.6551205631458 -26241172.0
1063.1168002260026 -28390558.0
1063.57871895131 -30100404.0
1064.0408767390686 0.0
1064.503273589278 0.0
1064.965909501938 0.0
1065.4287844770492 0.0
1065.8918985146113 0.0
1066.3552516146242 0.0
1066.818843777088 0.0
1067.2826750020029 0.0
1067.7467452893684 0.0
1068.211054639185 0.0
1068.6756030514523 0.0
1069.1403905261704 0.0
1069.6054170633397 0.0
1070.0706826629596 0.0
1070.5361873250306 0.0
1071.0019310495525 0.0
1071.4679138365252 0.0
1071.9341356859486 0.0
