string
description: px_shifted, calibration parameter: [ 1.19531225e-04 -2.30194563e-02  6.18194146e+02]
converted file:R_100ms_Fe_S3_x_2_20_binned_y back: data/dark_100msRZP-structure:___RZP_S3100msRoi:[0, 1040, 2048, 2048]
eV counts/s
618.1712462133476 1667414.8
618.1485853507007 1813628.9
618.1261635505048 1964189.0
618.1039808127597 2154301.8
618.0820371374655 2277980.2
618.0603325246223 2606266.0
618.0388669742298 2171599.8
618.0176404862883 1906530.0
617.9966530607976 2174273.0
617.9759046977579 2168234.0
617.955395397169 2240837.2
617.9351251590311 1919823.1
617.9150939833439 2192626.8
617.8953018701078 2510930.2
617.8757488193226 2136756.5
617.8564348309881 2187031.5
617.8373599051046 2536102.0
617.8185240416719 2578172.0
617.7999272406903 2347359.0
617.7815695021593 1952607.5
617.7634508260794 2247334.0
617.7455712124504 2482194.0
617.7279306612722 2206225.0
617.7105291725449 1903396.0
617.6933667462686 1964497.2
617.676443382443 2003028.6
617.6597590810685 1908509.8
617.6433138421447 1838480.2
617.6271076656718 2269919.5
617.6111405516499 2038884.0
617.5954125000789 1999384.9
617.5799235109587 2289730.2
617.5646735842894 2359159.5
617.5496627200711 2315586.2
617.5348909183035 2300674.8
617.520358178987 1843864.2
617.5060645021213 2613717.0
617.4920098877064 3143537.8
617.4781943357425 3004136.0
617.4646178462295 3148569.8
617.4512804191673 3465065.5
617.4381820545561 3376798.0
617.4253227523957 3186008.5
617.4127025126862 3408222.2
617.4003213354276 3370588.0
617.3881792206199 3066112.0
617.3762761682632 2507562.8
617.3646121783572 2429828.5
617.3531872509022 2167015.5
617.342001385898 1821607.4
617.3310545833449 2036444.2
617.3203468432424 1812932.5
617.309878165591 1768193.9
617.2996485503904 1853146.1
617.2896579976408 2071470.0
617.2799065073419 2325676.0
617.270394079494 2516193.0
617.261120714097 2759232.0
617.2520864111508 2349015.2
617.2432911706557 2520326.0
617.2347349926113 3366672.8
617.2264178770179 3912638.8
617.2183398238752 3146147.5
617.2105008331837 2897492.0
617.2029009049428 3016822.8
617.195540039153 3118801.5
617.188418235814 2537607.5
617.1815354949258 2170493.0
617.1748918164886 2558835.8
617.1684872005023 2625892.5
617.1623216469668 2511911.0
617.1563951558823 2774846.2
617.1507077272486 3257993.8
617.1452593610658 3330432.5
617.140050057334 3404893.5
617.1350798160529 4270267.5
617.1303486372229 4121636.2
617.1258565208436 4079285.2
617.1216034669154 4387242.0
617.1175894754379 4367018.0
617.1138145464114 4880241.0
617.1102786798357 4773495.0
617.106981875711 4898244.5
617.1039241340371 4829027.5
617.1011054548142 4824101.0
617.0985258380421 4492313.5
617.0961852837207 3669411.2
617.0940837918505 3615824.0
617.092221362431 3494765.0
617.0905979954625 3524971.0
617.0892136909449 3605558.0
617.0880684488782 3951941.2
617.0871622692623 3874055.2
617.0864951520974 3488779.5
617.0860670973833 4058828.8
617.0858781051202 5696453.0
617.0859281753078 6684040.0
617.0862173079464 7203484.0
617.0867455030359 7720977.0
617.0875127605763 6813179.0
617.0885190805675 4960599.5
617.0897644630096 3140507.5
617.0912489079027 2076859.4
617.0929724152465 1723701.9
617.0949349850415 1618761.5
617.0971366172871 1821337.2
617.0995773119838 2128527.8
617.1022570691313 2151716.8
617.1051758887297 1693673.6
617.1083337707789 1419755.6
617.1117307152791 1533505.8
617.1153667222302 1593992.8
617.1192417916321 1871086.1
617.123355923485 1782423.9
617.1277091177888 2020653.9
617.1323013745433 2339043.0
617.1371326937488 2234502.2
617.1422030754052 3165056.0
617.1475125195125 3702304.5
617.1530610260706 4490809.0
617.1588485950797 4704064.5
617.1648752265397 5293516.0
617.1711409204505 5706698.0
617.1776456768123 5992890.0
617.1843894956249 7058620.0
617.1913723768885 7670299.5
617.1985943206029 7526404.0
617.2060553267681 6836537.0
617.2137553953843 6656524.0
617.2216945264513 5733030.0
617.2298727199694 6184247.0
617.2382899759382 6090275.5
617.246946294358 5270044.0
617.2558416752286 3909294.8
617.2649761185502 2852312.0
617.2743496243226 2172681.5
617.2839621925459 1643516.8
617.29381382322 1129722.5
617.3039045163453 1001828.0
617.3142342719211 917122.4
617.3248030899481 1227946.5
617.3356109704258 950322.44
617.3466579133545 914893.25
617.357943918734 1000681.6
617.3694689865644 1282431.9
617.3812331168458 1114905.9
617.3932363095779 911636.5
617.4054785647611 794480.1
617.417959882395 497832.06
617.43068026248 465064.53
617.4436397050157 688939.1
617.4568382100024 986298.9
617.47027577744 1052448.0
617.4839524073284 1358098.9
617.4978680996677 1987546.5
617.512022854458 3091719.0
617.526416671699 3910383.8
617.5410495513911 5572004.0
617.555921493534 6125437.5
617.5710324981277 7136803.0
617.5863825651725 7377684.5
617.601971694668 7898357.5
617.6177998866144 6973322.5
617.6338671410118 4783368.0
617.6501734578601 3453624.8
617.6667188371591 3418613.5
617.6835032789093 3533558.8
617.70052678311 3794594.0
617.7177893497619 3801018.5
617.7352909788646 4292274.0
617.7530316704182 4464817.0
617.7710114244226 5229084.0
617.7892302408779 4905465.5
617.8076881197842 4916439.0
617.8263850611413 5050627.0
617.8453210649494 4636436.0
617.8644961312083 4797992.0
617.8839102599181 5247027.5
617.9035634510788 6373630.5
617.9234557046905 9456676.0
617.9435870207528 12137640.0
617.9639573992663 13644731.0
617.9845668402305 14747725.0
618.0054153436457 14605289.0
618.0265029095117 12639295.0
618.0478295378288 9928718.0
618.0693952285965 7297777.5
618.0911999818152 6033327.5
618.1132437974848 3849476.5
618.1355266756052 2983808.5
618.1580486161766 2547220.2
618.180809619199 2128460.8
618.2038096846721 1300632.4
618.2270488125961 1348423.6
618.2505270029711 1330113.1
618.2742442557969 1383984.4
618.2982005710737 1177864.2
618.3223959488013 1076167.8
618.3468303889798 818195.3
618.3715038916091 943157.75
618.3964164566895 935450.0
618.4215680842207 836756.56
618.4469587742026 811495.3
618.4725885266356 1131253.0
618.4984573415195 1394992.5
618.5245652188543 918825.0
618.5509121586398 1051549.5
618.5774981608764 1113264.5
618.6043232255638 1603151.2
618.6313873527021 1743498.8
618.6586905422912 1824383.8
618.6862327943314 1765487.2
618.7140141088223 1724921.4
618.7420344857642 2087624.5
618.7702939251569 3068184.5
618.7987924270005 4019528.5
618.827529991295 5385151.0
618.8565066180404 7283195.0
618.8857223072368 9737711.0
618.915177058884 11249551.0
618.944870872982 11634796.0
618.974803749531 10571529.0
619.004975688531 9107212.0
619.0353866899817 6870450.5
619.0660367538834 4440138.0
619.0969258802359 2976831.0
619.1280540690393 2699978.0
619.1594213202936 2622533.0
619.1910276339989 2133218.0
619.2228730101549 1948503.1
619.2549574487618 1484650.0
619.2872809498198 1437138.5
619.3198435133286 1276471.4
619.3526451392883 1457249.8
619.3856858276988 1219439.8
619.4189655785602 978659.06
619.4524843918725 689448.75
619.4862422676358 772245.9
619.5202392058499 1036018.25
619.5544752065149 1187892.9
619.5889502696308 1069629.8
619.6236643951976 1240021.0
619.6586175832152 1087293.6
619.6938098336839 1360026.0
619.7292411466033 1810467.5
619.7649115219735 2445522.0
619.8008209597948 3237802.5
619.8369694600669 3515360.2
619.8733570227901 4794041.0
619.9099836479638 5630246.0
619.9468493355887 6083852.5
619.9839540856643 6786040.5
620.0212978981909 6922050.0
620.0588807731684 7833077.5
620.0967027105968 7020024.0
620.134763710476 5439383.0
620.1730637728062 4440822.0
620.2116028975872 2953906.2
620.2503810848191 2078014.8
620.2893983345019 1429263.8
620.3286546466355 1000528.06
620.3681500212202 1145727.0
620.4078844582556 1426911.2
620.447857957742 1176440.8
620.4880705196792 992556.8
620.5285221440674 1152949.9
620.5692128309064 975439.44
620.6101425801965 1027497.8
620.6513113919372 980267.8
620.692719266129 1134166.9
620.7343662027715 1084405.0
620.7762522018651 841795.6
620.8183772634094 678017.1
620.8607413874046 879768.7
620.9033445738509 862624.75
620.9461868227478 796878.75
620.9892681340958 712641.1
621.0325885078946 675822.6
621.0761479441444 1210241.1
621.1199464428449 1226878.5
621.1639840039965 1344978.2
621.2082606275989 1411252.8
621.2527763136521 1335965.1
621.2975310621563 1346926.0
621.3425248731114 1158800.4
621.3877577465173 1046876.9
621.4332296823742 1060948.2
621.478940680682 969508.2
621.5248907414405 1094670.4
621.5710798646501 1062977.8
621.6175080503104 1065673.1
621.6641752984218 1040009.94
621.7110816089839 1147965.1
621.758226981997 1080560.2
621.8056114174609 1089403.9
621.8532349153759 1056069.8
621.9010974757415 1094736.4
621.9491990985582 1450988.2
621.9975397838257 1295517.6
622.0461195315442 1259867.2
622.0949383417135 1331941.4
622.1439962143336 1359740.8
622.1932931494047 1453632.8
622.2428291469266 1920830.1
622.2926042068996 1933564.8
622.3426183293233 1581850.6
622.392871514198 1594895.0
622.4433637615234 1823745.0
622.4940950713 1730542.0
622.5450654435272 1609601.5
622.5962748782055 1384431.1
622.6477233753345 1347626.2
622.6994109349146 1323892.0
622.7513375569454 1266742.0
622.8035032414273 1488733.6
622.8559079883598 1731474.4
622.9085517977434 1576883.9
622.9614346695778 1391782.2
623.0145566038631 1790214.5
623.0679176005993 2043234.0
623.1215176597865 2102954.0
623.1753567814245 2207928.2
623.2294349655133 2448801.0
623.2837522120532 2607454.0
623.3383085210438 2245442.8
623.3931038924854 2314288.8
623.4481383263778 3079442.2
623.5034118227212 3014935.2
623.5589243815153 3659281.2
623.6146760027606 5318487.0
623.6706666864566 6035405.5
623.7268964326033 6236568.0
623.7833652412012 6535241.0
623.8400731122499 6471990.0
623.8970200457495 6736121.0
623.9542060416999 6200135.5
624.0116311001013 4970583.0
624.0692952209534 3664734.5
624.1271984042567 2725297.5
624.1853406500106 2193175.8
624.2437219582156 2135074.5
624.3023423288714 2344789.5
624.3612017619781 2192878.8
624.4203002575357 1786472.8
624.4796378155443 1767432.0
624.5392144360035 1333481.0
624.5990301189137 955353.1
624.659084864275 909400.75
624.7193786720869 1285195.5
624.7799115423499 1380540.0
624.8406834750637 1366835.8
624.9016944702284 1550063.0
624.962944527844 1210290.6
625.0244336479105 959877.56
625.0861618304278 949901.0
625.1481290753961 1214557.0
625.2103353828153 1250143.8
625.2727807526853 1304994.6
625.3354651850062 1689997.4
625.398388679778 2201357.2
625.4615512370008 2317631.5
625.5249528566744 2235780.2
625.5885935387989 2172217.8
625.6524732833743 2568888.2
625.7165920904006 2988653.0
625.7809499598777 3416115.5
625.8455468918058 3145170.5
625.9103828861847 3461882.5
625.9754579430146 4115654.5
626.0407720622953 3822234.5
626.106325244027 3395545.2
626.1721174882094 2864410.0
626.2381487948429 2595592.8
626.3044191639272 1931531.5
626.3709285954623 1934782.6
626.4376770894484 1608837.6
626.5046646458853 1626051.8
626.5718912647732 1599169.4
626.6393569461119 1460374.8
626.7070616899016 1388856.1
626.7750054961421 1240405.8
626.8431883648335 1779070.0
626.9116102959758 1729303.2
626.980271289569 1622589.4
627.0491713456131 1582538.2
627.1183104641082 1473985.0
627.1876886450539 1324519.9
627.2573058884507 1180289.4
627.3271621942984 875004.25
627.3972575625968 1295487.4
627.4675919933463 1489929.8
627.5381654865465 1285344.8
627.6089780421978 1425613.0
627.6800296602999 2005119.2
627.7513203408529 2762893.0
627.8228500838567 2475191.0
627.8946188893116 2246108.8
627.9666267572171 2499178.5
628.0388736875738 2446697.8
628.1113596803812 2412039.5
628.1840847356395 2321503.0
628.2570488533487 1734884.8
628.3302520335087 1785655.6
628.4036942761198 1909285.2
628.4773755811816 1816740.6
628.5512959486945 2099142.8
628.6254553786581 2316287.8
628.6998538710727 2347350.2
628.7744914259381 2647294.5
628.8493680432545 2763834.5
628.9244837230217 2410323.0
628.9998384652398 1928131.9
629.0754322699088 2275452.5
629.1512651370288 2656118.8
629.2273370665995 2560048.8
629.3036480586212 2613803.0
629.3801981130938 3975819.5
629.4569872300171 4389416.0
629.5340154093916 4131037.8
629.6112826512167 3963567.5
629.6887889554929 2742797.5
629.7665343222199 2468609.8
629.8445187513979 2008122.8
629.9227422430266 1832137.2
630.0012047971064 1452080.8
630.0799064136369 1663492.0
630.1588470926184 1831799.4
630.2380268340507 1624297.8
630.317445637934 1715186.4
630.3971035042681 2056614.2
630.4770004330533 1881115.5
630.5571364242891 1705317.6
630.6375114779759 1705409.8
630.7181255941136 2030485.6
630.7989787727022 2255826.0
630.8800710137417 1751211.8
630.961402317232 1848095.0
631.0429726831734 2076010.8
631.1247821115654 2202695.2
631.2068306024086 2010777.2
631.2891181557025 1817318.6
631.3716447714473 1734337.4
631.454410449643 1838225.0
631.5374151902896 1773677.6
631.6206589933871 1168420.1
631.7041418589355 1339527.8
631.7878637869347 1815261.1
631.8718247773849 2055298.2
631.956024830286 1979886.9
632.0404639456378 1910481.0
632.1251421234408 2163866.0
632.2100593636944 2289035.5
632.2952156663991 2405223.5
632.3806110315546 2505494.5
632.4662454591611 2051141.5
632.5521189492183 1919864.8
632.6382315017265 2054509.5
632.7245831166855 1634208.2
632.8111737940956 1610998.5
632.8980035339563 1666196.1
632.985072336268 1754141.4
633.0723802010307 1776041.5
633.1599271282441 2424524.0
633.2477131179087 2690189.0
633.3357381700239 2234204.0
633.4240022845902 2358450.5
633.5125054616071 2831471.5
633.6012477010752 3261610.0
633.690229002994 3248519.5
633.7794493673638 2866175.2
633.8689087941844 2756287.0
633.958607283456 2725470.5
634.0485448351784 2688923.8
634.1387214493517 1573159.8
634.2291371259759 1608264.5
634.3197918650509 2056262.2
634.4106856665769 1808000.0
634.5018185305538 1561181.2
634.5931904569816 1167132.2
634.6848014458602 1246763.6
634.7766514971898 1422451.9
634.8687406109701 1832364.9
634.9610687872016 1911600.0
635.0536360258837 2135089.2
635.1464423270169 1660244.9
635.2394876906009 969595.1
635.3327721166357 798819.6
635.4262956051215 1089392.4
635.5200581560582 1106658.1
635.6140597694457 1076552.6
635.7083004452841 990752.0
635.8027801835735 1094316.5
635.8974989843136 1181095.5
635.9924568475049 1010356.94
636.0876537731468 928884.44
636.1830897612398 1071539.6
636.2787648117835 987481.9
636.3746789247782 1321575.1
636.4708321002237 1178968.0
636.5672243381202 1502082.8
636.6638556384676 1556913.6
636.7607260012659 1581876.8
636.857835426515 1895168.8
636.9551839142149 2112622.0
637.0527714643658 2487770.8
637.1505980769675 2181232.2
637.2486637520203 2196249.0
637.3469684895239 2421945.5
637.4455122894784 2164056.0
637.5442951518837 2256485.8
637.64331707674 1864891.9
637.742578064047 1881671.4
637.8420781138052 1721450.6
637.941817226014 1910895.2
638.0417954006739 1652692.0
638.1420126377845 1312778.8
638.2424689373462 1385148.1
638.3431642993586 1367523.9
638.444098723822 1243589.0
638.5452722107362 1337063.5
638.6466847601014 1196471.0
638.7483363719175 1491632.5
638.8502270461844 1229863.9
638.9523567829023 890279.94
639.0547255820709 905930.25
639.1573334436905 1193377.0
639.260180367761 1270737.1
639.3632663542825 1048729.1
639.4665914032546 1051536.1
639.5701555146778 1142729.6
639.6739586885519 1530197.4
639.7780009248769 1535896.0
639.8822822236526 1724288.1
639.9868025848793 2128163.5
640.091562008557 2706533.0
640.1965604946854 3116192.0
640.3017980432649 3169650.5
640.4072746542952 2801826.0
640.5129903277764 2614202.2
640.6189450637083 2667701.5
640.7251388620914 2688226.5
640.8315717229252 2713429.5
640.93824364621 1879667.5
641.0451546319456 1788585.0
641.1523046801321 1360994.8
641.2596937907695 1237421.5
641.3673219638578 1845049.4
641.4751891993969 2043277.0
641.583295497387 1576345.2
641.691640857828 1429835.2
641.8002252807198 1670570.6
641.9090487660626 1797692.2
642.0181113138563 1534845.0
642.1274129241008 1538744.4
642.2369535967962 1517469.8
642.3467333319426 1866479.5
642.4567521295397 1841439.8
642.5670099895879 1684079.5
642.6775069120868 1633651.4
642.7882428970366 1871895.5
642.8992179444374 2048355.5
643.010432054289 1857670.6
643.1218852265915 1639768.1
643.2335774613449 1382506.1
643.3455087585494 1240923.0
643.4576791182045 1416864.2
643.5700885403106 1409450.6
643.6827370248676 1550610.6
643.7956245718756 1781250.5
643.9087511813342 1619244.0
644.0221168532439 1479651.5
644.1357215876045 1565705.8
644.249565384416 1561470.1
644.3636482436782 1392677.4
644.4779701653915 1353222.2
644.5925311495556 1184235.2
644.7073311961706 1327608.5
644.8223703052365 1394293.2
644.9376484767532 1352520.0
645.0531657107209 1158076.8
645.1689220071395 1299841.4
645.2849173660089 1364209.9
645.4011517873292 1348014.8
645.5176252711005 1345961.5
645.6343378173226 1424409.5
645.7512894259957 1572145.5
645.8684800971196 1606737.2
645.9859098306944 1552016.0
646.10357862672 1540016.8
646.2214864851966 1084475.9
646.3396334061241 1106369.9
646.4580193895024 1336366.0
646.5766444353317 1267893.6
646.6955085436118 1212601.5
646.8146117143428 1368910.2
646.9339539475247 1465319.8
647.0535352431576 1620870.0
647.1733556012413 1428215.5
647.2934150217759 1497616.0
647.4137135047613 1242534.1
647.5342510501977 1319186.4
647.6550276580849 1215130.8
647.7760433284232 1185988.6
647.8972980612122 1305890.8
648.018791856452 1333236.8
648.1405247141429 1285215.2
648.2624966342845 1484758.5
648.3847076168772 1178098.4
648.5071576619206 1148238.5
648.629846769415 1204152.4
648.7527749393603 1230325.8
648.8759421717565 1224158.9
648.9993484666035 1292059.8
649.1229938239015 1490466.2
649.2468782436503 1559173.5
649.3710017258501 1075916.2
649.4953642705007 1106709.4
649.6199658776021 1428693.6
649.7448065471544 1604376.5
649.8698862791578 1483476.2
649.9952050736119 1426261.1
650.120762930517 1570872.5
650.2465598498729 1712344.2
650.3725958316797 1470326.1
650.4988708759375 1514547.6
650.6253849826461 1740721.2
650.7521381518056 1485208.9
650.879130383416 1129879.1
651.0063616774773 1507358.8
651.1338320339895 1450081.1
651.2615414529527 1267207.0
651.3894899343666 1447436.9
651.5176774782313 1431723.8
651.6461040845472 1530940.5
651.7747697533138 1274650.0
651.9036744845314 1200716.1
652.0328182781997 1537898.5
652.162201134319 1264341.0
652.2918230528892 1252390.9
652.4216840339103 1384885.5
652.5517840773823 1453604.9
652.6821231833052 1222841.0
652.8127013516789 1175896.4
652.9435185825037 1235735.2
653.074574875779 1235287.4
653.2058702315056 1225778.6
653.3374046496829 1064677.0
653.469178130311 1110327.8
653.6011906733902 1097606.5
653.73344227892 1093453.9
653.865932946901 1044939.6
653.9986626773327 1382967.2
654.1316314702154 1240046.5
654.2648393255489 1051262.9
654.3982862433335 1190560.5
654.5319722235687 1436776.2
654.665897266255 1274715.2
654.8000613713921 1290868.9
654.9344645389801 1447252.5
655.069106769019 1416789.2
655.2039880615088 1247621.4
655.3391084164494 1441822.5
655.4744678338409 1349520.5
655.6100663136834 1485028.2
655.7459038559767 1308885.8
655.881980460721 1347996.5
656.0182961279161 1252920.4
656.1548508575621 1187645.1
656.291644649659 1351477.8
656.4286775042068 1523076.1
656.5659494212055 1454752.0
656.7034604006551 1178158.0
656.8412104425555 1344490.5
656.9791995469069 1743284.4
657.117427713709 1633959.9
657.2558949429622 1207157.9
657.3946012346663 1284340.0
657.5335465888211 1353080.5
657.672731005427 1506560.5
657.8121544844836 1563124.5
657.9518170259913 1560394.9
658.0917186299497 1352207.8
658.2318592963591 1407674.2
658.3722390252193 1302345.8
658.5128578165305 1317193.5
658.6537156702925 1352102.0
658.7948125865055 1457032.5
658.9361485651692 1598883.6
659.077723606284 1554607.2
659.2195377098495 1441166.8
659.361590875866 1400853.9
659.5038831043335 938211.6
659.6464143952517 1299453.0
659.7891847486209 1475824.4
659.9321941644408 1621261.2
660.0754426427119 1546138.5
660.2189301834336 1570085.2
660.3626567866064 1384232.5
660.50662245223 1178832.8
660.6508271803045 1239983.5
660.7952709708298 1382730.6
660.9399538238061 1442116.2
661.0848757392333 1047026.8
661.2300367171114 891124.4
661.3754367574403 1013656.3
661.5210758602201 1116235.4
661.6669540254509 1163434.8
661.8130712531324 1223439.5
661.9594275432651 1270322.4
662.1060228958484 1078579.8
662.2528573108827 1032887.56
662.3999307883678 912147.56
662.5472433283039 1177358.1
662.6947949306908 1103881.4
662.8425855955288 1095222.0
662.9906153228175 1220632.6
663.1388841125572 1132630.0
663.2873919647476 1161689.8
663.436138879389 1195560.9
663.5851248564813 1022258.2
663.7343498960245 1052824.2
663.8838139980186 1167016.8
664.0335171624636 1137783.6
664.1834593893594 1434264.4
664.3336406787062 1530579.5
664.4840610305039 1151230.1
664.6347204447524 1118065.2
664.7856189214518 1313728.2
664.936756460602 1256499.2
665.0881330622034 1255550.2
665.2397487262554 1134783.4
665.3916034527584 1161173.6
665.5436972417123 1174891.1
665.6960300931171 1453595.1
665.8486020069727 1376600.0
666.0014129832791 1028880.25
666.1544630220367 981376.6
666.3077521232449 1207616.4
666.4612802869042 1442138.6
666.6150475130142 1512117.5
666.7690538015753 1347935.8
666.9232991525871 1363697.2
667.07778356605 1120738.9
667.2325070419636 1371185.1
667.3874695803282 1544409.2
667.5426711811436 1886078.8
667.69811184441 1914986.0
667.8537915701272 1838780.6
668.0097103582953 1877994.0
668.1658682089143 1816913.8
668.3222651219842 1627562.8
668.4789010975051 1717551.1
668.6357761354766 1525221.4
668.7928902358992 1507293.5
668.9502433987727 1569673.5
669.1078356240971 1490214.9
669.2656669118722 1489120.8
669.4237372620985 1379811.1
669.5820466747754 1427216.2
669.7405951499034 1273759.6
669.8993826874821 1268685.2
670.0584092875117 1705989.0
670.2176749499924 1302048.9
670.3771796749238 1083974.2
670.5369234623063 972793.25
670.6969063121394 1130990.5
670.8571282244236 1212676.5
671.0175891991586 1316306.8
671.1782892363447 1592800.8
671.3392283359814 1301358.8
671.5004064980691 1309785.6
671.6618237226077 1406980.0
671.8234800095972 1322312.6
671.9853753590376 936352.6
672.1475097709289 1020249.4
672.309883245271 1353458.8
672.472495782064 1401191.2
672.635347381308 1429144.0
672.7984380430028 1260158.2
672.9617677671484 1283056.8
673.125336553745 1762146.5
673.2891444027925 1945348.8
673.453191314291 1706234.4
673.6174772882403 1503365.0
673.7820023246404 1422974.0
673.9467664234915 1327288.2
674.1117695847934 1035100.75
674.2770118085463 1023183.0
674.4424930947499 1333489.5
674.6082134434046 1692834.8
674.7741728545101 1247784.5
674.9403713280664 1578376.4
675.1068088640737 1339628.6
675.2734854625319 1358261.9
675.440401123441 1348796.5
675.6075558468009 1727733.1
675.7749496326118 1948224.9
675.9425824808735 1696231.4
676.1104543915861 1722553.0
676.2785653647496 1832518.6
676.4469154003641 1515509.0
676.6155044984293 1236733.1
676.7843326589456 1578182.0
676.9533998819127 1615064.9
677.1227061673306 1388165.1
677.2922515151995 1309077.6
677.4620359255191 1352910.8
677.6320593982898 1556054.8
677.8023219335114 1530787.0
677.9728235311838 1193281.1
678.1435641913071 1219807.5
678.3145439138814 1153413.5
678.4857626989063 1395949.8
678.6572205463824 1170362.6
678.8289174563092 1361659.8
679.000853428687 1484864.0
679.1730284635156 1311220.6
679.3454425607953 1478319.0
679.5180957205256 1718783.6
679.690987942707 1757176.1
679.8641192273392 1438996.2
680.0374895744222 1379433.8
680.2110989839563 1601048.5
680.3849474559411 1690801.4
680.559034990377 1714435.6
680.7333615872635 1425385.0
680.9079272466012 1592354.8
681.0827319683896 1395509.8
681.257775752629 1297936.4
681.4330585993191 1476541.5
681.6085805084602 1580463.5
681.7843414800523 1607480.1
681.9603415140951 1432889.5
682.1365806105889 1457341.0
682.3130587695335 1507548.5
682.4897759909292 1307877.1
682.6667322747755 1338909.4
682.8439276210729 1639042.8
683.0213620298211 1388218.0
683.1990355010204 1514059.4
683.3769480346702 1772216.5
683.5550996307712 1310796.9
683.7334902893231 1105976.4
683.9121200103258 1290733.2
684.0909887937793 1410618.2
684.2700966396839 1418650.0
684.4494435480391 1695875.8
684.6290295188454 1617027.8
684.8088545521025 1510347.4
684.9889186478105 1412391.0
685.1692218059694 1668369.5
685.3497640265792 1216808.2
685.5305453096399 1262381.5
685.7115656551515 1595176.4
685.8928250631141 1623672.4
686.0743235335274 1466136.4
686.2560610663917 1581432.6
686.4380376617067 1208116.8
686.6202533194729 1100774.4
686.8027080396897 1577855.1
686.9854018223576 1167770.6
687.1683346674763 1361022.6
687.351506575046 1307318.4
687.5349175450664 1374461.4
687.7185675775377 1608438.1
687.9024566724601 1723355.6
688.0865848298331 1767466.9
688.2709520496572 1750938.0
688.4555583319321 1431866.0
688.640403676658 1283232.2
688.8254880838347 1659134.4
689.0108115534624 1300259.2
689.1963740855408 1602901.2
689.3821756800703 1545001.5
689.5682163370506 1746892.8
689.7544960564818 1585909.2
689.9410148383638 1686337.0
690.1277726826967 1720868.5
690.3147695894805 1301888.0
690.5020055587153 1322614.8
690.689480590401 1469816.1
690.8771946845374 1537494.2
691.0651478411248 1359525.1
691.253340060163 1612599.9
691.4417713416524 1611373.2
691.6304416855924 1562645.1
691.8193510919834 1132902.6
692.0084995608252 1516046.9
692.197887092118 1874022.5
692.3875136858616 1899235.1
692.5773793420561 2092504.8
692.7674840607016 1992450.6
692.9578278417978 1707511.5
693.1484106853451 1362482.0
693.339232591343 1407406.5
693.5302935597921 1389536.0
693.7215935906919 1521765.0
693.9131326840427 1498430.6
694.1049108398444 1584093.1
694.2969280580969 1933415.8
694.4891843388003 1599918.9
694.6816796819547 1746723.5
694.8744140875599 1898817.5
695.067387555616 1799948.9
695.260600086123 2022261.9
695.4540516790809 2123913.5
695.6477423344896 1973003.1
695.8416720523492 1979191.0
696.0358408326598 2001179.0
696.2302486754212 1581121.8
696.4248955806336 1647888.6
696.6197815482967 1775342.4
696.814906578411 1890467.2
697.0102706709758 2330676.5
697.2058738259918 2629647.2
697.4017160434586 2561321.0
697.5977973233763 2436398.2
697.7941176657448 2140878.2
697.9906770705643 2412954.5
698.1874755378346 2761135.2
698.3845130675558 2245019.0
698.581789659728 2457980.2
698.779305314351 2396831.2
698.9770600314249 2283780.5
699.1750538109496 2694069.8
699.3732866529253 2444627.2
699.5717585573519 2586564.0
699.7704695242294 2880356.0
699.9694195535577 2520631.2
700.168608645337 3080096.5
700.3680367995671 3115716.2
700.5677040162482 3352887.8
700.7676102953801 2897884.0
700.9677556369629 2580578.5
701.1681400409966 2715150.2
701.368763507481 3128497.0
701.5696260364166 3474245.2
701.7707276278029 3069120.5
701.9720682816403 2950061.5
702.1736479979284 2829478.5
702.3754667766674 2919879.5
702.5775246178573 3059186.5
702.7798215214982 2817822.5
702.9823574875899 2874702.0
703.1851325161325 3203244.8
703.3881466071259 3206902.5
703.5913997605704 3084942.2
703.7948919764656 3199433.0
703.9986232548118 2885187.2
704.2025935956088 3054131.5
704.4068029988567 3288444.5
704.6112514645556 3184048.8
704.8159389927052 2860401.2
705.020865583306 3099287.8
705.2260312363574 3048017.0
705.4314359518598 2915286.0
705.6370797298131 3020292.2
705.8429625702173 3191569.8
706.0490844730723 3049075.2
706.2554454383783 2995515.0
706.4620454661351 3110494.5
706.6688845563428 3225721.0
706.8759627090014 3112458.5
707.0832799241109 3564085.0
707.2908362016714 3484817.0
707.4986315416826 3854799.8
707.7066659441448 3956049.0
707.9149394090579 3542206.0
708.1234519364218 3597146.0
708.3322035262366 3839094.8
708.5411941785025 4024254.0
708.750423893219 4265836.0
708.9598926703866 4837664.0
709.169600510005 5235570.5
709.3795474120743 4869555.0
709.5897333765945 5001755.0
709.8001584035657 4905919.5
710.0108224929876 4683722.5
710.2217256448604 4135277.2
710.4328678591842 4424804.5
710.6442491359588 5005256.0
710.8558694751844 5678617.0
711.0677288768608 5669537.5
711.2798273409882 6003092.0
711.4921648675663 6790282.5
711.7047414565955 7897125.5
711.9175571080754 8748879.0
712.1306118220064 9850480.0
712.343905598388 11093404.0
712.5574384372208 12041715.0
712.7712103385043 11681195.0
712.9852213022388 11750926.0
713.199471328424 11695024.0
713.4139604170601 11040395.0
713.6286885681474 10317841.0
713.8436557816852 9883260.0
714.0588620576742 9629314.0
714.274307396114 9704246.0
714.4899917970047 9418657.0
714.7059152603462 9690473.0
714.9220777861387 9578744.0
715.138479374382 9534698.0
715.3551200250763 9647159.0
715.5719997382214 10406334.0
715.7891185138174 11254430.0
716.0064763518642 11734752.0
716.224073252362 12225906.0
716.4419092153107 12526129.0
716.6599842407103 12622605.0
716.8782983285607 11721378.0
717.096851478862 10029571.0
717.3156436916144 9995845.0
717.5346749668174 10099424.0
717.7539453044715 9355474.0
717.9734547045764 8441749.0
718.1932031671322 7884656.0
718.4131906921389 6732633.0
718.6334172795965 5614692.0
718.853882929505 4978109.0
719.0745876418644 4141968.5
719.2955314166745 3864951.2
719.5167142539357 3829092.8
719.7381361536477 3450662.2
719.9597971158106 3763899.8
720.1816971404245 4246255.0
720.4038362274891 4368622.0
720.6262143770048 4016451.2
720.8488315889713 4397665.5
721.0716878633887 4562628.0
721.2947832002569 5144486.0
721.518117599576 5886574.5
721.741691061346 6764484.5
721.965503585567 7877807.0
722.1895551722389 9333654.0
722.4138458213616 10581094.0
722.6383755329352 11474971.0
722.8631443069596 12883129.0
723.0881521434351 13929724.0
723.3133990423613 14075261.0
723.5388850037385 14411205.0
723.7646100275665 14729469.0
723.9905741138455 13914830.0
724.2167772625753 13426069.0
724.4432194737561 12598570.0
724.6699007473876 12151610.0
724.8968210834703 12367688.0
725.1239804820036 12617665.0
725.3513789429879 13400440.0
725.579016466423 14348874.0
725.8068930523091 14629468.0
726.0350087006461 15045046.0
726.2633634114338 16141658.0
726.4919571846726 17012528.0
726.7207900203623 17892062.0
726.9498619185028 18497872.0
727.1791728790942 18715864.0
727.4087229021366 20586432.0
727.6385119876297 26400218.0
727.8685401355738 33775972.0
728.0988073459687 45464484.0
728.3293136188147 61192300.0
728.5600589541114 82096376.0
728.7910433518591 105465250.0
729.0222668120575 127313690.0
729.2537293347069 144096830.0
729.4854309198073 147936260.0
729.7173715673584 141202300.0
729.9495512773606 120141880.0
730.1819700498136 89008020.0
730.4146278847174 57238010.0
730.6475247820722 36478640.0
730.8806607418778 25563872.0
731.1140357641343 20600412.0
731.3476498488419 16698139.0
731.5815029960002 14995366.0
731.8155952056094 13109742.0
732.0499264776695 10501338.0
732.2844968121806 8230450.5
732.5193062091423 7396073.0
732.754354668555 6859189.0
732.9896421904187 6334074.5
733.2251687747333 5354023.0
733.4609344214988 4863997.0
733.6969391307151 4859298.0
733.9331829023823 5774905.0
734.1696657365004 6308843.0
734.4063876330695 6205804.0
734.6433485920893 6189198.0
734.8805486135602 6403429.5
735.1179876974818 7194540.0
735.3556658438545 7690385.0
735.5935830526778 8273387.5
735.8317393239522 8823382.0
736.0701346576775 8498094.0
736.3087690538534 8339102.5
736.5476425124806 7841039.5
736.7867550335584 7511639.0
737.0261066170873 7007491.0
737.265697263067 6773378.0
737.5055269714976 7292509.0
737.745595742379 8382297.5
737.9859035757114 9948662.0
738.2264504714947 12118759.0
738.4672364297288 16477800.0
738.7082614504138 23053148.0
738.9495255335498 30662276.0
739.1910286791365 41648984.0
739.4327708871742 56893664.0
739.6747521576629 76543340.0
739.9169724906022 97239740.0
740.1594318859927 113563770.0
740.4021303438338 126546680.0
740.6450678641261 128871370.0
740.8882444468691 117896800.0
741.131660092063 94101490.0
741.3753147997079 66725510.0
741.6192085698036 41706210.0
741.8633414023502 26530180.0
742.1077132973477 18367718.0
742.352324254796 15201825.0
742.5971742746954 12968252.0
742.8422633570456 10525142.0
743.0875915018465 9154778.0
743.3331587090985 7283438.0
743.5789649788013 6312454.0
743.8250103109551 5452690.0
744.0712947055597 4715232.0
744.3178181626151 4274989.0
744.5645806821216 3403566.5
744.8115822640789 2933877.0
745.058822908487 2730080.2
745.3063026153461 2685341.0
745.554021384656 2783973.5
745.801979216417 2790138.8
746.0501761106286 3126274.8
746.2986120672912 3441099.0
746.5472870864048 3898022.2
746.7962011679691 4370687.0
747.0453543119845 4851629.5
747.2947465184507 4777898.5
747.5443777873677 4184453.8
747.7942481187357 3712017.8
748.0443575125546 3196425.2
748.2947059688242 2917937.8
748.545293487545 2722356.0
748.7961200687164 2333812.8
749.0471857123389 2159406.0
749.2984904184123 2242307.8
749.5500341869365 2315058.0
749.8018170179115 1832732.0
750.0538389113375 1741851.9
750.3060998672144 1751738.6
750.558599885542 2123854.0
750.8113389663208 2032307.4
751.0643171095503 1871663.8
751.3175343152308 1898012.2
751.570990583362 2066318.8
751.8246859139442 2711655.0
752.0786203069773 2394346.8
752.3327937624614 2245041.0
752.5872062803962 2198251.0
752.841857860782 2051447.6
753.0967485036186 2160449.5
753.3518782089062 2149783.5
753.6072469766447 1884939.4
753.8628548068339 2124848.0
754.1187016994742 2646094.0
754.3747876545652 3393711.5
754.6311126721073 3669123.8
754.8876767521001 3262547.2
755.144479894544 3243552.8
755.4015220994386 3142777.2
755.6588033667842 3187447.5
755.9163236965807 2906688.5
756.1740830888281 2684760.0
756.4320815435262 2661794.8
756.6903190606754 3063626.2
756.9487956402754 3134266.2
757.2075112823263 2865679.8
757.4664659868281 2985172.5
757.7256597537807 3326443.5
757.9850925831844 3050492.0
758.2447644750388 3032510.2
758.5046754293442 3426319.8
758.7648254461004 3799853.0
759.0252145253075 3580130.0
759.2858426669656 3794001.0
759.5467098710745 4858304.0
759.8078161376343 4987110.5
760.069161466645 5016249.0
760.3307458581066 5672247.5
760.5925693120191 5514586.0
760.8546318283825 5059435.5
761.1169334071967 5383581.0
761.3794740484618 5752434.5
761.6422537521778 5110512.0
761.9052725183449 4225829.0
762.1685303469626 4996986.5
762.4320272380314 5254625.5
762.6957631915509 4600209.0
762.9597382075215 4540732.5
763.2239522859428 4001582.2
763.4884054268151 3888079.0
763.7530976301382 3880938.0
764.0180288959123 3815797.5
764.2831992241372 3769560.0
764.5486086148131 3853019.8
764.8142570679397 4041736.5
765.0801445835173 4417426.5
765.3462711615459 5028171.0
765.6126368020252 5203797.0
765.8792415049556 5728722.0
766.1460852703367 6317642.5
766.4131680981689 6730242.0
766.6804899884517 7298957.5
766.9480509411856 7808987.5
767.2158509563703 7193987.0
767.483890034006 6732215.0
767.7521681740925 6331542.0
768.0206853766299 5824400.0
768.2894416416182 5262028.0
768.5584369690574 4723596.5
768.8276713589474 4757470.5
769.0971448112883 5144506.0
769.3668573260802 5546552.5
769.636808903323 5793754.5
769.9069995430166 5951910.0
770.1774292451611 5873351.0
770.4480980097566 6597933.0
770.7190058368028 6867495.5
770.9901527263 7315172.0
771.2615386782481 7613310.0
771.5331636926471 7792684.0
771.805027769497 8511391.0
772.0771309087978 9455212.0
772.3494731105494 10709829.0
772.622054374752 12176914.0
772.8948747014053 13962700.0
773.1679340905096 17131724.0
773.4412325420649 20504962.0
773.714770056071 24409298.0
773.9885466325279 27586144.0
774.2625622714359 28199832.0
774.5368169727947 27103540.0
774.8113107366042 24565352.0
775.0860435628648 21540868.0
775.3610154515762 17890896.0
775.6362264027387 12904302.0
775.9116764163518 9580759.0
776.1873654924159 7873653.0
776.4632936309309 7396655.0
776.7394608318967 6904570.5
777.0158670953135 6587026.0
777.2925124211812 6858450.5
777.5693968094998 6788685.0
777.8465202602692 6991117.5
778.1238827734896 7698733.0
778.4014843491608 7783564.0
778.6793249872829 7688305.0
778.957404687856 7927977.0
779.23572345088 9071578.0
779.5142812763546 10998899.0
779.7930781642804 12802968.0
780.0721141146569 14780052.0
780.3513891274845 16875948.0
780.6309032027627 18827752.0
780.9106563404919 19202800.0
781.1906485406721 20082732.0
781.4708798033031 20531532.0
781.7513501283851 19543730.0
782.0320595159178 18165828.0
782.3130079659015 17405078.0
782.5941954783361 17409988.0
782.8756220532216 17870988.0
783.157287690558 18056610.0
783.4391923903453 17913412.0
783.7213361525834 16881234.0
784.0037189772725 14642056.0
784.2863408644123 13202344.0
784.5692018140032 12655782.0
784.8523018260448 12950701.0
785.1356409005374 13086546.0
785.419219037481 14571796.0
785.7030362368753 15796728.0
785.9870924987206 15961955.0
786.2713878230167 15663870.0
786.5559222097638 16069038.0
786.8406956589616 15645392.0
787.1257081706106 15699021.0
787.4109597447102 15361386.0
787.6964503812609 13994705.0
787.9821800802623 13276655.0
788.2681488417147 12686399.0
788.554356665618 13706765.0
788.8408035519722 15383132.0
789.1274895007773 16757311.0
789.4144145120331 17611418.0
789.70157858574 17671688.0
789.9889817218977 17223946.0
790.2766239205064 18003862.0
790.5645051815659 19471850.0
790.8526255050763 20172708.0
791.1409848910375 20881926.0
791.4295833394498 21995398.0
791.7184208503128 23148718.0
792.0074974236268 25685924.0
792.2968130593916 28529292.0
792.5863677576074 31951248.0
792.876161518274 35541856.0
793.1661943413915 37225892.0
793.45646622696 38299816.0
793.7469771749792 37452372.0
794.0377271854495 35928172.0
794.3287162583705 34382530.0
794.6199443937426 34786650.0
794.9114115915653 35318090.0
795.2031178518391 35510660.0
795.4950631745637 37000650.0
795.7872475597393 38028260.0
796.0796710073657 38363644.0
796.372333517443 39780904.0
796.6652350899712 40340004.0
796.9583757249504 42083824.0
797.2517554223803 44625940.0
797.5453741822612 45209100.0
797.839232004593 47110520.0
798.1333288893755 49433450.0
798.4276648366092 54227756.0
798.7222398462935 58942210.0
799.0170539184289 64833804.0
799.3121070530151 66974610.0
799.6073992500523 68840620.0
799.9029305095402 70976216.0
800.1987008314792 72509900.0
800.4947102158688 74145010.0
800.7909586627096 76383640.0
801.0874461720011 76665540.0
801.3841727437435 77908150.0
801.6811383779369 77125810.0
801.9783430745811 73504630.0
802.2757868336762 71262030.0
802.5734696552222 70377420.0
802.8713915392192 66472050.0
803.1695524856669 62441730.0
803.4679524945657 58081304.0
803.7665915659152 54316840.0
804.0654696997157 53089124.0
804.364586895967 53317936.0
804.6639431546693 54240800.0
804.9635384758224 57209656.0
805.2633728594265 58176116.0
805.5634463054813 59980400.0
805.863758813987 62509396.0
806.1643103849437 63865324.0
806.4651010183513 65733636.0
806.7661307142098 66290324.0
807.0673994725191 67262650.0
807.3689072932794 68943330.0
807.6706541764905 69042980.0
807.9726401221526 66391344.0
808.2748651302655 68146456.0
808.5773292008294 72685230.0
808.880032333844 77080900.0
809.1829745293097 86955090.0
809.4861557872262 99671010.0
809.7895761075936 114740710.0
810.0932354904118 133459120.0
810.3971339356808 157809500.0
810.701271443401 182578240.0
811.0056480135719 202296460.0
811.3102636461938 222667340.0
811.6151183412665 237446700.0
811.9202120987901 254659550.0
812.2255449187645 263572300.0
812.5311168011899 255997250.0
812.8369277460662 239411740.0
813.1429777533934 215290640.0
813.4492668231715 189063040.0
813.7557949554005 167761280.0
814.0625621500802 148661700.0
814.3695684072109 138740290.0
814.6768137267925 130720440.0
814.984298108825 124469130.0
815.2920215533085 116247720.0
815.5999840602427 107812460.0
815.908185629628 102530190.0
816.216626261464 96324780.0
816.5253059557509 87721400.0
816.8342247124888 79598060.0
817.1433825316776 73953220.0
817.4527794133171 66738324.0
817.7624153574077 58385700.0
818.072290363949 51411096.0
818.3824044329415 46883764.0
818.6927575643846 43368956.0
819.0033497582787 43439680.0
819.3141810146236 45756630.0
819.6252513334194 47432330.0
819.9365607146663 51512440.0
820.2481091583638 56270550.0
820.5598966645124 61445064.0
820.8719232331118 66998790.0
821.1841888641621 75606670.0
821.4966935576633 84424110.0
821.8094373136155 95297310.0
822.1224201320184 111637220.0
822.4356420128723 128388030.0
822.749102956177 146525380.0
823.0628029619327 168016080.0
823.3767420301392 196524740.0
823.6909201607966 224454160.0
824.005337353905 252299280.0
824.3199936094642 284058100.0
824.6348889274743 310237280.0
824.9500233079352 325102660.0
825.2653967508472 332495940.0
825.5810092562099 324775260.0
825.8968608240236 303389060.0
826.2129514542881 261196720.0
826.5292811470036 206213600.0
826.8458499021699 155065390.0
827.1626577197871 110973150.0
827.4797045998553 76955600.0
827.7969905423743 55657444.0
828.1145155473441 44967120.0
828.4322796147649 38781856.0
828.7502827446367 33686336.0
829.0685249369592 27868952.0
829.3870061917327 23022416.0
829.705726508957 20647560.0
830.0246858886322 18255784.0
830.3438843307583 14930594.0
830.6633218353354 13215280.0
830.9829984023633 13254110.0
831.3029140318422 11998816.0
831.6230687237718 10450878.0
831.9434624781525 10120420.0
832.2640952949838 10209062.0
832.5849671742662 9889226.0
832.9060781159994 10322716.0
833.2274281201835 10295647.0
833.5490171868187 9877608.0
833.8708453159045 9684014.0
834.1929125074414 10436298.0
834.515218761429 10601135.0
834.8377640778676 10476853.0
835.160548456757 10898818.0
835.4835718980975 11524831.0
835.8068344018886 12231936.0
836.1303359681309 13397830.0
836.4540765968239 14637850.0
836.778056287968 15508914.0
837.1022750415626 16497400.0
837.4267328576084 17171380.0
837.7514297361049 18137244.0
838.0763656770524 19057476.0
838.4015406804508 19831000.0
838.7269547463001 20769750.0
839.0526078746003 20912004.0
839.3785000653513 22011704.0
839.7046313185533 23437264.0
840.0310016342061 23776216.0
840.3576110123099 24101082.0
840.6844594528644 22079356.0
841.01154695587 20642108.0
841.3388735213264 20395142.0
841.6664391492336 20356940.0
841.9942438395917 21903376.0
842.3222875924008 21315678.0
842.6505704076608 21560140.0
842.9790922853716 23186352.0
843.3078532255333 24431220.0
843.636853228146 24656650.0
843.9660922932096 23697404.0
844.2955704207238 22929108.0
844.6252876106893 21333310.0
844.9552438631054 19988202.0
845.2854391779725 21330544.0
845.6158735552905 21873242.0
845.9465469950594 22076380.0
846.2774594972791 21399290.0
846.6086110619498 21769378.0
846.9400016890712 23304636.0
847.2716313786436 25893792.0
847.603500130667 29747810.0
847.9356079451411 33943540.0
848.2679548220663 38095664.0
848.6005407614422 40897960.0
848.9333657632692 44414010.0
849.2664298275467 49071564.0
849.5997329542755 53171844.0
849.933275143455 56731164.0
850.2670563950855 58858044.0
850.6010767091668 61821460.0
850.935336085699 63569144.0
851.2698345246821 62122730.0
851.6045720261161 60885696.0
851.939548590001 59311760.0
852.2747642163367 59946984.0
852.6102189051235 62208916.0
852.9459126563609 57926350.0
853.2818454700493 51962240.0
853.6180173461887 45942640.0
853.9544282847789 40508010.0
854.29107828582 35358244.0
854.627967349312 30512038.0
854.9650954752549 29239364.0
855.3024626636488 29682424.0
855.6400689144934 30968548.0
855.9779142277889 31703584.0
856.3159986035355 32517918.0
856.6543220417327 34192750.0
856.992884542381 36954850.0
857.33168610548 39642150.0
857.6707267310301 42550816.0
858.010006419031 45102464.0
858.3495251694828 45634484.0
858.6892829823855 48204996.0
859.0292798577391 52290584.0
859.3695157955435 57019400.0
859.709990795799 61340976.0
860.0507048585051 65284460.0
860.3916579836623 68499490.0
860.7328501712702 69925130.0
861.0742814213293 72610170.0
861.415951733839 75254750.0
861.7578611087997 79089400.0
862.1000095462114 82320296.0
862.4423970460737 84842000.0
862.7850236083872 86644260.0
863.1278892331513 84635750.0
863.4709939203666 79727770.0
863.8143376700325 73445820.0
864.1579204821496 66019264.0
864.5017423567174 58688864.0
864.845803293736 50271564.0
865.1901032932057 40601424.0
865.5346423551262 32237644.0
865.8794204794975 26738562.0
866.2244376663198 25797718.0
866.569693915593 25232220.0
866.9151892273169 25828050.0
867.2609236014919 28787538.0
867.6068970381177 30928632.0
867.9531095371945 31585936.0
868.299561098722 33798740.0
868.6462517227006 36955350.0
868.9931814091299 40390772.0
869.3403501580103 44889350.0
869.6877579693414 50225340.0
870.0354048431236 55912680.0
870.3832907793565 62705270.0
870.7314157780402 66562804.0
871.079779839175 69637300.0
871.4283829627606 72535140.0
871.7772251487971 75228184.0
872.1263063972845 78736270.0
872.4756267082229 84381870.0
872.825186081612 89910400.0
873.1749845174521 93076060.0
873.525022015743 91392050.0
873.875298576485 86736330.0
874.2258141996776 76489630.0
874.5765688853213 64028300.0
874.9275626334158 52944520.0
875.2787954439613 47990350.0
875.6302673169575 45776040.0
875.9819782524048 45722196.0
876.3339282503027 45814990.0
876.6861173106518 46353420.0
877.0385454334516 46300790.0
877.3912126187024 44470150.0
877.744118866404 43795316.0
878.0972641765566 42586184.0
878.45064854916 40630196.0
878.8042719842143 38193496.0
879.1581344817196 33095076.0
879.5122360416756 28661180.0
879.8665766640827 24560432.0
880.2211563489404 20600372.0
880.5759750962493 17537692.0
880.9310329060089 17208864.0
881.2863297782194 17696816.0
881.6418657128809 17898320.0
881.9976407099932 17269862.0
882.3536547695564 17215548.0
882.7099078915705 17483582.0
883.0664000760355 18802742.0
883.4231313229513 19720416.0
883.7801016323183 19963242.0
884.1373110041359 19977484.0
884.4947594384045 18451204.0
884.8524469351239 19274296.0
885.2103734942943 19042260.0
885.5685391159154 18585198.0
885.9269437999875 17999060.0
886.2855875465107 17478562.0
886.6444703554844 17522964.0
887.0035922269093 17155742.0
887.3629531607849 16990446.0
887.7225531571116 16404396.0
888.082392215889 16657102.0
888.4424703371174 17879002.0
888.8027875207965 18183924.0
889.1633437669268 18975976.0
889.5241390755077 21313492.0
889.8851734465397 23245288.0
890.2464468800224 23972616.0
890.6079593759562 25513544.0
890.9697109343408 26770448.0
891.3317015551763 29251524.0
891.6939312384626 32912108.0
892.0563999841997 36441976.0
892.419107792388 39853970.0
892.7820546630269 44239664.0
893.145240596117 46978340.0
893.5086655916577 49565556.0
893.8723296496495 53030476.0
894.2362327700921 55172660.0
894.6003749529856 56773740.0
894.96475619833 60443296.0
895.3293765061252 64922156.0
895.6942358763713 67044980.0
896.0593343090684 70972776.0
896.4246718042164 74797000.0
896.7902483618151 78569690.0
897.1560639818649 80624740.0
897.5221186643654 80815770.0
897.888412409317 78683210.0
898.2549452167193 73209870.0
898.6217170865726 61125624.0
898.9887280188768 46360830.0
899.3559780136319 33139420.0
899.7234670708378 24092588.0
900.0911951904947 19784502.0
900.4591623726023 17992184.0
900.827368617161 16399890.0
901.1958139241705 14699165.0
901.5644982936308 12846136.0
901.9334217255422 12643021.0
902.3025842199042 13158439.0
902.6719857767174 12407600.0
903.0416263959813 11772228.0
903.4115060776962 12218521.0
903.7816248218619 12933770.0
904.1519826284787 13729812.0
904.5225794975461 13079444.0
904.8934154290646 12239819.0
905.2644904230337 12302592.0
905.635804479454 11842095.0
906.0073575983251 12045484.0
906.3791497796472 12923705.0
906.7511810234199 12198786.0
907.1234513296438 11557611.0
907.4959606983184 11627775.0
907.8687091294438 11125536.0
908.2416966230203 10613209.0
908.6149231790475 10727394.0
908.9883887975259 11325144.0
909.3620934784549 11139712.0
909.736037221835 10597284.0
910.1102200276657 9530257.0
910.4846418959476 9239691.0
910.8593028266802 9036002.0
911.2342028198638 9162666.0
911.6093418754981 9011351.0
911.9847199935836 8980840.0
912.3603371741196 9742001.0
912.7361934171067 9815609.0
913.1122887225448 9649870.0
913.4886230904336 9990229.0
913.8651965207735 10594694.0
914.242009013564 11310361.0
914.6190605688057 12284828.0
914.996351186498 12977801.0
915.3738808666415 13429771.0
915.7516496092356 13205679.0
916.1296574142808 14301895.0
916.5079042817767 15839910.0
916.8863902117237 16070569.0
917.2651152041215 15872884.0
917.6440792589702 16242596.0
918.0232823762697 15916040.0
918.4027245560201 16030219.0
918.7824057982216 15643945.0
919.1623261028737 15819910.0
919.542485469977 15613605.0
919.9228838995309 13586875.0
920.3035213915359 13343916.0
920.6843979459916 14080981.0
921.0655135628983 14086401.0
921.446868242256 14957748.0
921.8284619840645 15474710.0
922.2102947883237 15345334.0
922.5923666550341 15780442.0
922.9746775841952 16035090.0
923.3572275758072 15580338.0
923.7400166298701 17629630.0
924.1230447463838 19522822.0
924.5063119253487 21065530.0
924.8898181667641 21286996.0
925.2735634706307 21673040.0
925.657547836948 21293930.0
926.0417712657163 22120088.0
926.4262337569354 21309790.0
926.8109353106056 20408640.0
927.1958759267263 18545340.0
927.5810556052983 17091822.0
927.966474346321 16890412.0
928.3521321497947 16321819.0
928.7380290157191 16282018.0
929.1241649440944 16174059.0
929.5105399349206 16774809.0
929.8971539881978 16489078.0
930.2840071039259 15933152.0
930.6710992821048 14884349.0
931.0584305227347 13688531.0
931.4460008258154 13186730.0
931.8338101913471 13816915.0
932.2218586193296 12899938.0
932.610146109763 11042242.0
932.9986726626472 10232474.0
933.3874382779825 8142161.0
933.7764429557685 5812267.5
934.1656866960054 4579915.5
934.5551694986933 3488695.5
934.9448913638321 3288547.5
935.3348522914216 3201260.0
935.7250522814621 3093569.8
936.1154913339535 3149244.5
936.5061694488959 3258946.5
936.8970866262891 3365322.5
937.288242866133 3253276.0
937.6796381684281 3337912.2
938.0712725331739 3896431.5
938.4631459603708 4325124.0
938.8552584500184 4406997.0
939.247610002117 4550793.0
939.6402006166663 4284706.0
940.0330302936667 4171403.8
940.4260990331178 4623340.0
940.8194068350199 5284268.0
941.212953699373 5272394.0
941.6067396261767 5590494.5
942.0007646154315 5733983.0
942.3950286671371 5571772.0
942.7895317812938 5410137.5
943.184273957901 5269028.0
943.5792551969595 5052544.5
943.9744754984687 4042937.5
944.3699348624289 3935037.8
944.7656332888398 4337899.5
945.1615707777016 4204559.0
945.5577473290144 3545615.0
945.9541629427781 3682270.2
946.3508176189927 4166247.2
946.7477113576581 4063919.8
947.1448441587745 4238300.5
947.5422160223416 4271147.5
947.9398269483597 4795519.0
948.3376769368288 4898622.0
948.7357659877487 4846035.0
949.1340941011194 4858795.5
949.5326612769411 4887199.0
949.9314675152136 6036138.0
950.3305128159373 7133155.5
950.7297971791115 6875527.5
951.1293206047367 7178756.0
951.5290830928128 7099109.0
951.9290846433399 7173869.0
952.3293252563178 6708919.5
952.7298049317465 5561797.5
953.1305236696262 5503199.5
953.5314814699568 5828397.0
953.9326783327383 5920430.0
954.3341142579707 5852312.0
954.7357892456539 6549924.5
955.137703295788 7039912.5
955.5398564083731 6429799.0
955.942248583409 6282704.5
956.3448798208958 5955904.5
956.7477501208334 5105617.0
957.1508594832221 4304286.0
957.5542079080615 4724053.0
957.9577953953519 4716963.0
958.3616219450932 4577024.0
958.7656875572852 4314113.0
959.1699922319283 4222684.0
959.5745359690222 3863425.0
959.979318768567 3937144.5
960.3843406305627 4695857.5
960.7896015550094 5384610.5
961.1951015419069 5475717.5
961.6008405912553 5389357.5
962.0068187030545 5183395.5
962.4130358773048 5390799.0
962.8194921140057 5487874.5
963.2261874131577 5356514.0
963.6331217747605 5825324.5
964.0402951988142 6514818.0
964.4477076853188 6687117.0
964.8553592342744 6913065.0
965.2632498456808 6763369.0
965.671379519538 6666580.0
966.0797482558462 6513545.0
966.4883560546052 6899300.5
966.8972029158153 6246187.5
967.3062888394761 6175393.0
967.7156138255879 5593917.5
968.1251778741505 5448835.0
968.534980985164 4874027.0
968.9450231586284 4551003.5
969.3553043945437 4792703.5
969.7658246929099 4263801.5
970.1765840537269 4061141.0
970.5875824769948 3776562.5
970.9988199627137 3313804.8
971.4102965108834 2969479.0
971.822012121504 2915471.5
972.2339667945757 3496197.5
972.6461605300981 3685096.5
973.0585933280714 3935955.2
973.4712651884955 4612541.0
973.8841761113707 4468037.0
974.2973260966967 5318162.5
974.7107151444736 5410653.0
975.1243432547012 5438503.0
975.5382104273799 5674782.0
975.9523166625095 6266321.0
976.3666619600898 6794939.0
976.7812463201212 7603637.5
977.1960697426034 7164067.5
977.6111322275365 7300054.5
978.0264337749204 8030248.0
978.4419743847554 8445695.0
978.8577540570411 9018636.0
979.2737727917779 8938960.0
979.6900305889653 9333263.0
980.1065274486039 8458223.0
980.523263370693 8040214.5
980.9402383552333 7014909.5
981.3574524022245 6863542.0
981.7749055116664 6909057.5
982.1925976835594 7120009.0
982.6105289179031 7430554.0
983.0286992146978 7957040.5
983.4471085739433 9087888.0
983.8657569956398 10211889.0
984.2846444797872 10338701.0
984.7037710263854 10620562.0
985.1231366354345 11214664.0
985.5427413069345 11551632.0
985.9625850408854 12125479.0
986.3826678372873 12363025.0
986.8029896961399 12631141.0
987.2235506174435 12544130.0
987.6443506011979 12604195.0
988.0653896474032 12454754.0
988.4866677560595 12815216.0
988.9081849271665 12921278.0
989.3299411607247 12184806.0
989.7519364567336 10911150.0
990.1741708151934 10833232.0
990.5966442361041 10447039.0
991.0193567194657 9159832.0
991.4423082652781 9121657.0
991.8654988735416 9204842.0
992.2889285442558 8861323.0
992.712597277421 8033216.0
993.1365050730369 7450260.5
993.5606519311038 6985833.0
993.9850378516217 7414800.0
994.4096628345903 7869606.0
994.83452688001 7971079.5
995.2596299878804 8187791.0
995.6849721582018 8664974.0
996.110553390974 9289032.0
996.5363736861973 10089485.0
996.9624330438713 10462992.0
997.3887314639962 10326647.0
997.8152689465721 10251267.0
998.2420454915989 10833002.0
998.6690610990764 10173436.0
999.0963157690048 9702708.0
999.5238095013843 9333362.0
999.9515422962145 9431360.0
1000.3795141534958 9149489.0
1000.8077250732279 8676985.0
1001.2361750554107 7992859.5
1001.6648641000446 6905280.5
1002.0937922071294 6659584.5
1002.522959376665 6202720.0
1002.9523656086515 5439529.0
1003.3820109030889 5417409.0
1003.8118952599773 5493750.5
1004.2420186793163 5456519.5
1004.6723811611065 5275543.0
1005.1029827053474 5462501.0
1005.5338233120393 6642469.5
1005.9649029811819 7895575.5
1006.3962217127755 9154746.0
1006.8277795068202 10375659.0
1007.2595763633155 11763776.0
1007.6916122822619 13088970.0
1008.1238872636591 14102321.0
1008.5564013075071 15754766.0
1008.9891544138061 16997010.0
1009.422146582556 19976456.0
1009.8553778137567 19943556.0
1010.2888481074084 20350032.0
1010.7225574635108 21142764.0
1011.1565058820644 22932520.0
1011.5906933630686 23587280.0
1012.0251199065237 23183890.0
1012.45978551243 22247184.0
1012.8946901807869 20080230.0
1013.3298339115948 16125122.0
1013.7652167048535 11303816.0
1014.2008385605632 8435621.0
1014.6366994787238 6946502.5
1015.0727994593352 6927087.5
1015.5091385023975 6903555.5
1015.9457166079108 6109462.0
1016.3825337758749 5769596.0
1016.8195900062899 5018551.0
1017.2568852991558 5315400.0
1017.6944196544725 7116912.5
1018.1321930722402 8903518.0
1018.5702055524587 10408116.0
1019.0084570951283 11676772.0
1019.4469477002485 12797379.0
1019.8856773678198 13922165.0
1020.3246460978419 13951371.0
1020.763853890315 14748561.0
1021.2033007452387 15479060.0
1021.6429866626136 16735485.0
1022.0829116424393 18330926.0
1022.5230756847159 19870682.0
1022.9634787894433 20399632.0
1023.4041209566217 20143702.0
1023.8450021862509 19521932.0
1024.286122478331 17810616.0
1024.727481832862 13627206.0
1025.1690802498438 9591537.0
1025.6109177292767 7429441.0
1026.0529942711605 5708900.5
1026.495309875495 3815676.5
1026.9378645422805 2691134.5
1027.380658271517 2600739.5
1027.823691063204 2659630.0
1028.2669629173424 2201723.2
1028.7104738339312 1799974.8
1029.1542238129714 1868241.8
1029.598212854462 1721991.1
1030.0424409584039 1786661.1
1030.4869081247964 1726433.2
1030.9316143536398 1871118.0
1031.376559644934 1630470.6
1031.8217439986793 1138249.9
1032.2671674148755 911850.7
1032.7128298935227 1019580.06
1033.1587314346207 1469701.5
1033.6048720381693 1431539.4
1034.051251704169 1410094.4
1034.4978704326197 1228269.9
1034.9447282235212 1351090.6
1035.3918250768736 1145116.8
1035.8391609926769 1318027.2
1036.286735970931 1378940.1
1036.734550011636 1136063.5
1037.182603114792 1353785.5
1037.6308952803988 1153578.9
1038.0794265084567 982802.75
1038.5281967989652 1117243.5
1038.9772061519247 1219634.0
1039.426454567335 1324502.6
1039.8759420451966 1238761.9
1040.3256685855085 1129534.9
1040.7756341882716 1261734.0
1041.2258388534856 1688734.0
1041.6762825811506 1435141.4
1042.1269653712661 1216833.0
1042.577887223833 1520224.8
1043.0290481388504 1789177.2
1043.4804481163187 1966858.6
1043.9320871562381 1966668.5
1044.3839652586082 1937821.5
1044.8360824234294 1705762.2
1045.2884386507012 1564070.6
1045.7410339404241 1982712.4
1046.193868292598 1665643.2
1046.6469417072226 1614006.8
1047.1002541842981 1582883.9
1047.5538057238246 1741818.9
1048.0075963258018 2038082.0
1048.46162599023 2191339.8
1048.915894717109 1864501.1
1049.3704025064392 1653271.9
1049.82514935822 1864536.4
1050.2801352724516 1753951.0
1050.7353602491344 2005709.4
1051.1908242882678 1853149.4
1051.6465273898525 1954052.0
1052.1024695538877 1838840.2
1052.558650780374 2188047.0
1053.015071069311 1888089.8
1053.471730420699 2118386.0
1053.928628834538 1919882.0
1054.3857663108276 1624038.1
1054.8431428495683 1505949.5
1055.30075845076 1667193.5
1055.7586131144024 1920023.9
1056.2167068404956 2022855.0
1056.67503962904 2135467.0
1057.133611480035 2177451.0
1057.592422393481 1892144.2
1058.0514723693777 1838189.2
1058.5107614077258 1994793.1
1058.9702895085243 741156.1
1059.4300566717739 -816470.5
1059.8900628974743 -1901660.1
1060.3503081856259 -3847865.2
1060.8107925362278 -5649439.0
1061.2715159492811 -7495902.0
1061.732478424785 -9181989.0
1062.1936799627401 -10869869.0
1062.6551205631458 -12672165.0
1063.1168002260026 -14614562.0
1063.57871895131 -16322889.0
1064.0408767390686 -18001642.0
1064.503273589278 -19973576.0
1064.965909501938 -21969124.0
1065.4287844770492 -24328376.0
1065.8918985146113 -26112970.0
1066.3552516146242 -28326638.0
1066.818843777088 -30100404.0
1067.2826750020029 0.0
1067.7467452893684 0.0
1068.211054639185 0.0
1068.6756030514523 0.0
1069.1403905261704 0.0
1069.6054170633397 0.0
1070.0706826629596 0.0
1070.5361873250306 0.0
1071.0019310495525 0.0
1071.4679138365252 0.0
1071.9341356859486 0.0
