string
description: px_shifted, calibration parameter: [ 1.19531225e-04 -2.30194563e-02  6.18194146e+02]
converted file:R_100ms_Fe_S3_x_1_53_binned_y back: data/dark_100msRZP-structure:___RZP_S3100msRoi:[0, 1040, 2048, 2048]
eV counts/s
618.1712462133476 1818376.0
618.1485853507007 2054394.2
618.1261635505048 2165697.0
618.1039808127597 2248672.2
618.0820371374655 2447815.8
618.0603325246223 2469747.2
618.0388669742298 2370039.8
618.0176404862883 2546228.8
617.9966530607976 2493290.0
617.9759046977579 2450957.5
617.955395397169 2166160.5
617.9351251590311 2031110.2
617.9150939833439 2163533.5
617.8953018701078 1759205.6
617.8757488193226 2229197.2
617.8564348309881 2578164.8
617.8373599051046 2480766.8
617.8185240416719 2709110.0
617.7999272406903 2680597.5
617.7815695021593 2819291.0
617.7634508260794 3046116.0
617.7455712124504 2843602.2
617.7279306612722 2781047.8
617.7105291725449 2588605.5
617.6933667462686 2010804.8
617.676443382443 1980643.5
617.6597590810685 1950683.8
617.6433138421447 2235816.0
617.6271076656718 2350550.5
617.6111405516499 2131580.0
617.5954125000789 2067249.4
617.5799235109587 2168510.2
617.5646735842894 1965967.6
617.5496627200711 1985094.0
617.5348909183035 2163633.2
617.520358178987 2841519.5
617.5060645021213 3001015.5
617.4920098877064 3121945.5
617.4781943357425 3372383.0
617.4646178462295 3543081.2
617.4512804191673 3267036.5
617.4381820545561 3412737.8
617.4253227523957 3755804.8
617.4127025126862 3763231.0
617.4003213354276 3219485.5
617.3881792206199 3067067.0
617.3762761682632 2637607.8
617.3646121783572 2651199.8
617.3531872509022 2649248.8
617.342001385898 2501213.5
617.3310545833449 2082451.0
617.3203468432424 1888968.9
617.309878165591 2238365.2
617.2996485503904 2030907.4
617.2896579976408 2020454.2
617.2799065073419 1949792.2
617.270394079494 2043134.2
617.261120714097 2449655.5
617.2520864111508 2549458.8
617.2432911706557 2742206.5
617.2347349926113 2918134.5
617.2264178770179 3219232.0
617.2183398238752 3753073.8
617.2105008331837 3666516.0
617.2029009049428 3588714.0
617.195540039153 3733269.5
617.188418235814 3088107.5
617.1815354949258 2346311.5
617.1748918164886 2237563.2
617.1684872005023 2792488.5
617.1623216469668 2947258.0
617.1563951558823 3493408.8
617.1507077272486 3514208.0
617.1452593610658 3410019.5
617.140050057334 3486421.0
617.1350798160529 3925035.0
617.1303486372229 4609954.5
617.1258565208436 4486252.5
617.1216034669154 4826702.0
617.1175894754379 5095036.0
617.1138145464114 4812364.0
617.1102786798357 4650965.5
617.106981875711 4814719.5
617.1039241340371 4798188.0
617.1011054548142 4250717.5
617.0985258380421 3917116.5
617.0961852837207 4189126.2
617.0940837918505 3963919.5
617.092221362431 4174543.8
617.0905979954625 4344031.5
617.0892136909449 3973521.2
617.0880684488782 3514224.8
617.0871622692623 3740846.2
617.0864951520974 4359481.0
617.0860670973833 5634129.5
617.0858781051202 6611180.5
617.0859281753078 7457427.5
617.0862173079464 8380158.0
617.0867455030359 8109361.0
617.0875127605763 6161279.5
617.0885190805675 4329510.5
617.0897644630096 3427857.0
617.0912489079027 2300815.2
617.0929724152465 1724915.5
617.0949349850415 1319768.6
617.0971366172871 1256237.5
617.0995773119838 1283451.2
617.1022570691313 1765451.2
617.1051758887297 1619981.9
617.1083337707789 1463067.5
617.1117307152791 1784188.0
617.1153667222302 2113696.5
617.1192417916321 2178193.8
617.123355923485 1836695.2
617.1277091177888 2001643.9
617.1323013745433 2806432.8
617.1371326937488 3958447.0
617.1422030754052 4512877.0
617.1475125195125 4195446.0
617.1530610260706 4356998.0
617.1588485950797 4914214.0
617.1648752265397 6092115.5
617.1711409204505 6107823.0
617.1776456768123 6429560.0
617.1843894956249 7339262.5
617.1913723768885 7293731.0
617.1985943206029 7057835.0
617.2060553267681 6966300.5
617.2137553953843 7157340.5
617.2216945264513 6998590.0
617.2298727199694 6158801.0
617.2382899759382 6139537.0
617.246946294358 5460603.0
617.2558416752286 4808857.0
617.2649761185502 2702631.5
617.2743496243226 1799608.5
617.2839621925459 1254735.9
617.29381382322 958991.75
617.3039045163453 852851.1
617.3142342719211 919690.75
617.3248030899481 1297997.0
617.3356109704258 1085762.5
617.3466579133545 1096158.6
617.357943918734 766712.4
617.3694689865644 929597.56
617.3812331168458 392362.66
617.3932363095779 663274.25
617.4054785647611 1121021.1
617.417959882395 1030473.06
617.43068026248 842516.94
617.4436397050157 969336.5
617.4568382100024 1062828.5
617.47027577744 1084192.8
617.4839524073284 1111984.8
617.4978680996677 1628008.2
617.512022854458 2750259.0
617.526416671699 3858988.0
617.5410495513911 5863805.0
617.555921493534 7429160.5
617.5710324981277 8089959.5
617.5863825651725 8451826.0
617.601971694668 7715514.0
617.6177998866144 7072385.5
617.6338671410118 6093805.0
617.6501734578601 4750292.0
617.6667188371591 3638683.5
617.6835032789093 3253786.5
617.70052678311 3228437.2
617.7177893497619 3424843.5
617.7352909788646 4128042.8
617.7530316704182 4340089.0
617.7710114244226 4909854.0
617.7892302408779 4882004.0
617.8076881197842 4786735.5
617.8263850611413 4344436.0
617.8453210649494 4239344.0
617.8644961312083 4451907.5
617.8839102599181 5331267.0
617.9035634510788 8002770.0
617.9234557046905 10125420.0
617.9435870207528 13233738.0
617.9639573992663 16001075.0
617.9845668402305 15704654.0
618.0054153436457 15387306.0
618.0265029095117 13389828.0
618.0478295378288 9843250.0
618.0693952285965 6871487.5
618.0911999818152 4829617.5
618.1132437974848 3401137.0
618.1355266756052 2437914.8
618.1580486161766 1458227.4
618.180809619199 1635116.9
618.2038096846721 1826475.0
618.2270488125961 1844914.8
618.2505270029711 1207793.0
618.2742442557969 1269431.6
618.2982005710737 1135281.8
618.3223959488013 1425533.6
618.3468303889798 1225973.9
618.3715038916091 1210784.8
618.3964164566895 1166003.9
618.4215680842207 1117707.8
618.4469587742026 959454.75
618.4725885266356 1135348.4
618.4984573415195 1043490.0
618.5245652188543 1460957.2
618.5509121586398 1391215.5
618.5774981608764 991773.6
618.6043232255638 836151.5
618.6313873527021 1002104.75
618.6586905422912 1524338.8
618.6862327943314 1525585.0
618.7140141088223 1694530.8
618.7420344857642 1987139.0
618.7702939251569 2944783.8
618.7987924270005 4258576.5
618.827529991295 5764012.5
618.8565066180404 7431455.0
618.8857223072368 9882711.0
618.915177058884 10202528.0
618.944870872982 11082384.0
618.974803749531 11493386.0
619.004975688531 8961491.0
619.0353866899817 6577467.0
619.0660367538834 4909955.5
619.0969258802359 3585071.5
619.1280540690393 2943935.2
619.1594213202936 3034387.5
619.1910276339989 2604939.8
619.2228730101549 2056201.9
619.2549574487618 1979219.2
619.2872809498198 1902080.2
619.3198435133286 1643378.0
619.3526451392883 1592822.5
619.3856858276988 1224970.6
619.4189655785602 1139729.2
619.4524843918725 937900.4
619.4862422676358 1180810.5
619.5202392058499 829079.5
619.5544752065149 758819.06
619.5889502696308 1217606.9
619.6236643951976 1611506.2
619.6586175832152 1532658.8
619.6938098336839 1872433.8
619.7292411466033 1745850.1
619.7649115219735 1809471.1
619.8008209597948 2869893.5
619.8369694600669 3615227.2
619.8733570227901 4209749.0
619.9099836479638 6047628.0
619.9468493355887 7110790.5
619.9839540856643 7964454.0
620.0212978981909 8261578.0
620.0588807731684 8443001.0
620.0967027105968 7704064.5
620.134763710476 6320625.5
620.1730637728062 4129412.0
620.2116028975872 2807700.2
620.2503810848191 2013381.0
620.2893983345019 1676170.2
620.3286546466355 1770131.9
620.3681500212202 1611402.5
620.4078844582556 1134665.0
620.447857957742 1222812.4
620.4880705196792 1239918.8
620.5285221440674 1223077.2
620.5692128309064 1303301.9
620.6101425801965 1240510.1
620.6513113919372 1136077.1
620.692719266129 1162810.1
620.7343662027715 971199.06
620.7762522018651 1018008.1
620.8183772634094 1071497.2
620.8607413874046 880917.2
620.9033445738509 550914.3
620.9461868227478 836525.6
620.9892681340958 910676.8
621.0325885078946 889958.7
621.0761479441444 959974.4
621.1199464428449 1234528.4
621.1639840039965 1481540.6
621.2082606275989 1372125.6
621.2527763136521 1176090.9
621.2975310621563 928099.0
621.3425248731114 1144437.9
621.3877577465173 1091083.0
621.4332296823742 1336796.1
621.478940680682 1296355.2
621.5248907414405 757958.6
621.5710798646501 787206.2
621.6175080503104 931379.4
621.6641752984218 1090836.9
621.7110816089839 1121770.1
621.758226981997 1014938.06
621.8056114174609 1296353.9
621.8532349153759 1398759.8
621.9010974757415 1671636.8
621.9491990985582 1739790.1
621.9975397838257 1707524.2
622.0461195315442 1387739.9
622.0949383417135 1027115.7
622.1439962143336 1432778.6
622.1932931494047 1391497.2
622.2428291469266 1367897.5
622.2926042068996 1766562.4
622.3426183293233 1400901.1
622.392871514198 1510593.1
622.4433637615234 1871670.5
622.4940950713 1867474.8
622.5450654435272 1876271.9
622.5962748782055 1591025.0
622.6477233753345 1549935.2
622.6994109349146 1430032.0
622.7513375569454 1323801.5
622.8035032414273 1388360.5
622.8559079883598 1898827.2
622.9085517977434 1985872.0
622.9614346695778 2148372.8
623.0145566038631 2589781.5
623.0679176005993 2689156.0
623.1215176597865 2585804.5
623.1753567814245 2138173.5
623.2294349655133 1976804.5
623.2837522120532 1550224.0
623.3383085210438 1590014.4
623.3931038924854 1729978.0
623.4481383263778 2203000.2
623.5034118227212 3015894.0
623.5589243815153 3405569.8
623.6146760027606 4073287.0
623.6706666864566 5239826.0
623.7268964326033 6396707.0
623.7833652412012 7921507.0
623.8400731122499 8493273.0
623.8970200457495 7456476.0
623.9542060416999 5498808.0
624.0116311001013 4165320.5
624.0692952209534 3725363.5
624.1271984042567 2985855.5
624.1853406500106 2211372.0
624.2437219582156 1687857.5
624.3023423288714 1794481.8
624.3612017619781 1771558.0
624.4203002575357 1467845.5
624.4796378155443 1742603.6
624.5392144360035 1753929.8
624.5990301189137 1094570.0
624.659084864275 1044802.1
624.7193786720869 839991.9
624.7799115423499 911061.1
624.8406834750637 878273.0
624.9016944702284 1081361.0
624.962944527844 1309065.5
625.0244336479105 1386440.0
625.0861618304278 1247715.1
625.1481290753961 1394343.0
625.2103353828153 1738291.4
625.2727807526853 2176597.8
625.3354651850062 1942102.6
625.398388679778 1668196.5
625.4615512370008 1768833.8
625.5249528566744 1627754.0
625.5885935387989 1908458.0
625.6524732833743 2023297.6
625.7165920904006 1821810.5
625.7809499598777 2270890.2
625.8455468918058 3387443.8
625.9103828861847 4366508.0
625.9754579430146 5121481.5
626.0407720622953 4658615.0
626.106325244027 4177032.5
626.1721174882094 3091582.5
626.2381487948429 2579864.8
626.3044191639272 2089767.8
626.3709285954623 1856785.2
626.4376770894484 1746327.4
626.5046646458853 1298195.2
626.5718912647732 1496651.9
626.6393569461119 1783504.2
626.7070616899016 1684997.6
626.7750054961421 1639482.4
626.8431883648335 1616709.4
626.9116102959758 1329405.0
626.980271289569 1264815.9
627.0491713456131 1225545.4
627.1183104641082 1072928.1
627.1876886450539 1262085.9
627.2573058884507 1528450.0
627.3271621942984 1509579.5
627.3972575625968 1685565.0
627.4675919933463 1514900.1
627.5381654865465 1535018.9
627.6089780421978 2101183.0
627.6800296602999 2544663.8
627.7513203408529 3159439.5
627.8228500838567 3102272.5
627.8946188893116 2853113.0
627.9666267572171 2471369.5
628.0388736875738 2588154.2
628.1113596803812 3010230.2
628.1840847356395 2631868.8
628.2570488533487 1757680.5
628.3302520335087 1735416.5
628.4036942761198 2069248.0
628.4773755811816 2300642.5
628.5512959486945 2432915.2
628.6254553786581 2413595.5
628.6998538710727 2780796.5
628.7744914259381 3126560.5
628.8493680432545 3362232.5
628.9244837230217 3165517.0
628.9998384652398 3559162.0
629.0754322699088 2983545.0
629.1512651370288 3020165.0
629.2273370665995 3297280.5
629.3036480586212 3578482.5
629.3801981130938 3801056.5
629.4569872300171 3674358.0
629.5340154093916 3742028.0
629.6112826512167 3947522.2
629.6887889554929 3615317.5
629.7665343222199 2456347.2
629.8445187513979 2080567.5
629.9227422430266 1887118.1
630.0012047971064 1971783.0
630.0799064136369 1825519.4
630.1588470926184 1526343.8
630.2380268340507 1668646.9
630.317445637934 1720260.5
630.3971035042681 1743542.4
630.4770004330533 1949770.0
630.5571364242891 2081377.8
630.6375114779759 2027258.0
630.7181255941136 2514358.5
630.7989787727022 2208685.5
630.8800710137417 1735567.6
630.961402317232 1727690.0
631.0429726831734 2027415.6
631.1247821115654 1859306.5
631.2068306024086 1963602.4
631.2891181557025 1460916.0
631.3716447714473 1337890.5
631.454410449643 1442385.1
631.5374151902896 1365506.2
631.6206589933871 1402250.1
631.7041418589355 1276857.6
631.7878637869347 1444726.2
631.8718247773849 1747488.2
631.956024830286 1841380.1
632.0404639456378 2065007.8
632.1251421234408 2304730.8
632.2100593636944 2366538.2
632.2952156663991 2071596.9
632.3806110315546 2532144.5
632.4662454591611 2643024.5
632.5521189492183 2141636.0
632.6382315017265 1945893.0
632.7245831166855 1918164.2
632.8111737940956 1720331.5
632.8980035339563 1810246.5
632.985072336268 1831450.1
633.0723802010307 2032668.0
633.1599271282441 2248897.8
633.2477131179087 2253766.0
633.3357381700239 2480400.8
633.4240022845902 2529850.0
633.5125054616071 3033735.0
633.6012477010752 3084398.5
633.690229002994 2633355.0
633.7794493673638 2437269.8
633.8689087941844 2191524.8
633.958607283456 2065470.5
634.0485448351784 2149550.5
634.1387214493517 1807665.5
634.2291371259759 1930115.2
634.3197918650509 2005538.1
634.4106856665769 1614113.9
634.5018185305538 1384880.0
634.5931904569816 1420224.9
634.6848014458602 1794841.2
634.7766514971898 1532968.8
634.8687406109701 1514062.2
634.9610687872016 1131201.9
635.0536360258837 1305934.5
635.1464423270169 1149661.8
635.2394876906009 1078804.2
635.3327721166357 1174860.6
635.4262956051215 849038.75
635.5200581560582 706373.4
635.6140597694457 700175.1
635.7083004452841 776069.94
635.8027801835735 1000932.4
635.8974989843136 1286507.9
635.9924568475049 1186682.4
636.0876537731468 1134773.0
636.1830897612398 1192246.2
636.2787648117835 1180865.2
636.3746789247782 1143296.5
636.4708321002237 1093124.6
636.5672243381202 1276570.2
636.6638556384676 1416682.5
636.7607260012659 1649984.5
636.857835426515 1492507.0
636.9551839142149 1424422.2
637.0527714643658 1281713.2
637.1505980769675 1600327.0
637.2486637520203 1592108.5
637.3469684895239 1410892.6
637.4455122894784 1616162.6
637.5442951518837 1599672.6
637.64331707674 1687049.5
637.742578064047 1387855.1
637.8420781138052 1425686.0
637.941817226014 1709695.8
638.0417954006739 1140804.4
638.1420126377845 1414062.0
638.2424689373462 1699880.2
638.3431642993586 1421724.8
638.444098723822 1049463.6
638.5452722107362 1125680.1
638.6466847601014 1451898.8
638.7483363719175 1419583.9
638.8502270461844 1332318.9
638.9523567829023 1454123.8
639.0547255820709 1430170.8
639.1573334436905 1243082.1
639.260180367761 1558553.8
639.3632663542825 1709930.0
639.4665914032546 1612891.1
639.5701555146778 1440707.0
639.6739586885519 1516617.0
639.7780009248769 1879898.2
639.8822822236526 2342726.0
639.9868025848793 2146361.2
640.091562008557 2161478.0
640.1965604946854 1953266.0
640.3017980432649 2229737.5
640.4072746542952 2593777.8
640.5129903277764 2310641.5
640.6189450637083 2269263.0
640.7251388620914 1819480.0
640.8315717229252 2194064.0
640.93824364621 1661804.4
641.0451546319456 1534588.2
641.1523046801321 1424190.5
641.2596937907695 1180758.6
641.3673219638578 1143948.2
641.4751891993969 1739634.4
641.583295497387 1344264.4
641.691640857828 1423621.4
641.8002252807198 1661520.2
641.9090487660626 1492176.1
642.0181113138563 1113714.8
642.1274129241008 1125415.2
642.2369535967962 1336470.2
642.3467333319426 1504622.2
642.4567521295397 1652146.0
642.5670099895879 1875514.4
642.6775069120868 1861820.2
642.7882428970366 1985839.2
642.8992179444374 1915488.8
643.010432054289 1825939.2
643.1218852265915 1272732.0
643.2335774613449 1499686.8
643.3455087585494 1678715.8
643.4576791182045 1809920.6
643.5700885403106 1683648.1
643.6827370248676 1597915.1
643.7956245718756 1137964.0
643.9087511813342 1068014.5
644.0221168532439 824140.3
644.1357215876045 1099849.6
644.249565384416 1501121.4
644.3636482436782 1713043.1
644.4779701653915 1485820.0
644.5925311495556 1684555.5
644.7073311961706 1484230.8
644.8223703052365 1532265.8
644.9376484767532 1490761.9
645.0531657107209 1535215.1
645.1689220071395 1589838.1
645.2849173660089 1575864.2
645.4011517873292 1672251.2
645.5176252711005 1733438.2
645.6343378173226 1824142.0
645.7512894259957 1552779.5
645.8684800971196 1752024.0
645.9859098306944 1714481.5
646.10357862672 1395539.5
646.2214864851966 1368495.5
646.3396334061241 1334777.2
646.4580193895024 1372306.5
646.5766444353317 1153956.8
646.6955085436118 1200574.8
646.8146117143428 1170189.8
646.9339539475247 1073727.5
647.0535352431576 1083634.2
647.1733556012413 1278151.0
647.2934150217759 1429369.4
647.4137135047613 1067748.2
647.5342510501977 1002529.25
647.6550276580849 1154445.1
647.7760433284232 1258986.2
647.8972980612122 1240704.1
648.018791856452 1345456.8
648.1405247141429 1422492.0
648.2624966342845 1158688.6
648.3847076168772 1421230.1
648.5071576619206 1565106.8
648.629846769415 1357575.2
648.7527749393603 1544007.8
648.8759421717565 1740916.4
648.9993484666035 1419008.9
649.1229938239015 1366603.5
649.2468782436503 1477124.5
649.3710017258501 1366728.5
649.4953642705007 1539500.1
649.6199658776021 1338545.6
649.7448065471544 1210753.2
649.8698862791578 1219966.5
649.9952050736119 1409738.6
650.120762930517 1825833.6
650.2465598498729 1789136.9
650.3725958316797 1626046.0
650.4988708759375 1560490.5
650.6253849826461 1640462.2
650.7521381518056 1518903.9
650.879130383416 1308124.5
651.0063616774773 1389367.4
651.1338320339895 1571561.0
651.2615414529527 1531078.9
651.3894899343666 1404530.6
651.5176774782313 1562368.1
651.6461040845472 1246132.0
651.7747697533138 1278936.6
651.9036744845314 1443176.9
652.0328182781997 1375183.5
652.162201134319 1402820.1
652.2918230528892 1466030.2
652.4216840339103 1574806.2
652.5517840773823 1587987.8
652.6821231833052 1234420.8
652.8127013516789 1290040.1
652.9435185825037 1328235.5
653.074574875779 1357484.9
653.2058702315056 1609431.1
653.3374046496829 1139486.0
653.469178130311 957775.0
653.6011906733902 1078357.6
653.73344227892 1016858.0
653.865932946901 1235837.1
653.9986626773327 1536579.0
654.1316314702154 1273495.6
654.2648393255489 1275343.9
654.3982862433335 1274819.5
654.5319722235687 1205887.9
654.665897266255 1290386.1
654.8000613713921 1160352.8
654.9344645389801 1176320.8
655.069106769019 1257387.0
655.2039880615088 1469685.6
655.3391084164494 1482249.2
655.4744678338409 1128133.0
655.6100663136834 1487879.2
655.7459038559767 1612881.4
655.881980460721 1373083.1
656.0182961279161 1438449.9
656.1548508575621 1776698.6
656.291644649659 1520945.1
656.4286775042068 1542946.0
656.5659494212055 1667300.6
656.7034604006551 1849315.2
656.8412104425555 1661239.0
656.9791995469069 1536475.1
657.117427713709 1256970.8
657.2558949429622 1478477.0
657.3946012346663 1650751.1
657.5335465888211 1699554.8
657.672731005427 1270512.0
657.8121544844836 1017087.8
657.9518170259913 1267440.4
658.0917186299497 1056450.2
658.2318592963591 1367180.8
658.3722390252193 1374113.9
658.5128578165305 1380163.9
658.6537156702925 1251178.1
658.7948125865055 1360333.6
658.9361485651692 1595096.0
659.077723606284 1891034.8
659.2195377098495 1748071.8
659.361590875866 1810162.5
659.5038831043335 1838003.9
659.6464143952517 1633676.9
659.7891847486209 1501066.4
659.9321941644408 1589483.2
660.0754426427119 1258370.8
660.2189301834336 1647803.6
660.3626567866064 1771204.8
660.50662245223 1480270.6
660.6508271803045 1165659.8
660.7952709708298 1356625.2
660.9399538238061 1354903.1
661.0848757392333 1156221.9
661.2300367171114 1181153.8
661.3754367574403 1276710.8
661.5210758602201 1222465.0
661.6669540254509 886837.25
661.8130712531324 1276904.0
661.9594275432651 1285597.2
662.1060228958484 1095845.5
662.2528573108827 1237624.9
662.3999307883678 1114098.5
662.5472433283039 1123543.5
662.6947949306908 1221949.6
662.8425855955288 1265847.0
662.9906153228175 1080408.0
663.1388841125572 1324107.5
663.2873919647476 1359961.2
663.436138879389 1338171.2
663.5851248564813 1285982.2
663.7343498960245 1171640.5
663.8838139980186 1447450.2
664.0335171624636 1615851.9
664.1834593893594 1201198.1
664.3336406787062 970174.5
664.4840610305039 1042297.1
664.6347204447524 1101813.8
664.7856189214518 1261514.8
664.936756460602 1348229.5
665.0881330622034 1172990.1
665.2397487262554 1276134.8
665.3916034527584 1427237.6
665.5436972417123 1174198.9
665.6960300931171 1026380.75
665.8486020069727 1003183.5
666.0014129832791 1062583.6
666.1544630220367 934121.2
666.3077521232449 948303.75
666.4612802869042 1122050.1
666.6150475130142 1368159.9
666.7690538015753 976596.5
666.9232991525871 824645.5
667.07778356605 953588.9
667.2325070419636 1296325.5
667.3874695803282 1013055.06
667.5426711811436 1483817.2
667.69811184441 1766808.1
667.8537915701272 1889305.1
668.0097103582953 1877879.5
668.1658682089143 2150190.2
668.3222651219842 2034366.0
668.4789010975051 1921440.6
668.6357761354766 1766654.8
668.7928902358992 1689304.0
668.9502433987727 1355143.1
669.1078356240971 1449702.4
669.2656669118722 1697631.5
669.4237372620985 1505382.8
669.5820466747754 1272525.4
669.7405951499034 1114564.2
669.8993826874821 1289319.9
670.0584092875117 1372540.2
670.2176749499924 1214407.8
670.3771796749238 990049.4
670.5369234623063 1238736.2
670.6969063121394 1222169.6
670.8571282244236 750048.9
671.0175891991586 1012894.7
671.1782892363447 1330243.2
671.3392283359814 1595479.0
671.5004064980691 1258417.2
671.6618237226077 1089017.0
671.8234800095972 1230030.1
671.9853753590376 1114269.6
672.1475097709289 1006115.5
672.309883245271 1232930.4
672.472495782064 1472022.6
672.635347381308 1258283.9
672.7984380430028 1294259.2
672.9617677671484 1177589.8
673.125336553745 1087190.9
673.2891444027925 1205522.4
673.453191314291 1075787.2
673.6174772882403 1087496.8
673.7820023246404 1115736.8
673.9467664234915 1129557.6
674.1117695847934 1496624.0
674.2770118085463 1272075.4
674.4424930947499 1079364.6
674.6082134434046 1043009.06
674.7741728545101 1149181.0
674.9403713280664 1593912.4
675.1068088640737 1566308.9
675.2734854625319 1255155.0
675.440401123441 1354164.4
675.6075558468009 1930707.0
675.7749496326118 1952255.5
675.9425824808735 1957462.4
676.1104543915861 1890675.6
676.2785653647496 1561052.8
676.4469154003641 1688615.1
676.6155044984293 1335152.0
676.7843326589456 1209395.1
676.9533998819127 1427777.4
677.1227061673306 1607008.8
677.2922515151995 1736922.0
677.4620359255191 1581933.9
677.6320593982898 1518534.2
677.8023219335114 1805273.9
677.9728235311838 1550568.0
678.1435641913071 1355490.5
678.3145439138814 1237785.2
678.4857626989063 1428806.4
678.6572205463824 1296420.8
678.8289174563092 1292718.0
679.000853428687 1199273.6
679.1730284635156 1310499.8
679.3454425607953 1228432.5
679.5180957205256 1381419.0
679.690987942707 1563455.0
679.8641192273392 1241030.5
680.0374895744222 1191549.1
680.2110989839563 1088232.5
680.3849474559411 1056157.4
680.559034990377 1338536.0
680.7333615872635 1635043.5
680.9079272466012 1242581.4
681.0827319683896 1136512.4
681.257775752629 1344545.0
681.4330585993191 1233463.8
681.6085805084602 1337645.0
681.7843414800523 1183939.5
681.9603415140951 1125206.8
682.1365806105889 1064843.2
682.3130587695335 1010776.8
682.4897759909292 1490949.5
682.6667322747755 1545520.5
682.8439276210729 1571910.2
683.0213620298211 1863188.2
683.1990355010204 1390046.9
683.3769480346702 1275149.4
683.5550996307712 1425205.2
683.7334902893231 1648467.6
683.9121200103258 1487480.0
684.0909887937793 1228786.5
684.2700966396839 1313046.8
684.4494435480391 1268406.1
684.6290295188454 1581541.2
684.8088545521025 1710908.0
684.9889186478105 1276950.6
685.1692218059694 1229815.5
685.3497640265792 1449097.8
685.5305453096399 1308647.8
685.7115656551515 1017261.4
685.8928250631141 1082138.6
686.0743235335274 1204128.2
686.2560610663917 1415512.2
686.4380376617067 1316766.4
686.6202533194729 1562972.0
686.8027080396897 1482645.5
686.9854018223576 1378922.4
687.1683346674763 1317427.4
687.351506575046 1265244.9
687.5349175450664 1373295.8
687.7185675775377 1356670.8
687.9024566724601 1530182.6
688.0865848298331 1389418.1
688.2709520496572 1610732.0
688.4555583319321 1556178.1
688.640403676658 1533247.2
688.8254880838347 1371556.0
689.0108115534624 1518066.8
689.1963740855408 1583706.0
689.3821756800703 1414341.4
689.5682163370506 1453514.4
689.7544960564818 1423449.5
689.9410148383638 1502101.5
690.1277726826967 1636451.5
690.3147695894805 1821483.1
690.5020055587153 1560958.9
690.689480590401 1237006.5
690.8771946845374 1292207.6
691.0651478411248 1367337.6
691.253340060163 1330595.2
691.4417713416524 1691386.4
691.6304416855924 1856144.2
691.8193510919834 1634034.9
692.0084995608252 1837510.1
692.197887092118 1901013.6
692.3875136858616 1818085.5
692.5773793420561 1538601.9
692.7674840607016 1695916.2
692.9578278417978 1741942.8
693.1484106853451 1576525.1
693.339232591343 1530665.0
693.5302935597921 1274771.5
693.7215935906919 1361751.2
693.9131326840427 1582201.8
694.1049108398444 1713226.9
694.2969280580969 1697716.0
694.4891843388003 1737235.0
694.6816796819547 1639471.2
694.8744140875599 1811613.8
695.067387555616 2014636.1
695.260600086123 1700108.6
695.4540516790809 1661293.1
695.6477423344896 1641847.2
695.8416720523492 1429949.2
696.0358408326598 1633711.0
696.2302486754212 1819734.0
696.4248955806336 1982842.5
696.6197815482967 2333771.0
696.814906578411 2565468.8
697.0102706709758 2049370.8
697.2058738259918 1772489.9
697.4017160434586 2020942.4
697.5977973233763 2231607.2
697.7941176657448 2460546.5
697.9906770705643 2356307.2
698.1874755378346 2384451.2
698.3845130675558 2379268.2
698.581789659728 2284639.0
698.779305314351 2019643.1
698.9770600314249 2193893.0
699.1750538109496 2160139.0
699.3732866529253 2350610.8
699.5717585573519 2524381.5
699.7704695242294 2764861.5
699.9694195535577 2944181.5
700.168608645337 2289666.5
700.3680367995671 2173844.8
700.5677040162482 2315207.2
700.7676102953801 2268191.0
700.9677556369629 2657805.2
701.1681400409966 3074196.2
701.368763507481 3247187.2
701.5696260364166 3217222.2
701.7707276278029 2941632.2
701.9720682816403 2853989.5
702.1736479979284 2583920.2
702.3754667766674 2679975.0
702.5775246178573 2474052.2
702.7798215214982 2372942.0
702.9823574875899 2432108.5
703.1851325161325 2415572.0
703.3881466071259 2441674.8
703.5913997605704 3002320.2
703.7948919764656 3057031.0
703.9986232548118 3322984.0
704.2025935956088 2859173.0
704.4068029988567 2534353.0
704.6112514645556 2622674.0
704.8159389927052 2843777.8
705.020865583306 2830902.2
705.2260312363574 2771757.2
705.4314359518598 2424199.5
705.6370797298131 2331630.8
705.8429625702173 2966748.5
706.0490844730723 3068328.0
706.2554454383783 2943985.2
706.4620454661351 2955702.0
706.6688845563428 3367789.0
706.8759627090014 3476585.2
707.0832799241109 3327235.0
707.2908362016714 3065265.0
707.4986315416826 3388221.0
707.7066659441448 3429747.8
707.9149394090579 3992025.0
708.1234519364218 4213876.0
708.3322035262366 4290179.0
708.5411941785025 4380037.0
708.750423893219 4638856.0
708.9598926703866 5055595.5
709.169600510005 5664514.5
709.3795474120743 5449733.0
709.5897333765945 5116163.5
709.8001584035657 4910464.0
710.0108224929876 4953370.5
710.2217256448604 4654225.5
710.4328678591842 4606594.5
710.6442491359588 4865860.5
710.8558694751844 4844344.0
711.0677288768608 5254228.0
711.2798273409882 5879321.0
711.4921648675663 6948045.5
711.7047414565955 8345802.5
711.9175571080754 9265903.0
712.1306118220064 10267224.0
712.343905598388 11394896.0
712.5574384372208 12297110.0
712.7712103385043 12513208.0
712.9852213022388 11775559.0
713.199471328424 10652608.0
713.4139604170601 10337468.0
713.6286885681474 10420847.0
713.8436557816852 9960894.0
714.0588620576742 9193428.0
714.274307396114 8638637.0
714.4899917970047 9352281.0
714.7059152603462 9853190.0
714.9220777861387 10301034.0
715.138479374382 10426008.0
715.3551200250763 10804446.0
715.5719997382214 11003848.0
715.7891185138174 11857006.0
716.0064763518642 12588519.0
716.224073252362 12882299.0
716.4419092153107 13510668.0
716.6599842407103 13503430.0
716.8782983285607 12251444.0
717.096851478862 10978540.0
717.3156436916144 10478403.0
717.5346749668174 10340132.0
717.7539453044715 10131622.0
717.9734547045764 8685970.0
718.1932031671322 7051858.0
718.4131906921389 6834717.0
718.6334172795965 6281134.5
718.853882929505 5683090.0
719.0745876418644 4591550.0
719.2955314166745 4067384.5
719.5167142539357 4069412.8
719.7381361536477 4451359.5
719.9597971158106 3867677.2
720.1816971404245 3716478.8
720.4038362274891 4260510.5
720.6262143770048 3860632.2
720.8488315889713 4578439.5
721.0716878633887 5235284.5
721.2947832002569 5806823.0
721.518117599576 6567605.5
721.741691061346 7394812.0
721.965503585567 8362789.5
722.1895551722389 8767026.0
722.4138458213616 10235369.0
722.6383755329352 11724276.0
722.8631443069596 13339022.0
723.0881521434351 14888500.0
723.3133990423613 16017002.0
723.5388850037385 16192426.0
723.7646100275665 15556621.0
723.9905741138455 14343336.0
724.2167772625753 13288200.0
724.4432194737561 12259841.0
724.6699007473876 12261236.0
724.8968210834703 12540401.0
725.1239804820036 12934092.0
725.3513789429879 13378400.0
725.579016466423 13735042.0
725.8068930523091 15296405.0
726.0350087006461 16242156.0
726.2633634114338 16971866.0
726.4919571846726 17191558.0
726.7207900203623 17598532.0
726.9498619185028 17990398.0
727.1791728790942 19188044.0
727.4087229021366 22319662.0
727.6385119876297 28381570.0
727.8685401355738 38769656.0
728.0988073459687 53226436.0
728.3293136188147 69355304.0
728.5600589541114 88754550.0
728.7910433518591 110603550.0
729.0222668120575 130010870.0
729.2537293347069 137528510.0
729.4854309198073 135446460.0
729.7173715673584 123010180.0
729.9495512773606 98328240.0
730.1819700498136 66860116.0
730.4146278847174 44229760.0
730.6475247820722 30036504.0
730.8806607418778 22896256.0
731.1140357641343 19018048.0
731.3476498488419 15995961.0
731.5815029960002 12816621.0
731.8155952056094 11438460.0
732.0499264776695 10234811.0
732.2844968121806 8667183.0
732.5193062091423 7124761.0
732.754354668555 5453123.0
732.9896421904187 5149697.5
733.2251687747333 5474949.0
733.4609344214988 5762146.0
733.6969391307151 5178364.0
733.9331829023823 5315682.5
734.1696657365004 5827084.0
734.4063876330695 6543135.5
734.6433485920893 6882189.5
734.8805486135602 7405439.5
735.1179876974818 8305359.5
735.3556658438545 8575712.0
735.5935830526778 9113414.0
735.8317393239522 8668249.0
736.0701346576775 8320362.5
736.3087690538534 8204158.0
736.5476425124806 7641758.0
736.7867550335584 6841150.5
737.0261066170873 6399797.5
737.265697263067 7191630.5
737.5055269714976 8739191.0
737.745595742379 9940149.0
737.9859035757114 10960535.0
738.2264504714947 13501566.0
738.4672364297288 18204940.0
738.7082614504138 25510490.0
738.9495255335498 35218496.0
739.1910286791365 48788024.0
739.4327708871742 66041600.0
739.6747521576629 83957220.0
739.9169724906022 100917320.0
740.1594318859927 113067580.0
740.4021303438338 116911330.0
740.6450678641261 114337050.0
740.8882444468691 99517130.0
741.131660092063 75205280.0
741.3753147997079 50544240.0
741.6192085698036 32111560.0
741.8633414023502 20740662.0
742.1077132973477 15228819.0
742.352324254796 12219979.0
742.5971742746954 10434464.0
742.8422633570456 9391274.0
743.0875915018465 7807403.0
743.3331587090985 6132159.5
743.5789649788013 5634548.0
743.8250103109551 5403925.5
744.0712947055597 4412361.5
744.3178181626151 3721426.0
744.5645806821216 3173765.5
744.8115822640789 2734974.0
745.058822908487 2745352.8
745.3063026153461 2905347.5
745.554021384656 2761967.8
745.801979216417 2918937.5
746.0501761106286 3182231.5
746.2986120672912 3723229.0
746.5472870864048 4103884.0
746.7962011679691 4918119.0
747.0453543119845 5602059.5
747.2947465184507 4773729.0
747.5443777873677 4142731.0
747.7942481187357 3909887.2
748.0443575125546 3431118.8
748.2947059688242 3269996.0
748.545293487545 3164914.5
748.7961200687164 2822616.5
749.0471857123389 2539306.0
749.2984904184123 2521016.5
749.5500341869365 2127069.0
749.8018170179115 1933891.9
750.0538389113375 2168826.0
750.3060998672144 2272828.5
750.558599885542 2139407.2
750.8113389663208 2154272.8
751.0643171095503 2172891.5
751.3175343152308 2092828.2
751.570990583362 2522234.5
751.8246859139442 2460167.2
752.0786203069773 2396213.5
752.3327937624614 2398292.0
752.5872062803962 2505167.8
752.841857860782 2580145.2
753.0967485036186 2465437.0
753.3518782089062 2660802.2
753.6072469766447 2289871.0
753.8628548068339 2542078.0
754.1187016994742 2823579.5
754.3747876545652 3150554.8
754.6311126721073 2918211.2
754.8876767521001 2953558.8
755.144479894544 3132186.5
755.4015220994386 2648289.0
755.6588033667842 2902383.0
755.9163236965807 3306517.8
756.1740830888281 3423594.0
756.4320815435262 3335487.8
756.6903190606754 3219147.5
756.9487956402754 3079757.2
757.2075112823263 3157059.5
757.4664659868281 3347887.5
757.7256597537807 3684367.0
757.9850925831844 3973987.0
758.2447644750388 3698869.8
758.5046754293442 3467413.8
758.7648254461004 3673472.8
759.0252145253075 4163061.2
759.2858426669656 4898450.5
759.5467098710745 5191507.0
759.8078161376343 5548612.0
760.069161466645 5611571.0
760.3307458581066 5649605.0
760.5925693120191 6160872.5
760.8546318283825 6079330.5
761.1169334071967 6093087.0
761.3794740484618 5596767.0
761.6422537521778 5015765.5
761.9052725183449 4731564.0
762.1685303469626 4403019.5
762.4320272380314 4349181.0
762.6957631915509 3717622.5
762.9597382075215 4011299.8
763.2239522859428 4165086.0
763.4884054268151 4190586.5
763.7530976301382 3982399.8
764.0180288959123 4433922.5
764.2831992241372 4442342.0
764.5486086148131 4133269.8
764.8142570679397 4050358.8
765.0801445835173 4359486.0
765.3462711615459 4803180.0
765.6126368020252 5444493.0
765.8792415049556 6080387.5
766.1460852703367 6868926.0
766.4131680981689 7837855.5
766.6804899884517 8232004.0
766.9480509411856 9030140.0
767.2158509563703 8954341.0
767.483890034006 7804182.5
767.7521681740925 6679157.0
768.0206853766299 5837464.5
768.2894416416182 5479569.5
768.5584369690574 5159045.5
768.8276713589474 5526733.0
769.0971448112883 5463880.5
769.3668573260802 5413474.5
769.636808903323 5950173.0
769.9069995430166 6791116.0
770.1774292451611 7063474.0
770.4480980097566 6898359.0
770.7190058368028 7142442.5
770.9901527263 8365298.0
771.2615386782481 8745799.0
771.5331636926471 8225170.0
771.805027769497 8972591.0
772.0771309087978 10887762.0
772.3494731105494 13022182.0
772.622054374752 15338038.0
772.8948747014053 18457528.0
773.1679340905096 21950442.0
773.4412325420649 23763762.0
773.714770056071 25731138.0
773.9885466325279 27486688.0
774.2625622714359 27144390.0
774.5368169727947 25961096.0
774.8113107366042 23437058.0
775.0860435628648 20444912.0
775.3610154515762 15469809.0
775.6362264027387 11191140.0
775.9116764163518 8905618.0
776.1873654924159 7288007.5
776.4632936309309 7032409.0
776.7394608318967 6993187.0
777.0158670953135 6979075.0
777.2925124211812 7502321.0
777.5693968094998 7537150.5
777.8465202602692 7374768.0
778.1238827734896 7814859.5
778.4014843491608 8495428.0
778.6793249872829 8716114.0
778.957404687856 9144126.0
779.23572345088 10713156.0
779.5142812763546 12510758.0
779.7930781642804 14589062.0
780.0721141146569 17981554.0
780.3513891274845 20066084.0
780.6309032027627 20766076.0
780.9106563404919 21849840.0
781.1906485406721 22297548.0
781.4708798033031 21952390.0
781.7513501283851 20494486.0
782.0320595159178 18730336.0
782.3130079659015 18902668.0
782.5941954783361 18224736.0
782.8756220532216 18017108.0
783.157287690558 18341308.0
783.4391923903453 17939398.0
783.7213361525834 16793920.0
784.0037189772725 15527605.0
784.2863408644123 14038090.0
784.5692018140032 13007365.0
784.8523018260448 13437350.0
785.1356409005374 14209051.0
785.419219037481 15271922.0
785.7030362368753 16057594.0
785.9870924987206 16686336.0
786.2713878230167 17800512.0
786.5559222097638 16825732.0
786.8406956589616 15843861.0
787.1257081706106 15378235.0
787.4109597447102 14665186.0
787.6964503812609 14113654.0
787.9821800802623 14608496.0
788.2681488417147 13907941.0
788.554356665618 14408140.0
788.8408035519722 15766982.0
789.1274895007773 16963766.0
789.4144145120331 17094398.0
789.70157858574 17394136.0
789.9889817218977 17793158.0
790.2766239205064 18598210.0
790.5645051815659 18768548.0
790.8526255050763 20877502.0
791.1409848910375 22366302.0
791.4295833394498 24739692.0
791.7184208503128 26574602.0
792.0074974236268 29545220.0
792.2968130593916 32352300.0
792.5863677576074 35252756.0
792.876161518274 36664396.0
793.1661943413915 37678156.0
793.45646622696 39099930.0
793.7469771749792 38825970.0
794.0377271854495 36634150.0
794.3287162583705 34593830.0
794.6199443937426 34835056.0
794.9114115915653 36065200.0
795.2031178518391 36462188.0
795.4950631745637 38179270.0
795.7872475597393 39155930.0
796.0796710073657 39478800.0
796.372333517443 40737164.0
796.6652350899712 40620930.0
796.9583757249504 41743364.0
797.2517554223803 44492244.0
797.5453741822612 46906020.0
797.839232004593 49622124.0
798.1333288893755 53164516.0
798.4276648366092 57014530.0
798.7222398462935 61134820.0
799.0170539184289 65726340.0
799.3121070530151 67970040.0
799.6073992500523 68970770.0
799.9029305095402 70663096.0
800.1987008314792 72489820.0
800.4947102158688 75351580.0
800.7909586627096 74898390.0
801.0874461720011 75072520.0
801.3841727437435 74549930.0
801.6811383779369 75316490.0
801.9783430745811 75590180.0
802.2757868336762 71077410.0
802.5734696552222 67260890.0
802.8713915392192 64289120.0
803.1695524856669 59499600.0
803.4679524945657 55907970.0
803.7665915659152 55456324.0
804.0654696997157 55804896.0
804.364586895967 56298216.0
804.6639431546693 55818140.0
804.9635384758224 56677210.0
805.2633728594265 58684880.0
805.5634463054813 60704896.0
805.863758813987 62635984.0
806.1643103849437 65898704.0
806.4651010183513 68326690.0
806.7661307142098 68030950.0
807.0673994725191 67709700.0
807.3689072932794 68883450.0
807.6706541764905 68375900.0
807.9726401221526 69076296.0
808.2748651302655 72431960.0
808.5773292008294 76851780.0
808.880032333844 82558790.0
809.1829745293097 92991820.0
809.4861557872262 107922480.0
809.7895761075936 125788170.0
810.0932354904118 147621180.0
810.3971339356808 169501000.0
810.701271443401 186470160.0
811.0056480135719 203828400.0
811.3102636461938 220669840.0
811.6151183412665 232129980.0
811.9202120987901 237134640.0
812.2255449187645 238740660.0
812.5311168011899 231454260.0
812.8369277460662 215018240.0
813.1429777533934 190837220.0
813.4492668231715 168316660.0
813.7557949554005 151259660.0
814.0625621500802 142693500.0
814.3695684072109 133657960.0
814.6768137267925 125066630.0
814.984298108825 116257570.0
815.2920215533085 108579830.0
815.5999840602427 101396910.0
815.908185629628 95074630.0
816.216626261464 87650080.0
816.5253059557509 80629430.0
816.8342247124888 73425190.0
817.1433825316776 67464470.0
817.4527794133171 61326330.0
817.7624153574077 55600880.0
818.072290363949 48925316.0
818.3824044329415 44392200.0
818.6927575643846 42094224.0
819.0033497582787 42422124.0
819.3141810146236 43593336.0
819.6252513334194 48018956.0
819.9365607146663 54145220.0
820.2481091583638 58760176.0
820.5598966645124 62947480.0
820.8719232331118 69609736.0
821.1841888641621 79480850.0
821.4966935576633 90977450.0
821.8094373136155 105140310.0
822.1224201320184 120814850.0
822.4356420128723 135550240.0
822.749102956177 159176640.0
823.0628029619327 185055520.0
823.3767420301392 209452660.0
823.6909201607966 231908220.0
824.005337353905 255378960.0
824.3199936094642 279582800.0
824.6348889274743 298033180.0
824.9500233079352 306184480.0
825.2653967508472 307694560.0
825.5810092562099 291926430.0
825.8968608240236 259067860.0
826.2129514542881 216248030.0
826.5292811470036 166988240.0
826.8458499021699 120621300.0
827.1626577197871 84046740.0
827.4797045998553 59514720.0
827.7969905423743 45855700.0
828.1145155473441 38455932.0
828.4322796147649 33305348.0
828.7502827446367 28278084.0
829.0685249369592 24188930.0
829.3870061917327 21020432.0
829.705726508957 18334536.0
830.0246858886322 16038541.0
830.3438843307583 14829544.0
830.6633218353354 13899404.0
830.9829984023633 12722810.0
831.3029140318422 11281086.0
831.6230687237718 10936179.0
831.9434624781525 11086378.0
832.2640952949838 11377199.0
832.5849671742662 10971409.0
832.9060781159994 10876438.0
833.2274281201835 10908331.0
833.5490171868187 11883018.0
833.8708453159045 12883730.0
834.1929125074414 13089932.0
834.515218761429 12169096.0
834.8377640778676 11373752.0
835.160548456757 11893092.0
835.4835718980975 13007520.0
835.8068344018886 13378359.0
836.1303359681309 14520382.0
836.4540765968239 16051091.0
836.778056287968 17497568.0
837.1022750415626 17884084.0
837.4267328576084 20345334.0
837.7514297361049 21970290.0
838.0763656770524 22433550.0
838.4015406804508 22651656.0
838.7269547463001 22178772.0
839.0526078746003 23369276.0
839.3785000653513 22596822.0
839.7046313185533 22932680.0
840.0310016342061 23310052.0
840.3576110123099 23513018.0
840.6844594528644 24740852.0
841.01154695587 25428372.0
841.3388735213264 24275656.0
841.6664391492336 23918470.0
841.9942438395917 24255430.0
842.3222875924008 25505558.0
842.6505704076608 26887508.0
842.9790922853716 26824830.0
843.3078532255333 27073082.0
843.636853228146 26522810.0
843.9660922932096 24407696.0
844.2955704207238 23267140.0
844.6252876106893 22641596.0
844.9552438631054 22546698.0
845.2854391779725 23877548.0
845.6158735552905 24356396.0
845.9465469950594 24611556.0
846.2774594972791 24448288.0
846.6086110619498 25803042.0
846.9400016890712 27713530.0
847.2716313786436 31736792.0
847.603500130667 36279570.0
847.9356079451411 40216252.0
848.2679548220663 43369480.0
848.6005407614422 46717090.0
848.9333657632692 52700136.0
849.2664298275467 57161636.0
849.5997329542755 60761616.0
849.933275143455 65586564.0
850.2670563950855 68525490.0
850.6010767091668 70364664.0
850.935336085699 68252370.0
851.2698345246821 65882544.0
851.6045720261161 62886156.0
851.939548590001 59987036.0
852.2747642163367 59092184.0
852.6102189051235 58493010.0
852.9459126563609 57078144.0
853.2818454700493 53364130.0
853.6180173461887 46981124.0
853.9544282847789 40152504.0
854.29107828582 34815724.0
854.627967349312 32322844.0
854.9650954752549 32095418.0
855.3024626636488 33442156.0
855.6400689144934 33665532.0
855.9779142277889 35220396.0
856.3159986035355 37681356.0
856.6543220417327 40837116.0
856.992884542381 43257664.0
857.33168610548 45751184.0
857.6707267310301 48757684.0
858.010006419031 51542696.0
858.3495251694828 54297284.0
858.6892829823855 56279140.0
859.0292798577391 60259956.0
859.3695157955435 63536944.0
859.709990795799 67367060.0
860.0507048585051 73663704.0
860.3916579836623 78991120.0
860.7328501712702 81988500.0
861.0742814213293 83584670.0
861.415951733839 85142110.0
861.7578611087997 88756450.0
862.1000095462114 91163870.0
862.4423970460737 92201210.0
862.7850236083872 91172880.0
863.1278892331513 86739180.0
863.4709939203666 80375830.0
863.8143376700325 70970070.0
864.1579204821496 61449490.0
864.5017423567174 54084124.0
864.845803293736 46083196.0
865.1901032932057 39079204.0
865.5346423551262 32368584.0
865.8794204794975 28117016.0
866.2244376663198 26112656.0
866.569693915593 26278108.0
866.9151892273169 28436256.0
867.2609236014919 31087950.0
867.6068970381177 33834356.0
867.9531095371945 36162370.0
868.299561098722 38907696.0
868.6462517227006 45013324.0
868.9931814091299 48924450.0
869.3403501580103 54205560.0
869.6877579693414 58921590.0
870.0354048431236 64308756.0
870.3832907793565 69312136.0
870.7314157780402 75764430.0
871.079779839175 80157790.0
871.4283829627606 80145220.0
871.7772251487971 82644890.0
872.1263063972845 86984830.0
872.4756267082229 91621240.0
872.825186081612 93590350.0
873.1749845174521 92778600.0
873.525022015743 91179570.0
873.875298576485 86796690.0
874.2258141996776 76079670.0
874.5765688853213 63383290.0
874.9275626334158 54091920.0
875.2787954439613 49768840.0
875.6302673169575 48965624.0
875.9819782524048 49560804.0
876.3339282503027 50065904.0
876.6861173106518 51333996.0
877.0385454334516 49564524.0
877.3912126187024 48156556.0
877.744118866404 44678436.0
878.0972641765566 42943070.0
878.45064854916 41587916.0
878.8042719842143 38074748.0
879.1581344817196 33147630.0
879.5122360416756 28312518.0
879.8665766640827 23000372.0
880.2211563489404 20118000.0
880.5759750962493 18724166.0
880.9310329060089 17673032.0
881.2863297782194 17525818.0
881.6418657128809 17152720.0
881.9976407099932 18012472.0
882.3536547695564 19436986.0
882.7099078915705 19906706.0
883.0664000760355 20474992.0
883.4231313229513 19882442.0
883.7801016323183 19929474.0
884.1373110041359 20425598.0
884.4947594384045 20672098.0
884.8524469351239 21355698.0
885.2103734942943 21801210.0
885.5685391159154 20685108.0
885.9269437999875 19178284.0
886.2855875465107 18826396.0
886.6444703554844 19020140.0
887.0035922269093 19135314.0
887.3629531607849 18126744.0
887.7225531571116 17967916.0
888.082392215889 18051912.0
888.4424703371174 18295622.0
888.8027875207965 20677698.0
889.1633437669268 23016940.0
889.5241390755077 24851224.0
889.8851734465397 25748280.0
890.2464468800224 26531412.0
890.6079593759562 28486210.0
890.9697109343408 29241424.0
891.3317015551763 32507478.0
891.6939312384626 36328370.0
892.0563999841997 40848236.0
892.419107792388 42723210.0
892.7820546630269 46440530.0
893.145240596117 48034510.0
893.5086655916577 51945350.0
893.8723296496495 56202980.0
894.2362327700921 58294596.0
894.6003749529856 60610200.0
894.96475619833 61574750.0
895.3293765061252 64080340.0
895.6942358763713 68450300.0
896.0593343090684 71928910.0
896.4246718042164 74847930.0
896.7902483618151 78216620.0
897.1560639818649 78122930.0
897.5221186643654 75690200.0
897.888412409317 72049150.0
898.2549452167193 64734724.0
898.6217170865726 51270524.0
898.9887280188768 37103316.0
899.3559780136319 27752644.0
899.7234670708378 22841642.0
900.0911951904947 20570132.0
900.4591623726023 18890162.0
900.827368617161 16737905.0
901.1958139241705 16758675.0
901.5644982936308 16217662.0
901.9334217255422 15568611.0
902.3025842199042 14893602.0
902.6719857767174 15084362.0
903.0416263959813 16414050.0
903.4115060776962 16552534.0
903.7816248218619 16187311.0
904.1519826284787 16784002.0
904.5225794975461 16136539.0
904.8934154290646 15454538.0
905.2644904230337 15232601.0
905.635804479454 15205768.0
906.0073575983251 14586094.0
906.3791497796472 13926720.0
906.7511810234199 14021575.0
907.1234513296438 14141794.0
907.4959606983184 13774562.0
907.8687091294438 13549244.0
908.2416966230203 12796019.0
908.6149231790475 12800530.0
908.9883887975259 12660334.0
909.3620934784549 11777240.0
909.736037221835 12155872.0
910.1102200276657 11834878.0
910.4846418959476 11607315.0
910.8593028266802 10872552.0
911.2342028198638 10528088.0
911.6093418754981 10871249.0
911.9847199935836 11715526.0
912.3603371741196 12371376.0
912.7361934171067 12763904.0
913.1122887225448 13203461.0
913.4886230904336 13371385.0
913.8651965207735 13428110.0
914.242009013564 14007886.0
914.6190605688057 15074341.0
914.996351186498 16040775.0
915.3738808666415 17546458.0
915.7516496092356 17679842.0
916.1296574142808 18488048.0
916.5079042817767 18971954.0
916.8863902117237 20331258.0
917.2651152041215 20987208.0
917.6440792589702 21073812.0
918.0232823762697 22093416.0
918.4027245560201 20345576.0
918.7824057982216 18466294.0
919.1623261028737 17147846.0
919.542485469977 16308149.0
919.9228838995309 16019230.0
920.3035213915359 15502714.0
920.6843979459916 16206426.0
921.0655135628983 16777344.0
921.446868242256 17314618.0
921.8284619840645 18103416.0
922.2102947883237 19420252.0
922.5923666550341 20032376.0
922.9746775841952 19927032.0
923.3572275758072 20538424.0
923.7400166298701 20878690.0
924.1230447463838 21626210.0
924.5063119253487 22154424.0
924.8898181667641 23816898.0
925.2735634706307 24211590.0
925.657547836948 24311348.0
926.0417712657163 22608020.0
926.4262337569354 21787864.0
926.8109353106056 20904130.0
927.1958759267263 20271788.0
927.5810556052983 19509220.0
927.966474346321 19553278.0
928.3521321497947 20771538.0
928.7380290157191 19569158.0
929.1241649440944 18909558.0
929.5105399349206 19714730.0
929.8971539881978 17739362.0
930.2840071039259 16463419.0
930.6710992821048 16440251.0
931.0584305227347 15708250.0
931.4460008258154 14119289.0
931.8338101913471 14830114.0
932.2218586193296 13165280.0
932.610146109763 10726348.0
932.9986726626472 9119254.0
933.3874382779825 7138560.5
933.7764429557685 5540957.0
934.1656866960054 4339385.0
934.5551694986933 3951899.0
934.9448913638321 3866209.5
935.3348522914216 3605159.8
935.7250522814621 3616817.5
936.1154913339535 3552505.0
936.5061694488959 3594657.0
936.8970866262891 4030511.2
937.288242866133 4097057.2
937.6796381684281 4565765.5
938.0712725331739 4809885.5
938.4631459603708 4718299.5
938.8552584500184 4828114.0
939.247610002117 5039646.5
939.6402006166663 5699379.0
940.0330302936667 6277928.0
940.4260990331178 6546452.5
940.8194068350199 7325432.0
941.212953699373 7185469.0
941.6067396261767 6850315.5
942.0007646154315 6342415.5
942.3950286671371 5899758.0
942.7895317812938 5742306.0
943.184273957901 5205287.5
943.5792551969595 4560287.5
943.9744754984687 4405973.5
944.3699348624289 4796117.0
944.7656332888398 5426969.5
945.1615707777016 5112904.0
945.5577473290144 4945947.0
945.9541629427781 4890460.5
946.3508176189927 4884158.0
946.7477113576581 5129507.0
947.1448441587745 5348013.0
947.5422160223416 5694885.0
947.9398269483597 5984255.5
948.3376769368288 5684562.5
948.7357659877487 6337639.5
949.1340941011194 6836142.0
949.5326612769411 6764282.5
949.9314675152136 6815827.0
950.3305128159373 7386029.5
950.7297971791115 8106679.0
951.1293206047367 8391768.0
951.5290830928128 8499128.0
951.9290846433399 8107795.0
952.3293252563178 6910089.0
952.7298049317465 7029736.0
953.1305236696262 7142580.0
953.5314814699568 7346157.5
953.9326783327383 7470959.0
954.3341142579707 7943167.0
954.7357892456539 8307782.5
955.137703295788 7943072.0
955.5398564083731 6972550.5
955.942248583409 6359143.0
956.3448798208958 6524375.0
956.7477501208334 6309250.0
957.1508594832221 5947120.0
957.5542079080615 6180465.0
957.9577953953519 5303675.5
958.3616219450932 5270252.0
958.7656875572852 5128126.0
959.1699922319283 5449531.0
959.5745359690222 5402865.5
959.979318768567 5992205.0
960.3843406305627 6513014.0
960.7896015550094 6596475.0
961.1951015419069 6642009.5
961.6008405912553 6655414.0
962.0068187030545 6500134.5
962.4130358773048 6868734.5
962.8194921140057 6926230.0
963.2261874131577 7401719.0
963.6331217747605 8139620.5
964.0402951988142 7772861.0
964.4477076853188 7330740.5
964.8553592342744 7567497.0
965.2632498456808 7802676.0
965.671379519538 7579697.5
966.0797482558462 6881927.0
966.4883560546052 6785205.5
966.8972029158153 6316019.5
967.3062888394761 6442089.0
967.7156138255879 5813536.0
968.1251778741505 5473542.0
968.534980985164 4587420.5
968.9450231586284 4611938.5
969.3553043945437 5142111.0
969.7658246929099 4972384.0
970.1765840537269 4609136.0
970.5875824769948 4224193.5
970.9988199627137 3248792.2
971.4102965108834 2807032.2
971.822012121504 3104152.8
972.2339667945757 3526640.5
972.6461605300981 3863584.0
973.0585933280714 4231687.0
973.4712651884955 5318982.5
973.8841761113707 5918267.5
974.2973260966967 5688223.0
974.7107151444736 6257913.0
975.1243432547012 6843299.0
975.5382104273799 7113287.5
975.9523166625095 7723258.0
976.3666619600898 7322275.0
976.7812463201212 7299150.5
977.1960697426034 7823852.0
977.6111322275365 8345714.0
978.0264337749204 8521216.0
978.4419743847554 9126134.0
978.8577540570411 9767221.0
979.2737727917779 9526049.0
979.6900305889653 9365648.0
980.1065274486039 8277474.5
980.523263370693 7189520.5
980.9402383552333 7098956.0
981.3574524022245 6708523.0
981.7749055116664 7052197.5
982.1925976835594 7938987.5
982.6105289179031 9549647.0
983.0286992146978 9571781.0
983.4471085739433 9436548.0
983.8657569956398 10236433.0
984.2846444797872 10806130.0
984.7037710263854 10938582.0
985.1231366354345 11537585.0
985.5427413069345 12771576.0
985.9625850408854 13628119.0
986.3826678372873 13371541.0
986.8029896961399 12481404.0
987.2235506174435 12748930.0
987.6443506011979 13590536.0
988.0653896474032 13044814.0
988.4866677560595 13207910.0
988.9081849271665 12983952.0
989.3299411607247 12457308.0
989.7519364567336 11145600.0
990.1741708151934 10048852.0
990.5966442361041 9330922.0
991.0193567194657 9175459.0
991.4423082652781 9351547.0
991.8654988735416 9942276.0
992.2889285442558 10083118.0
992.712597277421 9293104.0
993.1365050730369 7643918.0
993.5606519311038 7168733.0
993.9850378516217 7387633.0
994.4096628345903 8058116.0
994.83452688001 8481191.0
995.2596299878804 9541739.0
995.6849721582018 10086126.0
996.110553390974 9944134.0
996.5363736861973 10431861.0
996.9624330438713 10377234.0
997.3887314639962 10074064.0
997.8152689465721 9740902.0
998.2420454915989 9881925.0
998.6690610990764 10178754.0
999.0963157690048 9779253.0
999.5238095013843 9539278.0
999.9515422962145 8810028.0
1000.3795141534958 8491339.0
1000.8077250732279 7758778.0
1001.2361750554107 7090493.0
1001.6648641000446 6802072.0
1002.0937922071294 6474097.0
1002.522959376665 6454098.0
1002.9523656086515 5591449.0
1003.3820109030889 4807779.5
1003.8118952599773 4898891.5
1004.2420186793163 5043249.0
1004.6723811611065 6097357.0
1005.1029827053474 7459320.5
1005.5338233120393 8086474.5
1005.9649029811819 8961540.0
1006.3962217127755 10057879.0
1006.8277795068202 11195915.0
1007.2595763633155 12744819.0
1007.6916122822619 14296244.0
1008.1238872636591 15599615.0
1008.5564013075071 16898074.0
1008.9891544138061 17573436.0
1009.422146582556 19268526.0
1009.8553778137567 20899704.0
1010.2888481074084 21327162.0
1010.7225574635108 21803356.0
1011.1565058820644 22284644.0
1011.5906933630686 22144780.0
1012.0251199065237 21945396.0
1012.45978551243 20292386.0
1012.8946901807869 16224125.0
1013.3298339115948 12247898.0
1013.7652167048535 8981448.0
1014.2008385605632 6363622.5
1014.6366994787238 6642165.0
1015.0727994593352 6419747.5
1015.5091385023975 6250795.5
1015.9457166079108 5790497.0
1016.3825337758749 6111746.0
1016.8195900062899 6704762.0
1017.2568852991558 7810078.0
1017.6944196544725 8791674.0
1018.1321930722402 9436018.0
1018.5702055524587 8712768.0
1019.0084570951283 9729802.0
1019.4469477002485 10910225.0
1019.8856773678198 11972451.0
1020.3246460978419 13075095.0
1020.763853890315 14517239.0
1021.2033007452387 16407345.0
1021.6429866626136 17048554.0
1022.0829116424393 17704248.0
1022.5230756847159 18673648.0
1022.9634787894433 18108762.0
1023.4041209566217 17188616.0
1023.8450021862509 16853838.0
1024.286122478331 13696700.0
1024.727481832862 10569106.0
1025.1690802498438 6707295.5
1025.6109177292767 4477252.0
1026.0529942711605 3471570.2
1026.495309875495 2995945.5
1026.9378645422805 2629508.0
1027.380658271517 2589941.5
1027.823691063204 2636182.2
1028.2669629173424 2074385.6
1028.7104738339312 1781805.5
1029.1542238129714 1604061.1
1029.598212854462 1328139.5
1030.0424409584039 1182023.8
1030.4869081247964 1154563.2
1030.9316143536398 1216746.6
1031.376559644934 1207992.2
1031.8217439986793 1612580.8
1032.2671674148755 1018722.5
1032.7128298935227 925318.4
1033.1587314346207 1261832.6
1033.6048720381693 1515982.5
1034.051251704169 1712373.6
1034.4978704326197 1493371.5
1034.9447282235212 1378031.9
1035.3918250768736 1168490.4
1035.8391609926769 1549874.4
1036.286735970931 1469450.2
1036.734550011636 1456689.8
1037.182603114792 1531887.4
1037.6308952803988 1525868.5
1038.0794265084567 1717670.1
1038.5281967989652 1291203.2
1038.9772061519247 1146716.9
1039.426454567335 1221348.8
1039.8759420451966 1152982.4
1040.3256685855085 1315182.0
1040.7756341882716 1752822.5
1041.2258388534856 1607171.9
1041.6762825811506 1640451.4
1042.1269653712661 1664416.0
1042.577887223833 1818434.4
1043.0290481388504 1409424.0
1043.4804481163187 1702511.4
1043.9320871562381 1939083.1
1044.3839652586082 1864185.0
1044.8360824234294 1817086.9
1045.2884386507012 1558758.2
1045.7410339404241 1602957.8
1046.193868292598 1503171.9
1046.6469417072226 1790803.1
1047.1002541842981 1886361.0
1047.5538057238246 2078432.4
1048.0075963258018 1740533.6
1048.46162599023 1600756.8
1048.915894717109 1766883.9
1049.3704025064392 2005598.6
1049.82514935822 1971051.8
1050.2801352724516 1910519.8
1050.7353602491344 2007020.8
1051.1908242882678 2165662.5
1051.6465273898525 2336315.8
1052.1024695538877 1980711.2
1052.558650780374 1764279.8
1053.015071069311 1982920.0
1053.471730420699 2213013.0
1053.928628834538 1914901.0
1054.3857663108276 1669976.1
1054.8431428495683 1902729.4
1055.30075845076 2476386.5
1055.7586131144024 2516292.0
1056.2167068404956 2452127.5
1056.67503962904 2164550.2
1057.133611480035 2157533.5
1057.592422393481 2188954.0
1058.0514723693777 2057395.0
1058.5107614077258 2618965.5
1058.9702895085243 2809598.0
1059.4300566717739 2401704.8
1059.8900628974743 2288029.5
1060.3503081856259 2412433.0
1060.8107925362278 986856.56
1061.2715159492811 -708900.94
1061.732478424785 -2049708.8
1062.1936799627401 -3644329.8
1062.6551205631458 -5114919.0
1063.1168002260026 -7144932.0
1063.57871895131 -8671128.0
1064.0408767390686 -9878991.0
1064.503273589278 -11870935.0
1064.965909501938 -13689271.0
1065.4287844770492 -15697721.0
1065.8918985146113 -18076782.0
1066.3552516146242 -20059196.0
1066.818843777088 -21531438.0
1067.2826750020029 -23942058.0
1067.7467452893684 -25877044.0
1068.211054639185 -28294478.0
1068.6756030514523 -30100404.0
1069.1403905261704 0.0
1069.6054170633397 0.0
1070.0706826629596 0.0
1070.5361873250306 0.0
1071.0019310495525 0.0
1071.4679138365252 0.0
1071.9341356859486 0.0
