string
description: px_shifted, calibration parameter: [ 1.19531225e-04 -2.30194563e-02  6.18194146e+02]
converted file:R_100ms_Fe_S3_x_1_13_binned_y back: data/dark_100msRZP-structure:___RZP_S3100msRoi:[0, 1040, 2048, 2048]
eV counts/s
618.1712462133476 1736576.5
618.1485853507007 2161870.2
618.1261635505048 1620448.9
618.1039808127597 1701796.2
618.0820371374655 1895564.5
618.0603325246223 1968756.4
618.0388669742298 1868462.4
618.0176404862883 2005614.8
617.9966530607976 2142889.5
617.9759046977579 1985638.5
617.955395397169 1840150.1
617.9351251590311 1491778.1
617.9150939833439 1714850.0
617.8953018701078 2204619.5
617.8757488193226 2474880.0
617.8564348309881 2268794.8
617.8373599051046 2161013.2
617.8185240416719 2338778.5
617.7999272406903 2441314.0
617.7815695021593 2713257.0
617.7634508260794 2310830.8
617.7455712124504 1863417.0
617.7279306612722 1934459.2
617.7105291725449 1932370.8
617.6933667462686 1550426.2
617.676443382443 1408958.6
617.6597590810685 1394580.2
617.6433138421447 1326564.0
617.6271076656718 1587253.1
617.6111405516499 1692563.8
617.5954125000789 2184045.5
617.5799235109587 2089287.8
617.5646735842894 1734098.9
617.5496627200711 1483529.8
617.5348909183035 1509900.0
617.520358178987 1754288.0
617.5060645021213 2086934.4
617.4920098877064 2300944.5
617.4781943357425 2599600.2
617.4646178462295 2604767.0
617.4512804191673 2737104.5
617.4381820545561 2764554.5
617.4253227523957 3131250.5
617.4127025126862 3118997.2
617.4003213354276 2752008.5
617.3881792206199 2616936.0
617.3762761682632 2365799.8
617.3646121783572 2254345.5
617.3531872509022 2291557.2
617.342001385898 2085348.2
617.3310545833449 1662857.6
617.3203468432424 1653393.5
617.309878165591 1387314.8
617.2996485503904 1587910.2
617.2896579976408 1700478.6
617.2799065073419 1981825.2
617.270394079494 1755407.0
617.261120714097 1565534.2
617.2520864111508 1676582.2
617.2432911706557 2191714.0
617.2347349926113 2883835.5
617.2264178770179 3169147.0
617.2183398238752 2820116.0
617.2105008331837 2469853.5
617.2029009049428 2195543.8
617.195540039153 2618495.8
617.188418235814 2482546.0
617.1815354949258 2568092.0
617.1748918164886 2548097.8
617.1684872005023 2350249.5
617.1623216469668 2660591.2
617.1563951558823 2520672.5
617.1507077272486 2566680.0
617.1452593610658 3003117.0
617.140050057334 3483740.5
617.1350798160529 3777536.2
617.1303486372229 3643930.5
617.1258565208436 3332871.0
617.1216034669154 3480184.5
617.1175894754379 4527404.5
617.1138145464114 4367662.5
617.1102786798357 4369493.5
617.106981875711 4944863.0
617.1039241340371 4448247.5
617.1011054548142 3636464.0
617.0985258380421 3108832.0
617.0961852837207 2917389.0
617.0940837918505 2658387.0
617.092221362431 2908946.5
617.0905979954625 3424585.0
617.0892136909449 3191479.5
617.0880684488782 3233345.0
617.0871622692623 3353422.2
617.0864951520974 3028551.2
617.0860670973833 3693926.0
617.0858781051202 5515789.0
617.0859281753078 7188494.5
617.0862173079464 7947550.5
617.0867455030359 7932094.0
617.0875127605763 6205219.0
617.0885190805675 3577900.5
617.0897644630096 1988027.0
617.0912489079027 1434242.8
617.0929724152465 953227.8
617.0949349850415 862239.7
617.0971366172871 1381332.5
617.0995773119838 1199715.5
617.1022570691313 1152628.6
617.1051758887297 1653647.5
617.1083337707789 1397440.2
617.1117307152791 1081960.5
617.1153667222302 1451962.5
617.1192417916321 1904287.5
617.123355923485 2265907.5
617.1277091177888 2141146.8
617.1323013745433 2174423.8
617.1371326937488 2372875.5
617.1422030754052 2978131.2
617.1475125195125 3680052.8
617.1530610260706 3745687.0
617.1588485950797 3682747.0
617.1648752265397 4447587.0
617.1711409204505 5878657.0
617.1776456768123 6948840.0
617.1843894956249 6955694.0
617.1913723768885 6185015.5
617.1985943206029 5241253.0
617.2060553267681 4665986.0
617.2137553953843 5328675.5
617.2216945264513 6692085.0
617.2298727199694 7034264.0
617.2382899759382 5683991.0
617.246946294358 3422948.0
617.2558416752286 2190526.2
617.2649761185502 1334855.0
617.2743496243226 1269681.5
617.2839621925459 1171048.9
617.29381382322 1207900.9
617.3039045163453 974428.44
617.3142342719211 981136.94
617.3248030899481 859631.75
617.3356109704258 618820.56
617.3466579133545 889750.1
617.357943918734 677566.0
617.3694689865644 541513.0
617.3812331168458 816058.9
617.3932363095779 734542.5
617.4054785647611 877266.5
617.417959882395 750343.0
617.43068026248 793924.06
617.4436397050157 1097901.2
617.4568382100024 864262.75
617.47027577744 545646.75
617.4839524073284 604695.75
617.4978680996677 1114618.6
617.512022854458 2126402.8
617.526416671699 2581404.2
617.5410495513911 4576789.0
617.555921493534 6061226.0
617.5710324981277 7910752.0
617.5863825651725 7610988.0
617.601971694668 5439109.0
617.6177998866144 3780591.0
617.6338671410118 2994653.8
617.6501734578601 2671050.0
617.6667188371591 2569644.5
617.6835032789093 2527333.5
617.70052678311 2710163.0
617.7177893497619 3431342.8
617.7352909788646 3619266.0
617.7530316704182 3949277.8
617.7710114244226 4551794.5
617.7892302408779 4768213.5
617.8076881197842 3489849.5
617.8263850611413 3223253.5
617.8453210649494 3300769.0
617.8644961312083 3425015.5
617.8839102599181 4299246.0
617.9035634510788 6288122.0
617.9234557046905 9408873.0
617.9435870207528 13160498.0
617.9639573992663 15731378.0
617.9845668402305 16300648.0
618.0054153436457 13614018.0
618.0265029095117 9415678.0
618.0478295378288 6421450.5
618.0693952285965 4631476.0
618.0911999818152 3586935.0
618.1132437974848 2918699.8
618.1355266756052 1879729.9
618.1580486161766 2036940.0
618.180809619199 1287510.2
618.2038096846721 964146.9
618.2270488125961 1022518.7
618.2505270029711 1228566.0
618.2742442557969 948093.6
618.2982005710737 1249144.8
618.3223959488013 999321.94
618.3468303889798 990201.25
618.3715038916091 737572.9
618.3964164566895 767234.1
618.4215680842207 1097733.8
618.4469587742026 1215795.0
618.4725885266356 962955.9
618.4984573415195 763068.7
618.5245652188543 1034254.5
618.5509121586398 1199488.6
618.5774981608764 973649.7
618.6043232255638 1105046.9
618.6313873527021 1126714.9
618.6586905422912 1127732.4
618.6862327943314 1097232.6
618.7140141088223 1292473.6
618.7420344857642 1520319.4
618.7702939251569 2058694.8
618.7987924270005 3586840.0
618.827529991295 5401876.0
618.8565066180404 7291852.0
618.8857223072368 10340090.0
618.915177058884 12773459.0
618.944870872982 11598082.0
618.974803749531 9654892.0
619.004975688531 6420708.0
619.0353866899817 3894234.5
619.0660367538834 2770481.0
619.0969258802359 2668641.0
619.1280540690393 2148630.5
619.1594213202936 1536617.8
619.1910276339989 1473568.0
619.2228730101549 1492813.5
619.2549574487618 1252629.4
619.2872809498198 1126122.1
619.3198435133286 1339493.1
619.3526451392883 1242741.6
619.3856858276988 672451.3
619.4189655785602 832739.3
619.4524843918725 911331.4
619.4862422676358 851140.75
619.5202392058499 1290548.9
619.5544752065149 971740.06
619.5889502696308 1161890.5
619.6236643951976 1148899.5
619.6586175832152 614939.25
619.6938098336839 903668.6
619.7292411466033 1292644.9
619.7649115219735 1730559.4
619.8008209597948 2587270.5
619.8369694600669 3198018.8
619.8733570227901 3451154.5
619.9099836479638 4153147.2
619.9468493355887 5667070.5
619.9839540856643 7321368.0
620.0212978981909 7990438.0
620.0588807731684 7709928.0
620.0967027105968 6150824.5
620.134763710476 3565512.0
620.1730637728062 2292611.0
620.2116028975872 1733422.6
620.2503810848191 1478147.5
620.2893983345019 1224652.6
620.3286546466355 1203747.6
620.3681500212202 1510251.5
620.4078844582556 1105601.1
620.447857957742 917361.25
620.4880705196792 841423.6
620.5285221440674 787545.25
620.5692128309064 915652.56
620.6101425801965 748838.2
620.6513113919372 457618.0
620.692719266129 432692.84
620.7343662027715 800580.0
620.7762522018651 890236.9
620.8183772634094 1078420.1
620.8607413874046 958489.06
620.9033445738509 1035978.1
620.9461868227478 857907.6
620.9892681340958 866227.2
621.0325885078946 602754.44
621.0761479441444 1139134.4
621.1199464428449 993607.25
621.1639840039965 654728.56
621.2082606275989 778184.1
621.2527763136521 877818.6
621.2975310621563 1125270.8
621.3425248731114 1200775.0
621.3877577465173 1215810.2
621.4332296823742 916689.0
621.478940680682 841668.06
621.5248907414405 761102.56
621.5710798646501 1061756.0
621.6175080503104 1238674.9
621.6641752984218 914918.44
621.7110816089839 932146.3
621.758226981997 1012878.2
621.8056114174609 880277.9
621.8532349153759 939109.44
621.9010974757415 952326.3
621.9491990985582 940233.44
621.9975397838257 755749.44
622.0461195315442 867103.5
622.0949383417135 838860.5
622.1439962143336 903453.75
622.1932931494047 834140.25
622.2428291469266 1036576.75
622.2926042068996 1549088.2
622.3426183293233 1451057.5
622.392871514198 1455027.5
622.4433637615234 1487612.6
622.4940950713 1523431.1
622.5450654435272 1643532.8
622.5962748782055 1573139.5
622.6477233753345 1363894.4
622.6994109349146 1204971.0
622.7513375569454 1196566.0
622.8035032414273 1037105.6
622.8559079883598 955743.5
622.9085517977434 1190681.8
622.9614346695778 1505500.8
623.0145566038631 2015997.2
623.0679176005993 2334359.8
623.1215176597865 2431322.0
623.1753567814245 2482782.2
623.2294349655133 2610926.0
623.2837522120532 2520324.0
623.3383085210438 2191063.8
623.3931038924854 2111234.2
623.4481383263778 1787133.8
623.5034118227212 2066064.8
623.5589243815153 3226749.8
623.6146760027606 4528770.5
623.6706666864566 5493994.5
623.7268964326033 6375679.5
623.7833652412012 7189089.5
623.8400731122499 6754829.0
623.8970200457495 5669275.5
623.9542060416999 4374904.5
624.0116311001013 2998381.0
624.0692952209534 2319145.2
624.1271984042567 1648949.0
624.1853406500106 1959420.1
624.2437219582156 2143914.0
624.3023423288714 1514572.0
624.3612017619781 1276532.4
624.4203002575357 1176578.1
624.4796378155443 892682.8
624.5392144360035 887248.9
624.5990301189137 775945.9
624.659084864275 851325.25
624.7193786720869 865068.75
624.7799115423499 888979.9
624.8406834750637 902012.56
624.9016944702284 946001.75
624.962944527844 914711.25
625.0244336479105 739612.6
625.0861618304278 948210.75
625.1481290753961 1206475.6
625.2103353828153 1401979.8
625.2727807526853 1511625.8
625.3354651850062 1428292.6
625.398388679778 1320141.8
625.4615512370008 1509389.0
625.5249528566744 1513342.4
625.5885935387989 1396596.5
625.6524732833743 1677973.8
625.7165920904006 1970984.4
625.7809499598777 2681497.0
625.8455468918058 3226658.0
625.9103828861847 3356910.5
625.9754579430146 3973433.5
626.0407720622953 3621185.0
626.106325244027 3258948.8
626.1721174882094 2261861.0
626.2381487948429 1924337.2
626.3044191639272 1604371.9
626.3709285954623 1085189.2
626.4376770894484 1148038.0
626.5046646458853 1391467.8
626.5718912647732 1378535.2
626.6393569461119 1276197.8
626.7070616899016 1345744.5
626.7750054961421 1666862.2
626.8431883648335 1498113.9
626.9116102959758 901828.2
626.980271289569 802050.0
627.0491713456131 1150938.2
627.1183104641082 1140365.8
627.1876886450539 1208296.2
627.2573058884507 1582994.9
627.3271621942984 1474669.8
627.3972575625968 1167875.6
627.4675919933463 1127090.8
627.5381654865465 1359299.9
627.6089780421978 1281334.4
627.6800296602999 1487950.1
627.7513203408529 1676928.2
627.8228500838567 2227223.5
627.8946188893116 2549664.0
627.9666267572171 2914628.8
628.0388736875738 2986712.5
628.1113596803812 2094153.2
628.1840847356395 1597428.9
628.2570488533487 1272261.5
628.3302520335087 1351852.5
628.4036942761198 1870349.0
628.4773755811816 1800589.9
628.5512959486945 1879466.9
628.6254553786581 1917137.6
628.6998538710727 2483623.5
628.7744914259381 2890535.2
628.8493680432545 2889786.2
628.9244837230217 2421834.5
628.9998384652398 1761071.0
629.0754322699088 1745093.5
629.1512651370288 1947988.1
629.2273370665995 2466461.5
629.3036480586212 2687896.2
629.3801981130938 3281283.0
629.4569872300171 3865901.2
629.5340154093916 3921590.5
629.6112826512167 2582383.2
629.6887889554929 2363168.2
629.7665343222199 1767229.8
629.8445187513979 1608913.9
629.9227422430266 1468502.8
630.0012047971064 1122076.1
630.0799064136369 950717.56
630.1588470926184 1163768.9
630.2380268340507 1158252.2
630.317445637934 1344210.0
630.3971035042681 1379153.5
630.4770004330533 2132037.0
630.5571364242891 1821730.8
630.6375114779759 1642981.8
630.7181255941136 1321569.4
630.7989787727022 1176118.2
630.8800710137417 1495596.4
630.961402317232 1665033.9
631.0429726831734 1780296.1
631.1247821115654 2078988.2
631.2068306024086 2645811.0
631.2891181557025 1375595.0
631.3716447714473 1015425.5
631.454410449643 1095232.2
631.5374151902896 1237915.2
631.6206589933871 786610.06
631.7041418589355 968205.0
631.7878637869347 1053355.6
631.8718247773849 1073761.5
631.956024830286 1225808.0
632.0404639456378 1880024.8
632.1251421234408 2125118.0
632.2100593636944 2339609.2
632.2952156663991 2295507.8
632.3806110315546 2099790.8
632.4662454591611 1835708.2
632.5521189492183 1479786.9
632.6382315017265 1319180.6
632.7245831166855 1424385.8
632.8111737940956 1776756.0
632.8980035339563 1521473.2
632.985072336268 1215873.2
633.0723802010307 1105151.6
633.1599271282441 1636996.0
633.2477131179087 2376970.2
633.3357381700239 2518120.2
633.4240022845902 2464169.5
633.5125054616071 2087575.8
633.6012477010752 1862310.5
633.690229002994 2135952.0
633.7794493673638 2468284.0
633.8689087941844 2534409.8
633.958607283456 2235684.8
634.0485448351784 1824430.6
634.1387214493517 1625365.8
634.2291371259759 1378069.9
634.3197918650509 1341410.2
634.4106856665769 1426775.5
634.5018185305538 1465575.6
634.5931904569816 1140478.8
634.6848014458602 1018934.7
634.7766514971898 1714278.8
634.8687406109701 1378553.6
634.9610687872016 1018189.7
635.0536360258837 721270.3
635.1464423270169 716041.8
635.2394876906009 711381.94
635.3327721166357 815254.44
635.4262956051215 835431.5
635.5200581560582 781944.9
635.6140597694457 649860.56
635.7083004452841 929588.9
635.8027801835735 1109675.0
635.8974989843136 931025.0
635.9924568475049 895719.94
636.0876537731468 794151.9
636.1830897612398 698738.0
636.2787648117835 598942.44
636.3746789247782 952581.9
636.4708321002237 1028786.4
636.5672243381202 1278605.8
636.6638556384676 1273866.0
636.7607260012659 1315324.5
636.857835426515 1408330.0
636.9551839142149 1498343.5
637.0527714643658 1942435.5
637.1505980769675 1799326.8
637.2486637520203 1649592.5
637.3469684895239 1728134.5
637.4455122894784 1234677.2
637.5442951518837 1525308.1
637.64331707674 1258792.6
637.742578064047 1460812.4
637.8420781138052 1337022.4
637.941817226014 1607470.1
638.0417954006739 1699045.5
638.1420126377845 1562446.2
638.2424689373462 1485946.4
638.3431642993586 1210994.0
638.444098723822 827022.6
638.5452722107362 598310.0
638.6466847601014 873584.9
638.7483363719175 1034633.7
638.8502270461844 853849.1
638.9523567829023 718369.44
639.0547255820709 953005.1
639.1573334436905 1192019.5
639.260180367761 1426703.8
639.3632663542825 1348181.4
639.4665914032546 1643972.5
639.5701555146778 1530413.8
639.6739586885519 1612000.0
639.7780009248769 1577700.5
639.8822822236526 1367476.8
639.9868025848793 1242807.4
640.091562008557 1619998.0
640.1965604946854 1726576.0
640.3017980432649 1862820.6
640.4072746542952 2385048.2
640.5129903277764 2744605.5
640.6189450637083 2310867.8
640.7251388620914 1681013.2
640.8315717229252 1608880.1
640.93824364621 1654302.6
641.0451546319456 1485719.8
641.1523046801321 1355294.0
641.2596937907695 1192403.9
641.3673219638578 1238689.2
641.4751891993969 1204781.2
641.583295497387 1182198.6
641.691640857828 991886.9
641.8002252807198 1131794.5
641.9090487660626 1025664.75
642.0181113138563 1167922.2
642.1274129241008 1593399.8
642.2369535967962 1396926.1
642.3467333319426 1246885.2
642.4567521295397 1322985.0
642.5670099895879 1425241.0
642.6775069120868 1793571.9
642.7882428970366 2113254.5
642.8992179444374 2002004.4
643.010432054289 1490439.8
643.1218852265915 1368928.2
643.2335774613449 1399818.8
643.3455087585494 1506298.9
643.4576791182045 1597862.4
643.5700885403106 1200136.9
643.6827370248676 1264585.4
643.7956245718756 1035990.7
643.9087511813342 1239958.1
644.0221168532439 1459085.5
644.1357215876045 1301562.8
644.249565384416 1328814.2
644.3636482436782 1255990.9
644.4779701653915 1282840.8
644.5925311495556 1267491.0
644.7073311961706 957302.8
644.8223703052365 1059642.8
644.9376484767532 1418815.5
645.0531657107209 1467560.5
645.1689220071395 1501076.8
645.2849173660089 1440742.5
645.4011517873292 1676514.2
645.5176252711005 1619898.8
645.6343378173226 1252063.2
645.7512894259957 1213400.2
645.8684800971196 1203077.1
645.9859098306944 1357482.0
646.10357862672 1692039.2
646.2214864851966 1384763.8
646.3396334061241 851851.4
646.4580193895024 1044599.5
646.5766444353317 1171986.0
646.6955085436118 1015217.9
646.8146117143428 1120376.2
646.9339539475247 1293826.8
647.0535352431576 1164784.5
647.1733556012413 955119.9
647.2934150217759 954398.1
647.4137135047613 1226393.6
647.5342510501977 1635330.6
647.6550276580849 1724239.0
647.7760433284232 1312738.8
647.8972980612122 1121588.5
648.018791856452 1046924.6
648.1405247141429 1016236.56
648.2624966342845 1214333.9
648.3847076168772 1177615.9
648.5071576619206 1293281.8
648.629846769415 1808120.0
648.7527749393603 1533750.5
648.8759421717565 1565007.0
648.9993484666035 1556966.5
649.1229938239015 1249519.5
649.2468782436503 1185657.9
649.3710017258501 1179718.5
649.4953642705007 1166211.8
649.6199658776021 1162335.8
649.7448065471544 1199598.9
649.8698862791578 1353879.9
649.9952050736119 1291655.6
650.120762930517 1568293.5
650.2465598498729 1495966.4
650.3725958316797 1184639.1
650.4988708759375 802213.0
650.6253849826461 773016.1
650.7521381518056 925056.6
650.879130383416 1097471.5
651.0063616774773 1330481.9
651.1338320339895 1431254.2
651.2615414529527 1460264.9
651.3894899343666 1394548.0
651.5176774782313 1381060.6
651.6461040845472 981438.75
651.7747697533138 1029099.4
651.9036744845314 1040668.2
652.0328182781997 987141.9
652.162201134319 928446.6
652.2918230528892 1040725.75
652.4216840339103 1093844.9
652.5517840773823 1348970.1
652.6821231833052 1325780.0
652.8127013516789 1157756.1
652.9435185825037 1307798.0
653.074574875779 996441.8
653.2058702315056 1247320.2
653.3374046496829 1265335.1
653.469178130311 1052354.8
653.6011906733902 1106891.1
653.73344227892 1109705.6
653.865932946901 1036454.9
653.9986626773327 980477.56
654.1316314702154 1025758.0
654.2648393255489 1103917.0
654.3982862433335 986208.25
654.5319722235687 898766.4
654.665897266255 840453.44
654.8000613713921 863559.1
654.9344645389801 1134467.9
655.069106769019 967496.9
655.2039880615088 799822.25
655.3391084164494 851350.6
655.4744678338409 935635.75
655.6100663136834 1202995.5
655.7459038559767 882658.8
655.881980460721 1167473.4
656.0182961279161 1279020.5
656.1548508575621 1371821.4
656.291644649659 1176972.9
656.4286775042068 1156509.5
656.5659494212055 1289699.2
656.7034604006551 1298665.6
656.8412104425555 1771735.6
656.9791995469069 1774331.0
657.117427713709 1911844.0
657.2558949429622 1761200.6
657.3946012346663 1721676.4
657.5335465888211 1218920.8
657.672731005427 1002088.06
657.8121544844836 1063529.0
657.9518170259913 1234634.0
658.0917186299497 1259031.0
658.2318592963591 1535978.2
658.3722390252193 1291100.2
658.5128578165305 1028180.3
658.6537156702925 1303590.1
658.7948125865055 1335293.9
658.9361485651692 1153843.9
659.077723606284 1067637.5
659.2195377098495 1154473.5
659.361590875866 1461646.0
659.5038831043335 1359924.0
659.6464143952517 1186362.2
659.7891847486209 1106772.8
659.9321941644408 1157183.0
660.0754426427119 1377546.9
660.2189301834336 1299455.8
660.3626567866064 1271954.4
660.50662245223 865571.94
660.6508271803045 1080891.4
660.7952709708298 1198633.2
660.9399538238061 1167761.9
661.0848757392333 992719.7
661.2300367171114 764827.1
661.3754367574403 804863.75
661.5210758602201 1118082.0
661.6669540254509 1113284.5
661.8130712531324 1041760.25
661.9594275432651 1012294.25
662.1060228958484 1095097.0
662.2528573108827 1090354.4
662.3999307883678 950966.0
662.5472433283039 883025.9
662.6947949306908 735034.06
662.8425855955288 811778.7
662.9906153228175 1108522.8
663.1388841125572 860069.75
663.2873919647476 781197.9
663.436138879389 949197.56
663.5851248564813 1099087.6
663.7343498960245 1006270.94
663.8838139980186 805441.8
664.0335171624636 1006661.5
664.1834593893594 1312741.5
664.3336406787062 1212849.4
664.4840610305039 1187271.0
664.6347204447524 1242128.5
664.7856189214518 1099504.0
664.936756460602 1065817.0
665.0881330622034 1022303.6
665.2397487262554 1245144.1
665.3916034527584 1228548.5
665.5436972417123 931649.9
665.6960300931171 663005.6
665.8486020069727 863618.4
666.0014129832791 969128.44
666.1544630220367 1053211.1
666.3077521232449 1092543.4
666.4612802869042 906043.5
666.6150475130142 665971.3
666.7690538015753 660024.25
666.9232991525871 918600.0
667.07778356605 1210660.4
667.2325070419636 1280836.0
667.3874695803282 1354216.4
667.5426711811436 1263899.0
667.69811184441 1361696.5
667.8537915701272 1012785.06
668.0097103582953 1266677.1
668.1658682089143 1546057.8
668.3222651219842 1542415.1
668.4789010975051 1320638.2
668.6357761354766 1634919.8
668.7928902358992 1157595.2
668.9502433987727 824710.06
669.1078356240971 792174.1
669.2656669118722 773323.7
669.4237372620985 729683.4
669.5820466747754 680221.9
669.7405951499034 768803.06
669.8993826874821 802601.8
670.0584092875117 658905.5
670.2176749499924 702244.06
670.3771796749238 931369.0
670.5369234623063 1170461.0
670.6969063121394 1319096.2
670.8571282244236 883269.4
671.0175891991586 908646.4
671.1782892363447 1122888.9
671.3392283359814 918858.75
671.5004064980691 780384.4
671.6618237226077 713282.2
671.8234800095972 960979.7
671.9853753590376 1120527.4
672.1475097709289 1079056.8
672.309883245271 1160800.5
672.472495782064 961169.0
672.635347381308 999386.1
672.7984380430028 1113681.0
672.9617677671484 1186353.9
673.125336553745 1091163.0
673.2891444027925 973819.5
673.453191314291 1002249.4
673.6174772882403 822930.56
673.7820023246404 1048192.2
673.9467664234915 842647.25
674.1117695847934 594866.6
674.2770118085463 867946.8
674.4424930947499 1130537.5
674.6082134434046 1544145.0
674.7741728545101 1474506.0
674.9403713280664 1082884.8
675.1068088640737 1054758.8
675.2734854625319 1214041.0
675.440401123441 1195722.8
675.6075558468009 1241040.1
675.7749496326118 1622615.2
675.9425824808735 1868435.6
676.1104543915861 1811076.8
676.2785653647496 1506608.0
676.4469154003641 1251052.8
676.6155044984293 1032856.1
676.7843326589456 971293.4
676.9533998819127 1199225.0
677.1227061673306 1179181.8
677.2922515151995 1147165.2
677.4620359255191 1385847.4
677.6320593982898 1248310.1
677.8023219335114 1120582.8
677.9728235311838 1246462.4
678.1435641913071 1128846.1
678.3145439138814 1004884.7
678.4857626989063 1196457.1
678.6572205463824 1429811.1
678.8289174563092 1355295.6
679.000853428687 1363127.6
679.1730284635156 1167311.4
679.3454425607953 1177798.0
679.5180957205256 1253473.1
679.690987942707 1296379.0
679.8641192273392 1191062.8
680.0374895744222 1231248.8
680.2110989839563 1295693.5
680.3849474559411 1067230.6
680.559034990377 1458569.4
680.7333615872635 1203573.0
680.9079272466012 1042517.4
681.0827319683896 1068466.4
681.257775752629 1106853.0
681.4330585993191 1311670.6
681.6085805084602 1178022.4
681.7843414800523 1228924.9
681.9603415140951 1137364.6
682.1365806105889 1120024.5
682.3130587695335 1123879.2
682.4897759909292 1094786.8
682.6667322747755 1162923.0
682.8439276210729 1143656.5
683.0213620298211 1078250.4
683.1990355010204 846549.06
683.3769480346702 1149441.4
683.5550996307712 1300887.4
683.7334902893231 974056.0
683.9121200103258 991819.0
684.0909887937793 889015.56
684.2700966396839 944488.0
684.4494435480391 942119.5
684.6290295188454 887726.6
684.8088545521025 1208477.8
684.9889186478105 1064116.5
685.1692218059694 1154783.4
685.3497640265792 1275928.0
685.5305453096399 1159921.0
685.7115656551515 1391985.1
685.8928250631141 1422017.8
686.0743235335274 1251387.8
686.2560610663917 853851.25
686.4380376617067 1138108.5
686.6202533194729 1171308.5
686.8027080396897 1287861.9
686.9854018223576 1190556.5
687.1683346674763 1019093.25
687.351506575046 879364.06
687.5349175450664 1104112.8
687.7185675775377 1419577.4
687.9024566724601 1178414.4
688.0865848298331 1265725.1
688.2709520496572 1362871.1
688.4555583319321 1548722.6
688.640403676658 1281668.5
688.8254880838347 1064901.1
689.0108115534624 1299058.5
689.1963740855408 1259377.6
689.3821756800703 1640646.2
689.5682163370506 1760407.6
689.7544960564818 1710056.2
689.9410148383638 1418031.0
690.1277726826967 1510084.0
690.3147695894805 1251149.6
690.5020055587153 1367551.2
690.689480590401 1363431.9
690.8771946845374 1391722.8
691.0651478411248 1191578.6
691.253340060163 1081606.5
691.4417713416524 1208127.4
691.6304416855924 1365138.0
691.8193510919834 1384645.0
692.0084995608252 1051324.9
692.197887092118 1094533.2
692.3875136858616 1244315.2
692.5773793420561 1707490.5
692.7674840607016 1611143.6
692.9578278417978 1276425.1
693.1484106853451 1189102.6
693.339232591343 1290276.6
693.5302935597921 1536622.2
693.7215935906919 1446544.2
693.9131326840427 1593245.0
694.1049108398444 1259821.9
694.2969280580969 1223671.8
694.4891843388003 1482421.8
694.6816796819547 1815326.9
694.8744140875599 1926435.2
695.067387555616 1698854.4
695.260600086123 1455471.2
695.4540516790809 1388214.8
695.6477423344896 1642915.5
695.8416720523492 1377978.2
696.0358408326598 1484573.1
696.2302486754212 1669917.5
696.4248955806336 1833918.6
696.6197815482967 1605660.6
696.814906578411 1716064.4
697.0102706709758 1770173.5
697.2058738259918 1861681.2
697.4017160434586 1924529.0
697.5977973233763 1792590.8
697.7941176657448 2084469.2
697.9906770705643 2056133.2
698.1874755378346 1793936.9
698.3845130675558 2151476.5
698.581789659728 2192177.0
698.779305314351 2415330.5
698.9770600314249 2656909.0
699.1750538109496 2347498.5
699.3732866529253 2136274.0
699.5717585573519 2040403.5
699.7704695242294 1969288.9
699.9694195535577 2487221.0
700.168608645337 2332252.0
700.3680367995671 2257640.5
700.5677040162482 2729440.2
700.7676102953801 2918147.8
700.9677556369629 3129031.5
701.1681400409966 2960257.2
701.368763507481 2265710.5
701.5696260364166 2291115.5
701.7707276278029 2668975.0
701.9720682816403 2944027.2
702.1736479979284 2584914.8
702.3754667766674 2263938.8
702.5775246178573 2452542.0
702.7798215214982 2379030.5
702.9823574875899 2494462.2
703.1851325161325 2220802.2
703.3881466071259 2687671.5
703.5913997605704 2950070.2
703.7948919764656 2362521.5
703.9986232548118 2190575.2
704.2025935956088 2283339.5
704.4068029988567 2490713.8
704.6112514645556 2885086.0
704.8159389927052 2403232.5
705.020865583306 2349734.0
705.2260312363574 2694842.2
705.4314359518598 2626995.5
705.6370797298131 2556421.8
705.8429625702173 2720857.2
706.0490844730723 2838688.8
706.2554454383783 2583511.0
706.4620454661351 2702528.5
706.6688845563428 2807707.5
706.8759627090014 2886576.5
707.0832799241109 2996522.2
707.2908362016714 3122140.2
707.4986315416826 3461985.2
707.7066659441448 3494245.5
707.9149394090579 3036204.5
708.1234519364218 2988790.2
708.3322035262366 3394099.0
708.5411941785025 4094355.0
708.750423893219 4386997.5
708.9598926703866 4510788.5
709.169600510005 4239088.0
709.3795474120743 3880116.0
709.5897333765945 4240576.5
709.8001584035657 4573334.5
710.0108224929876 4156364.8
710.2217256448604 3843279.0
710.4328678591842 4064573.0
710.6442491359588 4112960.5
710.8558694751844 4281935.5
711.0677288768608 4753655.0
711.2798273409882 5258780.5
711.4921648675663 5862728.0
711.7047414565955 7101755.0
711.9175571080754 8622989.0
712.1306118220064 10233403.0
712.343905598388 10716620.0
712.5574384372208 10799080.0
712.7712103385043 10483624.0
712.9852213022388 9597255.0
713.199471328424 9036116.0
713.4139604170601 8542778.0
713.6286885681474 8618681.0
713.8436557816852 8763794.0
714.0588620576742 8443551.0
714.274307396114 8357828.0
714.4899917970047 8247124.5
714.7059152603462 8316145.0
714.9220777861387 8053399.5
715.138479374382 7857074.5
715.3551200250763 9102146.0
715.5719997382214 10111853.0
715.7891185138174 10763961.0
716.0064763518642 11442336.0
716.224073252362 10902866.0
716.4419092153107 10555231.0
716.6599842407103 10001006.0
716.8782983285607 9830459.0
717.096851478862 9501064.0
717.3156436916144 9299409.0
717.5346749668174 9030921.0
717.7539453044715 8511024.0
717.9734547045764 7682120.0
718.1932031671322 6376966.0
718.4131906921389 5124366.5
718.6334172795965 4403682.0
718.853882929505 4612956.0
719.0745876418644 4149380.5
719.2955314166745 3463292.0
719.5167142539357 3394172.2
719.7381361536477 3169469.5
719.9597971158106 3235133.8
720.1816971404245 3888683.5
720.4038362274891 3969170.5
720.6262143770048 3684116.5
720.8488315889713 3959610.5
721.0716878633887 4832683.0
721.2947832002569 5028642.0
721.518117599576 5798682.0
721.741691061346 6528985.0
721.965503585567 7787509.5
722.1895551722389 9276151.0
722.4138458213616 11354008.0
722.6383755329352 12358216.0
722.8631443069596 12981650.0
723.0881521434351 13566151.0
723.3133990423613 13309665.0
723.5388850037385 13344925.0
723.7646100275665 12897868.0
723.9905741138455 11999604.0
724.2167772625753 11613528.0
724.4432194737561 11640168.0
724.6699007473876 10696991.0
724.8968210834703 11187214.0
725.1239804820036 11622432.0
725.3513789429879 11745535.0
725.579016466423 13122189.0
725.8068930523091 13933442.0
726.0350087006461 14807930.0
726.2633634114338 15404900.0
726.4919571846726 15519320.0
726.7207900203623 15337118.0
726.9498619185028 15474219.0
727.1791728790942 15692688.0
727.4087229021366 17474908.0
727.6385119876297 23604828.0
727.8685401355738 33234128.0
728.0988073459687 47541690.0
728.3293136188147 69102400.0
728.5600589541114 94376050.0
728.7910433518591 112297700.0
729.0222668120575 128204500.0
729.2537293347069 137308160.0
729.4854309198073 129178130.0
729.7173715673584 104688700.0
729.9495512773606 72244400.0
730.1819700498136 45659160.0
730.4146278847174 31007158.0
730.6475247820722 23196448.0
730.8806607418778 18823668.0
731.1140357641343 16167834.0
731.3476498488419 14097211.0
731.5815029960002 12056464.0
731.8155952056094 9344028.0
732.0499264776695 7557572.5
732.2844968121806 7331589.5
732.5193062091423 6561769.0
732.754354668555 5318449.0
732.9896421904187 4909465.5
733.2251687747333 5298204.0
733.4609344214988 5142124.5
733.6969391307151 4852518.0
733.9331829023823 5020539.5
734.1696657365004 5530826.0
734.4063876330695 5472205.5
734.6433485920893 5810962.0
734.8805486135602 6234425.5
735.1179876974818 7358245.5
735.3556658438545 7676400.5
735.5935830526778 8281928.0
735.8317393239522 7683590.0
736.0701346576775 6854394.0
736.3087690538534 6491079.5
736.5476425124806 6133718.0
736.7867550335584 6509688.0
737.0261066170873 6098485.0
737.265697263067 6497913.0
737.5055269714976 7675044.0
737.745595742379 8227172.5
737.9859035757114 8801819.0
738.2264504714947 10828829.0
738.4672364297288 14876166.0
738.7082614504138 21718820.0
738.9495255335498 32076816.0
739.1910286791365 46769030.0
739.4327708871742 63989656.0
739.6747521576629 83938600.0
739.9169724906022 103034670.0
740.1594318859927 117051900.0
740.4021303438338 116982760.0
740.6450678641261 103831870.0
740.8882444468691 79701950.0
741.131660092063 52276564.0
741.3753147997079 31870516.0
741.6192085698036 21796130.0
741.8633414023502 16949566.0
742.1077132973477 13324229.0
742.352324254796 11741250.0
742.5971742746954 9990532.0
742.8422633570456 7915405.0
743.0875915018465 6759075.5
743.3331587090985 4968540.0
743.5789649788013 3902500.2
743.8250103109551 3524746.2
744.0712947055597 3380155.5
744.3178181626151 3122872.2
744.5645806821216 2902756.0
744.8115822640789 2541946.5
745.058822908487 2097462.0
745.3063026153461 2407247.2
745.554021384656 2443372.8
745.801979216417 2802093.5
746.0501761106286 3393628.8
746.2986120672912 3785476.5
746.5472870864048 4532827.0
746.7962011679691 4683944.5
747.0453543119845 4336232.0
747.2947465184507 3972044.8
747.5443777873677 3455300.0
747.7942481187357 2820806.5
748.0443575125546 2198439.0
748.2947059688242 2012423.1
748.545293487545 1963730.8
748.7961200687164 2223961.0
749.0471857123389 1950387.2
749.2984904184123 1814494.8
749.5500341869365 1954266.0
749.8018170179115 1827614.9
750.0538389113375 1712337.0
750.3060998672144 1965148.6
750.558599885542 1780372.5
750.8113389663208 1725935.2
751.0643171095503 1750538.5
751.3175343152308 1745096.4
751.570990583362 1883702.4
751.8246859139442 1724362.2
752.0786203069773 1795268.9
752.3327937624614 2392904.2
752.5872062803962 1987697.4
752.841857860782 1660653.8
753.0967485036186 1901641.5
753.3518782089062 2139178.0
753.6072469766447 2447064.2
753.8628548068339 2220547.0
754.1187016994742 2324160.5
754.3747876545652 2140771.8
754.6311126721073 2286248.0
754.8876767521001 2760520.0
755.144479894544 2885583.5
755.4015220994386 2658600.0
755.6588033667842 2818420.2
755.9163236965807 2608033.2
756.1740830888281 2499590.2
756.4320815435262 2646873.0
756.6903190606754 2615024.8
756.9487956402754 2505803.0
757.2075112823263 2502307.0
757.4664659868281 2841367.0
757.7256597537807 2684397.8
757.9850925831844 2794590.0
758.2447644750388 3074827.5
758.5046754293442 3101037.0
758.7648254461004 3114446.2
759.0252145253075 3804529.8
759.2858426669656 4500924.0
759.5467098710745 4490545.5
759.8078161376343 4240460.5
760.069161466645 4145791.0
760.3307458581066 4506018.5
760.5925693120191 5291743.0
760.8546318283825 4945859.0
761.1169334071967 4562300.5
761.3794740484618 4101872.8
761.6422537521778 3437494.0
761.9052725183449 3855698.0
762.1685303469626 4051117.2
762.4320272380314 3658024.0
762.6957631915509 4031044.0
762.9597382075215 3785560.2
763.2239522859428 3588080.5
763.4884054268151 3264803.8
763.7530976301382 3345009.0
764.0180288959123 3445174.8
764.2831992241372 3457596.5
764.5486086148131 4062299.0
764.8142570679397 4555082.5
765.0801445835173 4626843.0
765.3462711615459 4848339.0
765.6126368020252 5099218.0
765.8792415049556 5490039.5
766.1460852703367 6238641.0
766.4131680981689 6963669.0
766.6804899884517 7050102.5
766.9480509411856 6631757.0
767.2158509563703 6447217.0
767.483890034006 6120376.0
767.7521681740925 5156849.0
768.0206853766299 5119300.0
768.2894416416182 5014387.5
768.5584369690574 4286296.0
768.8276713589474 4002865.5
769.0971448112883 4305468.0
769.3668573260802 4822494.5
769.636808903323 5089759.5
769.9069995430166 5547230.0
770.1774292451611 5761397.5
770.4480980097566 5814543.0
770.7190058368028 5885935.5
770.9901527263 6765883.0
771.2615386782481 7352682.5
771.5331636926471 7609240.0
771.805027769497 9141801.0
772.0771309087978 9989686.0
772.3494731105494 10820842.0
772.622054374752 12588925.0
772.8948747014053 15614001.0
773.1679340905096 18817232.0
773.4412325420649 21154618.0
773.714770056071 23442840.0
773.9885466325279 23961840.0
774.2625622714359 22600798.0
774.5368169727947 21974784.0
774.8113107366042 20273214.0
775.0860435628648 16292582.0
775.3610154515762 11414705.0
775.6362264027387 8309002.0
775.9116764163518 6765745.5
776.1873654924159 5832441.0
776.4632936309309 5727422.5
776.7394608318967 6050437.0
777.0158670953135 6101394.0
777.2925124211812 6738627.0
777.5693968094998 6388994.0
777.8465202602692 6442734.5
778.1238827734896 6734859.5
778.4014843491608 6753700.5
778.6793249872829 7388399.5
778.957404687856 8475398.0
779.23572345088 10050887.0
779.5142812763546 11884259.0
779.7930781642804 13548165.0
780.0721141146569 15618502.0
780.3513891274845 17706578.0
780.6309032027627 18972968.0
780.9106563404919 19608938.0
781.1906485406721 19899424.0
781.4708798033031 18031450.0
781.7513501283851 14852415.0
782.0320595159178 14590599.0
782.3130079659015 15106688.0
782.5941954783361 15661718.0
782.8756220532216 16200722.0
783.157287690558 16000636.0
783.4391923903453 15647289.0
783.7213361525834 13861074.0
784.0037189772725 11519112.0
784.2863408644123 11228801.0
784.5692018140032 11625158.0
784.8523018260448 12165221.0
785.1356409005374 13310322.0
785.419219037481 14419594.0
785.7030362368753 14902690.0
785.9870924987206 14431892.0
786.2713878230167 14485532.0
786.5559222097638 14066285.0
786.8406956589616 12276611.0
787.1257081706106 12064520.0
787.4109597447102 12396895.0
787.6964503812609 12191811.0
787.9821800802623 11699294.0
788.2681488417147 13101688.0
788.554356665618 13388589.0
788.8408035519722 13086485.0
789.1274895007773 13588602.0
789.4144145120331 14580212.0
789.70157858574 14853621.0
789.9889817218977 15193939.0
790.2766239205064 15400485.0
790.5645051815659 16621156.0
790.8526255050763 18670270.0
791.1409848910375 19947818.0
791.4295833394498 21814880.0
791.7184208503128 24231236.0
792.0074974236268 27291070.0
792.2968130593916 30149300.0
792.5863677576074 31864280.0
792.876161518274 33529264.0
793.1661943413915 34098076.0
793.45646622696 33125464.0
793.7469771749792 29844452.0
794.0377271854495 28784968.0
794.3287162583705 29513430.0
794.6199443937426 31036618.0
794.9114115915653 31518362.0
795.2031178518391 31909540.0
795.4950631745637 32031424.0
795.7872475597393 31992508.0
796.0796710073657 32941348.0
796.372333517443 35162410.0
796.6652350899712 35524724.0
796.9583757249504 36827056.0
797.2517554223803 39437030.0
797.5453741822612 40434084.0
797.839232004593 42479150.0
798.1333288893755 46585230.0
798.4276648366092 51740410.0
798.7222398462935 55742764.0
799.0170539184289 59355970.0
799.3121070530151 61281360.0
799.6073992500523 63870000.0
799.9029305095402 65284784.0
800.1987008314792 66643920.0
800.4947102158688 67040360.0
800.7909586627096 65149590.0
801.0874461720011 64193600.0
801.3841727437435 64872830.0
801.6811383779369 64992190.0
801.9783430745811 65656890.0
802.2757868336762 65173600.0
802.5734696552222 60485784.0
802.8713915392192 54766956.0
803.1695524856669 52134716.0
803.4679524945657 50657524.0
803.7665915659152 49844696.0
804.0654696997157 49561650.0
804.364586895967 48896410.0
804.6639431546693 48218750.0
804.9635384758224 49550540.0
805.2633728594265 52163540.0
805.5634463054813 53621280.0
805.863758813987 55862340.0
806.1643103849437 58941536.0
806.4651010183513 62611130.0
806.7661307142098 63636436.0
807.0673994725191 61637744.0
807.3689072932794 60083620.0
807.6706541764905 59452704.0
807.9726401221526 60069836.0
808.2748651302655 64867216.0
808.5773292008294 70898490.0
808.880032333844 76511670.0
809.1829745293097 86002190.0
809.4861557872262 99416660.0
809.7895761075936 116398640.0
810.0932354904118 133290260.0
810.3971339356808 152794780.0
810.701271443401 170937620.0
811.0056480135719 188593780.0
811.3102636461938 203100290.0
811.6151183412665 214260980.0
811.9202120987901 222260340.0
812.2255449187645 218368030.0
812.5311168011899 198942700.0
812.8369277460662 182085440.0
813.1429777533934 160808030.0
813.4492668231715 145241570.0
813.7557949554005 133728700.0
814.0625621500802 123056950.0
814.3695684072109 113668930.0
814.6768137267925 105369440.0
814.984298108825 99612320.0
815.2920215533085 96641720.0
815.5999840602427 91825810.0
815.908185629628 86586850.0
816.216626261464 78732540.0
816.5253059557509 70982870.0
816.8342247124888 65266264.0
817.1433825316776 58523464.0
817.4527794133171 50073096.0
817.7624153574077 42481920.0
818.072290363949 38131668.0
818.3824044329415 36456430.0
818.6927575643846 35926196.0
819.0033497582787 36773612.0
819.3141810146236 40446264.0
819.6252513334194 44328720.0
819.9365607146663 48896700.0
820.2481091583638 53134900.0
820.5598966645124 56357544.0
820.8719232331118 63638856.0
821.1841888641621 72108830.0
821.4966935576633 82056310.0
821.8094373136155 96881810.0
822.1224201320184 111981100.0
822.4356420128723 127536100.0
822.749102956177 147341660.0
823.0628029619327 167310430.0
823.3767420301392 190063650.0
823.6909201607966 216108240.0
824.005337353905 235952880.0
824.3199936094642 255733040.0
824.6348889274743 271680350.0
824.9500233079352 279977800.0
825.2653967508472 272373600.0
825.5810092562099 254218850.0
825.8968608240236 220472100.0
826.2129514542881 175005040.0
826.5292811470036 128374970.0
826.8458499021699 91172530.0
827.1626577197871 64525276.0
827.4797045998553 49339244.0
827.7969905423743 42375596.0
828.1145155473441 35735216.0
828.4322796147649 29275190.0
828.7502827446367 24925158.0
829.0685249369592 21261576.0
829.3870061917327 18440240.0
829.705726508957 15808431.0
830.0246858886322 14131314.0
830.3438843307583 12632368.0
830.6633218353354 10247289.0
830.9829984023633 9652119.0
831.3029140318422 9976964.0
831.6230687237718 9555269.0
831.9434624781525 9107129.0
832.2640952949838 9286174.0
832.5849671742662 8912061.0
832.9060781159994 8789382.0
833.2274281201835 9039419.0
833.5490171868187 10110844.0
833.8708453159045 10267048.0
834.1929125074414 10195591.0
834.515218761429 9741091.0
834.8377640778676 9635739.0
835.160548456757 9773017.0
835.4835718980975 10237698.0
835.8068344018886 11435914.0
836.1303359681309 12949131.0
836.4540765968239 13398409.0
836.778056287968 13477796.0
837.1022750415626 14538011.0
837.4267328576084 15624614.0
837.7514297361049 16798278.0
838.0763656770524 16858882.0
838.4015406804508 16874902.0
838.7269547463001 17521964.0
839.0526078746003 19078574.0
839.3785000653513 20457592.0
839.7046313185533 21083610.0
840.0310016342061 20592890.0
840.3576110123099 20990702.0
840.6844594528644 22268770.0
841.01154695587 20860496.0
841.3388735213264 19076856.0
841.6664391492336 17975562.0
841.9942438395917 18765648.0
842.3222875924008 20089026.0
842.6505704076608 20872236.0
842.9790922853716 20256032.0
843.3078532255333 21069048.0
843.636853228146 21634100.0
843.9660922932096 20333816.0
844.2955704207238 19208662.0
844.6252876106893 19264872.0
844.9552438631054 18989332.0
845.2854391779725 18603844.0
845.6158735552905 19235170.0
845.9465469950594 19382422.0
846.2774594972791 20678308.0
846.6086110619498 21853968.0
846.9400016890712 23858862.0
847.2716313786436 26766840.0
847.603500130667 29674672.0
847.9356079451411 33683776.0
848.2679548220663 37397710.0
848.6005407614422 41856668.0
848.9333657632692 45167364.0
849.2664298275467 47307250.0
849.5997329542755 50900636.0
849.933275143455 55604844.0
850.2670563950855 57604836.0
850.6010767091668 57785984.0
850.935336085699 55936920.0
851.2698345246821 53412310.0
851.6045720261161 52063744.0
851.939548590001 51374680.0
852.2747642163367 49558976.0
852.6102189051235 49423656.0
852.9459126563609 46207110.0
853.2818454700493 40365092.0
853.6180173461887 35335492.0
853.9544282847789 30420230.0
854.29107828582 26780836.0
854.627967349312 25719396.0
854.9650954752549 26007616.0
855.3024626636488 26976678.0
855.6400689144934 29337390.0
855.9779142277889 30625842.0
856.3159986035355 32549902.0
856.6543220417327 34192444.0
856.992884542381 35547156.0
857.33168610548 37006744.0
857.6707267310301 39193770.0
858.010006419031 41714548.0
858.3495251694828 42581910.0
858.6892829823855 44792230.0
859.0292798577391 48837484.0
859.3695157955435 53006644.0
859.709990795799 58206350.0
860.0507048585051 64286100.0
860.3916579836623 66194360.0
860.7328501712702 65207220.0
861.0742814213293 66604860.0
861.415951733839 68719010.0
861.7578611087997 71887860.0
862.1000095462114 76249570.0
862.4423970460737 77944540.0
862.7850236083872 75757270.0
863.1278892331513 71219020.0
863.4709939203666 64311184.0
863.8143376700325 57620450.0
864.1579204821496 48834150.0
864.5017423567174 40544610.0
864.845803293736 34226336.0
865.1901032932057 27656470.0
865.5346423551262 23025580.0
865.8794204794975 22393212.0
866.2244376663198 21464228.0
866.569693915593 22498930.0
866.9151892273169 24585300.0
867.2609236014919 26254144.0
867.6068970381177 28102822.0
867.9531095371945 31083856.0
868.299561098722 34016980.0
868.6462517227006 35713920.0
868.9931814091299 39539656.0
869.3403501580103 45568390.0
869.6877579693414 52191140.0
870.0354048431236 56429064.0
870.3832907793565 60474440.0
870.7314157780402 62800960.0
871.079779839175 63760104.0
871.4283829627606 65926660.0
871.7772251487971 69548980.0
872.1263063972845 73849280.0
872.4756267082229 78936970.0
872.825186081612 79899656.0
873.1749845174521 78850024.0
873.525022015743 73954330.0
873.875298576485 64150884.0
874.2258141996776 53657010.0
874.5765688853213 44875204.0
874.9275626334158 42276124.0
875.2787954439613 40824240.0
875.6302673169575 41363816.0
875.9819782524048 41632036.0
876.3339282503027 41133644.0
876.6861173106518 41234424.0
877.0385454334516 41888104.0
877.3912126187024 38588500.0
877.744118866404 35967470.0
878.0972641765566 34747896.0
878.45064854916 32474868.0
878.8042719842143 27472964.0
879.1581344817196 22818636.0
879.5122360416756 18690082.0
879.8665766640827 15566598.0
880.2211563489404 14608439.0
880.5759750962493 14858912.0
880.9310329060089 14890972.0
881.2863297782194 14331194.0
881.6418657128809 14395376.0
881.9976407099932 15916192.0
882.3536547695564 15663780.0
882.7099078915705 16732971.0
883.0664000760355 17353172.0
883.4231313229513 17306726.0
883.7801016323183 16635696.0
884.1373110041359 17794210.0
884.4947594384045 18353564.0
884.8524469351239 17930506.0
885.2103734942943 16761132.0
885.5685391159154 16199745.0
885.9269437999875 16410564.0
886.2855875465107 15594619.0
886.6444703554844 14197865.0
887.0035922269093 13909920.0
887.3629531607849 15194259.0
887.7225531571116 15304142.0
888.082392215889 15990106.0
888.4424703371174 17408352.0
888.8027875207965 19297722.0
889.1633437669268 19736874.0
889.5241390755077 20723092.0
889.8851734465397 21654010.0
890.2464468800224 22064750.0
890.6079593759562 24911052.0
890.9697109343408 27866540.0
891.3317015551763 30114244.0
891.6939312384626 32050884.0
892.0563999841997 34391532.0
892.419107792388 38572610.0
892.7820546630269 41690650.0
893.145240596117 46196560.0
893.5086655916577 49142260.0
893.8723296496495 49086270.0
894.2362327700921 49447096.0
894.6003749529856 50764940.0
894.96475619833 52638900.0
895.3293765061252 56232364.0
895.6942358763713 61747600.0
896.0593343090684 63548780.0
896.4246718042164 67020250.0
896.7902483618151 71518940.0
897.1560639818649 70410370.0
897.5221186643654 68418560.0
897.888412409317 61297564.0
898.2549452167193 49077750.0
898.6217170865726 37532970.0
898.9887280188768 28122884.0
899.3559780136319 21577764.0
899.7234670708378 17484408.0
900.0911951904947 15810844.0
900.4591623726023 14628818.0
900.827368617161 13503560.0
901.1958139241705 12126535.0
901.5644982936308 12041484.0
901.9334217255422 11148300.0
902.3025842199042 10746291.0
902.6719857767174 11318019.0
903.0416263959813 12912899.0
903.4115060776962 12945735.0
903.7816248218619 11775114.0
904.1519826284787 11639412.0
904.5225794975461 11196169.0
904.8934154290646 11178092.0
905.2644904230337 11804904.0
905.635804479454 11587641.0
906.0073575983251 11910544.0
906.3791497796472 11204309.0
906.7511810234199 10801981.0
907.1234513296438 10422620.0
907.4959606983184 10251944.0
907.8687091294438 10698965.0
908.2416966230203 10338388.0
908.6149231790475 9569199.0
908.9883887975259 9274542.0
909.3620934784549 8529386.0
909.736037221835 8680948.0
910.1102200276657 9277912.0
910.4846418959476 8463361.0
910.8593028266802 8264807.5
911.2342028198638 8060567.0
911.6093418754981 7885235.0
911.9847199935836 8796401.0
912.3603371741196 9467358.0
912.7361934171067 9810336.0
913.1122887225448 10211960.0
913.4886230904336 11315345.0
913.8651965207735 11526178.0
914.242009013564 11801799.0
914.6190605688057 12489871.0
914.996351186498 12880980.0
915.3738808666415 13464864.0
915.7516496092356 12981420.0
916.1296574142808 13120921.0
916.5079042817767 13724548.0
916.8863902117237 14763080.0
917.2651152041215 16250876.0
917.6440792589702 16465469.0
918.0232823762697 15931139.0
918.4027245560201 15403629.0
918.7824057982216 14052834.0
919.1623261028737 12956594.0
919.542485469977 12434478.0
919.9228838995309 11944145.0
920.3035213915359 11693488.0
920.6843979459916 12119078.0
921.0655135628983 12684991.0
921.446868242256 13737034.0
921.8284619840645 14148656.0
922.2102947883237 14771042.0
922.5923666550341 14566928.0
922.9746775841952 15112355.0
923.3572275758072 15618854.0
923.7400166298701 16946638.0
924.1230447463838 17895038.0
924.5063119253487 18370232.0
924.8898181667641 19664112.0
925.2735634706307 19731460.0
925.657547836948 19267474.0
926.0417712657163 19524416.0
926.4262337569354 18201420.0
926.8109353106056 17486498.0
927.1958759267263 16194268.0
927.5810556052983 15823260.0
927.966474346321 15984381.0
928.3521321497947 16153879.0
928.7380290157191 15779606.0
929.1241649440944 14877294.0
929.5105399349206 14360939.0
929.8971539881978 13735370.0
930.2840071039259 13504422.0
930.6710992821048 13116738.0
931.0584305227347 11748059.0
931.4460008258154 11950345.0
931.8338101913471 11703630.0
932.2218586193296 10387228.0
932.610146109763 8271934.0
932.9986726626472 5777276.0
933.3874382779825 4545019.0
933.7764429557685 3633699.0
934.1656866960054 3065648.5
934.5551694986933 3120931.0
934.9448913638321 3029617.5
935.3348522914216 2921638.8
935.7250522814621 3182959.8
936.1154913339535 3274469.5
936.5061694488959 3506768.5
936.8970866262891 3796715.5
937.288242866133 3939947.0
937.6796381684281 3989476.2
938.0712725331739 3840170.5
938.4631459603708 3776447.2
938.8552584500184 4188575.0
939.247610002117 4431266.0
939.6402006166663 4146950.0
940.0330302936667 4664104.5
940.4260990331178 4690375.5
940.8194068350199 4656462.0
941.212953699373 4730414.5
941.6067396261767 4903278.5
942.0007646154315 4417151.5
942.3950286671371 4416374.5
942.7895317812938 4677814.0
943.184273957901 4701289.5
943.5792551969595 4585236.0
943.9744754984687 4367009.5
944.3699348624289 4233217.5
944.7656332888398 3851895.5
945.1615707777016 4111622.8
945.5577473290144 3778173.8
945.9541629427781 3520565.2
946.3508176189927 3707262.0
946.7477113576581 3995867.0
947.1448441587745 3881077.2
947.5422160223416 4089178.0
947.9398269483597 4193858.0
948.3376769368288 4187283.0
948.7357659877487 4358019.0
949.1340941011194 5477285.5
949.5326612769411 6012080.0
949.9314675152136 6555550.0
950.3305128159373 6653233.0
950.7297971791115 6732911.0
951.1293206047367 7360633.0
951.5290830928128 6689829.5
951.9290846433399 5579296.0
952.3293252563178 5504243.0
952.7298049317465 5349056.0
953.1305236696262 5341587.0
953.5314814699568 5222251.0
953.9326783327383 5448476.0
954.3341142579707 5348768.0
954.7357892456539 5430969.0
955.137703295788 5388557.5
955.5398564083731 5274690.5
955.942248583409 4706779.0
956.3448798208958 4530429.5
956.7477501208334 4680122.0
957.1508594832221 4625458.0
957.5542079080615 3927714.8
957.9577953953519 4047498.8
958.3616219450932 3893494.5
958.7656875572852 3946347.5
959.1699922319283 3850674.0
959.5745359690222 3684537.0
959.979318768567 4311915.5
960.3843406305627 4640094.0
960.7896015550094 4763193.0
961.1951015419069 4704753.0
961.6008405912553 4713423.5
962.0068187030545 4748624.0
962.4130358773048 5113734.0
962.8194921140057 5562620.0
963.2261874131577 5189758.0
963.6331217747605 5600723.0
964.0402951988142 6521079.0
964.4477076853188 6296572.5
964.8553592342744 6440284.5
965.2632498456808 6271460.0
965.671379519538 6674109.5
966.0797482558462 5895815.5
966.4883560546052 5578974.0
966.8972029158153 6321389.5
967.3062888394761 5349580.5
967.7156138255879 4780089.0
968.1251778741505 4136421.0
968.534980985164 3765134.0
968.9450231586284 3247006.2
969.3553043945437 3174803.8
969.7658246929099 3205091.2
970.1765840537269 3228746.5
970.5875824769948 3582674.5
970.9988199627137 3295368.8
971.4102965108834 3367817.0
971.822012121504 3379692.8
972.2339667945757 3449002.2
972.6461605300981 3682032.2
973.0585933280714 4159071.0
973.4712651884955 4276532.0
973.8841761113707 4733314.5
974.2973260966967 5023788.5
974.7107151444736 5438594.5
975.1243432547012 5355488.0
975.5382104273799 5667482.5
975.9523166625095 6074474.0
976.3666619600898 6692009.5
976.7812463201212 7000328.0
977.1960697426034 7371037.5
977.6111322275365 7708612.0
978.0264337749204 7990980.0
978.4419743847554 7257922.5
978.8577540570411 7001634.5
979.2737727917779 7082662.5
979.6900305889653 6288719.0
980.1065274486039 5518449.0
980.523263370693 6225975.0
980.9402383552333 6703364.0
981.3574524022245 6195720.5
981.7749055116664 5960821.0
982.1925976835594 7053887.0
982.6105289179031 7552277.5
983.0286992146978 7262358.0
983.4471085739433 7391379.0
983.8657569956398 9086966.0
984.2846444797872 10302741.0
984.7037710263854 10725771.0
985.1231366354345 10490195.0
985.5427413069345 10229026.0
985.9625850408854 11224549.0
986.3826678372873 11857636.0
986.8029896961399 11958872.0
987.2235506174435 11899941.0
987.6443506011979 12083576.0
988.0653896474032 10926895.0
988.4866677560595 10660396.0
988.9081849271665 9529939.0
989.3299411607247 9304085.0
989.7519364567336 9343986.0
990.1741708151934 9203794.0
990.5966442361041 8304934.5
991.0193567194657 8260275.5
991.4423082652781 8103232.0
991.8654988735416 8044973.0
992.2889285442558 7252640.5
992.712597277421 6740532.5
993.1365050730369 6784694.5
993.5606519311038 6598402.5
993.9850378516217 6146534.0
994.4096628345903 6028546.0
994.83452688001 7544322.5
995.2596299878804 8080964.5
995.6849721582018 8517646.0
996.110553390974 9055627.0
996.5363736861973 8958298.0
996.9624330438713 9246205.0
997.3887314639962 9411693.0
997.8152689465721 9513941.0
998.2420454915989 9545314.0
998.6690610990764 9706947.0
999.0963157690048 9152662.0
999.5238095013843 8281075.5
999.9515422962145 8064774.5
1000.3795141534958 8118423.0
1000.8077250732279 7241278.0
1001.2361750554107 6274139.5
1001.6648641000446 5846120.0
1002.0937922071294 4561853.5
1002.522959376665 4472107.5
1002.9523656086515 4594961.5
1003.3820109030889 4629560.5
1003.8118952599773 4629822.0
1004.2420186793163 5413789.0
1004.6723811611065 5829031.0
1005.1029827053474 7032824.5
1005.5338233120393 7804299.5
1005.9649029811819 8985604.0
1006.3962217127755 9945059.0
1006.8277795068202 10655378.0
1007.2595763633155 11938725.0
1007.6916122822619 13516168.0
1008.1238872636591 15168055.0
1008.5564013075071 14982921.0
1008.9891544138061 15378410.0
1009.422146582556 17105782.0
1009.8553778137567 18885650.0
1010.2888481074084 20089632.0
1010.7225574635108 19448536.0
1011.1565058820644 18192602.0
1011.5906933630686 17947588.0
1012.0251199065237 17336168.0
1012.45978551243 16543278.0
1012.8946901807869 12828899.0
1013.3298339115948 9629262.0
1013.7652167048535 7757498.0
1014.2008385605632 6333196.0
1014.6366994787238 5914957.0
1015.0727994593352 6047857.5
1015.5091385023975 5685303.0
1015.9457166079108 5859594.0
1016.3825337758749 6081527.0
1016.8195900062899 6930906.0
1017.2568852991558 7736369.0
1017.6944196544725 8058249.0
1018.1321930722402 8976239.0
1018.5702055524587 10196408.0
1019.0084570951283 10734166.0
1019.4469477002485 11348264.0
1019.8856773678198 12572932.0
1020.3246460978419 13524380.0
1020.763853890315 13425871.0
1021.2033007452387 14484682.0
1021.6429866626136 14783789.0
1022.0829116424393 15738922.0
1022.5230756847159 16059248.0
1022.9634787894433 16024815.0
1023.4041209566217 15060200.0
1023.8450021862509 13029389.0
1024.286122478331 9567639.0
1024.727481832862 6686055.0
1025.1690802498438 4777295.5
1025.6109177292767 3885394.0
1026.0529942711605 3320034.8
1026.495309875495 2982272.2
1026.9378645422805 2523112.8
1027.380658271517 2178587.8
1027.823691063204 1840648.0
1028.2669629173424 1514316.5
1028.7104738339312 1372582.5
1029.1542238129714 1465973.8
1029.598212854462 1271894.5
1030.0424409584039 1013895.25
1030.4869081247964 1038531.0
1030.9316143536398 1015820.25
1031.376559644934 927193.1
1031.8217439986793 1015203.1
1032.2671674148755 1197847.1
1032.7128298935227 934312.5
1033.1587314346207 843471.3
1033.6048720381693 968862.4
1034.051251704169 1165288.4
1034.4978704326197 1167682.9
1034.9447282235212 1336101.9
1035.3918250768736 1105080.5
1035.8391609926769 903270.4
1036.286735970931 1160592.6
1036.734550011636 913830.4
1037.182603114792 1202153.5
1037.6308952803988 1088199.5
1038.0794265084567 1042280.4
1038.5281967989652 965046.5
1038.9772061519247 979467.8
1039.426454567335 1091149.5
1039.8759420451966 1366762.2
1040.3256685855085 1321525.5
1040.7756341882716 1105478.9
1041.2258388534856 879902.44
1041.6762825811506 932913.75
1042.1269653712661 1023554.3
1042.577887223833 1216751.8
1043.0290481388504 1640872.4
1043.4804481163187 1489026.5
1043.9320871562381 1418423.5
1044.3839652586082 1402064.0
1044.8360824234294 1465741.8
1045.2884386507012 1788242.8
1045.7410339404241 1948865.6
1046.193868292598 1876197.2
1046.6469417072226 1547778.9
1047.1002541842981 1620477.5
1047.5538057238246 1274831.1
1048.0075963258018 1352842.5
1048.46162599023 1364360.2
1048.915894717109 1590822.4
1049.3704025064392 1686483.6
1049.82514935822 1609577.0
1050.2801352724516 1529533.0
1050.7353602491344 1605648.6
1051.1908242882678 1690301.8
1051.6465273898525 1581429.4
1052.1024695538877 1651171.4
1052.558650780374 1664351.5
1053.015071069311 1484006.8
1053.471730420699 1165481.1
1053.928628834538 1516110.0
1054.3857663108276 1656149.8
1054.8431428495683 1523211.8
1055.30075845076 1476050.2
1055.7586131144024 1760196.4
1056.2167068404956 1870789.4
1056.67503962904 1988826.0
1057.133611480035 2133312.8
1057.592422393481 2425247.8
1058.0514723693777 2091300.8
1058.5107614077258 2417392.2
1058.9702895085243 2659502.0
1059.4300566717739 2377725.2
1059.8900628974743 2020096.2
1060.3503081856259 2005471.4
1060.8107925362278 1763914.5
1061.2715159492811 2036629.5
1061.732478424785 2318783.0
1062.1936799627401 1174936.2
1062.6551205631458 -469520.47
1063.1168002260026 -1520719.0
1063.57871895131 -3226737.8
1064.0408767390686 -5326377.0
1064.503273589278 -6867353.0
1064.965909501938 -8585218.0
1065.4287844770492 -10519641.0
1065.8918985146113 -11998625.0
1066.3552516146242 -14066034.0
1066.818843777088 -15851751.0
1067.2826750020029 -17951842.0
1067.7467452893684 -19809548.0
1068.211054639185 -22018696.0
1068.6756030514523 -23857840.0
1069.1403905261704 -25736644.0
1069.6054170633397 -28285928.0
1070.0706826629596 -30100404.0
1070.5361873250306 0.0
1071.0019310495525 0.0
1071.4679138365252 0.0
1071.9341356859486 0.0
