string
description: px_shifted, calibration parameter: [ 1.19531225e-04 -2.30194563e-02  6.18194146e+02]
converted file:R_100ms_Fe_S3_x_2_41_binned_y back: data/dark_100msRZP-structure:___RZP_S3100msRoi:[0, 1040, 2048, 2048]
eV counts/s
618.1712462133476 1930306.0
618.1485853507007 1933074.2
618.1261635505048 1927846.4
618.1039808127597 1918802.6
618.0820371374655 2311636.5
618.0603325246223 2662436.0
618.0388669742298 2821129.8
618.0176404862883 2947798.0
617.9966530607976 2741890.0
617.9759046977579 2509456.5
617.955395397169 2515819.5
617.9351251590311 2424081.0
617.9150939833439 2351994.8
617.8953018701078 1989915.6
617.8757488193226 1907023.5
617.8564348309881 2326552.8
617.8373599051046 2440806.0
617.8185240416719 2347910.8
617.7999272406903 2759127.0
617.7815695021593 3052929.8
617.7634508260794 2867744.0
617.7455712124504 2897792.2
617.7279306612722 2718808.5
617.7105291725449 2354696.8
617.6933667462686 2049145.0
617.676443382443 1964463.1
617.6597590810685 2320356.2
617.6433138421447 2345177.0
617.6271076656718 2184776.5
617.6111405516499 1818418.9
617.5954125000789 2361290.0
617.5799235109587 2512890.2
617.5646735842894 2265259.5
617.5496627200711 2573643.8
617.5348909183035 2521284.8
617.520358178987 2670999.5
617.5060645021213 2778987.0
617.4920098877064 2659287.0
617.4781943357425 2921465.0
617.4646178462295 2877881.2
617.4512804191673 3207336.5
617.4381820545561 3059988.5
617.4253227523957 2910836.5
617.4127025126862 2895349.8
617.4003213354276 3123555.0
617.3881792206199 3215338.0
617.3762761682632 3415017.8
617.3646121783572 3284892.2
617.3531872509022 2880897.0
617.342001385898 2044364.8
617.3310545833449 1979590.6
617.3203468432424 1780048.6
617.309878165591 1888296.2
617.2996485503904 1904497.4
617.2896579976408 2119894.2
617.2799065073419 1906952.5
617.270394079494 2273583.2
617.261120714097 2759426.2
617.2520864111508 2952657.5
617.2432911706557 3560256.0
617.2347349926113 3949073.0
617.2264178770179 3962502.5
617.2183398238752 3650593.8
617.2105008331837 4009705.2
617.2029009049428 3642924.0
617.195540039153 3369918.8
617.188418235814 3067338.0
617.1815354949258 3095451.2
617.1748918164886 3122542.2
617.1684872005023 3475391.0
617.1623216469668 3472140.5
617.1563951558823 3319850.0
617.1507077272486 3265847.0
617.1452593610658 3342760.5
617.140050057334 3930841.5
617.1350798160529 4089345.0
617.1303486372229 4266374.5
617.1258565208436 4159462.5
617.1216034669154 4538744.5
617.1175894754379 4144704.5
617.1138145464114 4765869.5
617.1102786798357 5481096.0
617.106981875711 5444992.5
617.1039241340371 5039366.0
617.1011054548142 4127947.5
617.0985258380421 4016457.2
617.0961852837207 4014265.5
617.0940837918505 4126850.5
617.092221362431 4269434.5
617.0905979954625 4100521.5
617.0892136909449 4294701.0
617.0880684488782 4437134.0
617.0871622692623 4380386.0
617.0864951520974 4085091.0
617.0860670973833 4804809.0
617.0858781051202 6267830.0
617.0859281753078 7649687.5
617.0862173079464 7871989.0
617.0867455030359 8314120.0
617.0875127605763 8157450.0
617.0885190805675 6301123.0
617.0897644630096 3964366.2
617.0912489079027 2566762.8
617.0929724152465 1777495.1
617.0949349850415 1614998.9
617.0971366172871 1480487.2
617.0995773119838 1453970.2
617.1022570691313 1406120.6
617.1051758887297 1908481.9
617.1083337707789 1990147.5
617.1117307152791 2208878.2
617.1153667222302 2047106.8
617.1192417916321 2164702.2
617.123355923485 1729584.8
617.1277091177888 1800695.5
617.1323013745433 1876782.2
617.1371326937488 2655505.5
617.1422030754052 3730567.5
617.1475125195125 3968775.5
617.1530610260706 4427794.5
617.1588485950797 4578902.0
617.1648752265397 5145618.0
617.1711409204505 6110602.5
617.1776456768123 6744919.5
617.1843894956249 6840399.5
617.1913723768885 7341861.0
617.1985943206029 7106894.5
617.2060553267681 6619722.5
617.2137553953843 6905072.0
617.2216945264513 7059479.5
617.2298727199694 6962772.5
617.2382899759382 5683947.5
617.246946294358 5441652.5
617.2558416752286 4003430.0
617.2649761185502 2545851.0
617.2743496243226 1538708.5
617.2839621925459 1281135.9
617.29381382322 1214180.8
617.3039045163453 1261582.5
617.3142342719211 1337431.9
617.3248030899481 1580257.0
617.3356109704258 1242382.8
617.3466579133545 1278878.9
617.357943918734 1025641.4
617.3694689865644 1141166.4
617.3812331168458 759903.1
617.3932363095779 957362.5
617.4054785647611 1073551.9
617.417959882395 872292.75
617.43068026248 932807.56
617.4436397050157 1090728.2
617.4568382100024 1002298.75
617.47027577744 970813.0
617.4839524073284 1092294.9
617.4978680996677 1593218.0
617.512022854458 2809197.8
617.526416671699 3781278.0
617.5410495513911 4761128.0
617.555921493534 6635041.0
617.5710324981277 8823539.0
617.5863825651725 8771506.0
617.601971694668 7571024.5
617.6177998866144 6065697.5
617.6338671410118 4850059.0
617.6501734578601 4082192.5
617.6667188371591 3344053.5
617.6835032789093 3471106.5
617.70052678311 4109618.5
617.7177893497619 4319864.5
617.7352909788646 3980153.5
617.7530316704182 3884499.5
617.7710114244226 4843661.5
617.7892302408779 4989344.0
617.8076881197842 4661915.5
617.8263850611413 4066817.0
617.8453210649494 4348485.5
617.8644961312083 4657078.0
617.8839102599181 6274582.5
617.9035634510788 7965370.0
617.9234557046905 10176109.0
617.9435870207528 12317040.0
617.9639573992663 14493016.0
617.9845668402305 16783044.0
618.0054153436457 17527448.0
618.0265029095117 15760690.0
618.0478295378288 11940259.0
618.0693952285965 8795678.0
618.0911999818152 5377482.5
618.1132437974848 3384948.0
618.1355266756052 2628844.8
618.1580486161766 2496823.0
618.180809619199 2218276.5
618.2038096846721 1645054.8
618.2270488125961 1703144.4
618.2505270029711 1480072.6
618.2742442557969 1762521.8
618.2982005710737 1331052.5
618.3223959488013 1366103.9
618.3468303889798 1455492.2
618.3715038916091 1358424.4
618.3964164566895 1130075.1
618.4215680842207 1151517.6
618.4469587742026 1281484.8
618.4725885266356 1248447.6
618.4984573415195 1028560.06
618.5245652188543 1090427.0
618.5509121586398 938565.6
618.5774981608764 925343.9
618.6043232255638 1007082.25
618.6313873527021 1476193.8
618.6586905422912 1714299.4
618.6862327943314 1982825.0
618.7140141088223 2273360.0
618.7420344857642 2600290.5
618.7702939251569 3305525.0
618.7987924270005 3723636.5
618.827529991295 5112945.5
618.8565066180404 6768957.5
618.8857223072368 8666402.0
618.915177058884 11123762.0
618.944870872982 12240956.0
618.974803749531 12335856.0
619.004975688531 10325872.0
619.0353866899817 8459506.0
619.0660367538834 5830496.0
619.0969258802359 3449879.8
619.1280540690393 2611695.2
619.1594213202936 2633088.0
619.1910276339989 2231333.0
619.2228730101549 2134772.2
619.2549574487618 1923969.2
619.2872809498198 1656980.0
619.3198435133286 1499758.0
619.3526451392883 1417712.8
619.3856858276988 1185170.0
619.4189655785602 1402818.8
619.4524843918725 1211990.4
619.4862422676358 1422170.2
619.5202392058499 1487179.4
619.5544752065149 1363069.0
619.5889502696308 1210737.8
619.6236643951976 1210105.0
619.6586175832152 1026398.0
619.6938098336839 1313312.5
619.7292411466033 1457539.9
619.7649115219735 2192721.0
619.8008209597948 2691873.5
619.8369694600669 3873588.5
619.8733570227901 4367409.5
619.9099836479638 5356771.0
619.9468493355887 6215901.0
619.9839540856643 6955964.0
620.0212978981909 7938637.5
620.0588807731684 9272020.0
620.0967027105968 8509905.0
620.134763710476 6646924.0
620.1730637728062 4754853.0
620.2116028975872 2964978.5
620.2503810848191 2132732.0
620.2893983345019 1628310.2
620.3286546466355 1585891.2
620.3681500212202 1274781.6
620.4078844582556 1330065.2
620.447857957742 1343313.5
620.4880705196792 1440058.8
620.5285221440674 1059046.9
620.5692128309064 1256812.0
620.6101425801965 1121540.6
620.6513113919372 1053706.4
620.692719266129 982529.06
620.7343662027715 720489.75
620.7762522018651 909627.4
620.8183772634094 969317.1
620.8607413874046 957247.5
620.9033445738509 844774.44
620.9461868227478 985055.75
620.9892681340958 916816.3
621.0325885078946 969848.2
621.0761479441444 1157233.0
621.1199464428449 1109198.6
621.1639840039965 1029980.75
621.2082606275989 1010434.3
621.2527763136521 1189730.5
621.2975310621563 1149549.0
621.3425248731114 1296618.0
621.3877577465173 1320662.8
621.4332296823742 1377565.5
621.478940680682 1650806.0
621.5248907414405 1228789.5
621.5710798646501 846896.2
621.6175080503104 670899.5
621.6641752984218 1016837.44
621.7110816089839 1403148.8
621.758226981997 1428586.1
621.8056114174609 1496913.9
621.8532349153759 1303659.5
621.9010974757415 1308265.9
621.9491990985582 1040589.6
621.9975397838257 1041593.44
622.0461195315442 1060450.1
622.0949383417135 983485.7
622.1439962143336 1258108.9
622.1932931494047 1353737.5
622.2428291469266 1413397.5
622.2926042068996 1622952.0
622.3426183293233 1678110.5
622.392871514198 1640552.8
622.4433637615234 1750270.1
622.4940950713 1603254.8
622.5450654435272 1593701.5
622.5962748782055 1513425.0
622.6477233753345 1495946.2
622.6994109349146 1268562.4
622.7513375569454 1661951.9
622.8035032414273 2008859.9
622.8559079883598 2193647.5
622.9085517977434 2243591.5
622.9614346695778 2646892.8
623.0145566038631 2756240.2
623.0679176005993 3191956.0
623.1215176597865 3899183.0
623.1753567814245 4070840.2
623.2294349655133 3932191.0
623.2837522120532 3837525.2
623.3383085210438 3880806.0
623.3931038924854 4003517.2
623.4481383263778 3412090.0
623.5034118227212 3797112.8
623.5589243815153 4412181.5
623.6146760027606 4710086.0
623.6706666864566 6035810.5
623.7268964326033 7055776.0
623.7833652412012 7721877.5
623.8400731122499 7316202.0
623.8970200457495 6688027.0
623.9542060416999 5982829.5
624.0116311001013 4982215.0
624.0692952209534 3449812.2
624.1271984042567 2810635.5
624.1853406500106 2509545.0
624.2437219582156 2328037.0
624.3023423288714 2259753.0
624.3612017619781 2599337.2
624.4203002575357 2106605.8
624.4796378155443 1642303.6
624.5392144360035 1165558.1
624.5990301189137 1197679.9
624.659084864275 869532.25
624.7193786720869 1176861.8
624.7799115423499 1145212.0
624.8406834750637 1279563.4
624.9016944702284 1227380.6
624.962944527844 1337816.0
625.0244336479105 1110260.8
625.0861618304278 1326643.6
625.1481290753961 1405152.0
625.2103353828153 1490831.4
625.2727807526853 1827349.4
625.3354651850062 2002002.0
625.398388679778 2301908.0
625.4615512370008 2387113.5
625.5249528566744 2499444.2
625.5885935387989 2328087.2
625.6524732833743 2255357.8
625.7165920904006 2522421.2
625.7809499598777 2654840.2
625.8455468918058 3230154.5
625.9103828861847 3822518.0
625.9754579430146 3466792.0
626.0407720622953 4150375.5
626.106325244027 4572762.5
626.1721174882094 3300162.5
626.2381487948429 2477445.0
626.3044191639272 2155287.8
626.3709285954623 2444144.5
626.4376770894484 2436547.5
626.5046646458853 2152414.0
626.5718912647732 1807271.5
626.6393569461119 1487473.0
626.7070616899016 1372358.2
626.7750054961421 1578931.8
626.8431883648335 1935269.0
626.9116102959758 1720545.2
626.980271289569 1588056.1
627.0491713456131 1309415.5
627.1183104641082 1367719.0
627.1876886450539 1127915.0
627.2573058884507 1629550.6
627.3271621942984 1314910.1
627.3972575625968 1521044.8
627.4675919933463 1252939.9
627.5381654865465 1455928.2
627.6089780421978 1632743.5
627.6800296602999 1983986.5
627.7513203408529 2332880.2
627.8228500838567 2555385.0
627.8946188893116 2869211.2
627.9666267572171 3081467.0
628.0388736875738 2941062.0
628.1113596803812 3418591.0
628.1840847356395 2541817.8
628.2570488533487 1715989.5
628.3302520335087 1710507.8
628.4036942761198 1576709.5
628.4773755811816 1765482.2
628.5512959486945 1869254.8
628.6254553786581 2065725.6
628.6998538710727 2186265.2
628.7744914259381 3010370.5
628.8493680432545 3269413.0
628.9244837230217 3453577.5
628.9998384652398 3884951.2
629.0754322699088 3940672.5
629.1512651370288 3592503.8
629.2273370665995 2954822.0
629.3036480586212 3229622.5
629.3801981130938 3371014.8
629.4569872300171 3837917.5
629.5340154093916 3952067.5
629.6112826512167 3986432.2
629.6887889554929 3475558.0
629.7665343222199 2722775.5
629.8445187513979 2361077.8
629.9227422430266 2202178.0
630.0012047971064 1535902.4
630.0799064136369 1690049.0
630.1588470926184 1344984.0
630.2380268340507 1673087.2
630.317445637934 2179930.8
630.3971035042681 2438832.0
630.4770004330533 2580829.8
630.5571364242891 2400539.8
630.6375114779759 2158507.8
630.7181255941136 1972035.1
630.7989787727022 1922665.8
630.8800710137417 1957557.6
630.961402317232 2172989.8
631.0429726831734 2087135.6
631.1247821115654 1884775.6
631.2068306024086 2076242.0
631.2891181557025 2279145.2
631.3716447714473 1749510.8
631.454410449643 1677055.1
631.5374151902896 1547966.5
631.6206589933871 1540549.9
631.7041418589355 1443838.2
631.7878637869347 1615116.0
631.8718247773849 1620097.6
631.956024830286 1515700.1
632.0404639456378 1988568.5
632.1251421234408 2357272.2
632.2100593636944 2659470.0
632.2952156663991 2641076.5
632.3806110315546 2587855.2
632.4662454591611 2214745.5
632.5521189492183 2941805.0
632.6382315017265 2426603.0
632.7245831166855 2005583.6
632.8111737940956 1648862.5
632.8980035339563 1781996.0
632.985072336268 1823000.5
633.0723802010307 1607098.0
633.1599271282441 1780378.1
633.2477131179087 2652264.8
633.3357381700239 3451541.2
633.4240022845902 2972228.8
633.5125054616071 2629412.5
633.6012477010752 2910559.0
633.690229002994 2397353.2
633.7794493673638 2026210.2
633.8689087941844 1848464.9
633.958607283456 2113170.5
634.0485448351784 2460160.8
634.1387214493517 2163535.8
634.2291371259759 1999744.8
634.3197918650509 2068218.1
634.4106856665769 1884843.2
634.5018185305538 1517609.8
634.5931904569816 1330693.9
634.6848014458602 1532921.2
634.7766514971898 1558539.4
634.8687406109701 1329302.2
634.9610687872016 1523651.1
635.0536360258837 1463813.8
635.1464423270169 1368692.8
635.2394876906009 1778215.1
635.3327721166357 1648190.6
635.4262956051215 1406018.9
635.5200581560582 1218796.0
635.6140597694457 1097675.0
635.7083004452841 789439.94
635.8027801835735 980872.4
635.8974989843136 916968.25
635.9924568475049 996132.44
636.0876537731468 1112242.8
636.1830897612398 1256526.2
636.2787648117835 1091217.0
636.3746789247782 1382277.6
636.4708321002237 1487074.9
636.5672243381202 1490950.0
636.6638556384676 1489352.8
636.7607260012659 1618443.9
636.857835426515 1477178.0
636.9551839142149 1962112.2
637.0527714643658 1818853.9
637.1505980769675 2092357.4
637.2486637520203 2137888.0
637.3469684895239 1808722.0
637.4455122894784 1711312.4
637.5442951518837 1908912.6
637.64331707674 1882879.9
637.742578064047 1782945.5
637.8420781138052 2048065.2
637.941817226014 2039256.1
638.0417954006739 1535201.5
638.1420126377845 1579731.1
638.2424689373462 1802641.2
638.3431642993586 1468504.8
638.444098723822 1318522.4
638.5452722107362 1273189.5
638.6466847601014 1232229.1
638.7483363719175 1404574.2
638.8502270461844 1416308.6
638.9523567829023 1596133.1
639.0547255820709 1375731.4
639.1573334436905 1735312.8
639.260180367761 1621003.5
639.3632663542825 1595089.8
639.4665914032546 1776761.1
639.5701555146778 1642707.4
639.6739586885519 1941178.0
639.7780009248769 1997088.0
639.8822822236526 1877166.9
639.9868025848793 1926560.2
640.091562008557 2352127.8
640.1965604946854 2446126.2
640.3017980432649 2473649.5
640.4072746542952 3188715.0
640.5129903277764 3057335.0
640.6189450637083 2806062.5
640.7251388620914 2892942.5
640.8315717229252 2497235.2
640.93824364621 2156044.5
641.0451546319456 1898298.9
641.1523046801321 1590229.9
641.2596937907695 1545129.5
641.3673219638578 1473237.5
641.4751891993969 1312154.8
641.583295497387 1270424.4
641.691640857828 1321272.0
641.8002252807198 1458788.8
641.9090487660626 1488795.8
642.0181113138563 1306895.6
642.1274129241008 1296115.1
642.2369535967962 1955399.4
642.3467333319426 2312851.2
642.4567521295397 2141683.0
642.5670099895879 1767274.4
642.6775069120868 1999490.6
642.7882428970366 1988249.5
642.8992179444374 1775900.0
643.010432054289 1446450.1
643.1218852265915 1533681.8
643.2335774613449 1568825.1
643.3455087585494 1185345.1
643.4576791182045 1254462.0
643.5700885403106 1854748.1
643.6827370248676 1942975.8
643.7956245718756 1803043.0
643.9087511813342 1591144.2
644.0221168532439 1420280.6
644.1357215876045 1480900.0
644.249565384416 1505641.1
644.3636482436782 1431783.5
644.4779701653915 1317391.0
644.5925311495556 1514805.5
644.7073311961706 1228120.1
644.8223703052365 1127866.4
644.9376484767532 1473612.2
645.0531657107209 1666675.1
645.1689220071395 1626428.8
645.2849173660089 1525673.2
645.4011517873292 1910531.5
645.5176252711005 1879078.2
645.6343378173226 1324651.4
645.7512894259957 1186809.9
645.8684800971196 1335373.8
645.9859098306944 1398061.0
646.10357862672 1522739.2
646.2214864851966 1888575.8
646.3396334061241 1841817.8
646.4580193895024 1814636.0
646.5766444353317 1793106.1
646.6955085436118 1760374.9
646.8146117143428 1350039.2
646.9339539475247 1462065.6
647.0535352431576 1553113.0
647.1733556012413 1412570.2
647.2934150217759 1498199.0
647.4137135047613 1348720.0
647.5342510501977 1802520.2
647.6550276580849 1855006.8
647.7760433284232 1370866.0
647.8972980612122 1284034.0
648.018791856452 1105236.1
648.1405247141429 1003391.6
648.2624966342845 1214599.0
648.3847076168772 1309910.5
648.5071576619206 1469536.1
648.629846769415 1548346.0
648.7527749393603 1646148.1
648.8759421717565 1502668.0
648.9993484666035 1698458.0
649.1229938239015 1915473.8
649.2468782436503 2136314.5
649.3710017258501 1725478.1
649.4953642705007 1584679.5
649.6199658776021 1663556.0
649.7448065471544 1537573.1
649.8698862791578 1624136.4
649.9952050736119 1920198.6
650.120762930517 1546803.9
650.2465598498729 1446016.9
650.3725958316797 1590536.2
650.4988708759375 1629111.1
650.6253849826461 1492372.2
650.7521381518056 1414074.2
650.879130383416 1479266.1
651.0063616774773 1405338.0
651.1338320339895 1230721.2
651.2615414529527 1309348.9
651.3894899343666 1448150.0
651.5176774782313 1458937.8
651.6461040845472 1491991.9
651.7747697533138 1865396.2
651.9036744845314 1537166.5
652.0328182781997 1379323.8
652.162201134319 1515340.5
652.2918230528892 1582620.0
652.4216840339103 1395126.5
652.5517840773823 1414877.8
652.6821231833052 1245531.6
652.8127013516789 1420620.6
652.9435185825037 1481574.2
653.074574875779 1891184.9
653.2058702315056 2286621.8
653.3374046496829 1821995.0
653.469178130311 1744366.1
653.6011906733902 1780245.1
653.73344227892 1749437.5
653.865932946901 1224167.1
653.9986626773327 1436068.1
654.1316314702154 1508676.8
654.2648393255489 1537725.1
654.3982862433335 1394719.2
654.5319722235687 1397606.5
654.665897266255 1365815.8
654.8000613713921 1271552.8
654.9344645389801 1246050.5
655.069106769019 1178426.0
655.2039880615088 1352055.1
655.3391084164494 1429008.6
655.4744678338409 1493532.5
655.6100663136834 1442388.9
655.7459038559767 1542941.8
655.881980460721 1586382.8
656.0182961279161 1744190.1
656.1548508575621 2043017.6
656.291644649659 1763505.1
656.4286775042068 1381086.9
656.5659494212055 1527690.2
656.7034604006551 1543086.0
656.8412104425555 1788099.0
656.9791995469069 1883376.8
657.117427713709 1671801.8
657.2558949429622 2008178.2
657.3946012346663 2191379.5
657.5335465888211 2551856.2
657.672731005427 1982819.2
657.8121544844836 1279757.2
657.9518170259913 1444310.0
658.0917186299497 1519880.8
658.2318592963591 1680860.8
658.3722390252193 1544453.9
658.5128578165305 1430693.9
658.6537156702925 1414937.8
658.7948125865055 1478123.6
658.9361485651692 1390675.6
659.077723606284 1502314.8
659.2195377098495 1766552.6
659.361590875866 1762013.1
659.5038831043335 1426603.2
659.6464143952517 1295436.6
659.7891847486209 1133836.8
659.9321941644408 1305284.5
660.0754426427119 1018051.6
660.2189301834336 1547273.2
660.3626567866064 1491234.8
660.50662245223 1530741.5
660.6508271803045 1452448.1
660.7952709708298 1393115.2
660.9399538238061 1152973.9
661.0848757392333 930651.9
661.2300367171114 1218904.0
661.3754367574403 1360531.0
661.5210758602201 1274815.5
661.6669540254509 1335347.4
661.8130712531324 1417083.9
661.9594275432651 1451508.2
662.1060228958484 1314896.4
662.2528573108827 1540244.0
662.3999307883678 1329149.2
662.5472433283039 1083203.0
662.6947949306908 1141489.6
662.8425855955288 1181817.6
662.9906153228175 1284056.8
663.1388841125572 1423628.5
663.2873919647476 1172671.5
663.436138879389 1399441.5
663.5851248564813 1723743.1
663.7343498960245 1396901.2
663.8838139980186 1025679.7
664.0335171624636 1040010.75
664.1834593893594 1093958.5
664.3336406787062 1257193.5
664.4840610305039 1418476.9
664.6347204447524 1180563.1
664.7856189214518 1287394.0
664.936756460602 1358969.2
665.0881330622034 1225711.0
665.2397487262554 1384986.0
665.3916034527584 1352278.0
665.5436972417123 1132689.0
665.6960300931171 1270040.6
665.8486020069727 1345023.6
666.0014129832791 1552243.9
666.1544630220367 1290871.2
666.3077521232449 1475694.9
666.4612802869042 1421770.2
666.6150475130142 1291189.5
666.7690538015753 1242516.4
666.9232991525871 1311026.4
667.07778356605 1528299.5
667.2325070419636 2193687.0
667.3874695803282 1860495.1
667.5426711811436 1965857.2
667.69811184441 1913468.8
667.8537915701272 1939944.5
668.0097103582953 1953259.9
668.1658682089143 2215389.5
668.3222651219842 2112355.5
668.4789010975051 1911521.0
668.6357761354766 1928224.8
668.7928902358992 1465442.8
668.9502433987727 1489193.1
669.1078356240971 1536021.8
669.2656669118722 1482441.4
669.4237372620985 1714633.5
669.5820466747754 1461324.0
669.7405951499034 1150044.2
669.8993826874821 1002968.7
670.0584092875117 1051231.5
670.2176749499924 1196077.4
670.3771796749238 1280699.5
670.5369234623063 1300036.0
670.6969063121394 1143638.6
670.8571282244236 1040018.9
671.0175891991586 1275023.1
671.1782892363447 1209613.0
671.3392283359814 1048030.3
671.5004064980691 1032307.4
671.6618237226077 1137457.0
671.8234800095972 1298860.5
671.9853753590376 1508459.4
672.1475097709289 1263546.0
672.309883245271 1336180.6
672.472495782064 1402063.2
672.635347381308 1390363.6
672.7984380430028 1575338.0
672.9617677671484 1603560.2
673.125336553745 1455030.0
673.2891444027925 1117582.8
673.453191314291 959657.25
673.6174772882403 988096.6
673.7820023246404 1231586.6
673.9467664234915 1427148.5
674.1117695847934 1413215.6
674.2770118085463 1315465.6
674.4424930947499 1094744.8
674.6082134434046 1338288.0
674.7741728545101 1376971.8
674.9403713280664 1680201.8
675.1068088640737 1655138.6
675.2734854625319 1467495.2
675.440401123441 1518625.6
675.6075558468009 2060647.0
675.7749496326118 2041097.4
675.9425824808735 2145332.2
676.1104543915861 2458025.5
676.2785653647496 2321383.5
676.4469154003641 2277485.2
676.6155044984293 2111431.5
676.7843326589456 1847823.0
676.9533998819127 2129818.0
677.1227061673306 2353379.8
677.2922515151995 1879212.4
677.4620359255191 1613082.6
677.6320593982898 1894684.2
677.8023219335114 1935523.9
677.9728235311838 1635237.4
678.1435641913071 1312951.1
678.3145439138814 1348825.5
678.4857626989063 1696936.8
678.6572205463824 1317460.8
678.8289174563092 1215447.4
679.000853428687 1107413.6
679.1730284635156 1617888.8
679.3454425607953 1275032.4
679.5180957205256 1299418.6
679.690987942707 1646854.8
679.8641192273392 1352139.8
680.0374895744222 1370698.8
680.2110989839563 1412673.9
680.3849474559411 1273156.1
680.559034990377 1535196.0
680.7333615872635 1646603.5
680.9079272466012 1862298.8
681.0827319683896 1448270.8
681.257775752629 1113664.9
681.4330585993191 1184474.9
681.6085805084602 1186624.6
681.7843414800523 1167199.5
681.9603415140951 1407496.2
682.1365806105889 1838251.2
682.3130587695335 1792914.4
682.4897759909292 1619879.9
682.6667322747755 1523189.2
682.8439276210729 1627300.2
683.0213620298211 1624188.2
683.1990355010204 1426386.8
683.3769480346702 1609550.5
683.5550996307712 1934984.0
683.7334902893231 1491047.0
683.9121200103258 1389860.0
684.0909887937793 1401866.2
684.2700966396839 1549086.8
684.4494435480391 1325416.8
684.6290295188454 1343172.8
684.8088545521025 1596088.0
684.9889186478105 1706621.2
685.1692218059694 1733195.8
685.3497640265792 1463867.8
685.5305453096399 1474277.4
685.7115656551515 1536601.0
685.8928250631141 1606399.2
686.0743235335274 1519109.9
686.2560610663917 1644032.2
686.4380376617067 1250036.4
686.6202533194729 1368732.4
686.8027080396897 1395925.5
686.9854018223576 1303993.0
687.1683346674763 1439946.8
687.351506575046 1583353.6
687.5349175450664 1853825.1
687.7185675775377 1664239.9
687.9024566724601 1649703.0
688.0865848298331 1466360.0
688.2709520496572 1531482.0
688.4555583319321 1858797.5
688.640403676658 1698886.0
688.8254880838347 1552376.9
689.0108115534624 1779507.0
689.1963740855408 1816586.2
689.3821756800703 1641091.4
689.5682163370506 1680494.0
689.7544960564818 1620519.2
689.9410148383638 1898800.2
690.1277726826967 1881761.5
690.3147695894805 1760823.5
690.5020055587153 1516359.5
690.689480590401 1569787.0
690.8771946845374 1521428.5
691.0651478411248 1680607.8
691.253340060163 1805343.5
691.4417713416524 1795666.4
691.6304416855924 1931633.9
691.8193510919834 1947215.1
692.0084995608252 1822689.5
692.197887092118 1479064.2
692.3875136858616 1466755.5
692.5773793420561 1358282.2
692.7674840607016 1622675.6
692.9578278417978 1446041.2
693.1484106853451 1473603.9
693.339232591343 1942495.2
693.5302935597921 1748781.2
693.7215935906919 1836261.9
693.9131326840427 1784911.8
694.1049108398444 1875896.9
694.2969280580969 2010985.6
694.4891843388003 2079434.8
694.6816796819547 1832160.6
694.8744140875599 1928743.1
695.067387555616 2263345.8
695.260600086123 2317909.5
695.4540516790809 2381954.5
695.6477423344896 2478236.5
695.8416720523492 2392648.0
696.0358408326598 2517482.2
696.2302486754212 2578423.5
696.4248955806336 2318002.5
696.6197815482967 2190491.2
696.814906578411 2153339.0
697.0102706709758 2015979.9
697.2058738259918 2221809.0
697.4017160434586 2445483.0
697.5977973233763 2135817.5
697.7941176657448 2352286.5
697.9906770705643 2477307.2
698.1874755378346 2435201.2
698.3845130675558 2516918.2
698.581789659728 2738938.5
698.779305314351 2569844.5
698.9770600314249 2450603.5
699.1750538109496 2573159.8
699.3732866529253 2608940.2
699.5717585573519 2695762.0
699.7704695242294 2887391.5
699.9694195535577 3249132.2
700.168608645337 2616277.2
700.3680367995671 2928981.5
700.5677040162482 3326147.8
700.7676102953801 3132756.5
700.9677556369629 3046617.2
701.1681400409966 3106135.5
701.368763507481 3145787.2
701.5696260364166 3002182.8
701.7707276278029 2948991.5
701.9720682816403 3139999.8
702.1736479979284 3132017.5
702.3754667766674 3144384.8
702.5775246178573 2713581.2
702.7798215214982 2565942.2
702.9823574875899 2555468.5
703.1851325161325 2526361.8
703.3881466071259 2838496.0
703.5913997605704 3106220.2
703.7948919764656 2959300.2
703.9986232548118 3146995.2
704.2025935956088 2897032.5
704.4068029988567 3158322.2
704.6112514645556 3332532.5
704.8159389927052 2951966.5
705.020865583306 2600991.8
705.2260312363574 2728106.2
705.4314359518598 2989198.8
705.6370797298131 3120843.0
705.8429625702173 2900218.5
706.0490844730723 2770956.2
706.2554454383783 2907316.0
706.4620454661351 3201380.2
706.6688845563428 3638259.0
706.8759627090014 3367545.2
707.0832799241109 3365835.0
707.2908362016714 3379575.5
707.4986315416826 3698631.0
707.7066659441448 3797777.2
707.9149394090579 3725164.5
708.1234519364218 4224247.0
708.3322035262366 4716868.5
708.5411941785025 4969538.5
708.750423893219 4908334.5
708.9598926703866 4806815.5
709.169600510005 4893813.5
709.3795474120743 5180733.5
709.5897333765945 5003923.5
709.8001584035657 4717452.5
710.0108224929876 4684160.5
710.2217256448604 4727565.5
710.4328678591842 4667225.5
710.6442491359588 4647980.0
710.8558694751844 4553074.5
711.0677288768608 5072737.0
711.2798273409882 5183604.5
711.4921648675663 6728985.0
711.7047414565955 8192662.5
711.9175571080754 9253281.0
712.1306118220064 10566180.0
712.343905598388 11733740.0
712.5574384372208 12342166.0
712.7712103385043 12249491.0
712.9852213022388 11779868.0
713.199471328424 10332046.0
713.4139604170601 9889608.0
713.6286885681474 9438719.0
713.8436557816852 8937555.0
714.0588620576742 8729287.0
714.274307396114 8741036.0
714.4899917970047 9314781.0
714.7059152603462 9759300.0
714.9220777861387 9616092.0
715.138479374382 9505258.0
715.3551200250763 9132946.0
715.5719997382214 9991271.0
715.7891185138174 10563811.0
716.0064763518642 11330519.0
716.224073252362 12086664.0
716.4419092153107 12717679.0
716.6599842407103 12430381.0
716.8782983285607 11359504.0
717.096851478862 11091310.0
717.3156436916144 11039859.0
717.5346749668174 10607656.0
717.7539453044715 9774561.0
717.9734547045764 9090541.0
718.1932031671322 8339496.0
718.4131906921389 6571745.0
718.6334172795965 5461567.0
718.853882929505 5098399.5
719.0745876418644 4692840.0
719.2955314166745 4481193.0
719.5167142539357 4228942.0
719.7381361536477 4031590.0
719.9597971158106 3800397.2
720.1816971404245 4085080.5
720.4038362274891 4338593.0
720.6262143770048 4303333.0
720.8488315889713 4523418.5
721.0716878633887 4859305.0
721.2947832002569 5466122.0
721.518117599576 6009046.0
721.741691061346 7422652.0
721.965503585567 8422698.0
722.1895551722389 9781686.0
722.4138458213616 11853504.0
722.6383755329352 12501338.0
722.8631443069596 13982342.0
723.0881521434351 15103880.0
723.3133990423613 15744705.0
723.5388850037385 15348319.0
723.7646100275665 14615602.0
723.9905741138455 14680185.0
724.2167772625753 13968120.0
724.4432194737561 12760380.0
724.6699007473876 12419486.0
724.8968210834703 12757139.0
725.1239804820036 13296671.0
725.3513789429879 13723790.0
725.579016466423 14716981.0
725.8068930523091 15393288.0
726.0350087006461 15609986.0
726.2633634114338 16546338.0
726.4919571846726 17450324.0
726.7207900203623 17580334.0
726.9498619185028 18502284.0
727.1791728790942 19137662.0
727.4087229021366 21787700.0
727.6385119876297 26742224.0
727.8685401355738 35626924.0
728.0988073459687 49833544.0
728.3293136188147 68289130.0
728.5600589541114 91428050.0
728.7910433518591 114881280.0
729.0222668120575 136598690.0
729.2537293347069 150800770.0
729.4854309198073 151273800.0
729.7173715673584 137883250.0
729.9495512773606 112712870.0
730.1819700498136 80237980.0
730.4146278847174 51549710.0
730.6475247820722 33909156.0
730.8806607418778 23465178.0
731.1140357641343 17371194.0
731.3476498488419 13555572.0
731.5815029960002 12202888.0
731.8155952056094 10536549.0
732.0499264776695 8407333.0
732.2844968121806 7702352.0
732.5193062091423 7233642.0
732.754354668555 6570736.0
732.9896421904187 6542717.0
733.2251687747333 5601717.0
733.4609344214988 5230619.0
733.6969391307151 4909774.0
733.9331829023823 5273354.0
734.1696657365004 6015524.0
734.4063876330695 6474966.0
734.6433485920893 6687811.0
734.8805486135602 7575809.0
735.1179876974818 8196040.5
735.3556658438545 8109772.5
735.5935830526778 8518128.0
735.8317393239522 8438889.0
736.0701346576775 8029344.0
736.3087690538534 7582867.0
736.5476425124806 6846747.0
736.7867550335584 6967353.0
737.0261066170873 7405052.0
737.265697263067 7554879.0
737.5055269714976 8343229.5
737.745595742379 9273548.0
737.9859035757114 10850628.0
738.2264504714947 13968132.0
738.4672364297288 17722172.0
738.7082614504138 24481578.0
738.9495255335498 34699620.0
739.1910286791365 48846184.0
739.4327708871742 66336690.0
739.6747521576629 86672810.0
739.9169724906022 105035930.0
740.1594318859927 121896530.0
740.4021303438338 128799330.0
740.6450678641261 125939300.0
740.8882444468691 111372630.0
741.131660092063 89814030.0
741.3753147997079 60524700.0
741.6192085698036 37065724.0
741.8633414023502 23616372.0
742.1077132973477 17043164.0
742.352324254796 12839035.0
742.5971742746954 9613772.0
742.8422633570456 7926524.0
743.0875915018465 6492234.5
743.3331587090985 5866109.5
743.5789649788013 4895573.0
743.8250103109551 4298368.0
744.0712947055597 3835391.0
744.3178181626151 3357727.2
744.5645806821216 3103195.5
744.8115822640789 3067525.2
745.058822908487 2902163.5
745.3063026153461 2846867.0
745.554021384656 2892897.2
745.801979216417 3265788.0
746.0501761106286 3255892.8
746.2986120672912 3165929.0
746.5472870864048 3706494.0
746.7962011679691 4158699.5
747.0453543119845 4341477.0
747.2947465184507 4570409.0
747.5443777873677 4294461.5
747.7942481187357 3527747.2
748.0443575125546 3145199.5
748.2947059688242 3281446.5
748.545293487545 3154213.8
748.7961200687164 2988134.8
749.0471857123389 2798225.2
749.2984904184123 2488336.8
749.5500341869365 2389969.5
749.8018170179115 1892992.2
750.0538389113375 1934615.2
750.3060998672144 2374398.5
750.558599885542 2373568.0
750.8113389663208 2154852.2
751.0643171095503 1999751.5
751.3175343152308 2034508.6
751.570990583362 2214124.5
751.8246859139442 2241007.0
752.0786203069773 2469393.5
752.3327937624614 2459911.5
752.5872062803962 2400197.5
752.841857860782 2372684.2
753.0967485036186 2225037.2
753.3518782089062 2300840.5
753.6072469766447 2273971.0
753.8628548068339 2345258.0
754.1187016994742 2755420.0
754.3747876545652 2812483.5
754.6311126721073 2437629.8
754.8876767521001 2790740.2
755.144479894544 3612385.2
755.4015220994386 3331551.0
755.6588033667842 3283593.8
755.9163236965807 2997407.8
756.1740830888281 2896132.2
756.4320815435262 3287237.2
756.6903190606754 3462677.5
756.9487956402754 3219377.2
757.2075112823263 3177009.5
757.4664659868281 3463208.0
757.7256597537807 3359037.0
757.9850925831844 3228976.2
758.2447644750388 3233690.2
758.5046754293442 3934204.5
758.7648254461004 4371525.5
759.0252145253075 4349500.0
759.2858426669656 4343930.5
759.5467098710745 4847958.0
759.8078161376343 4963974.5
760.069161466645 4919659.0
760.3307458581066 5214068.0
760.5925693120191 5550104.5
760.8546318283825 5559659.0
761.1169334071967 5740635.5
761.3794740484618 5462548.0
761.6422537521778 5026976.0
761.9052725183449 4832484.5
762.1685303469626 4641269.0
762.4320272380314 4680992.0
762.6957631915509 4693553.0
762.9597382075215 4181599.8
763.2239522859428 3963496.0
763.4884054268151 4536926.5
763.7530976301382 4259428.5
764.0180288959123 4196182.0
764.2831992241372 3820662.8
764.5486086148131 4199669.5
764.8142570679397 4262378.0
765.0801445835173 4653107.5
765.3462711615459 4697660.0
765.6126368020252 4787719.0
765.8792415049556 5255504.0
766.1460852703367 6074990.5
766.4131680981689 6495557.5
766.6804899884517 7799246.0
766.9480509411856 8680299.0
767.2158509563703 8374649.5
767.483890034006 7475062.5
767.7521681740925 6988957.0
768.0206853766299 6520228.0
768.2894416416182 5622600.0
768.5584369690574 5100084.0
768.8276713589474 4665849.0
769.0971448112883 5233674.0
769.3668573260802 5547255.0
769.636808903323 5731583.0
769.9069995430166 6136047.5
770.1774292451611 6256334.0
770.4480980097566 6515380.5
770.7190058368028 6711423.0
770.9901527263 7341109.0
771.2615386782481 7859802.0
771.5331636926471 8238049.5
771.805027769497 9007191.0
772.0771309087978 10111859.0
772.3494731105494 11388995.0
772.622054374752 13249976.0
772.8948747014053 16726822.0
773.1679340905096 20231212.0
773.4412325420649 23523832.0
773.714770056071 25192538.0
773.9885466325279 27062478.0
774.2625622714359 28604390.0
774.5368169727947 27536842.0
774.8113107366042 24474570.0
775.0860435628648 21345848.0
775.3610154515762 18142512.0
775.6362264027387 13578372.0
775.9116764163518 10052210.0
776.1873654924159 8258337.0
776.4632936309309 7555859.0
776.7394608318967 6835875.0
777.0158670953135 6858605.0
777.2925124211812 6995449.5
777.5693968094998 6553092.0
777.8465202602692 6672899.0
778.1238827734896 6870056.0
778.4014843491608 7560370.0
778.6793249872829 8488546.0
778.957404687856 9476606.0
779.23572345088 10646846.0
779.5142812763546 12312328.0
779.7930781642804 14163552.0
780.0721141146569 16134490.0
780.3513891274845 17963262.0
780.6309032027627 19870532.0
780.9106563404919 21529070.0
781.1906485406721 21880870.0
781.4708798033031 22146650.0
781.7513501283851 21255544.0
782.0320595159178 20273668.0
782.3130079659015 17283904.0
782.5941954783361 16370919.0
782.8756220532216 17341658.0
783.157287690558 18172008.0
783.4391923903453 17770048.0
783.7213361525834 16751348.0
784.0037189772725 15195129.0
784.2863408644123 14118219.0
784.5692018140032 13599576.0
784.8523018260448 13902852.0
785.1356409005374 14664811.0
785.419219037481 14365914.0
785.7030362368753 15145998.0
785.9870924987206 16000234.0
786.2713878230167 16266242.0
786.5559222097638 16830392.0
786.8406956589616 16376854.0
787.1257081706106 15142234.0
787.4109597447102 14076816.0
787.6964503812609 14446985.0
787.9821800802623 13527139.0
788.2681488417147 13734202.0
788.554356665618 13782342.0
788.8408035519722 14167011.0
789.1274895007773 15541759.0
789.4144145120331 16420166.0
789.70157858574 16754115.0
789.9889817218977 17973952.0
790.2766239205064 18232444.0
790.5645051815659 18013488.0
790.8526255050763 20034510.0
791.1409848910375 21398860.0
791.4295833394498 22388812.0
791.7184208503128 24673880.0
792.0074974236268 27035302.0
792.2968130593916 30139962.0
792.5863677576074 32859582.0
792.876161518274 35055692.0
793.1661943413915 37119656.0
793.45646622696 37662910.0
793.7469771749792 38485776.0
794.0377271854495 37478420.0
794.3287162583705 35662052.0
794.6199443937426 36117916.0
794.9114115915653 36468124.0
795.2031178518391 36845116.0
795.4950631745637 36989044.0
795.7872475597393 37016310.0
796.0796710073657 37654476.0
796.372333517443 39273224.0
796.6652350899712 40084584.0
796.9583757249504 41428824.0
797.2517554223803 41735920.0
797.5453741822612 43192230.0
797.839232004593 45511710.0
798.1333288893755 49447256.0
798.4276648366092 54398740.0
798.7222398462935 58587164.0
799.0170539184289 63402650.0
799.3121070530151 67730210.0
799.6073992500523 69843016.0
799.9029305095402 71386860.0
800.1987008314792 74886340.0
800.4947102158688 77294770.0
800.7909586627096 76763780.0
801.0874461720011 76876490.0
801.3841727437435 76912696.0
801.6811383779369 77906880.0
801.9783430745811 76348690.0
802.2757868336762 72901610.0
802.5734696552222 69704430.0
802.8713915392192 64497270.0
803.1695524856669 62331430.0
803.4679524945657 60051316.0
803.7665915659152 56469750.0
804.0654696997157 55277770.0
804.364586895967 55950296.0
804.6639431546693 56689200.0
804.9635384758224 57477256.0
805.2633728594265 58297520.0
805.5634463054813 60147560.0
805.863758813987 62292200.0
806.1643103849437 66160716.0
806.4651010183513 67426210.0
806.7661307142098 67823660.0
807.0673994725191 66511000.0
807.3689072932794 66627360.0
807.6706541764905 70254530.0
807.9726401221526 70476910.0
808.2748651302655 70390530.0
808.5773292008294 74546850.0
808.880032333844 82051930.0
809.1829745293097 93250410.0
809.4861557872262 108432300.0
809.7895761075936 123544670.0
810.0932354904118 141295440.0
810.3971339356808 162885630.0
810.701271443401 187463020.0
811.0056480135719 207646980.0
811.3102636461938 221909150.0
811.6151183412665 238712540.0
811.9202120987901 249149680.0
812.2255449187645 248759550.0
812.5311168011899 240767170.0
812.8369277460662 223875100.0
813.1429777533934 199852980.0
813.4492668231715 173466300.0
813.7557949554005 153895800.0
814.0625621500802 141402750.0
814.3695684072109 130276330.0
814.6768137267925 121888030.0
814.984298108825 114687540.0
815.2920215533085 108045200.0
815.5999840602427 100928540.0
815.908185629628 95981080.0
816.216626261464 91536130.0
816.5253059557509 84998400.0
816.8342247124888 75788580.0
817.1433825316776 70328910.0
817.4527794133171 63341004.0
817.7624153574077 54989544.0
818.072290363949 47532816.0
818.3824044329415 43873664.0
818.6927575643846 43205280.0
819.0033497582787 44275636.0
819.3141810146236 44477384.0
819.6252513334194 47031424.0
819.9365607146663 51602464.0
820.2481091583638 57497690.0
820.5598966645124 65502456.0
820.8719232331118 72072650.0
821.1841888641621 80154410.0
821.4966935576633 92454550.0
821.8094373136155 106170280.0
822.1224201320184 121355610.0
822.4356420128723 138762860.0
822.749102956177 159522100.0
823.0628029619327 182950780.0
823.3767420301392 207973150.0
823.6909201607966 236272300.0
824.005337353905 259155780.0
824.3199936094642 285181380.0
824.6348889274743 307258370.0
824.9500233079352 319971500.0
825.2653967508472 320440030.0
825.5810092562099 309065250.0
825.8968608240236 278371940.0
826.2129514542881 237757800.0
826.5292811470036 189081420.0
826.8458499021699 135392340.0
827.1626577197871 94152860.0
827.4797045998553 67442030.0
827.7969905423743 49790340.0
828.1145155473441 39407436.0
828.4322796147649 33032492.0
828.7502827446367 27985162.0
829.0685249369592 22971442.0
829.3870061917327 20103212.0
829.705726508957 17602626.0
830.0246858886322 15184701.0
830.3438843307583 14078758.0
830.6633218353354 13602849.0
830.9829984023633 12071314.0
831.3029140318422 10861650.0
831.6230687237718 10093783.0
831.9434624781525 10075959.0
832.2640952949838 10643548.0
832.5849671742662 10504698.0
832.9060781159994 10274288.0
833.2274281201835 10056391.0
833.5490171868187 10094292.0
833.8708453159045 10249838.0
834.1929125074414 11624926.0
834.515218761429 11749060.0
834.8377640778676 11414191.0
835.160548456757 11320612.0
835.4835718980975 11807749.0
835.8068344018886 12387638.0
836.1303359681309 13804381.0
836.4540765968239 15484359.0
836.778056287968 17504900.0
837.1022750415626 17943392.0
837.4267328576084 17527052.0
837.7514297361049 18690996.0
838.0763656770524 20563558.0
838.4015406804508 21302530.0
838.7269547463001 21458870.0
839.0526078746003 23026492.0
839.3785000653513 24287224.0
839.7046313185533 24284888.0
840.0310016342061 23881578.0
840.3576110123099 23332984.0
840.6844594528644 24078912.0
841.01154695587 24395236.0
841.3388735213264 22190136.0
841.6664391492336 21335882.0
841.9942438395917 21620232.0
842.3222875924008 22563428.0
842.6505704076608 23238844.0
842.9790922853716 23933570.0
843.3078532255333 25058688.0
843.636853228146 25733964.0
843.9660922932096 26185300.0
844.2955704207238 25712500.0
844.6252876106893 24483722.0
844.9552438631054 23295572.0
845.2854391779725 22602992.0
845.6158735552905 23514038.0
845.9465469950594 23483372.0
846.2774594972791 23521488.0
846.6086110619498 24327002.0
846.9400016890712 25637572.0
847.2716313786436 29022588.0
847.603500130667 32971160.0
847.9356079451411 37865770.0
848.2679548220663 42801936.0
848.6005407614422 46147740.0
848.9333657632692 51403670.0
849.2664298275467 55251776.0
849.5997329542755 59356856.0
849.933275143455 63983840.0
850.2670563950855 66956140.0
850.6010767091668 67271784.0
850.935336085699 67410760.0
851.2698345246821 66540284.0
851.6045720261161 64567710.0
851.939548590001 64103244.0
852.2747642163367 62852580.0
852.6102189051235 60198130.0
852.9459126563609 57271336.0
853.2818454700493 53707564.0
853.6180173461887 48295756.0
853.9544282847789 40291948.0
854.29107828582 34502020.0
854.627967349312 31704904.0
854.9650954752549 30244142.0
855.3024626636488 30487572.0
855.6400689144934 32243870.0
855.9779142277889 35041876.0
856.3159986035355 37282496.0
856.6543220417327 37016708.0
856.992884542381 39454944.0
857.33168610548 41893630.0
857.6707267310301 45540860.0
858.010006419031 48797650.0
858.3495251694828 50787040.0
858.6892829823855 53339004.0
859.0292798577391 58614910.0
859.3695157955435 62174104.0
859.709990795799 66678880.0
860.0507048585051 70191450.0
860.3916579836623 74718100.0
860.7328501712702 79050140.0
861.0742814213293 81834550.0
861.415951733839 82534790.0
861.7578611087997 83692900.0
862.1000095462114 85365650.0
862.4423970460737 90269720.0
862.7850236083872 91863640.0
863.1278892331513 86663030.0
863.4709939203666 81988650.0
863.8143376700325 76390160.0
864.1579204821496 65718930.0
864.5017423567174 54143356.0
864.845803293736 45649816.0
865.1901032932057 39275430.0
865.5346423551262 34734476.0
865.8794204794975 29121084.0
866.2244376663198 26289840.0
866.569693915593 26505224.0
866.9151892273169 28028110.0
867.2609236014919 28601856.0
867.6068970381177 31967380.0
867.9531095371945 34989116.0
868.299561098722 37817630.0
868.6462517227006 41231760.0
868.9931814091299 44907336.0
869.3403501580103 50814256.0
869.6877579693414 56624860.0
870.0354048431236 62569800.0
870.3832907793565 68956370.0
870.7314157780402 73866504.0
871.079779839175 74524340.0
871.4283829627606 75586060.0
871.7772251487971 77707790.0
872.1263063972845 83283710.0
872.4756267082229 89366280.0
872.825186081612 93352990.0
873.1749845174521 93599390.0
873.525022015743 91121480.0
873.875298576485 86141600.0
874.2258141996776 75408550.0
874.5765688853213 64107376.0
874.9275626334158 55383564.0
875.2787954439613 50206456.0
875.6302673169575 49151680.0
875.9819782524048 48345090.0
876.3339282503027 48003764.0
876.6861173106518 48618644.0
877.0385454334516 49769590.0
877.3912126187024 48471936.0
877.744118866404 44620276.0
878.0972641765566 42256836.0
878.45064854916 40153650.0
878.8042719842143 35592744.0
879.1581344817196 31550268.0
879.5122360416756 27103104.0
879.8665766640827 22860820.0
880.2211563489404 20099630.0
880.5759750962493 18531142.0
880.9310329060089 18006710.0
881.2863297782194 17786448.0
881.6418657128809 18068120.0
881.9976407099932 18220982.0
882.3536547695564 18252936.0
882.7099078915705 18383418.0
883.0664000760355 19276672.0
883.4231313229513 19329024.0
883.7801016323183 20227714.0
884.1373110041359 21302928.0
884.4947594384045 20370436.0
884.8524469351239 19180592.0
885.2103734942943 18081852.0
885.5685391159154 17734056.0
885.9269437999875 17218144.0
886.2855875465107 17078602.0
886.6444703554844 17748298.0
887.0035922269093 17394176.0
887.3629531607849 17032582.0
887.7225531571116 18142344.0
888.082392215889 18454890.0
888.4424703371174 18773122.0
888.8027875207965 19367998.0
889.1633437669268 21110798.0
889.5241390755077 22431482.0
889.8851734465397 23952388.0
890.2464468800224 27381368.0
890.6079593759562 29220536.0
890.9697109343408 31307944.0
891.3317015551763 34427108.0
891.6939312384626 35481684.0
892.0563999841997 39372424.0
892.419107792388 43005630.0
892.7820546630269 46610910.0
893.145240596117 51300684.0
893.5086655916577 55134704.0
893.8723296496495 58554384.0
894.2362327700921 61879080.0
894.6003749529856 61733130.0
894.96475619833 60672070.0
895.3293765061252 63462816.0
895.6942358763713 68665100.0
896.0593343090684 72581700.0
896.4246718042164 75290330.0
896.7902483618151 79929610.0
897.1560639818649 82062050.0
897.5221186643654 80781710.0
897.888412409317 74473900.0
898.2549452167193 65651536.0
898.6217170865726 53986830.0
898.9887280188768 40105236.0
899.3559780136319 28908624.0
899.7234670708378 22179500.0
900.0911951904947 18160964.0
900.4591623726023 16696810.0
900.827368617161 15053892.0
901.1958139241705 14510314.0
901.5644982936308 13760020.0
901.9334217255422 12756211.0
902.3025842199042 13229074.0
902.6719857767174 12983811.0
903.0416263959813 13117818.0
903.4115060776962 12997691.0
903.7816248218619 12858491.0
904.1519826284787 13441772.0
904.5225794975461 14281669.0
904.8934154290646 13543811.0
905.2644904230337 12946491.0
905.635804479454 13720262.0
906.0073575983251 13231894.0
906.3791497796472 12607838.0
906.7511810234199 12327512.0
907.1234513296438 12468141.0
907.4959606983184 12625298.0
907.8687091294438 11685235.0
908.2416966230203 11582579.0
908.6149231790475 11538682.0
908.9883887975259 11144318.0
909.3620934784549 10777282.0
909.736037221835 10401964.0
910.1102200276657 10853508.0
910.4846418959476 10545056.0
910.8593028266802 10126841.0
911.2342028198638 10468169.0
911.6093418754981 10738529.0
911.9847199935836 10294678.0
912.3603371741196 10605395.0
912.7361934171067 10983546.0
913.1122887225448 10776334.0
913.4886230904336 10922349.0
913.8651965207735 11522226.0
914.242009013564 12423559.0
914.6190605688057 13418228.0
914.996351186498 13779046.0
915.3738808666415 14543950.0
915.7516496092356 16459065.0
916.1296574142808 17367148.0
916.5079042817767 17006908.0
916.8863902117237 16568768.0
917.2651152041215 16420810.0
917.6440792589702 16582649.0
918.0232823762697 17467398.0
918.4027245560201 17710426.0
918.7824057982216 17847762.0
919.1623261028737 17659006.0
919.542485469977 17069208.0
919.9228838995309 15558741.0
920.3035213915359 15987270.0
920.6843979459916 16589624.0
921.0655135628983 16453994.0
921.446868242256 16894366.0
921.8284619840645 16964896.0
922.2102947883237 17583836.0
922.5923666550341 18361192.0
922.9746775841952 18515608.0
923.3572275758072 19220556.0
923.7400166298701 19955020.0
924.1230447463838 21296416.0
924.5063119253487 21624264.0
924.8898181667641 22345716.0
925.2735634706307 23819938.0
925.657547836948 24910488.0
926.0417712657163 24160578.0
926.4262337569354 22570790.0
926.8109353106056 21243860.0
927.1958759267263 19417656.0
927.5810556052983 18176198.0
927.966474346321 18141916.0
928.3521321497947 17620070.0
928.7380290157191 17777502.0
929.1241649440944 17589064.0
929.5105399349206 17070328.0
929.8971539881978 16485454.0
930.2840071039259 16243340.0
930.6710992821048 14611486.0
931.0584305227347 13433621.0
931.4460008258154 12894334.0
931.8338101913471 12670824.0
932.2218586193296 12441730.0
932.610146109763 11473349.0
932.9986726626472 9864084.0
933.3874382779825 7841052.0
933.7764429557685 5592018.0
934.1656866960054 4021593.8
934.5551694986933 3735580.2
934.9448913638321 3326558.8
935.3348522914216 3065330.2
935.7250522814621 3299068.8
936.1154913339535 3120826.2
936.5061694488959 3553457.5
936.8970866262891 3922491.2
937.288242866133 3658446.5
937.6796381684281 3906415.0
938.0712725331739 3796366.5
938.4631459603708 3751090.5
938.8552584500184 4004675.2
939.247610002117 4241166.0
939.6402006166663 5035571.5
940.0330302936667 5089775.5
940.4260990331178 5263800.0
940.8194068350199 5797335.5
941.212953699373 5943549.0
941.6067396261767 5959065.5
942.0007646154315 6146155.5
942.3950286671371 6116960.0
942.7895317812938 5599537.5
943.184273957901 5258554.0
943.5792551969595 4671667.0
943.9744754984687 4366213.0
944.3699348624289 4750655.0
944.7656332888398 5063626.0
945.1615707777016 4991353.0
945.5577473290144 4465007.0
945.9541629427781 4494139.0
946.3508176189927 4709697.5
946.7477113576581 4386719.0
947.1448441587745 4141815.0
947.5422160223416 4633528.5
947.9398269483597 4645899.0
948.3376769368288 5365691.0
948.7357659877487 6010920.5
949.1340941011194 6059441.0
949.5326612769411 6017945.5
949.9314675152136 6319505.5
950.3305128159373 6804240.5
950.7297971791115 7329028.0
951.1293206047367 7078820.0
951.5290830928128 7220797.0
951.9290846433399 7724814.0
952.3293252563178 7390977.5
952.7298049317465 6826237.0
953.1305236696262 6918950.0
953.5314814699568 7031379.0
953.9326783327383 6253349.0
954.3341142579707 5924915.0
954.7357892456539 7186052.0
955.137703295788 7240629.5
955.5398564083731 6907012.5
955.942248583409 6289674.0
956.3448798208958 6174057.0
956.7477501208334 5875971.0
957.1508594832221 4436814.5
957.5542079080615 4200906.0
957.9577953953519 3977764.8
958.3616219450932 4485846.0
958.7656875572852 4839555.5
959.1699922319283 5092973.0
959.5745359690222 5065352.0
959.979318768567 5101873.5
960.3843406305627 5351814.0
960.7896015550094 5683955.5
961.1951015419069 5148284.5
961.6008405912553 5648490.0
962.0068187030545 5922764.0
962.4130358773048 6038865.0
962.8194921140057 6247509.0
963.2261874131577 6693507.5
963.6331217747605 6812922.0
964.0402951988142 6708382.0
964.4477076853188 7093090.0
964.8553592342744 6974777.0
965.2632498456808 7359805.5
965.671379519538 7874547.0
966.0797482558462 6723108.0
966.4883560546052 7022285.5
966.8972029158153 7236449.0
967.3062888394761 6858149.5
967.7156138255879 5645025.0
968.1251778741505 5307272.5
968.534980985164 4998240.5
968.9450231586284 4853229.0
969.3553043945437 4170312.5
969.7658246929099 3923747.0
970.1765840537269 3286877.0
970.5875824769948 3354182.8
970.9988199627137 3242682.2
971.4102965108834 3440713.5
971.822012121504 3803942.2
972.2339667945757 4271141.0
972.6461605300981 4168233.5
973.0585933280714 4128107.2
973.4712651884955 4611004.0
973.8841761113707 5085008.0
974.2973260966967 5094119.0
974.7107151444736 5504862.5
975.1243432547012 5867289.5
975.5382104273799 7056677.5
975.9523166625095 8110547.5
976.3666619600898 8105574.5
976.7812463201212 8240350.0
977.1960697426034 8462201.0
977.6111322275365 8786255.0
978.0264337749204 9255656.0
978.4419743847554 9341194.0
978.8577540570411 9058341.0
979.2737727917779 9064528.0
979.6900305889653 8849426.0
980.1065274486039 8325354.0
980.523263370693 7966909.5
980.9402383552333 6956196.0
981.3574524022245 6486732.0
981.7749055116664 6602657.5
982.1925976835594 7241498.0
982.6105289179031 8459628.0
983.0286992146978 9859192.0
983.4471085739433 10020389.0
983.8657569956398 9926232.0
984.2846444797872 11149640.0
984.7037710263854 11990994.0
985.1231366354345 12013478.0
985.5427413069345 12601136.0
985.9625850408854 13232240.0
986.3826678372873 13985452.0
986.8029896961399 13779259.0
987.2235506174435 13945784.0
987.6443506011979 14057644.0
988.0653896474032 12895455.0
988.4866677560595 11971836.0
988.9081849271665 11400468.0
989.3299411607247 11121325.0
989.7519364567336 10664871.0
990.1741708151934 10343663.0
990.5966442361041 9648314.0
991.0193567194657 9004959.0
991.4423082652781 9415338.0
991.8654988735416 9856114.0
992.2889285442558 9633188.0
992.712597277421 9270992.0
993.1365050730369 8633159.0
993.5606519311038 7187922.0
993.9850378516217 6783403.0
994.4096628345903 8308536.0
994.83452688001 8917490.0
995.2596299878804 8685679.0
995.6849721582018 9744326.0
996.110553390974 10828089.0
996.5363736861973 11673472.0
996.9624330438713 11893882.0
997.3887314639962 11030668.0
997.8152689465721 11600688.0
998.2420454915989 11564072.0
998.6690610990764 10312052.0
999.0963157690048 10946181.0
999.5238095013843 10934245.0
999.9515422962145 9706407.0
1000.3795141534958 9420618.0
1000.8077250732279 8398908.0
1001.2361750554107 7342223.0
1001.6648641000446 7145704.5
1002.0937922071294 6493097.0
1002.522959376665 5896809.0
1002.9523656086515 5008683.0
1003.3820109030889 4515710.5
1003.8118952599773 4464782.0
1004.2420186793163 4522180.0
1004.6723811611065 5187091.0
1005.1029827053474 6549561.0
1005.5338233120393 7322744.5
1005.9649029811819 7498311.0
1006.3962217127755 8742966.0
1006.8277795068202 10042284.0
1007.2595763633155 11432498.0
1007.6916122822619 13655566.0
1008.1238872636591 14866625.0
1008.5564013075071 15582416.0
1008.9891544138061 16859010.0
1009.422146582556 18463464.0
1009.8553778137567 19857982.0
1010.2888481074084 20090680.0
1010.7225574635108 22262768.0
1011.1565058820644 24083068.0
1011.5906933630686 23757120.0
1012.0251199065237 23093428.0
1012.45978551243 21804900.0
1012.8946901807869 19017960.0
1013.3298339115948 14438075.0
1013.7652167048535 10697452.0
1014.2008385605632 8569701.0
1014.6366994787238 6984884.5
1015.0727994593352 5197652.0
1015.5091385023975 4989599.0
1015.9457166079108 5377535.0
1016.3825337758749 6138425.5
1016.8195900062899 6623432.0
1017.2568852991558 7732557.5
1017.6944196544725 8926304.0
1018.1321930722402 9669798.0
1018.5702055524587 10415955.0
1019.0084570951283 11441249.0
1019.4469477002485 12410750.0
1019.8856773678198 13207024.0
1020.3246460978419 13452629.0
1020.763853890315 14774692.0
1021.2033007452387 16546931.0
1021.6429866626136 17332816.0
1022.0829116424393 17975668.0
1022.5230756847159 19129996.0
1022.9634787894433 20442606.0
1023.4041209566217 19713778.0
1023.8450021862509 17364556.0
1024.286122478331 15052848.0
1024.727481832862 11790859.0
1025.1690802498438 8162197.0
1025.6109177292767 5910275.0
1026.0529942711605 4285671.5
1026.495309875495 3658246.2
1026.9378645422805 2920777.0
1027.380658271517 2490851.5
1027.823691063204 2498602.8
1028.2669629173424 2422825.2
1028.7104738339312 2163595.8
1029.1542238129714 1606860.8
1029.598212854462 1658269.9
1030.0424409584039 1299323.6
1030.4869081247964 1354614.0
1030.9316143536398 1900500.1
1031.376559644934 1612940.5
1031.8217439986793 1310080.9
1032.2671674148755 1116992.5
1032.7128298935227 1158428.5
1033.1587314346207 1020602.9
1033.6048720381693 1043100.06
1034.051251704169 1376172.4
1034.4978704326197 1248290.4
1034.9447282235212 1635672.8
1035.3918250768736 1149760.4
1035.8391609926769 1158543.6
1036.286735970931 1442749.8
1036.734550011636 1604579.8
1037.182603114792 1403487.4
1037.6308952803988 1373648.5
1038.0794265084567 1410240.1
1038.5281967989652 1236933.5
1038.9772061519247 1459356.1
1039.426454567335 1748929.8
1039.8759420451966 1634452.8
1040.3256685855085 1281293.6
1040.7756341882716 1107774.5
1041.2258388534856 1104091.9
1041.6762825811506 1550332.4
1042.1269653712661 1434206.0
1042.577887223833 1792804.8
1043.0290481388504 1722864.8
1043.4804481163187 1729972.6
1043.9320871562381 1709822.8
1044.3839652586082 1941065.6
1044.8360824234294 2188897.0
1045.2884386507012 2205399.2
1045.7410339404241 1916648.1
1046.193868292598 1711571.5
1046.6469417072226 1618512.5
1047.1002541842981 1777550.6
1047.5538057238246 2153222.2
1048.0075963258018 2016013.2
1048.46162599023 1713567.0
1048.915894717109 1560513.0
1049.3704025064392 1898838.6
1049.82514935822 2321772.8
1050.2801352724516 2174519.5
1050.7353602491344 1803651.1
1051.1908242882678 1692291.9
1051.6465273898525 1820506.1
1052.1024695538877 2030331.2
1052.558650780374 2479280.2
1053.015071069311 2318260.0
1053.471730420699 2034031.4
1053.928628834538 1715460.2
1054.3857663108276 1854027.0
1054.8431428495683 2112669.5
1055.30075845076 2370926.0
1055.7586131144024 2172752.2
1056.2167068404956 2077527.5
1056.67503962904 1865800.1
1057.133611480035 2519732.2
1057.592422393481 2895183.0
1058.0514723693777 2924049.5
1058.5107614077258 2684105.5
1058.9702895085243 2619590.0
1059.4300566717739 2458514.8
1059.8900628974743 2106449.2
1060.3503081856259 1952683.1
1060.8107925362278 904226.1
1061.2715159492811 -649620.8
1061.732478424785 -2347168.5
1062.1936799627401 -3924165.2
1062.6551205631458 -4959499.5
1063.1168002260026 -6802542.0
1063.57871895131 -8496498.0
1064.0408767390686 -10189682.0
1064.503273589278 -11502488.0
1064.965909501938 -14103014.0
1065.4287844770492 -16153348.0
1065.8918985146113 -18222512.0
1066.3552516146242 -19726268.0
1066.818843777088 -21457270.0
1067.2826750020029 -23701340.0
1067.7467452893684 -25947796.0
1068.211054639185 -28335148.0
1068.6756030514523 -30100404.0
1069.1403905261704 0.0
1069.6054170633397 0.0
1070.0706826629596 0.0
1070.5361873250306 0.0
1071.0019310495525 0.0
1071.4679138365252 0.0
1071.9341356859486 0.0
