string
description: px_shifted, calibration parameter: [ 1.19531225e-04 -2.30194563e-02  6.18194146e+02]
converted file:R_100ms_Fe_S3_x_1_21_binned_y back: data/dark_100msRZP-structure:___RZP_S3100msRoi:[0, 1040, 2048, 2048]
eV counts/s
618.1712462133476 1847205.2
618.1485853507007 1992559.2
618.1261635505048 2104508.8
618.1039808127597 2056279.9
618.0820371374655 1839377.5
618.0603325246223 1623379.8
618.0388669742298 2050632.0
618.0176404862883 2188809.0
617.9966530607976 2075472.6
617.9759046977579 1699515.2
617.955395397169 1970833.8
617.9351251590311 2169272.8
617.9150939833439 2311106.0
617.8953018701078 2385680.2
617.8757488193226 2391477.0
617.8564348309881 2610010.8
617.8373599051046 2509452.8
617.8185240416719 2298861.8
617.7999272406903 2178259.2
617.7815695021593 2292836.0
617.7634508260794 2211885.5
617.7455712124504 2140644.8
617.7279306612722 1739243.8
617.7105291725449 1579425.2
617.6933667462686 1493826.2
617.676443382443 1661588.2
617.6597590810685 1761850.0
617.6433138421447 1857990.0
617.6271076656718 2031817.4
617.6111405516499 1895504.0
617.5954125000789 1615054.5
617.5799235109587 1739089.4
617.5646735842894 1751758.2
617.5496627200711 1789925.6
617.5348909183035 2365385.0
617.520358178987 2363713.0
617.5060645021213 2663226.5
617.4920098877064 3152448.5
617.4781943357425 3098456.5
617.4646178462295 3387759.8
617.4512804191673 3029697.5
617.4381820545561 2909778.0
617.4253227523957 3033617.8
617.4127025126862 2334079.0
617.4003213354276 2570948.5
617.3881792206199 2563602.2
617.3762761682632 2331860.5
617.3646121783572 1871708.6
617.3531872509022 2078746.0
617.342001385898 2099476.8
617.3310545833449 1736034.2
617.3203468432424 1834172.2
617.309878165591 1988143.6
617.2996485503904 2087876.8
617.2896579976408 2009669.8
617.2799065073419 1711394.5
617.270394079494 2163453.0
617.261120714097 2306563.5
617.2520864111508 2654323.8
617.2432911706557 2500765.2
617.2347349926113 2822782.8
617.2264178770179 3673948.8
617.2183398238752 3984227.5
617.2105008331837 3444050.5
617.2029009049428 2633902.8
617.195540039153 1791949.4
617.188418235814 1768925.5
617.1815354949258 2611951.5
617.1748918164886 2558746.5
617.1684872005023 2216622.0
617.1623216469668 2407340.2
617.1563951558823 2473516.0
617.1507077272486 3101203.8
617.1452593610658 3454742.0
617.140050057334 3422184.8
617.1350798160529 3488278.0
617.1303486372229 3508666.2
617.1258565208436 3190417.8
617.1216034669154 3527273.0
617.1175894754379 3596868.5
617.1138145464114 4221438.0
617.1102786798357 4732567.0
617.106981875711 4910145.5
617.1039241340371 4599580.5
617.1011054548142 4318812.5
617.0985258380421 3670581.0
617.0961852837207 3146761.2
617.0940837918505 2729266.0
617.092221362431 2840874.5
617.0905979954625 3473830.2
617.0892136909449 3802338.0
617.0880684488782 4031301.2
617.0871622692623 4074704.8
617.0864951520974 4573100.0
617.0860670973833 5927885.0
617.0858781051202 7494149.5
617.0859281753078 8885271.0
617.0862173079464 9387396.0
617.0867455030359 7996695.0
617.0875127605763 5701665.0
617.0885190805675 2824468.5
617.0897644630096 1714837.5
617.0912489079027 1511600.6
617.0929724152465 1269700.2
617.0949349850415 1355882.2
617.0971366172871 1289117.2
617.0995773119838 1407157.0
617.1022570691313 1386616.4
617.1051758887297 1512683.0
617.1083337707789 1223235.6
617.1117307152791 1661855.1
617.1153667222302 1662932.8
617.1192417916321 1878005.8
617.123355923485 1797963.9
617.1277091177888 2380244.5
617.1323013745433 2431784.0
617.1371326937488 2887670.5
617.1422030754052 3585596.0
617.1475125195125 4067672.5
617.1530610260706 4832834.5
617.1588485950797 4718534.5
617.1648752265397 5667735.0
617.1711409204505 6748424.5
617.1776456768123 6845409.5
617.1843894956249 6826410.5
617.1913723768885 6194460.0
617.1985943206029 5342414.5
617.2060553267681 5541644.0
617.2137553953843 7017672.0
617.2216945264513 7734420.5
617.2298727199694 6694457.5
617.2382899759382 5168784.5
617.246946294358 3259177.8
617.2558416752286 1984001.2
617.2649761185502 1722533.8
617.2743496243226 1650942.2
617.2839621925459 1295557.0
617.29381382322 823043.06
617.3039045163453 746619.06
617.3142342719211 836212.5
617.3248030899481 719756.5
617.3356109704258 439262.8
617.3466579133545 968322.8
617.357943918734 1065471.0
617.3694689865644 976902.6
617.3812331168458 1029596.0
617.3932363095779 1048738.0
617.4054785647611 958868.25
617.417959882395 1083273.0
617.43068026248 822354.5
617.4436397050157 761329.44
617.4568382100024 1071747.8
617.47027577744 1050117.4
617.4839524073284 1457908.2
617.4978680996677 1970826.2
617.512022854458 3265069.8
617.526416671699 5057735.5
617.5410495513911 6996885.0
617.555921493534 9304924.0
617.5710324981277 9560427.0
617.5863825651725 7560153.0
617.601971694668 6051921.0
617.6177998866144 4091976.0
617.6338671410118 2922627.2
617.6501734578601 2664962.8
617.6667188371591 2874053.5
617.6835032789093 2760989.5
617.70052678311 2948713.5
617.7177893497619 4127657.2
617.7352909788646 4874024.5
617.7530316704182 5319878.0
617.7710114244226 4703695.5
617.7892302408779 4090508.0
617.8076881197842 3839237.8
617.8263850611413 3137589.5
617.8453210649494 3576676.5
617.8644961312083 4319312.5
617.8839102599181 5735967.5
617.9035634510788 8232809.0
617.9234557046905 12158556.0
617.9435870207528 15429441.0
617.9639573992663 16766799.0
617.9845668402305 16767250.0
618.0054153436457 13656864.0
618.0265029095117 9630385.0
618.0478295378288 6397629.0
618.0693952285965 4163595.0
618.0911999818152 3503910.5
618.1132437974848 2612405.2
618.1355266756052 2260376.0
618.1580486161766 1952062.0
618.180809619199 1490892.0
618.2038096846721 1292202.1
618.2270488125961 1391673.2
618.2505270029711 1314153.8
618.2742442557969 1435354.5
618.2982005710737 1288343.9
618.3223959488013 1287527.8
618.3468303889798 1126554.9
618.3715038916091 1093068.4
618.3964164566895 950769.4
618.4215680842207 1199946.5
618.4469587742026 1211595.2
618.4725885266356 1272972.4
618.4984573415195 1250191.8
618.5245652188543 1159694.4
618.5509121586398 1190899.0
618.5774981608764 1426014.8
618.6043232255638 1766090.8
618.6313873527021 1721349.4
618.6586905422912 1372334.0
618.6862327943314 1345516.5
618.7140141088223 1401991.4
618.7420344857642 1812104.2
618.7702939251569 3081716.0
618.7987924270005 4480650.5
618.827529991295 6349994.0
618.8565066180404 9366858.0
618.8857223072368 12387610.0
618.915177058884 12543124.0
618.944870872982 10755282.0
618.974803749531 8220392.5
619.004975688531 5941066.0
619.0353866899817 4847889.5
619.0660367538834 3600048.8
619.0969258802359 2998042.2
619.1280540690393 2190279.5
619.1594213202936 1763900.2
619.1910276339989 1563867.4
619.2228730101549 1847223.1
619.2549574487618 1946369.8
619.2872809498198 1965397.8
619.3198435133286 1673212.0
619.3526451392883 1458169.8
619.3856858276988 970549.5
619.4189655785602 617399.06
619.4524843918725 572989.06
619.4862422676358 827635.9
619.5202392058499 846128.25
619.5544752065149 897763.4
619.5889502696308 823941.25
619.6236643951976 726792.56
619.6586175832152 950983.4
619.6938098336839 1150685.9
619.7292411466033 1161396.5
619.7649115219735 1559429.8
619.8008209597948 2567003.0
619.8369694600669 3497290.2
619.8733570227901 4494632.5
619.9099836479638 5404166.0
619.9468493355887 6541975.0
619.9839540856643 9112934.0
620.0212978981909 8850083.0
620.0588807731684 7261635.5
620.0967027105968 6061039.5
620.134763710476 4329589.5
620.1730637728062 2830550.0
620.2116028975872 1558501.5
620.2503810848191 1170065.5
620.2893983345019 1723174.0
620.3286546466355 1520008.8
620.3681500212202 1420906.4
620.4078844582556 1221192.0
620.447857957742 1211640.8
620.4880705196792 1097896.5
620.5285221440674 1008310.3
620.5692128309064 936599.44
620.6101425801965 851557.6
620.6513113919372 511937.97
620.692719266129 565137.1
620.7343662027715 626234.3
620.7762522018651 958995.0
620.8183772634094 962746.6
620.8607413874046 748478.5
620.9033445738509 693205.25
620.9461868227478 678438.25
620.9892681340958 925431.1
621.0325885078946 980802.75
621.0761479441444 1301400.5
621.1199464428449 1196308.5
621.1639840039965 1317228.2
621.2082606275989 1081972.8
621.2527763136521 1305725.4
621.2975310621563 1157965.2
621.3425248731114 782218.9
621.3877577465173 752166.5
621.4332296823742 989828.0
621.478940680682 1197307.8
621.5248907414405 904479.75
621.5710798646501 763226.0
621.6175080503104 993182.2
621.6641752984218 1470960.0
621.7110816089839 1286336.1
621.758226981997 1006460.25
621.8056114174609 1236324.4
621.8532349153759 746720.25
621.9010974757415 638175.94
621.9491990985582 1164508.9
621.9975397838257 1137657.0
622.0461195315442 1102968.4
622.0949383417135 1207701.4
622.1439962143336 1023601.1
622.1932931494047 836623.0
622.2428291469266 1142349.9
622.2926042068996 1275794.8
622.3426183293233 1355491.0
622.392871514198 1359115.0
622.4433637615234 1256836.4
622.4940950713 1292831.8
622.5450654435272 1382321.9
622.5962748782055 1371300.8
622.6477233753345 1235506.4
622.6994109349146 1241802.0
622.7513375569454 1721952.8
622.8035032414273 1530603.9
622.8559079883598 1754124.0
622.9085517977434 2190013.5
622.9614346695778 2072063.5
623.0145566038631 2029213.6
623.0679176005993 2258454.5
623.1215176597865 2111564.5
623.1753567814245 1666908.2
623.2294349655133 1711850.5
623.2837522120532 1927733.0
623.3383085210438 2069152.2
623.3931038924854 2060987.2
623.4481383263778 2058620.6
623.5034118227212 2372066.0
623.5589243815153 3582014.5
623.6146760027606 4280271.0
623.6706666864566 5405400.0
623.7268964326033 7091289.0
623.7833652412012 7702512.0
623.8400731122499 7017809.5
623.8970200457495 5358304.5
623.9542060416999 4292805.5
624.0116311001013 3037217.2
624.0692952209534 1732192.0
624.1271984042567 1695388.2
624.1853406500106 1840015.8
624.2437219582156 1589173.9
624.3023423288714 1420439.0
624.3612017619781 1399598.8
624.4203002575357 1137462.6
624.4796378155443 1480501.4
624.5392144360035 1304061.6
624.5990301189137 1006343.06
624.659084864275 685930.94
624.7193786720869 944075.9
624.7799115423499 1083670.1
624.8406834750637 1009063.9
624.9016944702284 859313.1
624.962944527844 1165151.0
625.0244336479105 1078708.6
625.0861618304278 872701.2
625.1481290753961 758706.5
625.2103353828153 1057923.4
625.2727807526853 1442224.0
625.3354651850062 1847478.0
625.398388679778 1746898.0
625.4615512370008 1756440.5
625.5249528566744 2005780.2
625.5885935387989 2047206.1
625.6524732833743 2301568.8
625.7165920904006 2521673.0
625.7809499598777 3149576.2
625.8455468918058 3686532.0
625.9103828861847 4073212.5
625.9754579430146 4749215.0
626.0407720622953 4395514.0
626.106325244027 2798774.8
626.1721174882094 2377807.2
626.2381487948429 2086994.2
626.3044191639272 1796211.9
626.3709285954623 1446623.1
626.4376770894484 1581407.6
626.5046646458853 1765952.0
626.5718912647732 1887328.8
626.6393569461119 1587284.4
626.7070616899016 1680786.1
626.7750054961421 1793235.1
626.8431883648335 1718599.0
626.9116102959758 1131405.6
626.980271289569 985631.9
627.0491713456131 1217569.5
627.1183104641082 1134174.0
627.1876886450539 953809.0
627.2573058884507 1196819.5
627.3271621942984 1380223.5
627.3972575625968 1322277.2
627.4675919933463 1577400.2
627.5381654865465 1658173.8
627.6089780421978 1896863.0
627.6800296602999 2287638.2
627.7513203408529 2544803.5
627.8228500838567 2735742.2
627.8946188893116 3542648.0
627.9666267572171 4040317.8
628.0388736875738 3062206.5
628.1113596803812 2309478.2
628.1840847356395 1509232.8
628.2570488533487 940894.4
628.3302520335087 1281356.1
628.4036942761198 1284794.9
628.4773755811816 1246630.5
628.5512959486945 1440682.5
628.6254553786581 1606466.9
628.6998538710727 2160001.0
628.7744914259381 3007706.2
628.8493680432545 3002093.0
628.9244837230217 2594882.2
628.9998384652398 2360692.0
629.0754322699088 2058741.5
629.1512651370288 2350230.2
629.2273370665995 2875638.8
629.3036480586212 3592730.2
629.3801981130938 4110288.0
629.4569872300171 4007116.2
629.5340154093916 3648018.5
629.6112826512167 2854247.5
629.6887889554929 2161213.0
629.7665343222199 1740609.0
629.8445187513979 1399113.8
629.9227422430266 1719997.2
630.0012047971064 1552081.1
630.0799064136369 1428471.4
630.1588470926184 1511509.0
630.2380268340507 1835068.1
630.317445637934 1703707.4
630.3971035042681 2107644.2
630.4770004330533 2367195.8
630.5571364242891 2612157.5
630.6375114779759 2144599.5
630.7181255941136 1485455.2
630.7989787727022 1447866.0
630.8800710137417 1740102.0
630.961402317232 1609715.6
631.0429726831734 1490710.5
631.1247821115654 1583785.5
631.2068306024086 1298796.5
631.2891181557025 1208950.2
631.3716447714473 1183888.0
631.454410449643 1018635.56
631.5374151902896 1164508.2
631.6206589933871 1240789.8
631.7041418589355 1087797.6
631.7878637869347 1282280.1
631.8718247773849 1322358.9
631.956024830286 1546116.9
632.0404639456378 1524160.2
632.1251421234408 1839016.1
632.2100593636944 2406706.2
632.2952156663991 2308813.0
632.3806110315546 2189134.0
632.4662454591611 1691321.2
632.5521189492183 1536596.2
632.6382315017265 1550549.5
632.7245831166855 1586358.2
632.8111737940956 1456378.1
632.8980035339563 1256566.1
632.985072336268 1739100.8
633.0723802010307 2177821.0
633.1599271282441 2166554.0
633.2477131179087 2238569.0
633.3357381700239 2373684.2
633.4240022845902 2483669.5
633.5125054616071 2323655.5
633.6012477010752 2416830.5
633.690229002994 2190931.5
633.7794493673638 2354405.8
633.8689087941844 2485267.2
633.958607283456 2353367.5
634.0485448351784 1943874.5
634.1387214493517 1662249.8
634.2291371259759 1680234.2
634.3197918650509 1596661.2
634.4106856665769 1409359.0
634.5018185305538 1129742.4
634.5931904569816 1209341.8
634.6848014458602 1326604.8
634.7766514971898 1159531.6
634.8687406109701 1147774.9
634.9610687872016 1135680.6
635.0536360258837 1291708.9
635.1464423270169 1029943.5
635.2394876906009 913145.0
635.3327721166357 830350.06
635.4262956051215 567082.44
635.5200581560582 601578.6
635.6140597694457 938592.1
635.7083004452841 1123593.0
635.8027801835735 1206356.5
635.8974989843136 1011366.6
635.9924568475049 1213626.2
636.0876537731468 1387174.2
636.1830897612398 1199119.9
636.2787648117835 959181.9
636.3746789247782 1091235.6
636.4708321002237 950847.6
636.5672243381202 1099022.2
636.6638556384676 1233413.5
636.7607260012659 1144167.2
636.857835426515 1316487.5
636.9551839142149 1683552.0
637.0527714643658 2303342.8
637.1505980769675 2151812.2
637.2486637520203 1647049.9
637.3469684895239 1531345.8
637.4455122894784 1895235.6
637.5442951518837 1784586.4
637.64331707674 1662061.9
637.742578064047 1544522.0
637.8420781138052 1543761.5
637.941817226014 1454685.2
638.0417954006739 1547412.6
638.1420126377845 1104210.2
638.2424689373462 885849.6
638.3431642993586 913695.1
638.444098723822 1088719.2
638.5452722107362 1231693.5
638.6466847601014 812111.2
638.7483363719175 823151.1
638.8502270461844 1075774.0
638.9523567829023 1030459.44
639.0547255820709 934910.25
639.1573334436905 944737.25
639.260180367761 977897.25
639.3632663542825 942879.1
639.4665914032546 895216.25
639.5701555146778 1068629.5
639.6739586885519 1530487.4
639.7780009248769 1633566.0
639.8822822236526 1654408.1
639.9868025848793 1874864.9
640.091562008557 2027451.8
640.1965604946854 2059193.0
640.3017980432649 2404967.8
640.4072746542952 2703757.8
640.5129903277764 2661392.8
640.6189450637083 2333568.2
640.7251388620914 1953549.5
640.8315717229252 1752339.2
640.93824364621 1680317.5
641.0451546319456 1712295.0
641.1523046801321 1359844.4
641.2596937907695 1241231.9
641.3673219638578 1476019.0
641.4751891993969 1194836.4
641.583295497387 1215944.5
641.691640857828 1117805.6
641.8002252807198 795211.3
641.9090487660626 853390.5
642.0181113138563 1064865.4
642.1274129241008 954584.7
642.2369535967962 1033459.3
642.3467333319426 1308838.6
642.4567521295397 1423189.4
642.5670099895879 1498528.6
642.6775069120868 1512371.4
642.7882428970366 1715066.4
642.8992179444374 1422775.5
643.010432054289 1278781.4
643.1218852265915 1549148.5
643.2335774613449 1458396.1
643.3455087585494 1385752.6
643.4576791182045 1876754.2
643.5700885403106 1452910.6
643.6827370248676 1056749.5
643.7956245718756 1059541.1
643.9087511813342 1184963.1
644.0221168532439 1184082.6
644.1357215876045 1256236.1
644.249565384416 1301909.9
644.3636482436782 1604506.8
644.4779701653915 1255301.9
644.5925311495556 1131525.9
644.7073311961706 1219748.2
644.8223703052365 1296953.0
644.9376484767532 1196459.9
645.0531657107209 1139947.0
645.1689220071395 1635682.0
645.2849173660089 1680489.2
645.4011517873292 1383064.0
645.5176252711005 1050120.5
645.6343378173226 934939.4
645.7512894259957 1055415.6
645.8684800971196 1309637.0
645.9859098306944 1114436.5
646.10357862672 1216377.0
646.2214864851966 1463724.5
646.3396334061241 1263129.8
646.4580193895024 1058478.0
646.5766444353317 887634.9
646.6955085436118 1034971.94
646.8146117143428 1233040.4
646.9339539475247 1181258.5
647.0535352431576 912358.44
647.1733556012413 811974.6
647.2934150217759 1043596.9
647.4137135047613 1235203.9
647.5342510501977 1014735.94
647.6550276580849 720261.5
647.7760433284232 824987.75
647.8972980612122 1017241.25
648.018791856452 1220716.8
648.1405247141429 1084615.2
648.2624966342845 1286109.8
648.3847076168772 1242207.8
648.5071576619206 1248588.6
648.629846769415 1429892.8
648.7527749393603 1944143.9
648.8759421717565 1612748.5
648.9993484666035 1815599.9
649.1229938239015 1651856.0
649.2468782436503 1474473.5
649.3710017258501 1160076.9
649.4953642705007 1255279.5
649.6199658776021 1378413.6
649.7448065471544 901696.56
649.8698862791578 977976.8
649.9952050736119 1333620.8
650.120762930517 1251071.6
650.2465598498729 1002453.6
650.3725958316797 1127004.4
650.4988708759375 1208017.6
650.6253849826461 1219311.0
650.7521381518056 1521968.6
650.879130383416 1231259.9
651.0063616774773 1276788.1
651.1338320339895 1177841.4
651.2615414529527 1273647.6
651.3894899343666 1356446.5
651.5176774782313 1014254.75
651.6461040845472 1166840.5
651.7747697533138 1034159.94
651.9036744845314 889536.1
652.0328182781997 1029678.7
652.162201134319 799261.6
652.2918230528892 876039.3
652.4216840339103 1062445.0
652.5517840773823 1350805.1
652.6821231833052 1870551.4
652.8127013516789 1433895.2
652.9435185825037 1265314.8
653.074574875779 1477855.8
653.2058702315056 1293077.2
653.3374046496829 961167.4
653.469178130311 853767.6
653.6011906733902 808456.1
653.73344227892 807713.75
653.865932946901 1013629.6
653.9986626773327 1397016.9
654.1316314702154 1524765.8
654.2648393255489 1103032.8
654.3982862433335 1012850.6
654.5319722235687 1073766.1
654.665897266255 1014595.5
654.8000613713921 1219019.4
654.9344645389801 1221612.6
655.069106769019 1075070.4
655.2039880615088 1145440.8
655.3391084164494 1439092.8
655.4744678338409 1183669.8
655.6100663136834 1414078.9
655.7459038559767 1398545.5
655.881980460721 1432406.0
656.0182961279161 1181470.1
656.1548508575621 1244175.6
656.291644649659 977468.75
656.4286775042068 1225486.0
656.5659494212055 1187831.4
656.7034604006551 1310047.2
656.8412104425555 1734561.1
656.9791995469069 1960804.4
657.117427713709 1731189.5
657.2558949429622 1350148.0
657.3946012346663 1224710.1
657.5335465888211 1136140.2
657.672731005427 1445820.1
657.8121544844836 1312863.9
657.9518170259913 1038243.9
658.0917186299497 797447.5
658.2318592963591 848603.6
658.3722390252193 983845.0
658.5128578165305 1049612.9
658.6537156702925 1488751.4
658.7948125865055 1465742.5
658.9361485651692 1213183.6
659.077723606284 1069736.9
659.2195377098495 1081326.6
659.361590875866 1143744.4
659.5038831043335 834431.5
659.6464143952517 1498213.2
659.7891847486209 1430314.4
659.9321941644408 1266351.2
660.0754426427119 1068519.5
660.2189301834336 1074515.9
660.3626567866064 1110473.8
660.50662245223 1173522.8
660.6508271803045 1186363.9
660.7952709708298 1108730.2
660.9399538238061 965664.4
661.0848757392333 971356.94
661.2300367171114 1153014.4
661.3754367574403 1017495.9
661.5210758602201 907666.0
661.6669540254509 1072494.0
661.8130712531324 1225429.5
661.9594275432651 1053923.5
662.1060228958484 1024059.6
662.2528573108827 1003967.56
662.3999307883678 865617.56
662.5472433283039 815507.56
662.6947949306908 643861.3
662.8425855955288 769851.8
662.9906153228175 1059451.8
663.1388841125572 873700.6
663.2873919647476 883579.5
663.436138879389 1187651.0
663.5851248564813 964608.2
663.7343498960245 811014.5
663.8838139980186 847356.8
664.0335171624636 868413.44
664.1834593893594 961085.5
664.3336406787062 912769.7
664.4840610305039 1021519.9
664.6347204447524 1300384.8
664.7856189214518 1127578.9
664.936756460602 838518.75
665.0881330622034 779340.94
665.2397487262554 924033.5
665.3916034527584 1263733.6
665.5436972417123 1227311.0
665.6960300931171 1216083.8
665.8486020069727 1233100.2
666.0014129832791 1118909.9
666.1544630220367 1156566.4
666.3077521232449 1171505.6
666.4612802869042 1265749.0
666.6150475130142 1133995.8
666.7690538015753 1193845.2
666.9232991525871 1431567.2
667.07778356605 1127808.9
667.2325070419636 1086046.0
667.3874695803282 1322798.6
667.5426711811436 1434359.2
667.69811184441 1740866.0
667.8537915701272 1585080.6
668.0097103582953 1814373.8
668.1658682089143 1909404.0
668.3222651219842 1805023.1
668.4789010975051 1737880.8
668.6357761354766 1449681.2
668.7928902358992 1318712.8
668.9502433987727 1203005.0
669.1078356240971 1313164.5
669.2656669118722 1265879.5
669.4237372620985 1188310.9
669.5820466747754 1300706.8
669.7405951499034 1235259.9
669.8993826874821 1135686.1
670.0584092875117 1183498.4
670.2176749499924 971388.75
670.3771796749238 1355712.6
670.5369234623063 1100863.5
670.6969063121394 1141429.8
670.8571282244236 1145357.5
671.0175891991586 1213036.6
671.1782892363447 1096950.4
671.3392283359814 1062278.9
671.5004064980691 1081706.1
671.6618237226077 1010511.0
671.8234800095972 826964.3
671.9853753590376 748903.0
672.1475097709289 973929.5
672.309883245271 1200099.8
672.472495782064 1255720.8
672.635347381308 1427794.4
672.7984380430028 1211787.2
672.9617677671484 1200346.6
673.125336553745 1346516.5
673.2891444027925 1201397.6
673.453191314291 1171435.4
673.6174772882403 1076795.2
673.7820023246404 945904.75
673.9467664234915 1317677.6
674.1117695847934 1074020.8
674.2770118085463 999973.1
674.4424930947499 1298089.9
674.6082134434046 1328176.0
674.7741728545101 1077864.4
674.9403713280664 1186885.9
675.1068088640737 1100318.2
675.2734854625319 1370722.2
675.440401123441 1423246.9
675.6075558468009 1467343.1
675.7749496326118 1743584.9
675.9425824808735 1487362.6
676.1104543915861 1421533.6
676.2785653647496 1499828.2
676.4469154003641 1544249.0
676.6155044984293 1357952.6
676.7843326589456 1104792.0
676.9533998819127 810574.94
677.1227061673306 1013434.5
677.2922515151995 1070256.5
677.4620359255191 1049711.5
677.6320593982898 1106395.4
677.8023219335114 1361656.4
677.9728235311838 1174621.4
678.1435641913071 1213727.4
678.3145439138814 1201653.6
678.4857626989063 1246699.4
678.6572205463824 1171812.8
678.8289174563092 1317499.0
679.000853428687 1077293.2
679.1730284635156 1080871.0
679.3454425607953 1222039.0
679.5180957205256 947582.2
679.690987942707 979686.9
679.8641192273392 1194716.1
680.0374895744222 1252463.9
680.2110989839563 1596669.0
680.3849474559411 1443420.8
680.559034990377 1293754.8
680.7333615872635 1437674.0
680.9079272466012 1155974.5
681.0827319683896 1024189.44
681.257775752629 1251047.4
681.4330585993191 1360082.5
681.6085805084602 1306164.8
681.7843414800523 1329610.5
681.9603415140951 1054819.0
682.1365806105889 1073361.2
682.3130587695335 1167967.6
682.4897759909292 920386.8
682.6667322747755 803528.8
682.8439276210729 873285.4
683.0213620298211 1089268.0
683.1990355010204 1364160.0
683.3769480346702 1195116.6
683.5550996307712 1088247.8
683.7334902893231 1154696.5
683.9121200103258 1407751.5
684.0909887937793 1391558.0
684.2700966396839 1053601.1
684.4494435480391 1193145.4
684.6290295188454 1459577.8
684.8088545521025 1308677.6
684.9889186478105 929651.4
685.1692218059694 1128428.6
685.3497640265792 1376239.2
685.5305453096399 1364991.9
685.7115656551515 1143056.1
685.8928250631141 1406461.8
686.0743235335274 1413306.1
686.2560610663917 1459042.0
686.4380376617067 1524797.4
686.6202533194729 1339275.1
686.8027080396897 1384715.5
686.9854018223576 1317631.1
687.1683346674763 1631772.4
687.351506575046 1227847.8
687.5349175450664 1111581.0
687.7185675775377 1324868.5
687.9024566724601 1216568.0
688.0865848298331 1217846.4
688.2709520496572 1424136.8
688.4555583319321 1770836.0
688.640403676658 1564791.4
688.8254880838347 1232083.0
689.0108115534624 840559.6
689.1963740855408 1108151.5
689.3821756800703 1291852.2
689.5682163370506 1524472.8
689.7544960564818 1416479.5
689.9410148383638 1469177.0
690.1277726826967 1390677.5
690.3147695894805 1507487.5
690.5020055587153 1523504.8
690.689480590401 1537266.4
690.8771946845374 1518284.9
691.0651478411248 1461724.5
691.253340060163 1574119.9
691.4417713416524 1576803.2
691.6304416855924 1391885.8
691.8193510919834 1374942.5
692.0084995608252 1552236.5
692.197887092118 1680062.8
692.3875136858616 1678974.9
692.5773793420561 1537224.8
692.7674840607016 1291621.6
692.9578278417978 1370811.5
693.1484106853451 1580091.8
693.339232591343 1235216.6
693.5302935597921 1470005.2
693.7215935906919 1493875.0
693.9131326840427 1132981.5
694.1049108398444 1115004.1
694.2969280580969 1437015.8
694.4891843388003 1492608.2
694.6816796819547 1752843.5
694.8744140875599 1893647.2
695.067387555616 1643858.6
695.260600086123 1435030.6
695.4540516790809 1834713.8
695.6477423344896 1933792.8
695.8416720523492 1652030.6
696.0358408326598 1597819.0
696.2302486754212 1676261.1
696.4248955806336 2169128.5
696.6197815482967 2689693.5
696.814906578411 2318657.8
697.0102706709758 2136797.0
697.2058738259918 2052727.2
697.4017160434586 2070741.5
697.5977973233763 2131648.2
697.7941176657448 2190088.2
697.9906770705643 2290864.5
698.1874755378346 2248453.8
698.3845130675558 2183999.8
698.581789659728 2385320.5
698.779305314351 2286562.0
698.9770600314249 2072740.6
699.1750538109496 2373408.5
699.3732866529253 2472506.5
699.5717585573519 2467644.0
699.7704695242294 2484297.0
699.9694195535577 2285390.5
700.168608645337 2320615.2
700.3680367995671 2349155.2
700.5677040162482 2677407.2
700.7676102953801 2669594.8
700.9677556369629 2870500.2
701.1681400409966 3583079.0
701.368763507481 3458539.5
701.5696260364166 2867754.5
701.7707276278029 2556593.0
701.9720682816403 2592191.0
702.1736479979284 2561718.8
702.3754667766674 1983061.8
702.5775246178573 2072824.9
702.7798215214982 2467259.5
702.9823574875899 2214393.5
703.1851325161325 2541252.8
703.3881466071259 2569312.5
703.5913997605704 2674903.5
703.7948919764656 2681053.5
703.9986232548118 2312554.5
704.2025935956088 2368541.8
704.4068029988567 2718247.0
704.6112514645556 2613139.2
704.8159389927052 2632851.2
705.020865583306 2935867.8
705.2260312363574 2977518.0
705.4314359518598 2535297.2
705.6370797298131 2223279.2
705.8429625702173 2177047.5
706.0490844730723 2120777.0
706.2554454383783 2457428.0
706.4620454661351 3027014.5
706.6688845563428 3203660.2
706.8759627090014 3192237.8
707.0832799241109 3374233.8
707.2908362016714 3623325.5
707.4986315416826 3790628.5
707.7066659441448 3395569.0
707.9149394090579 3110154.0
708.1234519364218 3652856.5
708.3322035262366 3874084.0
708.5411941785025 3821854.8
708.750423893219 4089177.2
708.9598926703866 4411144.0
709.169600510005 4752030.5
709.3795474120743 4528215.0
709.5897333765945 3755725.0
709.8001584035657 4051938.8
710.0108224929876 4253084.5
710.2217256448604 4277957.0
710.4328678591842 4255714.5
710.6442491359588 4702155.5
710.8558694751844 4978974.0
711.0677288768608 4586402.0
711.2798273409882 4848545.5
711.4921648675663 5646530.0
711.7047414565955 6966035.5
711.9175571080754 9305799.0
712.1306118220064 12350808.0
712.343905598388 13277719.0
712.5574384372208 12553689.0
712.7712103385043 12074222.0
712.9852213022388 10832739.0
713.199471328424 9427699.0
713.4139604170601 9093117.0
713.6286885681474 8486874.0
713.8436557816852 8578587.0
714.0588620576742 9662184.0
714.274307396114 9603168.0
714.4899917970047 8409937.0
714.7059152603462 8250553.0
714.9220777861387 8775174.0
715.138479374382 8673248.0
715.3551200250763 9632619.0
715.5719997382214 10813189.0
715.7891185138174 11632839.0
716.0064763518642 11967584.0
716.224073252362 11709760.0
716.4419092153107 11262429.0
716.6599842407103 10455296.0
716.8782983285607 9569791.0
717.096851478862 9619279.0
717.3156436916144 10613764.0
717.5346749668174 9950816.0
717.7539453044715 8402537.0
717.9734547045764 7030285.0
718.1932031671322 5734006.0
718.4131906921389 5186923.0
718.6334172795965 4787122.0
718.853882929505 4461299.0
719.0745876418644 4259978.0
719.2955314166745 4304141.0
719.5167142539357 3945162.2
719.7381361536477 3376002.8
719.9597971158106 3438149.0
720.1816971404245 3380586.2
720.4038362274891 3442482.0
720.6262143770048 3497730.5
720.8488315889713 3721455.5
721.0716878633887 4163517.8
721.2947832002569 4824746.0
721.518117599576 5991747.0
721.741691061346 6987704.5
721.965503585567 8274970.5
722.1895551722389 9202145.0
722.4138458213616 10675692.0
722.6383755329352 12029251.0
722.8631443069596 14067070.0
723.0881521434351 15571514.0
723.3133990423613 15443446.0
723.5388850037385 14907965.0
723.7646100275665 14178390.0
723.9905741138455 13639450.0
724.2167772625753 12132604.0
724.4432194737561 11284709.0
724.6699007473876 11681299.0
724.8968210834703 11694346.0
725.1239804820036 11712780.0
725.3513789429879 12188004.0
725.579016466423 13478536.0
725.8068930523091 14413649.0
726.0350087006461 14844772.0
726.2633634114338 17010262.0
726.4919571846726 17757156.0
726.7207900203623 16280330.0
726.9498619185028 14961059.0
727.1791728790942 14572365.0
727.4087229021366 16370176.0
727.6385119876297 21080236.0
727.8685401355738 29548802.0
728.0988073459687 42330380.0
728.3293136188147 61288284.0
728.5600589541114 85536160.0
728.7910433518591 115403970.0
729.0222668120575 143948700.0
729.2537293347069 157924450.0
729.4854309198073 149094560.0
729.7173715673584 118708850.0
729.9495512773606 79083990.0
730.1819700498136 48024284.0
730.4146278847174 30660582.0
730.6475247820722 22670808.0
730.8806607418778 18588572.0
731.1140357641343 16325475.0
731.3476498488419 15028900.0
731.5815029960002 12728654.0
731.8155952056094 9668353.0
732.0499264776695 7667198.0
732.2844968121806 6819798.0
732.5193062091423 6402205.0
732.754354668555 5276265.0
732.9896421904187 4346874.0
733.2251687747333 4074668.8
733.4609344214988 4646967.0
733.6969391307151 5072447.0
733.9331829023823 5476605.5
734.1696657365004 5124188.5
734.4063876330695 5438827.0
734.6433485920893 6675380.0
734.8805486135602 7130467.0
735.1179876974818 8073052.5
735.3556658438545 8397168.0
735.5935830526778 8674447.0
735.8317393239522 8916482.0
736.0701346576775 7832372.5
736.3087690538534 7086029.5
736.5476425124806 6862081.0
736.7867550335584 6169257.5
737.0261066170873 5983819.5
737.265697263067 6065660.5
737.5055269714976 6775260.0
737.745595742379 7954098.0
737.9859035757114 9371970.0
738.2264504714947 11310192.0
738.4672364297288 14512256.0
738.7082614504138 18682554.0
738.9495255335498 27038562.0
739.1910286791365 41041010.0
739.4327708871742 60711096.0
739.6747521576629 82606380.0
739.9169724906022 106907110.0
740.1594318859927 127457780.0
740.4021303438338 135035120.0
740.6450678641261 121846100.0
740.8882444468691 92657470.0
741.131660092063 60232176.0
741.3753147997079 35252224.0
741.6192085698036 23799328.0
741.8633414023502 18765332.0
742.1077132973477 15321609.0
742.352324254796 13370774.0
742.5971742746954 11235021.0
742.8422633570456 8680024.0
743.0875915018465 6802602.5
743.3331587090985 5543397.0
743.5789649788013 4508897.0
743.8250103109551 3626376.0
744.0712947055597 3002874.0
744.3178181626151 2723736.2
744.5645806821216 2572488.2
744.8115822640789 2966177.5
745.058822908487 3374812.8
745.3063026153461 3234329.8
745.554021384656 3305004.0
745.801979216417 3267127.5
746.0501761106286 3953546.5
746.2986120672912 4864638.0
746.5472870864048 5306740.0
746.7962011679691 5904609.5
747.0453543119845 5672430.5
747.2947465184507 4501769.5
747.5443777873677 3539743.8
747.7942481187357 2925946.0
748.0443575125546 2407375.2
748.2947059688242 2267497.2
748.545293487545 2120098.5
748.7961200687164 2117442.5
749.0471857123389 2119455.5
749.2984904184123 2139928.8
749.5500341869365 2112848.0
749.8018170179115 1941342.0
750.0538389113375 1911081.9
750.3060998672144 1942998.6
750.558599885542 2181614.0
750.8113389663208 1982018.0
751.0643171095503 1935733.5
751.3175343152308 1989801.2
751.570990583362 1853268.1
751.8246859139442 2101784.2
752.0786203069773 2229047.0
752.3327937624614 1938640.6
752.5872062803962 1626471.8
752.841857860782 1843948.5
753.0967485036186 2113379.8
753.3518782089062 2488663.8
753.6072469766447 2474759.5
753.8628548068339 2305587.8
754.1187016994742 2033613.2
754.3747876545652 2223939.5
754.6311126721073 2501625.2
754.8876767521001 2702768.5
755.144479894544 2703051.5
755.4015220994386 2569307.0
755.6588033667842 2564589.0
755.9163236965807 2672537.2
756.1740830888281 3023690.0
756.4320815435262 3231747.5
756.6903190606754 3312297.0
756.9487956402754 3222176.2
757.2075112823263 3059810.2
757.4664659868281 3389103.0
757.7256597537807 3463313.5
757.9850925831844 3086542.0
758.2447644750388 3165960.2
758.5046754293442 3557778.5
758.7648254461004 3440173.0
759.0252145253075 3768269.5
759.2858426669656 4252550.5
759.5467098710745 4813704.5
759.8078161376343 5082239.0
760.069161466645 4823029.0
760.3307458581066 5152708.0
760.5925693120191 6243744.0
760.8546318283825 6461832.0
761.1169334071967 5336080.0
761.3794740484618 4511341.0
761.6422537521778 3620893.0
761.9052725183449 3523488.5
762.1685303469626 3694925.2
762.4320272380314 4140916.5
762.6957631915509 3848159.0
762.9597382075215 3819482.0
763.2239522859428 4040622.8
763.4884054268151 3796699.8
763.7530976301382 3552929.5
764.0180288959123 3559856.2
764.2831992241372 3682710.5
764.5486086148131 3798690.2
764.8142570679397 3732099.0
765.0801445835173 3733737.2
765.3462711615459 4263351.0
765.6126368020252 5060048.5
765.8792415049556 5607011.0
766.1460852703367 6199313.0
766.4131680981689 7113253.0
766.6804899884517 7810027.0
766.9480509411856 7697727.5
767.2158509563703 7041137.0
767.483890034006 6681874.5
767.7521681740925 5736092.0
768.0206853766299 4800664.0
768.2894416416182 4409141.0
768.5584369690574 4349236.0
768.8276713589474 4670060.5
769.0971448112883 4938486.0
769.3668573260802 4967050.0
769.636808903323 4829791.0
769.9069995430166 5035679.5
770.1774292451611 5753552.5
770.4480980097566 6644602.0
770.7190058368028 7740466.0
770.9901527263 7921029.0
771.2615386782481 8230092.5
771.5331636926471 7689665.0
771.805027769497 7461779.5
772.0771309087978 7987754.5
772.3494731105494 9366859.0
772.622054374752 11045926.0
772.8948747014053 13931209.0
773.1679340905096 18186122.0
773.4412325420649 22992000.0
773.714770056071 26918516.0
773.9885466325279 27414838.0
774.2625622714359 26098938.0
774.5368169727947 26127090.0
774.8113107366042 23997056.0
775.0860435628648 17999838.0
775.3610154515762 12406335.0
775.6362264027387 8112849.5
775.9116764163518 7161216.0
776.1873654924159 6938291.0
776.4632936309309 6169192.5
776.7394608318967 6141890.0
777.0158670953135 6193915.5
777.2925124211812 6408512.0
777.5693968094998 6624904.0
777.8465202602692 6420608.0
778.1238827734896 6142384.0
778.4014843491608 6363594.0
778.6793249872829 7393724.5
778.957404687856 7881515.0
779.23572345088 9512239.0
779.5142812763546 12255139.0
779.7930781642804 14533768.0
780.0721141146569 16940098.0
780.3513891274845 18566686.0
780.6309032027627 20519388.0
780.9106563404919 22485798.0
781.1906485406721 22595856.0
781.4708798033031 21025528.0
781.7513501283851 18141058.0
782.0320595159178 16272642.0
782.3130079659015 15145698.0
782.5941954783361 16189368.0
782.8756220532216 17886440.0
783.157287690558 18084428.0
783.4391923903453 17227424.0
783.7213361525834 14898635.0
784.0037189772725 12761406.0
784.2863408644123 11430722.0
784.5692018140032 12006001.0
784.8523018260448 12776621.0
785.1356409005374 13701460.0
785.419219037481 14939669.0
785.7030362368753 16844562.0
785.9870924987206 17439462.0
786.2713878230167 16913842.0
786.5559222097638 15875618.0
786.8406956589616 14579690.0
787.1257081706106 13680240.0
787.4109597447102 13548806.0
787.6964503812609 13294565.0
787.9821800802623 13319666.0
788.2681488417147 13737905.0
788.554356665618 14205084.0
788.8408035519722 15323604.0
789.1274895007773 15093645.0
789.4144145120331 15343242.0
789.70157858574 15138338.0
789.9889817218977 14800352.0
790.2766239205064 15851830.0
790.5645051815659 17735790.0
790.8526255050763 18397296.0
791.1409848910375 18667708.0
791.4295833394498 21068536.0
791.7184208503128 25375376.0
792.0074974236268 28202324.0
792.2968130593916 30028732.0
792.5863677576074 32984930.0
792.876161518274 36121410.0
793.1661943413915 38406252.0
793.45646622696 38815420.0
793.7469771749792 36071556.0
794.0377271854495 32469502.0
794.3287162583705 31762944.0
794.6199443937426 32777922.0
794.9114115915653 33146982.0
795.2031178518391 34177324.0
795.4950631745637 35529904.0
795.7872475597393 36737350.0
796.0796710073657 36300296.0
796.372333517443 38456750.0
796.6652350899712 38417668.0
796.9583757249504 38341292.0
797.2517554223803 39024316.0
797.5453741822612 42244724.0
797.839232004593 45779416.0
798.1333288893755 48964890.0
798.4276648366092 54858810.0
798.7222398462935 59514216.0
799.0170539184289 61503236.0
799.3121070530151 64311930.0
799.6073992500523 67623220.0
799.9029305095402 69144570.0
800.1987008314792 70294260.0
800.4947102158688 68952060.0
800.7909586627096 68653680.0
801.0874461720011 70203450.0
801.3841727437435 72995860.0
801.6811383779369 72977176.0
801.9783430745811 71301360.0
802.2757868336762 70029630.0
802.5734696552222 67104660.0
802.8713915392192 60377100.0
803.1695524856669 55591664.0
803.4679524945657 53319300.0
803.7665915659152 52958130.0
804.0654696997157 53300784.0
804.364586895967 53916876.0
804.6639431546693 54392436.0
804.9635384758224 53875336.0
805.2633728594265 53786660.0
805.5634463054813 57231696.0
805.863758813987 59937530.0
806.1643103849437 62654080.0
806.4651010183513 66528444.0
806.7661307142098 65668800.0
807.0673994725191 64859120.0
807.3689072932794 63907160.0
807.6706541764905 63584320.0
807.9726401221526 64200744.0
808.2748651302655 64207876.0
808.5773292008294 66552330.0
808.880032333844 71882030.0
809.1829745293097 81998830.0
809.4861557872262 97417050.0
809.7895761075936 115459330.0
810.0932354904118 137676300.0
810.3971339356808 156086530.0
810.701271443401 174759060.0
811.0056480135719 198009150.0
811.3102636461938 215914600.0
811.6151183412665 230898690.0
811.9202120987901 241106060.0
812.2255449187645 243139070.0
812.5311168011899 230710100.0
812.8369277460662 205744880.0
813.1429777533934 179126460.0
813.4492668231715 156053660.0
813.7557949554005 142548270.0
814.0625621500802 132817930.0
814.3695684072109 125773710.0
814.6768137267925 117837280.0
814.984298108825 108022860.0
815.2920215533085 102003920.0
815.5999840602427 97245000.0
815.908185629628 91824090.0
816.216626261464 84922750.0
816.5253059557509 78726930.0
816.8342247124888 72555620.0
817.1433825316776 64609324.0
817.4527794133171 55783670.0
817.7624153574077 47166070.0
818.072290363949 42266644.0
818.3824044329415 39305090.0
818.6927575643846 37830076.0
819.0033497582787 38583190.0
819.3141810146236 40865028.0
819.6252513334194 45096296.0
819.9365607146663 50944630.0
820.2481091583638 56254040.0
820.5598966645124 61952904.0
820.8719232331118 67298880.0
821.1841888641621 74035120.0
821.4966935576633 82572216.0
821.8094373136155 93610530.0
822.1224201320184 108816000.0
822.4356420128723 126508460.0
822.749102956177 146424780.0
823.0628029619327 166554900.0
823.3767420301392 189927420.0
823.6909201607966 220300960.0
824.005337353905 252941900.0
824.3199936094642 281554750.0
824.6348889274743 302616320.0
824.9500233079352 318850180.0
825.2653967508472 321955650.0
825.5810092562099 302612300.0
825.8968608240236 260929120.0
826.2129514542881 204115970.0
826.5292811470036 146210200.0
826.8458499021699 99748670.0
827.1626577197871 69652216.0
827.4797045998553 53538930.0
827.7969905423743 44642400.0
828.1145155473441 38542676.0
828.4322796147649 31841964.0
828.7502827446367 26375618.0
829.0685249369592 21670030.0
829.3870061917327 18257416.0
829.705726508957 15231865.0
830.0246858886322 13112438.0
830.3438843307583 12132606.0
830.6633218353354 11274726.0
830.9829984023633 10705278.0
831.3029140318422 10297318.0
831.6230687237718 9780607.0
831.9434624781525 9773241.0
832.2640952949838 9877872.0
832.5849671742662 9291667.0
832.9060781159994 9651045.0
833.2274281201835 9537536.0
833.5490171868187 9424506.0
833.8708453159045 9703825.0
834.1929125074414 9742541.0
834.515218761429 9569506.0
834.8377640778676 9715663.0
835.160548456757 10731056.0
835.4835718980975 11959759.0
835.8068344018886 12730808.0
836.1303359681309 14276961.0
836.4540765968239 15239385.0
836.778056287968 15869431.0
837.1022750415626 16369039.0
837.4267328576084 17441158.0
837.7514297361049 18512526.0
838.0763656770524 18457364.0
838.4015406804508 19074516.0
838.7269547463001 20126770.0
839.0526078746003 21054802.0
839.3785000653513 22623922.0
839.7046313185533 22034084.0
840.0310016342061 22437702.0
840.3576110123099 23787198.0
840.6844594528644 24172664.0
841.01154695587 22991948.0
841.3388735213264 21057048.0
841.6664391492336 20112496.0
841.9942438395917 21025688.0
842.3222875924008 22029044.0
842.6505704076608 22897752.0
842.9790922853716 24403898.0
843.3078532255333 24527480.0
843.636853228146 23536784.0
843.9660922932096 20888412.0
844.2955704207238 19807888.0
844.6252876106893 19749388.0
844.9552438631054 19571344.0
845.2854391779725 20228518.0
845.6158735552905 19788942.0
845.9465469950594 19578704.0
846.2774594972791 19479948.0
846.6086110619498 22181344.0
846.9400016890712 24333452.0
847.2716313786436 26887202.0
847.603500130667 31524382.0
847.9356079451411 36616784.0
848.2679548220663 41777444.0
848.6005407614422 44018764.0
848.9333657632692 46498124.0
849.2664298275467 49713030.0
849.5997329542755 55083370.0
849.933275143455 59735096.0
850.2670563950855 63788980.0
850.6010767091668 64686924.0
850.935336085699 63167104.0
851.2698345246821 61768850.0
851.6045720261161 60537824.0
851.939548590001 60038310.0
852.2747642163367 59449316.0
852.6102189051235 57148876.0
852.9459126563609 50747364.0
853.2818454700493 45783576.0
853.6180173461887 40665570.0
853.9544282847789 33818904.0
854.29107828582 29577858.0
854.627967349312 27176068.0
854.9650954752549 26953018.0
855.3024626636488 28608422.0
855.6400689144934 29822500.0
855.9779142277889 30515236.0
856.3159986035355 32411568.0
856.6543220417327 34327132.0
856.992884542381 36975890.0
857.33168610548 38992164.0
857.6707267310301 42551784.0
858.010006419031 43721364.0
858.3495251694828 44570556.0
858.6892829823855 47982590.0
859.0292798577391 51541610.0
859.3695157955435 56483750.0
859.709990795799 60594636.0
860.0507048585051 65416930.0
860.3916579836623 68973800.0
860.7328501712702 70939016.0
861.0742814213293 71291180.0
861.415951733839 75012010.0
861.7578611087997 80183340.0
862.1000095462114 83840020.0
862.4423970460737 87619080.0
862.7850236083872 89340960.0
863.1278892331513 86618120.0
863.4709939203666 80092760.0
863.8143376700325 69252100.0
864.1579204821496 58522480.0
864.5017423567174 50108760.0
864.845803293736 40724452.0
865.1901032932057 33126112.0
865.5346423551262 25417430.0
865.8794204794975 21960562.0
866.2244376663198 22373660.0
866.569693915593 24079982.0
866.9151892273169 25453058.0
867.2609236014919 28894732.0
867.6068970381177 31758050.0
867.9531095371945 32961164.0
868.299561098722 35434624.0
868.6462517227006 38912510.0
868.9931814091299 42260344.0
869.3403501580103 47391450.0
869.6877579693414 53267864.0
870.0354048431236 59460570.0
870.3832907793565 63565360.0
870.7314157780402 66720080.0
871.079779839175 69655620.0
871.4283829627606 74384570.0
871.7772251487971 80066990.0
872.1263063972845 84696600.0
872.4756267082229 90313480.0
872.825186081612 95579600.0
873.1749845174521 94892990.0
873.525022015743 88820350.0
873.875298576485 77166550.0
874.2258141996776 63448610.0
874.5765688853213 49345864.0
874.9275626334158 42547970.0
875.2787954439613 42887084.0
875.6302673169575 44100316.0
875.9819782524048 45136836.0
876.3339282503027 47510484.0
876.6861173106518 48528120.0
877.0385454334516 48073670.0
877.3912126187024 45667256.0
877.744118866404 42731270.0
878.0972641765566 40849304.0
878.45064854916 38645010.0
878.8042719842143 34840664.0
879.1581344817196 28566802.0
879.5122360416756 22770960.0
879.8665766640827 20253058.0
880.2211563489404 18902556.0
880.5759750962493 17763782.0
880.9310329060089 16626304.0
881.2863297782194 16523452.0
881.6418657128809 16200531.0
881.9976407099932 16503284.0
882.3536547695564 17258558.0
882.7099078915705 18461432.0
883.0664000760355 18773926.0
883.4231313229513 19137784.0
883.7801016323183 19548920.0
884.1373110041359 19054128.0
884.4947594384045 19545776.0
884.8524469351239 19620484.0
885.2103734942943 18716630.0
885.5685391159154 17568414.0
885.9269437999875 16531060.0
886.2855875465107 15206836.0
886.6444703554844 15728444.0
887.0035922269093 17003432.0
887.3629531607849 17070368.0
887.7225531571116 17344394.0
888.082392215889 16855164.0
888.4424703371174 17553372.0
888.8027875207965 18988284.0
889.1633437669268 20450070.0
889.5241390755077 21580722.0
889.8851734465397 21963410.0
890.2464468800224 22034358.0
890.6079593759562 24433272.0
890.9697109343408 26832240.0
891.3317015551763 29606224.0
891.6939312384626 33200148.0
892.0563999841997 35721870.0
892.419107792388 38985796.0
892.7820546630269 43377304.0
893.145240596117 46827004.0
893.5086655916577 50138210.0
893.8723296496495 50445516.0
894.2362327700921 50674444.0
894.6003749529856 51250356.0
894.96475619833 52932110.0
895.3293765061252 57972820.0
895.6942358763713 63334650.0
896.0593343090684 70366376.0
896.4246718042164 78522510.0
896.7902483618151 82306824.0
897.1560639818649 83872630.0
897.5221186643654 81067470.0
897.888412409317 74848090.0
898.2549452167193 62554140.0
898.6217170865726 45241896.0
898.9887280188768 32052376.0
899.3559780136319 24603502.0
899.7234670708378 20606488.0
900.0911951904947 17424424.0
900.4591623726023 16273694.0
900.827368617161 15965664.0
901.1958139241705 14781221.0
901.5644982936308 13801286.0
901.9334217255422 13055661.0
902.3025842199042 11578832.0
902.6719857767174 11267192.0
903.0416263959813 12613370.0
903.4115060776962 13829082.0
903.7816248218619 14456429.0
904.1519826284787 14381632.0
904.5225794975461 14605325.0
904.8934154290646 14946731.0
905.2644904230337 14474848.0
905.635804479454 14306184.0
906.0073575983251 13784674.0
906.3791497796472 13219494.0
906.7511810234199 13394872.0
907.1234513296438 13600718.0
907.4959606983184 12936880.0
907.8687091294438 12055170.0
908.2416966230203 11752251.0
908.6149231790475 10715731.0
908.9883887975259 10143928.0
909.3620934784549 9684981.0
909.736037221835 10035528.0
910.1102200276657 10706098.0
910.4846418959476 10806628.0
910.8593028266802 10367030.0
911.2342028198638 9784856.0
911.6093418754981 9835521.0
911.9847199935836 9646800.0
912.3603371741196 10020521.0
912.7361934171067 10318929.0
913.1122887225448 10632160.0
913.4886230904336 11748916.0
913.8651965207735 12351655.0
914.242009013564 13435238.0
914.6190605688057 12906404.0
914.996351186498 12914412.0
915.3738808666415 13508535.0
915.7516496092356 14710460.0
916.1296574142808 15224525.0
916.5079042817767 15639990.0
916.8863902117237 16060532.0
917.2651152041215 17272396.0
917.6440792589702 17976456.0
918.0232823762697 18746298.0
918.4027245560201 18576762.0
918.7824057982216 17338182.0
919.1623261028737 16030155.0
919.542485469977 15193000.0
919.9228838995309 15139589.0
920.3035213915359 14030896.0
920.6843979459916 14423656.0
921.0655135628983 14961028.0
921.446868242256 16034498.0
921.8284619840645 16854948.0
922.2102947883237 17678538.0
922.5923666550341 17502656.0
922.9746775841952 17366524.0
923.3572275758072 17994498.0
923.7400166298701 18849992.0
924.1230447463838 20109364.0
924.5063119253487 20585238.0
924.8898181667641 22553356.0
925.2735634706307 23347030.0
925.657547836948 22348632.0
926.0417712657163 21843668.0
926.4262337569354 20261578.0
926.8109353106056 18708552.0
927.1958759267263 16551265.0
927.5810556052983 16846706.0
927.966474346321 16706495.0
928.3521321497947 16750942.0
928.7380290157191 16965288.0
929.1241649440944 16558891.0
929.5105399349206 16653535.0
929.8971539881978 16630188.0
930.2840071039259 15827992.0
930.6710992821048 14927002.0
931.0584305227347 13955944.0
931.4460008258154 13490886.0
931.8338101913471 12831225.0
932.2218586193296 12934336.0
932.610146109763 10301828.0
932.9986726626472 7515645.5
933.3874382779825 5625827.5
933.7764429557685 4121177.8
934.1656866960054 3608966.2
934.5551694986933 3173225.0
934.9448913638321 2939358.8
935.3348522914216 2904891.2
935.7250522814621 3020658.5
936.1154913339535 3360114.5
936.5061694488959 3263866.5
936.8970866262891 3328641.2
937.288242866133 3277734.8
937.6796381684281 3004962.8
938.0712725331739 3502243.5
938.4631459603708 4191944.8
938.8552584500184 4708196.0
939.247610002117 4635462.0
939.6402006166663 4707075.5
940.0330302936667 4973523.0
940.4260990331178 5213571.0
940.8194068350199 5738958.0
941.212953699373 5935637.0
941.6067396261767 5453245.0
942.0007646154315 5020127.0
942.3950286671371 4681443.5
942.7895317812938 4703177.0
943.184273957901 5063265.5
943.5792551969595 5072003.0
943.9744754984687 4581497.5
944.3699348624289 4411618.5
944.7656332888398 4703338.0
945.1615707777016 4317698.0
945.5577473290144 4184003.8
945.9541629427781 3935091.0
946.3508176189927 4072817.2
946.7477113576581 3854630.2
947.1448441587745 4120351.2
947.5422160223416 4390227.5
947.9398269483597 4929979.0
948.3376769368288 5040442.0
948.7357659877487 5669734.5
949.1340941011194 5324190.5
949.5326612769411 5620642.5
949.9314675152136 5903956.0
950.3305128159373 6358386.0
950.7297971791115 6708817.0
951.1293206047367 6992807.0
951.5290830928128 7444300.0
951.9290846433399 6826399.0
952.3293252563178 6189709.5
952.7298049317465 5650798.0
953.1305236696262 5476059.5
953.5314814699568 5506855.5
953.9326783327383 5977001.0
954.3341142579707 5883864.0
954.7357892456539 5713538.0
955.137703295788 6332351.0
955.5398564083731 6112267.5
955.942248583409 6387074.5
956.3448798208958 5405735.5
956.7477501208334 5103697.0
957.1508594832221 4789615.5
957.5542079080615 4375723.0
957.9577953953519 4028261.5
958.3616219450932 4582003.5
958.7656875572852 4824711.5
959.1699922319283 5022944.0
959.5745359690222 5261447.0
959.979318768567 5608490.0
960.3843406305627 5402726.0
960.7896015550094 5559582.0
961.1951015419069 6190189.5
961.6008405912553 5727891.0
962.0068187030545 5936735.0
962.4130358773048 5838981.0
962.8194921140057 6219574.5
963.2261874131577 6488027.0
963.6331217747605 6374912.5
964.0402951988142 6667878.0
964.4477076853188 7508637.5
964.8553592342744 7609148.0
965.2632498456808 7209827.0
965.671379519538 7140419.5
966.0797482558462 6626544.5
966.4883560546052 6759801.0
966.8972029158153 5683801.0
967.3062888394761 5982434.5
967.7156138255879 5421857.5
968.1251778741505 4425095.5
968.534980985164 4497716.0
968.9450231586284 4903103.5
969.3553043945437 4426583.0
969.7658246929099 3824282.2
970.1765840537269 3407492.2
970.5875824769948 3202140.0
970.9988199627137 2903844.8
971.4102965108834 3258467.2
971.822012121504 3619301.0
972.2339667945757 3920658.8
972.6461605300981 3761087.2
973.0585933280714 3870514.0
973.4712651884955 4681211.0
973.8841761113707 4977257.0
974.2973260966967 5813281.0
974.7107151444736 5710563.0
975.1243432547012 6391502.0
975.5382104273799 6684092.0
975.9523166625095 6764992.5
976.3666619600898 7205960.5
976.7812463201212 7653877.5
977.1960697426034 8060467.5
977.6111322275365 8131959.5
978.0264337749204 9029385.0
978.4419743847554 8391187.0
978.8577540570411 8277009.0
979.2737727917779 8635170.0
979.6900305889653 8032955.5
980.1065274486039 7365322.0
980.523263370693 6951385.5
980.9402383552333 6771680.0
981.3574524022245 6180488.0
981.7749055116664 6399866.0
982.1925976835594 7088408.0
982.6105289179031 6849924.5
983.0286992146978 7595110.5
983.4471085739433 8481288.0
983.8657569956398 9818608.0
984.2846444797872 10629041.0
984.7037710263854 11963894.0
985.1231366354345 12234142.0
985.5427413069345 11784094.0
985.9625850408854 12310550.0
986.3826678372873 12138138.0
986.8029896961399 12589380.0
987.2235506174435 12223521.0
987.6443506011979 11967019.0
988.0653896474032 12305932.0
988.4866677560595 12292450.0
988.9081849271665 11847426.0
989.3299411607247 11195724.0
989.7519364567336 11383265.0
990.1741708151934 11087126.0
990.5966442361041 9640469.0
991.0193567194657 8770781.0
991.4423082652781 8082640.0
991.8654988735416 7770513.0
992.2889285442558 7083012.5
992.712597277421 6479996.0
993.1365050730369 6490965.5
993.5606519311038 6742314.0
993.9850378516217 6960429.5
994.4096628345903 7739807.0
994.83452688001 7727189.5
995.2596299878804 8354651.0
995.6849721582018 9476915.0
996.110553390974 9941672.0
996.5363736861973 10611156.0
996.9624330438713 10297072.0
997.3887314639962 9934364.0
997.8152689465721 9698638.0
998.2420454915989 10417367.0
998.6690610990764 9382979.0
999.0963157690048 8955637.0
999.5238095013843 9697591.0
999.9515422962145 9071936.0
1000.3795141534958 8397306.0
1000.8077250732279 8658606.0
1001.2361750554107 7632198.0
1001.6648641000446 6310500.5
1002.0937922071294 5626543.0
1002.522959376665 4840257.5
1002.9523656086515 4922730.0
1003.3820109030889 5290418.0
1003.8118952599773 4995523.0
1004.2420186793163 4467790.5
1004.6723811611065 4894422.0
1005.1029827053474 5533212.0
1005.5338233120393 5464949.0
1005.9649029811819 6865215.5
1006.3962217127755 8757816.0
1006.8277795068202 11040509.0
1007.2595763633155 12540585.0
1007.6916122822619 13120106.0
1008.1238872636591 14991560.0
1008.5564013075071 16267771.0
1008.9891544138061 18291720.0
1009.422146582556 18902704.0
1009.8553778137567 18743202.0
1010.2888481074084 20408770.0
1010.7225574635108 22404680.0
1011.1565058820644 23330732.0
1011.5906933630686 22288192.0
1012.0251199065237 22136568.0
1012.45978551243 19979364.0
1012.8946901807869 16551076.0
1013.3298339115948 11668102.0
1013.7652167048535 8142477.0
1014.2008385605632 6872609.0
1014.6366994787238 6004897.5
1015.0727994593352 4977909.5
1015.5091385023975 4733686.0
1015.9457166079108 4773327.0
1016.3825337758749 5609725.0
1016.8195900062899 6487085.5
1017.2568852991558 7002044.5
1017.6944196544725 7830631.0
1018.1321930722402 8595708.0
1018.5702055524587 8762485.0
1019.0084570951283 9756026.0
1019.4469477002485 11225142.0
1019.8856773678198 12577500.0
1020.3246460978419 13596221.0
1020.763853890315 15056649.0
1021.2033007452387 16267088.0
1021.6429866626136 16858764.0
1022.0829116424393 16731816.0
1022.5230756847159 17842628.0
1022.9634787894433 17401478.0
1023.4041209566217 16485712.0
1023.8450021862509 14890614.0
1024.286122478331 12077078.0
1024.727481832862 8383306.0
1025.1690802498438 5729282.5
1025.6109177292767 4259434.5
1026.0529942711605 3621693.5
1026.495309875495 3219336.0
1026.9378645422805 2949116.2
1027.380658271517 2750029.0
1027.823691063204 2444409.0
1028.2669629173424 2036653.9
1028.7104738339312 1773085.0
1029.1542238129714 1642970.1
1029.598212854462 1416661.4
1030.0424409584039 1201381.4
1030.4869081247964 894712.5
1030.9316143536398 1332428.2
1031.376559644934 1242012.6
1031.8217439986793 1087570.1
1032.2671674148755 1055350.5
1032.7128298935227 1032810.25
1033.1587314346207 1455922.2
1033.6048720381693 1332159.4
1034.051251704169 1296993.8
1034.4978704326197 1413449.8
1034.9447282235212 1070610.2
1035.3918250768736 976686.94
1035.8391609926769 1115288.0
1036.286735970931 1134469.9
1036.734550011636 922283.6
1037.182603114792 1293676.9
1037.6308952803988 1447689.0
1038.0794265084567 1136502.4
1038.5281967989652 1108643.6
1038.9772061519247 1312723.5
1039.426454567335 1044981.9
1039.8759420451966 1100041.9
1040.3256685855085 1100855.0
1040.7756341882716 1257154.0
1041.2258388534856 1342675.2
1041.6762825811506 1443001.4
1042.1269653712661 1212823.0
1042.577887223833 1250773.1
1043.0290481388504 1565456.5
1043.4804481163187 1685139.5
1043.9320871562381 1800468.1
1044.3839652586082 1684741.2
1044.8360824234294 1576922.5
1045.2884386507012 1490270.2
1045.7410339404241 1827212.4
1046.193868292598 1700523.0
1046.6469417072226 1476787.4
1047.1002541842981 1713444.2
1047.5538057238246 1619888.6
1048.0075963258018 1633362.0
1048.46162599023 1559839.0
1048.915894717109 1370711.1
1049.3704025064392 1379891.5
1049.82514935822 1904866.1
1050.2801352724516 1893141.5
1050.7353602491344 1980140.2
1051.1908242882678 2019640.0
1051.6465273898525 1804832.0
1052.1024695538877 1704330.6
1052.558650780374 2069696.4
1053.015071069311 2162249.5
1053.471730420699 2320777.0
1053.928628834538 2146672.2
1054.3857663108276 1926577.2
1054.8431428495683 1662389.5
1055.30075845076 1977873.5
1055.7586131144024 2426704.5
1056.2167068404956 2870119.5
1056.67503962904 2819226.2
1057.133611480035 2557851.5
1057.592422393481 2149184.8
1058.0514723693777 2034628.9
1058.5107614077258 2317023.0
1058.9702895085243 1156336.0
1059.4300566717739 -931850.7
1059.8900628974743 -2514439.0
1060.3503081856259 -4250844.5
1060.8107925362278 -5642469.0
1061.2715159492811 -7297572.5
1061.732478424785 -9676391.0
1062.1936799627401 -11432031.0
1062.6551205631458 -12907066.0
1063.1168002260026 -14503842.0
1063.57871895131 -16503399.0
1064.0408767390686 -18488462.0
1064.503273589278 -20165946.0
1064.965909501938 -22224332.0
1065.4287844770492 -24219418.0
1065.8918985146113 -26088352.0
1066.3552516146242 -28281528.0
1066.818843777088 -30100404.0
1067.2826750020029 0.0
1067.7467452893684 0.0
1068.211054639185 0.0
1068.6756030514523 0.0
1069.1403905261704 0.0
1069.6054170633397 0.0
1070.0706826629596 0.0
1070.5361873250306 0.0
1071.0019310495525 0.0
1071.4679138365252 0.0
1071.9341356859486 0.0
