string
description: px_shifted, calibration parameter: [ 1.19531225e-04 -2.30194563e-02  6.18194146e+02]
converted file:R_100ms_Fe_S3_x_2_33_binned_y back: data/dark_100msRZP-structure:___RZP_S3100msRoi:[0, 1040, 2048, 2048]
eV counts/s
618.1712462133476 1632045.0
618.1485853507007 1685518.9
618.1261635505048 1970248.5
618.1039808127597 1900609.9
618.0820371374655 1809938.8
618.0603325246223 2266255.5
618.0388669742298 2239829.5
618.0176404862883 2125820.2
617.9966530607976 2180293.0
617.9759046977579 2088445.2
617.955395397169 2026763.5
617.9351251590311 2139492.8
617.9150939833439 2031595.1
617.8953018701078 2287140.0
617.8757488193226 2437237.0
617.8564348309881 2281241.5
617.8373599051046 2381501.5
617.8185240416719 2450002.0
617.7999272406903 2347428.2
617.7815695021593 2804205.2
617.7634508260794 2611296.5
617.7455712124504 1984992.8
617.7279306612722 1370284.0
617.7105291725449 1439295.6
617.6933667462686 1623027.5
617.676443382443 1773118.9
617.6597590810685 2293569.8
617.6433138421447 2134259.2
617.6271076656718 1904967.4
617.6111405516499 2139874.0
617.5954125000789 1818693.9
617.5799235109587 2155729.5
617.5646735842894 2290828.5
617.5496627200711 2107794.8
617.5348909183035 2078106.5
617.520358178987 2498132.2
617.5060645021213 2638536.5
617.4920098877064 2614868.5
617.4781943357425 2606055.2
617.4646178462295 2484359.0
617.4512804191673 2903958.0
617.4381820545561 3171758.8
617.4253227523957 3234857.8
617.4127025126862 2879291.5
617.4003213354276 2639739.5
617.3881792206199 2618352.2
617.3762761682632 2415281.5
617.3646121783572 1944918.2
617.3531872509022 1997825.2
617.342001385898 1822757.6
617.3310545833449 1528103.6
617.3203468432424 1550323.1
617.309878165591 1728783.6
617.2996485503904 1833286.4
617.2896579976408 1680670.2
617.2799065073419 1900014.2
617.270394079494 2094563.1
617.261120714097 2159413.5
617.2520864111508 2519145.8
617.2432911706557 2426326.2
617.2347349926113 3050393.5
617.2264178770179 3415398.8
617.2183398238752 3279398.0
617.2105008331837 3042202.0
617.2029009049428 2782222.8
617.195540039153 2810587.8
617.188418235814 2553387.0
617.1815354949258 2559261.5
617.1748918164886 2415507.0
617.1684872005023 2613200.0
617.1623216469668 2753952.2
617.1563951558823 2791807.0
617.1507077272486 3066773.8
617.1452593610658 3266401.2
617.140050057334 3774924.0
617.1350798160529 4492085.0
617.1303486372229 3986666.2
617.1258565208436 3873746.0
617.1216034669154 4576122.0
617.1175894754379 4885440.5
617.1138145464114 4612407.0
617.1102786798357 4156287.2
617.106981875711 4158775.5
617.1039241340371 4389431.0
617.1011054548142 3699554.5
617.0985258380421 3611481.5
617.0961852837207 3638501.2
617.0940837918505 3082406.0
617.092221362431 3618405.0
617.0905979954625 3606069.8
617.0892136909449 3759328.8
617.0880684488782 3579422.0
617.0871622692623 3795294.8
617.0864951520974 4473129.5
617.0860670973833 5213924.0
617.0858781051202 6557659.5
617.0859281753078 6948642.0
617.0862173079464 6404128.0
617.0867455030359 5383192.0
617.0875127605763 4051089.5
617.0885190805675 2870309.0
617.0897644630096 1776826.9
617.0912489079027 1025261.2
617.0929724152465 992051.5
617.0949349850415 1407202.5
617.0971366172871 1344797.2
617.0995773119838 1584517.0
617.1022570691313 1830816.8
617.1051758887297 1923283.6
617.1083337707789 1275555.0
617.1117307152791 1380335.1
617.1153667222302 1415412.2
617.1192417916321 2080396.4
617.123355923485 2246734.8
617.1277091177888 3242045.0
617.1323013745433 3494454.0
617.1371326937488 3637352.0
617.1422030754052 4347316.5
617.1475125195125 5196251.5
617.1530610260706 4927925.5
617.1588485950797 5713509.5
617.1648752265397 6842561.0
617.1711409204505 7290105.5
617.1776456768123 7204203.0
617.1843894956249 6612121.0
617.1913723768885 6298189.0
617.1985943206029 5843095.0
617.2060553267681 5159574.0
617.2137553953843 5588712.5
617.2216945264513 5530882.0
617.2298727199694 4753673.0
617.2382899759382 4011992.5
617.246946294358 2948868.5
617.2558416752286 1813081.0
617.2649761185502 1145682.5
617.2743496243226 1036731.1
617.2839621925459 1036087.4
617.29381382322 918651.94
617.3039045163453 868728.75
617.3142342719211 709782.6
617.3248030899481 789546.8
617.3356109704258 668072.8
617.3466579133545 949963.75
617.357943918734 1123561.8
617.3694689865644 1038872.8
617.3812331168458 662346.94
617.3932363095779 474835.34
617.4054785647611 891069.9
617.417959882395 896902.1
617.43068026248 905064.75
617.4436397050157 1115088.0
617.4568382100024 1398168.5
617.47027577744 1776277.6
617.4839524073284 2594218.5
617.4978680996677 2817423.8
617.512022854458 3834829.0
617.526416671699 5258144.0
617.5410495513911 6037195.5
617.555921493534 6796867.0
617.5710324981277 6778285.5
617.5863825651725 6429032.5
617.601971694668 4753164.5
617.6177998866144 3559506.0
617.6338671410118 3233177.2
617.6501734578601 3615733.5
617.6667188371591 3397642.2
617.6835032789093 3365680.0
617.70052678311 3608202.8
617.7177893497619 3525229.0
617.7352909788646 3704584.5
617.7530316704182 3513907.5
617.7710114244226 3561144.8
617.7892302408779 3832458.0
617.8076881197842 3712946.5
617.8263850611413 4410059.0
617.8453210649494 5468583.0
617.8644961312083 6765875.5
617.8839102599181 8158707.0
617.9035634510788 10410784.0
617.9234557046905 13112514.0
617.9435870207528 14106788.0
617.9639573992663 12701031.0
617.9845668402305 11779758.0
618.0054153436457 9074022.0
618.0265029095117 6219374.5
618.0478295378288 4666496.5
618.0693952285965 3872575.5
618.0911999818152 3407270.0
618.1132437974848 3114786.0
618.1355266756052 2895897.8
618.1580486161766 2431309.8
618.180809619199 1931201.1
618.2038096846721 1414452.8
618.2270488125961 1291933.2
618.2505270029711 1624542.5
618.2742442557969 1382454.4
618.2982005710737 938446.2
618.3223959488013 693319.1
618.3468303889798 956374.75
618.3715038916091 1316537.4
618.3964164566895 1020559.44
618.4215680842207 1014697.4
618.4469587742026 816145.1
618.4725885266356 1103043.6
618.4984573415195 1150762.2
618.5245652188543 1433523.5
618.5509121586398 1551488.8
618.5774981608764 1341204.4
618.6043232255638 1781521.4
618.6313873527021 1653709.8
618.6586905422912 1611173.1
618.6862327943314 1837526.5
618.7140141088223 2532452.5
618.7420344857642 3363034.5
618.7702939251569 4968135.0
618.7987924270005 6397697.0
618.827529991295 8197136.0
618.8565066180404 10403042.0
618.8857223072368 11251256.0
618.915177058884 11078952.0
618.944870872982 8744345.0
618.974803749531 6387739.5
619.004975688531 4846541.5
619.0353866899817 4076167.0
619.0660367538834 3040960.0
619.0969258802359 2527322.2
619.1280540690393 2242639.8
619.1594213202936 1943770.6
619.1910276339989 2034949.2
619.2228730101549 1977511.9
619.2549574487618 1760159.8
619.2872809498198 1476818.5
619.3198435133286 1197211.0
619.3526451392883 1058439.9
619.3856858276988 948839.25
619.4189655785602 863679.25
619.4524843918725 823938.75
619.4862422676358 1249065.2
619.5202392058499 1398519.4
619.5544752065149 1087363.5
619.5889502696308 867471.1
619.6236643951976 964701.6
619.6586175832152 1307533.8
619.6938098336839 2004946.2
619.7292411466033 2493317.0
619.7649115219735 3056902.0
619.8008209597948 3336103.0
619.8369694600669 4381499.0
619.8733570227901 5608205.0
619.9099836479638 6748612.5
619.9468493355887 7135925.5
619.9839540856643 7468133.0
620.0212978981909 7552063.0
620.0588807731684 5748175.5
620.0967027105968 4870154.0
620.134763710476 3916918.5
620.1730637728062 3001409.5
620.2116028975872 2237773.5
620.2503810848191 1663395.0
620.2893983345019 1523823.8
620.3286546466355 1515799.0
620.3681500212202 1478985.5
620.4078844582556 1239241.6
620.447857957742 1350850.8
620.4880705196792 1222146.8
620.5285221440674 1219409.8
620.5692128309064 1077450.0
620.6101425801965 1049738.1
620.6513113919372 989457.8
620.692719266129 846467.4
620.7343662027715 774164.6
620.7762522018651 1069604.8
620.8183772634094 1059016.6
620.8607413874046 766818.5
620.9033445738509 1010364.5
620.9461868227478 911098.44
620.9892681340958 883150.75
621.0325885078946 1104864.5
621.0761479441444 1783331.4
621.1199464428449 1593938.1
621.1639840039965 1329238.6
621.2082606275989 1074553.6
621.2527763136521 1243575.5
621.2975310621563 1386185.2
621.3425248731114 989669.25
621.3877577465173 890056.0
621.4332296823742 814969.25
621.478940680682 1108617.8
621.5248907414405 1280789.2
621.5710798646501 1114326.5
621.6175080503104 1068913.5
621.6641752984218 930089.6
621.7110816089839 990144.06
621.758226981997 1127450.2
621.8056114174609 1195543.8
621.8532349153759 910189.75
621.9010974757415 868176.4
621.9491990985582 1081938.6
621.9975397838257 1421267.8
622.0461195315442 1868127.5
622.0949383417135 1821362.4
622.1439962143336 1677330.8
622.1932931494047 1460602.8
622.2428291469266 1528349.9
622.2926042068996 1632304.4
622.3426183293233 1887061.5
622.392871514198 1572404.8
622.4433637615234 1490045.0
622.4940950713 1432772.0
622.5450654435272 1442332.2
622.5962748782055 1387431.1
622.6477233753345 1019585.4
622.6994109349146 1150333.2
622.7513375569454 1553692.2
622.8035032414273 1409593.6
622.8559079883598 1519374.4
622.9085517977434 1861244.2
622.9614346695778 2364501.5
623.0145566038631 2898692.8
623.0679176005993 2849334.0
623.1215176597865 2914625.2
623.1753567814245 2981128.5
623.2294349655133 2936970.0
623.2837522120532 2942083.5
623.3383085210438 3077151.0
623.3931038924854 2658816.2
623.4481383263778 3166852.2
623.5034118227212 4217118.0
623.5589243815153 5660023.0
623.6146760027606 6861018.0
623.6706666864566 7392439.0
623.7268964326033 7161570.0
623.7833652412012 6379350.0
623.8400731122499 5263781.0
623.8970200457495 3810027.5
623.9542060416999 3284464.8
624.0116311001013 2751974.8
624.0692952209534 2113602.8
624.1271984042567 1891278.0
624.1853406500106 1928485.5
624.2437219582156 1880594.2
624.3023423288714 1462299.0
624.3612017619781 1545489.4
624.4203002575357 1444061.9
624.4796378155443 1722752.6
624.5392144360035 1314362.5
624.5990301189137 1114544.1
624.659084864275 955700.75
624.7193786720869 1024475.9
624.7799115423499 970360.3
624.8406834750637 1028983.75
624.9016944702284 1141052.1
624.962944527844 1195381.2
625.0244336479105 1330649.0
625.0861618304278 1313032.4
625.1481290753961 1384996.9
625.2103353828153 1343043.8
625.2727807526853 1259284.2
625.3354651850062 1571547.8
625.398388679778 1781666.8
625.4615512370008 1940070.5
625.5249528566744 1692160.6
625.5885935387989 1808386.4
625.6524732833743 2583548.0
625.7165920904006 2747232.0
625.7809499598777 3123526.2
625.8455468918058 4386372.0
625.9103828861847 4715162.5
625.9754579430146 4127235.0
626.0407720622953 2585586.0
626.106325244027 2091454.0
626.1721174882094 1822457.4
626.2381487948429 1603063.9
626.3044191639272 1657792.2
626.3709285954623 1639933.6
626.4376770894484 1767417.6
626.5046646458853 1812121.4
626.5718912647732 1434478.5
626.6393569461119 1211885.5
626.7070616899016 1280845.5
626.7750054961421 1354065.8
626.8431883648335 1258239.8
626.9116102959758 1117355.9
626.980271289569 841921.75
627.0491713456131 952939.75
627.1183104641082 1126464.8
627.1876886450539 1086889.6
627.2573058884507 1242089.8
627.3271621942984 1088134.8
627.3972575625968 1093367.5
627.4675919933463 1285579.8
627.5381654865465 1617124.0
627.6089780421978 1918633.6
627.6800296602999 1786359.2
627.7513203408529 1858292.6
627.8228500838567 2102023.0
627.8946188893116 2632097.5
627.9666267572171 2746618.5
628.0388736875738 2541838.5
628.1113596803812 2209559.0
628.1840847356395 2012362.5
628.2570488533487 1541755.2
628.3302520335087 1956145.6
628.4036942761198 2053425.2
628.4773755811816 2457280.2
628.5512959486945 2207523.0
628.6254553786581 2195817.8
628.6998538710727 2105881.5
628.7744914259381 2269487.8
628.8493680432545 2176254.0
628.9244837230217 2242523.8
628.9998384652398 2388091.5
629.0754322699088 2623894.8
629.1512651370288 2891338.8
629.2273370665995 2835518.8
629.3036480586212 3028361.0
629.3801981130938 3190668.8
629.4569872300171 3084985.0
629.5340154093916 2795319.0
629.6112826512167 2523517.0
629.6887889554929 2339302.8
629.7665343222199 2024339.4
629.8445187513979 1727613.5
629.9227422430266 1653676.2
630.0012047971064 1578820.5
630.0799064136369 1719442.0
630.1588470926184 1873330.0
630.2380268340507 1856208.1
630.317445637934 1700687.0
630.3971035042681 1708843.9
630.4770004330533 2386237.0
630.5571364242891 2824727.5
630.6375114779759 2108019.8
630.7181255941136 1718565.0
630.7989787727022 1642545.6
630.8800710137417 1499951.8
630.961402317232 1487185.2
631.0429726831734 1394180.5
631.1247821115654 1499915.5
631.2068306024086 1452146.0
631.2891181557025 1418889.5
631.3716447714473 1024357.9
631.454410449643 1099665.8
631.5374151902896 1474437.6
631.6206589933871 1417339.9
631.7041418589355 1255567.9
631.7878637869347 1334720.8
631.8718247773849 1661958.2
631.956024830286 1683657.2
632.0404639456378 1842611.0
632.1251421234408 1920855.8
632.2100593636944 2507635.8
632.2952156663991 2960672.8
632.3806110315546 3134600.5
632.4662454591611 2238111.5
632.5521189492183 1813116.0
632.6382315017265 1678220.1
632.7245831166855 1494938.2
632.8111737940956 1262188.5
632.8980035339563 1711996.1
632.985072336268 1955250.8
633.0723802010307 2056051.9
633.1599271282441 2266345.2
633.2477131179087 2503099.5
633.3357381700239 2265394.8
633.4240022845902 2444279.5
633.5125054616071 2211824.2
633.6012477010752 1909590.1
633.690229002994 2090711.5
633.7794493673638 1920945.8
633.8689087941844 1689195.0
633.958607283456 1915418.5
634.0485448351784 1996773.2
634.1387214493517 1478520.0
634.2291371259759 1496204.5
634.3197918650509 1682981.2
634.4106856665769 1349878.8
634.5018185305538 1504332.4
634.5931904569816 1532241.8
634.6848014458602 1478424.4
634.7766514971898 855291.2
634.8687406109701 972475.3
634.9610687872016 1069460.2
635.0536360258837 1200459.2
635.1464423270169 1226665.8
635.2394876906009 803715.1
635.3327721166357 750609.94
635.4262956051215 1021662.0
635.5200581560582 930988.25
635.6140597694457 826532.44
635.7083004452841 964832.0
635.8027801835735 1353726.5
635.8974989843136 1552975.6
635.9924568475049 1353947.4
636.0876537731468 1196704.9
636.1830897612398 1440650.2
636.2787648117835 1437723.5
636.3746789247782 1482824.2
636.4708321002237 1322048.0
636.5672243381202 1900222.2
636.6638556384676 1588643.6
636.7607260012659 1414256.8
636.857835426515 1709698.5
636.9551839142149 1752953.0
637.0527714643658 1765062.0
637.1505980769675 2154432.8
637.2486637520203 1682739.5
637.3469684895239 1623465.5
637.4455122894784 1768595.6
637.5442951518837 1610165.8
637.64331707674 1316014.0
637.742578064047 1355741.8
637.8420781138052 1397521.2
637.941817226014 1487885.6
638.0417954006739 1334522.6
638.1420126377845 1497918.1
638.2424689373462 1586088.8
638.3431642993586 1476554.5
638.444098723822 1384558.8
638.5452722107362 1401663.5
638.6466847601014 976321.5
638.7483363719175 1136371.5
638.8502270461844 1078004.0
638.9523567829023 1139298.9
639.0547255820709 1295110.8
639.1573334436905 1159137.5
639.260180367761 1088217.5
639.3632663542825 1045999.0
639.4665914032546 1479106.5
639.5701555146778 1638350.0
639.6739586885519 1877787.4
639.7780009248769 1417426.2
639.8822822236526 1855288.1
639.9868025848793 2355014.5
640.091562008557 2331381.8
640.1965604946854 2271353.0
640.3017980432649 2264319.8
640.4072746542952 2906507.2
640.5129903277764 2879801.0
640.6189450637083 2645101.5
640.7251388620914 2135870.2
640.8315717229252 1968059.2
640.93824364621 1535187.5
641.0451546319456 1340934.4
641.1523046801321 1425074.8
641.2596937907695 1251202.1
641.3673219638578 1346579.0
641.4751891993969 1317796.8
641.583295497387 1257015.0
641.691640857828 1475574.8
641.8002252807198 1212790.5
641.9090487660626 1191001.4
642.0181113138563 1832894.4
642.1274129241008 2023724.8
642.2369535967962 1880559.8
642.3467333319426 1683279.5
642.4567521295397 1630319.4
642.5670099895879 1853309.2
642.6775069120868 1870111.1
642.7882428970366 1985395.8
642.8992179444374 1503685.5
643.010432054289 1174590.9
643.1218852265915 1282578.1
643.2335774613449 1512325.8
643.3455087585494 1146473.6
643.4576791182045 1364513.9
643.5700885403106 1270680.4
643.6827370248676 1260020.5
643.7956245718756 1282551.0
643.9087511813342 1085972.8
644.0221168532439 1149691.5
644.1357215876045 1358655.5
644.249565384416 973158.8
644.3636482436782 1071536.9
644.4779701653915 791621.4
644.5925311495556 1137375.9
644.7073311961706 1467948.8
644.8223703052365 1511643.6
644.9376484767532 1910391.2
645.0531657107209 1706018.0
645.1689220071395 1500951.4
645.2849173660089 1510429.5
645.4011517873292 1331763.8
645.5176252711005 1174931.6
645.6343378173226 1491840.1
645.7512894259957 1600306.1
645.8684800971196 1670458.1
645.9859098306944 1605285.6
646.10357862672 1578266.8
646.2214864851966 1380414.2
646.3396334061241 1314919.5
646.4580193895024 1390386.0
646.5766444353317 1475663.6
646.6955085436118 1430010.6
646.8146117143428 1465020.2
646.9339539475247 1375299.4
647.0535352431576 1500139.8
647.1733556012413 1103584.8
647.2934150217759 1187836.5
647.4137135047613 1080073.9
647.5342510501977 1330437.6
647.6550276580849 1553912.0
647.7760433284232 1537179.8
647.8972980612122 1228740.4
648.018791856452 1256966.8
648.1405247141429 1209615.5
648.2624966342845 1496968.8
648.3847076168772 1434897.6
648.5071576619206 1357138.2
648.629846769415 1553433.5
648.7527749393603 1746694.5
648.8759421717565 1707628.1
648.9993484666035 2024519.5
649.1229938239015 1573546.0
649.2468782436503 1336873.5
649.3710017258501 1261916.6
649.4953642705007 1253269.2
649.6199658776021 1388734.5
649.7448065471544 1604606.5
649.8698862791578 1347596.5
649.9952050736119 1145042.0
650.120762930517 1217591.4
650.2465598498729 1295124.9
650.3725958316797 1331074.5
650.4988708759375 1382357.4
650.6253849826461 1363361.0
650.7521381518056 1209288.2
650.879130383416 1184659.6
651.0063616774773 1435857.2
651.1338320339895 1508311.8
651.2615414529527 1325886.9
651.3894899343666 1227746.5
651.5176774782313 1021844.1
651.6461040845472 1213380.1
651.7747697533138 1170719.9
651.9036744845314 1398106.2
652.0328182781997 1696978.1
652.162201134319 1379701.2
652.2918230528892 1628610.5
652.4216840339103 1681785.5
652.5517840773823 1516664.5
652.6821231833052 1634050.8
652.8127013516789 1758465.2
652.9435185825037 1730386.4
653.074574875779 1738464.9
653.2058702315056 1463357.5
653.3374046496829 1236247.4
653.469178130311 1189028.0
653.6011906733902 1217666.1
653.73344227892 1299694.2
653.865932946901 1363399.2
653.9986626773327 1473067.2
654.1316314702154 1220516.5
654.2648393255489 895122.9
654.3982862433335 832250.6
654.5319722235687 860216.1
654.665897266255 1216555.9
654.8000613713921 1264939.5
654.9344645389801 1084193.4
655.069106769019 1124990.5
655.2039880615088 1178071.1
655.3391084164494 1584862.8
655.4744678338409 1530129.9
655.6100663136834 1605438.2
655.7459038559767 1190346.1
655.881980460721 1161537.2
656.0182961279161 1415840.0
656.1548508575621 1684114.8
656.291644649659 2171021.0
656.4286775042068 1879426.1
656.5659494212055 1604592.4
656.7034604006551 1924857.4
656.8412104425555 1974871.1
656.9791995469069 1781484.0
657.117427713709 1697179.5
657.2558949429622 1406738.0
657.3946012346663 1517830.0
657.5335465888211 1310270.8
657.672731005427 1477960.5
657.8121544844836 1557274.5
657.9518170259913 1396384.2
658.0917186299497 1279667.8
658.2318592963591 1321643.6
658.3722390252193 1323095.2
658.5128578165305 1245633.6
658.6537156702925 1342342.0
658.7948125865055 1422512.5
658.9361485651692 1466143.2
659.077723606284 1644007.2
659.2195377098495 1400035.8
659.361590875866 1333963.9
659.5038831043335 1118711.6
659.6464143952517 1339693.0
659.7891847486209 1566844.4
659.9321941644408 1585141.4
660.0754426427119 1581028.5
660.2189301834336 1676524.8
660.3626567866064 1523852.2
660.50662245223 1005201.9
660.6508271803045 758684.25
660.7952709708298 1001590.06
660.9399538238061 1012404.25
661.0848757392333 1051626.8
661.2300367171114 1258584.4
661.3754367574403 927066.5
661.5210758602201 983935.7
661.6669540254509 1217284.4
661.8130712531324 1205189.5
661.9594275432651 1390343.1
662.1060228958484 975769.94
662.2528573108827 761297.9
662.3999307883678 713138.06
662.5472433283039 811867.56
662.6947949306908 972231.25
662.8425855955288 1233491.2
662.9906153228175 1018441.3
663.1388841125572 834650.5
663.2873919647476 958629.7
663.436138879389 1241151.2
663.5851248564813 1048188.5
663.7343498960245 1001304.06
663.8838139980186 1022416.8
664.0335171624636 962843.6
664.1834593893594 859595.6
664.3336406787062 1059000.0
664.4840610305039 1248991.0
664.6347204447524 1418005.0
664.7856189214518 1509748.2
664.936756460602 1053518.9
665.0881330622034 1132651.0
665.2397487262554 985583.4
665.3916034527584 1153813.4
665.5436972417123 931631.3
665.6960300931171 939393.9
665.8486020069727 1191020.1
666.0014129832791 1273270.1
666.1544630220367 1294646.2
666.3077521232449 1174495.8
666.4612802869042 1258369.2
666.6150475130142 1172486.1
666.7690538015753 1277615.6
666.9232991525871 1990667.2
667.07778356605 1956208.1
667.2325070419636 2120754.8
667.3874695803282 1780479.5
667.5426711811436 1474838.9
667.69811184441 1604315.1
667.8537915701272 1511170.6
668.0097103582953 1634104.0
668.1658682089143 1759384.0
668.3222651219842 1965933.1
668.4789010975051 1740400.8
668.6357761354766 1623541.8
668.7928902358992 1496703.1
668.9502433987727 1355714.4
669.1078356240971 1299084.8
669.2656669118722 1358650.5
669.4237372620985 1151061.0
669.5820466747754 1129787.4
669.7405951499034 987309.25
669.8993826874821 944046.1
670.0584092875117 1016608.7
670.2176749499924 817348.9
670.3771796749238 1167264.4
670.5369234623063 1312343.0
670.6969063121394 1153510.1
670.8571282244236 1019237.5
671.0175891991586 1033327.1
671.1782892363447 1135220.2
671.3392283359814 940809.6
671.5004064980691 824575.5
671.6618237226077 1153861.1
671.8234800095972 1388343.2
671.9853753590376 1349314.2
672.1475097709289 1192849.5
672.309883245271 1118309.8
672.472495782064 1082430.5
672.635347381308 1391513.5
672.7984380430028 1275978.0
672.9617677671484 1209936.6
673.125336553745 1072326.8
673.2891444027925 1118347.6
673.453191314291 1188705.5
673.6174772882403 1224765.5
673.7820023246404 1332163.8
673.9467664234915 1449628.2
674.1117695847934 1429171.8
674.2770118085463 1305872.8
674.4424930947499 1444669.2
674.6082134434046 1964874.8
674.7741728545101 1794846.0
674.9403713280664 1936367.4
675.1068088640737 1877678.0
675.2734854625319 1924271.4
675.440401123441 1809556.5
675.6075558468009 2093183.5
675.7749496326118 2030284.9
675.9425824808735 1974212.0
676.1104543915861 2051383.2
676.2785653647496 2059598.0
676.4469154003641 1917049.8
676.6155044984293 1659692.4
676.7843326589456 1584583.0
676.9533998819127 1383145.5
677.1227061673306 1564114.9
677.2922515151995 1680877.4
677.4620359255191 1530861.1
677.6320593982898 1413284.8
677.8023219335114 1688966.4
677.9728235311838 1385460.8
678.1435641913071 1320898.1
678.3145439138814 1258013.2
678.4857626989063 1406359.8
678.6572205463824 1284183.0
678.8289174563092 1384529.0
679.000853428687 1448304.0
679.1730284635156 1354671.0
679.3454425607953 1498248.8
679.5180957205256 1415843.9
679.690987942707 1417186.4
679.8641192273392 1300826.1
680.0374895744222 1391803.5
680.2110989839563 1713468.8
680.3849474559411 1645191.1
680.559034990377 1662835.2
680.7333615872635 1666463.8
680.9079272466012 1816554.8
681.0827319683896 1476639.4
681.257775752629 1459656.5
681.4330585993191 1625191.2
681.6085805084602 1305945.0
681.7843414800523 1188550.2
681.9603415140951 1073229.4
682.1365806105889 1485321.0
682.3130587695335 1433127.8
682.4897759909292 1364436.9
682.6667322747755 1530549.4
682.8439276210729 1540824.0
683.0213620298211 1712806.4
683.1990355010204 1372980.2
683.3769480346702 1130596.4
683.5550996307712 1326336.8
683.7334902893231 1321605.6
683.9121200103258 1355531.9
684.0909887937793 1395317.6
684.2700966396839 1362610.0
684.4494435480391 1650195.8
684.6290295188454 1588697.5
684.8088545521025 1464226.8
684.9889186478105 1407590.6
685.1692218059694 1583919.2
685.3497640265792 1250568.5
685.5305453096399 1209481.8
685.7115656551515 1288466.1
685.8928250631141 1568841.4
686.0743235335274 1527166.1
686.2560610663917 1290232.8
686.4380376617067 1019235.9
686.6202533194729 1006144.25
686.8027080396897 1270784.8
686.9854018223576 1119900.2
687.1683346674763 1583262.4
687.351506575046 1556309.0
687.5349175450664 1645022.0
687.7185675775377 1764107.8
687.9024566724601 1478896.9
688.0865848298331 1435415.2
688.2709520496572 1403036.2
688.4555583319321 1597186.0
688.640403676658 1565841.4
688.8254880838347 1778074.4
689.0108115534624 1538649.2
689.1963740855408 1508300.6
689.3821756800703 1487241.0
689.5682163370506 1676653.1
689.7544960564818 1562128.9
689.9410148383638 1586887.6
690.1277726826967 1651508.8
690.3147695894805 1486857.8
690.5020055587153 1364034.8
690.689480590401 1548576.1
690.8771946845374 1701984.2
691.0651478411248 1620454.9
691.253340060163 1815840.1
691.4417713416524 1633193.6
691.6304416855924 1362785.1
691.8193510919834 1312382.2
692.0084995608252 1600756.5
692.197887092118 1767512.5
692.3875136858616 1805174.9
692.5773793420561 1889274.4
692.7674840607016 1716851.2
692.9578278417978 1669502.2
693.1484106853451 1551001.8
693.339232591343 1543926.9
693.5302935597921 1645535.0
693.7215935906919 1569414.8
693.9131326840427 1650031.0
694.1049108398444 1391553.5
694.2969280580969 1647015.8
694.4891843388003 1814239.2
694.6816796819547 1755213.5
694.8744140875599 1702197.2
695.067387555616 1699188.9
695.260600086123 1764931.2
695.4540516790809 1887374.0
695.6477423344896 1731662.5
695.8416720523492 1883571.0
696.0358408326598 1938058.8
696.2302486754212 1894421.1
696.4248955806336 1923328.9
696.6197815482967 2057803.0
696.814906578411 2110437.2
697.0102706709758 2335256.2
697.2058738259918 2036106.9
697.4017160434586 2135291.0
697.5977973233763 2238998.0
697.7941176657448 2347419.0
697.9906770705643 2393643.5
698.1874755378346 2064523.8
698.3845130675558 2176738.2
698.581789659728 2712329.8
698.779305314351 2964882.0
698.9770600314249 2534801.0
699.1750538109496 2423338.5
699.3732866529253 2202216.2
699.5717585573519 2582404.5
699.7704695242294 2969096.0
699.9694195535577 2465100.2
700.168608645337 2258435.8
700.3680367995671 2415955.0
700.5677040162482 2924096.5
700.7676102953801 3166863.5
700.9677556369629 3048931.5
701.1681400409966 3031739.8
701.368763507481 2787399.0
701.5696260364166 3083634.8
701.7707276278029 3071341.2
701.9720682816403 2853051.5
702.1736479979284 2556617.8
702.3754667766674 2636011.2
702.5775246178573 2684315.2
702.7798215214982 2856241.2
702.9823574875899 3049130.0
703.1851325161325 3442025.2
703.3881466071259 3170072.5
703.5913997605704 3114042.2
703.7948919764656 3070263.8
703.9986232548118 3206417.8
704.2025935956088 2896212.2
704.4068029988567 2418247.0
704.6112514645556 2552599.2
704.8159389927052 3064442.5
705.020865583306 2901278.5
705.2260312363574 2807338.0
705.4314359518598 2658077.0
705.6370797298131 2829471.5
705.8429625702173 3304789.0
706.0490844730723 2932565.2
706.2554454383783 2961395.0
706.4620454661351 2922435.0
706.6688845563428 3332291.0
706.8759627090014 3758999.0
707.0832799241109 3411003.0
707.2908362016714 3405906.2
707.4986315416826 3737231.0
707.7066659441448 3856448.5
707.9149394090579 3938896.5
708.1234519364218 3888916.5
708.3322035262366 3815645.2
708.5411941785025 4038294.8
708.750423893219 4574815.5
708.9598926703866 4885912.5
709.169600510005 5023681.0
709.3795474120743 4691565.5
709.5897333765945 4351845.5
709.8001584035657 4459909.0
710.0108224929876 4453084.5
710.2217256448604 3847108.5
710.4328678591842 3858443.5
710.6442491359588 4597897.5
710.8558694751844 4890723.0
711.0677288768608 5661227.5
711.2798273409882 6623682.0
711.4921648675663 7753362.5
711.7047414565955 8978625.0
711.9175571080754 9887751.0
712.1306118220064 10958402.0
712.343905598388 11555704.0
712.5574384372208 11866359.0
712.7712103385043 10985374.0
712.9852213022388 9599083.0
713.199471328424 8958458.0
713.4139604170601 8931887.0
713.6286885681474 8649104.0
713.8436557816852 8787368.0
714.0588620576742 8479312.0
714.274307396114 8896377.0
714.4899917970047 8900856.0
714.7059152603462 8758604.0
714.9220777861387 9252163.0
715.138479374382 9748548.0
715.3551200250763 10195909.0
715.5719997382214 10757431.0
715.7891185138174 11492125.0
716.0064763518642 11809705.0
716.224073252362 12019206.0
716.4419092153107 10711064.0
716.6599842407103 10613978.0
716.8782983285607 10393740.0
717.096851478862 9884111.0
717.3156436916144 9900154.0
717.5346749668174 8846267.0
717.7539453044715 7094806.0
717.9734547045764 6361124.5
718.1932031671322 6268354.0
718.4131906921389 6066254.5
718.6334172795965 5280700.0
718.853882929505 4564579.0
719.0745876418644 4079558.5
719.2955314166745 3841929.5
719.5167142539357 4084251.5
719.7381361536477 3601762.2
719.9597971158106 3979509.8
720.1816971404245 4016205.5
720.4038362274891 4198522.0
720.6262143770048 4723770.5
720.8488315889713 5188145.5
721.0716878633887 4932198.0
721.2947832002569 5718589.0
721.518117599576 6985877.5
721.741691061346 8091285.5
721.965503585567 9556001.0
722.1895551722389 11626602.0
722.4138458213616 12652181.0
722.6383755329352 13516758.0
722.8631443069596 14178876.0
723.0881521434351 14150824.0
723.3133990423613 14117018.0
723.5388850037385 14234758.0
723.7646100275665 13767300.0
723.9905741138455 12474259.0
724.2167772625753 11805264.0
724.4432194737561 12038135.0
724.6699007473876 12305739.0
724.8968210834703 12685898.0
725.1239804820036 13255939.0
725.3513789429879 13452848.0
725.579016466423 14065194.0
725.8068930523091 15427320.0
726.0350087006461 16424204.0
726.2633634114338 16762122.0
726.4919571846726 18068338.0
726.7207900203623 19531660.0
726.9498619185028 21523992.0
727.1791728790942 25207844.0
727.4087229021366 32622456.0
727.6385119876297 43645340.0
727.8685401355738 59602640.0
728.0988073459687 77952410.0
728.3293136188147 97483030.0
728.5600589541114 117857930.0
728.7910433518591 132080810.0
729.0222668120575 139028580.0
729.2537293347069 133005020.0
729.4854309198073 114118180.0
729.7173715673584 85704920.0
729.9495512773606 57661050.0
730.1819700498136 37319380.0
730.4146278847174 24594782.0
730.6475247820722 18158188.0
730.8806607418778 14635388.0
731.1140357641343 12971758.0
731.3476498488419 11320009.0
731.5815029960002 10377425.0
731.8155952056094 9103533.0
732.0499264776695 7816917.0
732.2844968121806 6841800.0
732.5193062091423 6217107.0
732.754354668555 5376475.5
732.9896421904187 5284273.0
733.2251687747333 5496595.5
733.4609344214988 5795866.0
733.6969391307151 5860854.5
733.9331829023823 6444095.5
734.1696657365004 6861334.5
734.4063876330695 6645334.0
734.6433485920893 7053579.0
734.8805486135602 7615505.5
735.1179876974818 8285801.0
735.3556658438545 8120377.5
735.5935830526778 7514347.5
735.8317393239522 7240883.0
736.0701346576775 6765224.5
736.3087690538534 6143200.0
736.5476425124806 5829889.0
736.7867550335584 6746516.0
737.0261066170873 7452110.5
737.265697263067 7955244.5
737.5055269714976 9317618.0
737.745595742379 11435711.0
737.9859035757114 15723119.0
738.2264504714947 21401856.0
738.4672364297288 29491616.0
738.7082614504138 40875110.0
738.9495255335498 54641100.0
739.1910286791365 71337730.0
739.4327708871742 90382300.0
739.6747521576629 109341250.0
739.9169724906022 120870180.0
740.1594318859927 118013840.0
740.4021303438338 108088360.0
740.6450678641261 90046030.0
740.8882444468691 64651040.0
741.131660092063 41999940.0
741.3753147997079 26741612.0
741.6192085698036 18445562.0
741.8633414023502 14291562.0
742.1077132973477 11242691.0
742.352324254796 9150004.0
742.5971742746954 7359215.0
742.8422633570456 6560362.0
743.0875915018465 5921895.5
743.3331587090985 5025636.5
743.5789649788013 4405006.0
743.8250103109551 3679366.0
744.0712947055597 3049554.0
744.3178181626151 2688117.0
744.5645806821216 2570688.5
744.8115822640789 2690346.2
745.058822908487 2829850.2
745.3063026153461 3264888.5
745.554021384656 3409854.8
745.801979216417 3553548.0
746.0501761106286 3689276.5
746.2986120672912 3906229.8
746.5472870864048 4279221.5
746.7962011679691 4326897.0
747.0453543119845 4240929.5
747.2947465184507 4098229.8
747.5443777873677 3620234.5
747.7942481187357 2842665.2
748.0443575125546 2427995.2
748.2947059688242 2508207.0
748.545293487545 2322209.5
748.7961200687164 1965361.9
749.0471857123389 2033666.2
749.2984904184123 2259157.8
749.5500341869365 1981046.8
749.8018170179115 1938103.0
750.0538389113375 1970061.5
750.3060998672144 1905008.6
750.558599885542 2147753.5
750.8113389663208 1805928.0
751.0643171095503 1764723.5
751.3175343152308 1846801.9
751.570990583362 1913638.1
751.8246859139442 2439444.8
752.0786203069773 2476976.8
752.3327937624614 2214610.2
752.5872062803962 1786871.8
752.841857860782 1903748.1
753.0967485036186 2124690.0
753.3518782089062 2265473.8
753.6072469766447 2423359.5
753.8628548068339 2502287.8
754.1187016994742 2532194.0
754.3747876545652 2870320.2
754.6311126721073 3198473.8
754.8876767521001 2902117.8
755.144479894544 2839441.0
755.4015220994386 2897037.2
755.6588033667842 3025537.0
755.9163236965807 2947847.8
756.1740830888281 2880619.5
756.4320815435262 3035088.0
756.6903190606754 3172366.2
756.9487956402754 3283436.2
757.2075112823263 3240911.0
757.4664659868281 3261173.0
757.7256597537807 3274512.8
757.9850925831844 3778102.0
758.2447644750388 4143970.2
758.5046754293442 3993027.8
758.7648254461004 3818803.8
759.0252145253075 3751439.5
759.2858426669656 4151441.0
759.5467098710745 5275274.5
759.8078161376343 5559899.5
760.069161466645 5093047.5
760.3307458581066 5057188.0
760.5925693120191 5532046.0
760.8546318283825 5778343.0
761.1169334071967 5252219.5
761.3794740484618 4462360.0
761.6422537521778 3867192.5
761.9052725183449 3847658.5
762.1685303469626 3755557.2
762.4320272380314 3863467.2
762.6957631915509 3552317.8
762.9597382075215 3599582.0
763.2239522859428 3773042.2
763.4884054268151 3754329.0
763.7530976301382 3758888.8
764.0180288959123 4031086.2
764.2831992241372 4266041.0
764.5486086148131 4129469.8
764.8142570679397 4152199.0
765.0801445835173 4474058.0
765.3462711615459 5146981.0
765.6126368020252 6133405.0
765.8792415049556 6439755.5
766.1460852703367 6874390.5
766.4131680981689 6908013.0
766.6804899884517 6365488.0
766.9480509411856 6053937.5
767.2158509563703 5451331.0
767.483890034006 5325622.0
767.7521681740925 4951320.0
768.0206853766299 4336533.0
768.2894416416182 4410880.5
768.5584369690574 4594916.0
768.8276713589474 4778219.5
769.0971448112883 5110105.0
769.3668573260802 5315570.5
769.636808903323 5771414.5
769.9069995430166 6404418.0
770.1774292451611 6721270.0
770.4480980097566 7289244.5
770.7190058368028 7475102.5
770.9901527263 7579949.5
771.2615386782481 7652939.5
771.5331636926471 8423024.0
771.805027769497 10143841.0
772.0771309087978 12054912.0
772.3494731105494 14685072.0
772.622054374752 16991438.0
772.8948747014053 19460564.0
773.1679340905096 21469890.0
773.4412325420649 23406022.0
773.714770056071 24572342.0
773.9885466325279 24887164.0
774.2625622714359 23712968.0
774.5368169727947 20400248.0
774.8113107366042 17350016.0
775.0860435628648 13304482.0
775.3610154515762 9627194.0
775.6362264027387 7043898.0
775.9116764163518 6430796.0
776.1873654924159 6240170.0
776.4632936309309 6008092.5
776.7394608318967 5741205.5
777.0158670953135 5849886.0
777.2925124211812 6071400.0
777.5693968094998 6393474.0
777.8465202602692 6754679.0
778.1238827734896 6750533.0
778.4014843491608 7222624.5
778.6793249872829 7929033.0
778.957404687856 9474925.0
779.23572345088 11808184.0
779.5142812763546 13521348.0
779.7930781642804 15434385.0
780.0721141146569 17850790.0
780.3513891274845 20309044.0
780.6309032027627 20739368.0
780.9106563404919 20120448.0
781.1906485406721 18537792.0
781.4708798033031 17497644.0
781.7513501283851 16001249.0
782.0320595159178 16493291.0
782.3130079659015 17282858.0
782.5941954783361 17117244.0
782.8756220532216 17506606.0
783.157287690558 17371512.0
783.4391923903453 15415452.0
783.7213361525834 13065921.0
784.0037189772725 11446035.0
784.2863408644123 11232241.0
784.5692018140032 11796870.0
784.8523018260448 13237200.0
785.1356409005374 13766728.0
785.419219037481 14354598.0
785.7030362368753 15208441.0
785.9870924987206 15279858.0
786.2713878230167 14636688.0
786.5559222097638 13849354.0
786.8406956589616 13446276.0
787.1257081706106 13413401.0
787.4109597447102 13749421.0
787.6964503812609 13597504.0
787.9821800802623 13969628.0
788.2681488417147 14224585.0
788.554356665618 15035464.0
788.8408035519722 15519742.0
789.1274895007773 16351871.0
789.4144145120331 16346131.0
789.70157858574 16820120.0
789.9889817218977 17799744.0
790.2766239205064 18622822.0
790.5645051815659 18939610.0
790.8526255050763 20747188.0
791.1409848910375 22975782.0
791.4295833394498 25477544.0
791.7184208503128 28321236.0
792.0074974236268 30638518.0
792.2968130593916 31870132.0
792.5863677576074 34129600.0
792.876161518274 35669316.0
793.1661943413915 35033144.0
793.45646622696 34064052.0
793.7469771749792 33690900.0
794.0377271854495 32778168.0
794.3287162583705 32489656.0
794.6199443937426 32840652.0
794.9114115915653 34495660.0
795.2031178518391 35510080.0
795.4950631745637 35744144.0
795.7872475597393 35592670.0
796.0796710073657 36019090.0
796.372333517443 37187904.0
796.6652350899712 38753430.0
796.9583757249504 39643410.0
797.2517554223803 43328840.0
797.5453741822612 46627110.0
797.839232004593 50298690.0
798.1333288893755 53468550.0
798.4276648366092 57004564.0
798.7222398462935 59361180.0
799.0170539184289 62866396.0
799.3121070530151 66655696.0
799.6073992500523 68119740.0
799.9029305095402 70595610.0
800.1987008314792 72242740.0
800.4947102158688 72354040.0
800.7909586627096 70448940.0
801.0874461720011 69053480.0
801.3841727437435 69914990.0
801.6811383779369 69357060.0
801.9783430745811 67150790.0
802.2757868336762 62956944.0
802.5734696552222 60791556.0
802.8713915392192 56841716.0
803.1695524856669 54163416.0
803.4679524945657 53343536.0
803.7665915659152 52148340.0
804.0654696997157 52010676.0
804.364586895967 52311310.0
804.6639431546693 54140300.0
804.9635384758224 58322710.0
805.2633728594265 60262960.0
805.5634463054813 61286690.0
805.863758813987 63647270.0
806.1643103849437 63776844.0
806.4651010183513 64048156.0
806.7661307142098 63417260.0
807.0673994725191 62461404.0
807.3689072932794 63488084.0
807.6706541764905 66089320.0
807.9726401221526 70601510.0
808.2748651302655 77755270.0
808.5773292008294 85495420.0
808.880032333844 96884270.0
809.1829745293097 110287390.0
809.4861557872262 126189820.0
809.7895761075936 144192370.0
810.0932354904118 168044820.0
810.3971339356808 187306800.0
810.701271443401 203207650.0
811.0056480135719 216210110.0
811.3102636461938 228073840.0
811.6151183412665 233198620.0
811.9202120987901 227354160.0
812.2255449187645 215243900.0
812.5311168011899 199261340.0
812.8369277460662 175669820.0
813.1429777533934 153308480.0
813.4492668231715 138680510.0
813.7557949554005 127682040.0
814.0625621500802 120143090.0
814.3695684072109 112026360.0
814.6768137267925 104628000.0
814.984298108825 100461480.0
815.2920215533085 96518880.0
815.5999840602427 89073580.0
815.908185629628 83938550.0
816.216626261464 76718250.0
816.5253059557509 69592776.0
816.8342247124888 63144964.0
817.1433825316776 55019400.0
817.4527794133171 48462530.0
817.7624153574077 44461796.0
818.072290363949 42623064.0
818.3824044329415 41671396.0
818.6927575643846 41267016.0
819.0033497582787 44074160.0
819.3141810146236 48126256.0
819.6252513334194 52246216.0
819.9365607146663 56079700.0
820.2481091583638 62627430.0
820.5598966645124 70019496.0
820.8719232331118 79795450.0
821.1841888641621 89988220.0
821.4966935576633 104023320.0
821.8094373136155 120878150.0
822.1224201320184 141424260.0
822.4356420128723 163129150.0
822.749102956177 185349630.0
823.0628029619327 206213340.0
823.3767420301392 231926800.0
823.6909201607966 257316200.0
824.005337353905 281496320.0
824.3199936094642 299643970.0
824.6348889274743 306938270.0
824.9500233079352 296658700.0
825.2653967508472 275636260.0
825.5810092562099 243382620.0
825.8968608240236 201869780.0
826.2129514542881 151237570.0
826.5292811470036 103660610.0
826.8458499021699 71521020.0
827.1626577197871 52675036.0
827.4797045998553 41359860.0
827.7969905423743 34206988.0
828.1145155473441 29324184.0
828.4322796147649 26199970.0
828.7502827446367 21767280.0
829.0685249369592 19340248.0
829.3870061917327 17693316.0
829.705726508957 15096196.0
830.0246858886322 13935805.0
830.3438843307583 13187654.0
830.6633218353354 12338918.0
830.9829984023633 11414265.0
831.3029140318422 10602670.0
831.6230687237718 10021167.0
831.9434624781525 9725041.0
832.2640952949838 9313861.0
832.5849671742662 9488048.0
832.9060781159994 10325586.0
833.2274281201835 9776568.0
833.5490171868187 9725558.0
833.8708453159045 10116326.0
834.1929125074414 10309849.0
834.515218761429 10595446.0
834.8377640778676 10823649.0
835.160548456757 10890254.0
835.4835718980975 11729510.0
835.8068344018886 13141578.0
836.1303359681309 14337551.0
836.4540765968239 15900078.0
836.778056287968 17088358.0
837.1022750415626 17214040.0
837.4267328576084 17999346.0
837.7514297361049 19157302.0
838.0763656770524 19552704.0
838.4015406804508 20017678.0
838.7269547463001 20431182.0
839.0526078746003 20057992.0
839.3785000653513 20641938.0
839.7046313185533 20679318.0
840.0310016342061 20801596.0
840.3576110123099 20698728.0
840.6844594528644 20832536.0
841.01154695587 20535998.0
841.3388735213264 19801992.0
841.6664391492336 19606556.0
841.9942438395917 21123632.0
842.3222875924008 22239648.0
842.6505704076608 22268122.0
842.9790922853716 22509396.0
843.3078532255333 22319916.0
843.636853228146 21836960.0
843.9660922932096 20949946.0
844.2955704207238 20096542.0
844.6252876106893 20963868.0
844.9552438631054 21448438.0
845.2854391779725 19983596.0
845.6158735552905 19285100.0
845.9465469950594 19919296.0
846.2774594972791 22275822.0
846.6086110619498 25256010.0
846.9400016890712 28557144.0
847.2716313786436 31244552.0
847.603500130667 34184584.0
847.9356079451411 37414610.0
848.2679548220663 41409170.0
848.6005407614422 45414304.0
848.9333657632692 50346080.0
849.2664298275467 53861176.0
849.5997329542755 56345560.0
849.933275143455 59891156.0
850.2670563950855 60667360.0
850.6010767091668 60837550.0
850.935336085699 60509120.0
851.2698345246821 56599130.0
851.6045720261161 54531944.0
851.939548590001 52539204.0
852.2747642163367 51005320.0
852.6102189051235 49269064.0
852.9459126563609 44679900.0
853.2818454700493 38862024.0
853.6180173461887 34362220.0
853.9544282847789 30117528.0
854.29107828582 26828056.0
854.627967349312 25611598.0
854.9650954752549 28321982.0
855.3024626636488 30720402.0
855.6400689144934 33414496.0
855.9779142277889 34859200.0
856.3159986035355 36127256.0
856.6543220417327 37918260.0
856.992884542381 39524172.0
857.33168610548 41280940.0
857.6707267310301 45924456.0
858.010006419031 47799330.0
858.3495251694828 49168664.0
858.6892829823855 52911584.0
859.0292798577391 56312060.0
859.3695157955435 59425200.0
859.709990795799 63444240.0
860.0507048585051 65243530.0
860.3916579836623 69807050.0
860.7328501712702 72974140.0
861.0742814213293 76009496.0
861.415951733839 79327510.0
861.7578611087997 81000950.0
862.1000095462114 82071550.0
862.4423970460737 80653530.0
862.7850236083872 77921110.0
863.1278892331513 70618510.0
863.4709939203666 61727036.0
863.8143376700325 52736064.0
864.1579204821496 45478750.0
864.5017423567174 38721710.0
864.845803293736 31714136.0
865.1901032932057 27250778.0
865.5346423551262 23774636.0
865.8794204794975 22092084.0
866.2244376663198 23229550.0
866.569693915593 25845436.0
866.9151892273169 28530100.0
867.2609236014919 29626242.0
867.6068970381177 32429784.0
867.9531095371945 36028616.0
868.299561098722 39167812.0
868.6462517227006 43075896.0
868.9931814091299 48156364.0
869.3403501580103 51361030.0
869.6877579693414 56726056.0
870.0354048431236 62656024.0
870.3832907793565 66706376.0
870.7314157780402 69153780.0
871.079779839175 71499304.0
871.4283829627606 73229130.0
871.7772251487971 77514800.0
872.1263063972845 80160530.0
872.4756267082229 83395840.0
872.825186081612 85784830.0
873.1749845174521 83948440.0
873.525022015743 75564890.0
873.875298576485 62797976.0
874.2258141996776 51577000.0
874.5765688853213 44877256.0
874.9275626334158 40836024.0
875.2787954439613 40700296.0
875.6302673169575 41713972.0
875.9819782524048 42425656.0
876.3339282503027 44660444.0
876.6861173106518 45679550.0
877.0385454334516 43612770.0
877.3912126187024 41324840.0
877.744118866404 39704984.0
878.0972641765566 36691424.0
878.45064854916 32254736.0
878.8042719842143 27542262.0
879.1581344817196 23061176.0
879.5122360416756 18849008.0
879.8665766640827 16413095.0
880.2211563489404 15855122.0
880.5759750962493 16006016.0
880.9310329060089 16295095.0
881.2863297782194 16465512.0
881.6418657128809 16502361.0
881.9976407099932 16854330.0
882.3536547695564 17701156.0
882.7099078915705 17489382.0
883.0664000760355 17836498.0
883.4231313229513 18020978.0
883.7801016323183 18778742.0
884.1373110041359 19323598.0
884.4947594384045 18842608.0
884.8524469351239 18075628.0
885.2103734942943 18521528.0
885.5685391159154 17956424.0
885.9269437999875 16938902.0
886.2855875465107 16500496.0
886.6444703554844 15918755.0
887.0035922269093 14789479.0
887.3629531607849 15311760.0
887.7225531571116 16875608.0
888.082392215889 17785092.0
888.4424703371174 18508310.0
888.8027875207965 19855608.0
889.1633437669268 21752460.0
889.5241390755077 23153412.0
889.8851734465397 25239992.0
890.2464468800224 27253210.0
890.6079593759562 29731968.0
890.9697109343408 32954162.0
891.3317015551763 35354604.0
891.6939312384626 37651756.0
892.0563999841997 42127680.0
892.419107792388 44829836.0
892.7820546630269 47865504.0
893.145240596117 50947900.0
893.5086655916577 52608780.0
893.8723296496495 53896520.0
894.2362327700921 56106244.0
894.6003749529856 58435530.0
894.96475619833 61748144.0
895.3293765061252 65588876.0
895.6942358763713 68778300.0
896.0593343090684 72157230.0
896.4246718042164 75368830.0
896.7902483618151 73843970.0
897.1560639818649 69266960.0
897.5221186643654 63418124.0
897.888412409317 53773160.0
898.2549452167193 40780380.0
898.6217170865726 30531580.0
898.9887280188768 23611284.0
899.3559780136319 18067588.0
899.7234670708378 16219712.0
900.0911951904947 14610458.0
900.4591623726023 13060481.0
900.827368617161 11959582.0
901.1958139241705 11776151.0
901.5644982936308 11697002.0
901.9334217255422 12064801.0
902.3025842199042 12123720.0
902.6719857767174 12080685.0
903.0416263959813 11909359.0
903.4115060776962 11881674.0
903.7816248218619 12515048.0
904.1519826284787 13040086.0
904.5225794975461 12416279.0
904.8934154290646 12552209.0
905.2644904230337 11819748.0
905.635804479454 12058719.0
906.0073575983251 11985344.0
906.3791497796472 11652264.0
906.7511810234199 11465685.0
907.1234513296438 10725024.0
907.4959606983184 10632312.0
907.8687091294438 10484631.0
908.2416966230203 10454352.0
908.6149231790475 9608651.0
908.9883887975259 8539656.0
909.3620934784549 8904671.0
909.736037221835 9771019.0
910.1102200276657 9608418.0
910.4846418959476 9095211.0
910.8593028266802 9122504.0
911.2342028198638 9622165.0
911.6093418754981 9821231.0
911.9847199935836 9803029.0
912.3603371741196 10163351.0
912.7361934171067 10734638.0
913.1122887225448 10562956.0
913.4886230904336 11442958.0
913.8651965207735 11754586.0
914.242009013564 12387886.0
914.6190605688057 13341935.0
914.996351186498 13949955.0
915.3738808666415 13949798.0
915.7516496092356 14089090.0
916.1296574142808 15521011.0
916.5079042817767 16276829.0
916.8863902117237 15552179.0
917.2651152041215 15991850.0
917.6440792589702 15778420.0
918.0232823762697 16154439.0
918.4027245560201 15996405.0
918.7824057982216 14020835.0
919.1623261028737 13011688.0
919.542485469977 12986985.0
919.9228838995309 12960946.0
920.3035213915359 13192962.0
920.6843979459916 13623391.0
921.0655135628983 14531046.0
921.446868242256 15531476.0
921.8284619840645 15556288.0
922.2102947883237 16138674.0
922.5923666550341 16207062.0
922.9746775841952 15960245.0
923.3572275758072 17256678.0
923.7400166298701 19068382.0
924.1230447463838 20028584.0
924.5063119253487 20274038.0
924.8898181667641 20217978.0
925.2735634706307 20357238.0
925.657547836948 20761242.0
926.0417712657163 19899750.0
926.4262337569354 18702148.0
926.8109353106056 16832328.0
927.1958759267263 15416402.0
927.5810556052983 14690802.0
927.966474346321 15255745.0
928.3521321497947 14975501.0
928.7380290157191 14768070.0
929.1241649440944 14741746.0
929.5105399349206 14690098.0
929.8971539881978 14589288.0
930.2840071039259 14178854.0
930.6710992821048 12654950.0
931.0584305227347 11750518.0
931.4460008258154 11418386.0
931.8338101913471 11008456.0
932.2218586193296 9906929.0
932.610146109763 8349017.0
932.9986726626472 6297886.0
933.3874382779825 4803837.5
933.7764429557685 3560498.5
934.1656866960054 3247238.0
934.5551694986933 3442075.5
934.9448913638321 3494946.2
935.3348522914216 3712931.2
935.7250522814621 3539017.2
936.1154913339535 3280435.0
936.5061694488959 3472596.5
936.8970866262891 3324012.0
937.288242866133 3310845.2
937.6796381684281 3393372.2
938.0712725331739 3895052.2
938.4631459603708 3878175.2
938.8552584500184 4339516.5
939.247610002117 4344412.0
939.6402006166663 4374654.5
940.0330302936667 5090413.0
940.4260990331178 5709759.0
940.8194068350199 6036549.5
941.212953699373 5833946.0
941.6067396261767 5558874.5
942.0007646154315 5832855.0
942.3950286671371 5556544.0
942.7895317812938 5161586.0
943.184273957901 4793265.5
943.5792551969595 5173582.5
943.9744754984687 5046437.5
944.3699348624289 4586458.5
944.7656332888398 4440858.0
945.1615707777016 4018738.8
945.5577473290144 4109283.0
945.9541629427781 3822890.2
946.3508176189927 3908636.0
946.7477113576581 4227900.5
947.1448441587745 4348151.0
947.5422160223416 4753807.5
947.9398269483597 5548435.0
948.3376769368288 5453513.0
948.7357659877487 5351814.0
949.1340941011194 5272169.5
949.5326612769411 5374913.0
949.9314675152136 5768745.5
950.3305128159373 6127556.0
950.7297971791115 6276870.0
951.1293206047367 6365129.0
951.5290830928128 6224235.0
951.9290846433399 5972768.0
952.3293252563178 6293649.0
952.7298049317465 6415973.0
953.1305236696262 6021564.5
953.5314814699568 6036031.0
953.9326783327383 5867400.0
954.3341142579707 5272018.0
954.7357892456539 4993676.0
955.137703295788 5606042.0
955.5398564083731 5386644.0
955.942248583409 4999635.5
956.3448798208958 4815516.5
956.7477501208334 4423866.0
957.1508594832221 4001456.2
957.5542079080615 4143343.8
957.9577953953519 3939421.5
958.3616219450932 4242024.0
958.7656875572852 4541243.0
959.1699922319283 5015193.5
959.5745359690222 4691334.5
959.979318768567 4675344.5
960.3843406305627 4683058.0
960.7896015550094 4997173.0
961.1951015419069 5500925.5
961.6008405912553 5421896.0
962.0068187030545 5624265.0
962.4130358773048 4981119.0
962.8194921140057 5171453.5
963.2261874131577 5966784.0
963.6331217747605 6176473.0
964.0402951988142 6905329.5
964.4477076853188 6682157.0
964.8553592342744 7053757.5
965.2632498456808 6467760.0
965.671379519538 6412800.0
966.0797482558462 6614373.0
966.4883560546052 6106343.0
966.8972029158153 5320369.5
967.3062888394761 4999148.5
967.7156138255879 4788972.0
968.1251778741505 4524697.0
968.534980985164 4256425.5
968.9450231586284 4148592.8
969.3553043945437 4053832.8
969.7658246929099 3815441.0
970.1765840537269 3584793.5
970.5875824769948 3769240.0
970.9988199627137 3571765.2
971.4102965108834 3266536.5
971.822012121504 3466441.5
972.2339667945757 3664738.8
972.6461605300981 3902947.8
973.0585933280714 4571764.5
973.4712651884955 5257672.5
973.8841761113707 5515626.0
974.2973260966967 6554633.0
974.7107151444736 6017135.0
975.1243432547012 5845372.0
975.5382104273799 5754200.5
975.9523166625095 6900772.0
976.3666619600898 8091102.5
976.7812463201212 8201527.5
977.1960697426034 8470558.0
977.6111322275365 8626170.0
978.0264337749204 8488528.0
978.4419743847554 8472015.0
978.8577540570411 8471748.0
979.2737727917779 8360219.5
979.6900305889653 8171694.0
980.1065274486039 7299301.0
980.523263370693 6604954.5
980.9402383552333 6146559.0
981.3574524022245 6730949.5
981.7749055116664 7347988.0
982.1925976835594 7395387.0
982.6105289179031 8094300.0
983.0286992146978 8881785.0
983.4471085739433 8772247.0
983.8657569956398 10206619.0
984.2846444797872 10499772.0
984.7037710263854 10533481.0
985.1231366354345 10808344.0
985.5427413069345 10995776.0
985.9625850408854 11918418.0
986.3826678372873 11522039.0
986.8029896961399 12075176.0
987.2235506174435 11969860.0
987.6443506011979 11251946.0
988.0653896474032 11782238.0
988.4866677560595 11368778.0
988.9081849271665 10848970.0
989.3299411607247 10477179.0
989.7519364567336 9950846.0
990.1741708151934 9419644.0
990.5966442361041 8792438.0
991.0193567194657 8544013.0
991.4423082652781 7970435.5
991.8654988735416 7241452.5
992.2889285442558 7401864.0
992.712597277421 7277646.0
993.1365050730369 7239318.0
993.5606519311038 7253381.0
993.9850378516217 7376748.0
994.4096628345903 7883295.0
994.83452688001 8404299.0
995.2596299878804 9352485.0
995.6849721582018 9756435.0
996.110553390974 9846331.0
996.5363736861973 10115746.0
996.9624330438713 10533881.0
997.3887314639962 10257354.0
997.8152689465721 10379448.0
998.2420454915989 9999119.0
998.6690610990764 9329398.0
999.0963157690048 9003819.0
999.5238095013843 8053621.0
999.9515422962145 7465504.0
1000.3795141534958 7270907.0
1000.8077250732279 6937458.0
1001.2361750554107 6513340.0
1001.6648641000446 5672341.0
1002.0937922071294 4813301.5
1002.522959376665 4587789.5
1002.9523656086515 4533641.0
1003.3820109030889 4634530.0
1003.8118952599773 6302705.5
1004.2420186793163 6807190.0
1004.6723811611065 7122056.0
1005.1029827053474 7682066.0
1005.5338233120393 8330697.5
1005.9649029811819 9269095.0
1006.3962217127755 10468824.0
1006.8277795068202 11793672.0
1007.2595763633155 13155220.0
1007.6916122822619 14370005.0
1008.1238872636591 15552268.0
1008.5564013075071 16351512.0
1008.9891544138061 17917060.0
1009.422146582556 18910542.0
1009.8553778137567 20388090.0
1010.2888481074084 21402038.0
1010.7225574635108 21301718.0
1011.1565058820644 20998220.0
1011.5906933630686 20344816.0
1012.0251199065237 19178204.0
1012.45978551243 14928196.0
1012.8946901807869 11613914.0
1013.3298339115948 8958302.0
1013.7652167048535 7519565.5
1014.2008385605632 6235297.5
1014.6366994787238 5799815.5
1015.0727994593352 5801512.5
1015.5091385023975 5330888.0
1015.9457166079108 4837576.5
1016.3825337758749 5620708.0
1016.8195900062899 6702353.0
1017.2568852991558 8187835.0
1017.6944196544725 9276132.0
1018.1321930722402 9995037.0
1018.5702055524587 11484934.0
1019.0084570951283 12789119.0
1019.4469477002485 13211411.0
1019.8856773678198 13370316.0
1020.3246460978419 13827631.0
1020.763853890315 15213260.0
1021.2033007452387 16854880.0
1021.6429866626136 17460994.0
1022.0829116424393 18343346.0
1022.5230756847159 18751784.0
1022.9634787894433 17005598.0
1023.4041209566217 14376959.0
1023.8450021862509 11894825.0
1024.286122478331 8958238.0
1024.727481832862 6340096.0
1025.1690802498438 4618197.0
1025.6109177292767 3805965.2
1026.0529942711605 3210332.2
1026.495309875495 2371735.0
1026.9378645422805 2073325.8
1027.380658271517 1784000.1
1027.823691063204 1383549.5
1028.2669629173424 1570724.9
1028.7104738339312 1692905.0
1029.1542238129714 1854850.5
1029.598212854462 1707141.1
1030.0424409584039 1526031.8
1030.4869081247964 1352042.4
1030.9316143536398 1136878.6
1031.376559644934 1197052.6
1031.8217439986793 1177260.2
1032.2671674148755 1052970.4
1032.7128298935227 918849.94
1033.1587314346207 1118882.4
1033.6048720381693 796000.7
1034.051251704169 1259483.8
1034.4978704326197 1133599.8
1034.9447282235212 1107680.5
1035.3918250768736 1058006.8
1035.8391609926769 1131228.0
1036.286735970931 1160179.5
1036.734550011636 1281823.2
1037.182603114792 1298656.9
1037.6308952803988 1037188.9
1038.0794265084567 1119622.4
1038.5281967989652 1400102.6
1038.9772061519247 1431533.5
1039.426454567335 1425561.9
1039.8759420451966 1627932.0
1040.3256685855085 1351785.6
1040.7756341882716 1412634.4
1041.2258388534856 1643654.4
1041.6762825811506 1314850.8
1042.1269653712661 1178492.9
1042.577887223833 1607864.8
1043.0290481388504 1460736.2
1043.4804481163187 1601788.9
1043.9320871562381 1917298.1
1044.3839652586082 1847041.5
1044.8360824234294 1880612.2
1045.2884386507012 1727860.2
1045.7410339404241 2036502.4
1046.193868292598 1739313.6
1046.6469417072226 1886807.0
1047.1002541842981 1760113.9
1047.5538057238246 1714988.6
1048.0075963258018 1773512.0
1048.46162599023 1719569.4
1048.915894717109 1987631.4
1049.3704025064392 1837952.2
1049.82514935822 1971616.1
1050.2801352724516 1760420.6
1050.7353602491344 1721190.0
1051.1908242882678 1623649.4
1051.6465273898525 1325809.2
1052.1024695538877 1298560.6
1052.558650780374 1712036.4
1053.015071069311 1753990.0
1053.471730420699 1833016.0
1053.928628834538 2053032.0
1054.3857663108276 2037797.2
1054.8431428495683 2147370.5
1055.30075845076 2452052.0
1055.7586131144024 2155394.2
1056.2167068404956 2004244.8
1056.67503962904 1970056.5
1057.133611480035 1857311.4
1057.592422393481 1712684.5
1058.0514723693777 2336419.2
1058.5107614077258 2518063.0
1058.9702895085243 1072336.1
1059.4300566717739 -955841.0
1059.8900628974743 -2790169.8
1060.3503081856259 -4138646.0
1060.8107925362278 -5549568.0
1061.2715159492811 -7196753.0
1061.732478424785 -9029269.0
1062.1936799627401 -11184370.0
1062.6551205631458 -12825816.0
1063.1168002260026 -14537282.0
1063.57871895131 -15860721.0
1064.0408767390686 -18076042.0
1064.503273589278 -20257984.0
1064.965909501938 -22234782.0
1065.4287844770492 -24191418.0
1065.8918985146113 -25982328.0
1066.3552516146242 -28230718.0
1066.818843777088 -30100404.0
1067.2826750020029 0.0
1067.7467452893684 0.0
1068.211054639185 0.0
1068.6756030514523 0.0
1069.1403905261704 0.0
1069.6054170633397 0.0
1070.0706826629596 0.0
1070.5361873250306 0.0
1071.0019310495525 0.0
1071.4679138365252 0.0
1071.9341356859486 0.0
