string
description: px_shifted, calibration parameter: [ 1.19531225e-04 -2.30194563e-02  6.18194146e+02]
converted file:R_100ms_Fe_S3_x_1_40_binned_y back: data/dark_100msRZP-structure:___RZP_S3100msRoi:[0, 1040, 2048, 2048]
eV counts/s
618.1712462133476 1755957.8
618.1485853507007 1942380.0
618.1261635505048 2010401.8
618.1039808127597 1797380.6
618.0820371374655 1910272.6
618.0603325246223 1706975.6
618.0388669742298 1721073.5
618.0176404862883 2039204.0
617.9966530607976 2041614.9
617.9759046977579 2159261.0
617.955395397169 2170266.8
617.9351251590311 2550391.8
617.9150939833439 2565262.8
617.8953018701078 2356821.0
617.8757488193226 2231447.8
617.8564348309881 2679825.2
617.8373599051046 2691397.5
617.8185240416719 2550144.5
617.7999272406903 2482447.0
617.7815695021593 2421828.5
617.7634508260794 2318699.2
617.7455712124504 2311184.8
617.7279306612722 2351260.0
617.7105291725449 2119409.5
617.6933667462686 1887748.2
617.676443382443 1889724.0
617.6597590810685 2008634.2
617.6433138421447 2448439.5
617.6271076656718 2325759.5
617.6111405516499 2290366.2
617.5954125000789 2322425.5
617.5799235109587 2427291.8
617.5646735842894 2551727.0
617.5496627200711 2362589.5
617.5348909183035 2519745.2
617.520358178987 2627689.8
617.5060645021213 3017686.2
617.4920098877064 3247337.5
617.4781943357425 3554417.2
617.4646178462295 3680682.2
617.4512804191673 3001667.5
617.4381820545561 3062042.5
617.4253227523957 3248303.8
617.4127025126862 2721118.0
617.4003213354276 2657694.5
617.3881792206199 2652960.2
617.3762761682632 1994993.6
617.3646121783572 1653832.5
617.3531872509022 1808783.2
617.342001385898 1765486.1
617.3310545833449 1819239.8
617.3203468432424 1933874.5
617.309878165591 2299182.2
617.2996485503904 1941652.4
617.2896579976408 1736846.0
617.2799065073419 2501176.0
617.270394079494 2417132.5
617.261120714097 2821328.0
617.2520864111508 2789127.5
617.2432911706557 2973121.2
617.2347349926113 3500473.5
617.2264178770179 4188781.5
617.2183398238752 3834060.5
617.2105008331837 3717908.8
617.2029009049428 3497597.0
617.195540039153 2580760.5
617.188418235814 2592191.0
617.1815354949258 3106326.2
617.1748918164886 3268324.5
617.1684872005023 2668572.0
617.1623216469668 2230553.5
617.1563951558823 2838187.5
617.1507077272486 3331106.2
617.1452593610658 3889144.0
617.140050057334 3953453.8
617.1350798160529 3739387.8
617.1303486372229 3653588.0
617.1258565208436 4631476.5
617.1216034669154 4919685.5
617.1175894754379 4766002.5
617.1138145464114 5195898.5
617.1102786798357 4880303.0
617.106981875711 4634330.5
617.1039241340371 4381204.0
617.1011054548142 4383886.0
617.0985258380421 4098010.2
617.0961852837207 3893199.5
617.0940837918505 4071662.5
617.092221362431 4420635.5
617.0905979954625 4273949.5
617.0892136909449 4835834.5
617.0880684488782 4635704.5
617.0871622692623 4543960.5
617.0864951520974 5763961.0
617.0860670973833 6942603.0
617.0858781051202 7374669.0
617.0859281753078 8783772.0
617.0862173079464 8431179.0
617.0867455030359 6906004.5
617.0875127605763 5308755.0
617.0885190805675 3243415.0
617.0897644630096 1949786.2
617.0912489079027 1539468.0
617.0929724152465 1088046.8
617.0949349850415 1365283.6
617.0971366172871 1772705.0
617.0995773119838 1815705.1
617.1022570691313 1644672.8
617.1051758887297 1937706.4
617.1083337707789 2046123.9
617.1117307152791 1574823.9
617.1153667222302 1348115.5
617.1192417916321 1398121.5
617.123355923485 1942293.6
617.1277091177888 2861395.5
617.1323013745433 3125580.2
617.1371326937488 3925425.2
617.1422030754052 5049955.0
617.1475125195125 5339218.0
617.1530610260706 5011754.0
617.1588485950797 5272681.0
617.1648752265397 6366518.0
617.1711409204505 7225561.0
617.1776456768123 6743157.0
617.1843894956249 7750890.5
617.1913723768885 7655182.0
617.1985943206029 6694217.0
617.2060553267681 6800857.0
617.2137553953843 6805396.0
617.2216945264513 6304129.5
617.2298727199694 6054978.0
617.2382899759382 5144838.0
617.246946294358 3481126.0
617.2558416752286 1954083.2
617.2649761185502 1629907.8
617.2743496243226 1347981.5
617.2839621925459 1445417.6
617.29381382322 688503.1
617.3039045163453 919443.0
617.3142342719211 1305603.6
617.3248030899481 1235771.8
617.3356109704258 1048436.0
617.3466579133545 739616.5
617.357943918734 605790.1
617.3694689865644 819562.4
617.3812331168458 688004.7
617.3932363095779 941728.7
617.4054785647611 1270598.5
617.417959882395 1110567.8
617.43068026248 843227.9
617.4436397050157 637898.0
617.4568382100024 660586.9
617.47027577744 819794.3
617.4839524073284 1506552.2
617.4978680996677 2725105.0
617.512022854458 4128633.0
617.526416671699 5544375.0
617.5410495513911 6906832.0
617.555921493534 8447642.0
617.5710324981277 8875280.0
617.5863825651725 8249289.0
617.601971694668 6331006.0
617.6177998866144 4980474.5
617.6338671410118 4663902.0
617.6501734578601 4001937.2
617.6667188371591 3774224.5
617.6835032789093 3716695.5
617.70052678311 3774095.2
617.7177893497619 3742418.0
617.7352909788646 4068196.5
617.7530316704182 4588409.5
617.7710114244226 4916673.5
617.7892302408779 4539113.0
617.8076881197842 4324398.0
617.8263850611413 4419177.5
617.8453210649494 4323007.5
617.8644961312083 6045007.0
617.8839102599181 8541446.0
617.9035634510788 11042741.0
617.9234557046905 12636712.0
617.9435870207528 14781146.0
617.9639573992663 15337981.0
617.9845668402305 13798916.0
618.0054153436457 11636028.0
618.0265029095117 9757909.0
618.0478295378288 7531602.5
618.0693952285965 5985925.0
618.0911999818152 4582400.5
618.1132437974848 2916676.0
618.1355266756052 2429873.0
618.1580486161766 2307423.0
618.180809619199 1858634.0
618.2038096846721 1214104.5
618.2270488125961 1072808.0
618.2505270029711 1463324.4
618.2742442557969 1542767.6
618.2982005710737 1084869.9
618.3223959488013 1029976.75
618.3468303889798 808615.5
618.3715038916091 822684.1
618.3964164566895 947272.25
618.4215680842207 1220453.6
618.4469587742026 989639.25
618.4725885266356 899682.75
618.4984573415195 1391521.4
618.5245652188543 1491519.4
618.5509121586398 1558654.0
618.5774981608764 1433576.5
618.6043232255638 1623411.1
618.6313873527021 1387573.9
618.6586905422912 1449382.8
618.6862327943314 1814889.4
618.7140141088223 2508904.5
618.7420344857642 3344051.0
618.7702939251569 4426561.0
618.7987924270005 5883090.0
618.827529991295 7407865.5
618.8565066180404 9576039.0
618.8857223072368 10247575.0
618.915177058884 10949430.0
618.944870872982 11396112.0
618.974803749531 9477623.0
619.004975688531 6980284.0
619.0353866899817 5246536.0
619.0660367538834 4030632.5
619.0969258802359 2947250.5
619.1280540690393 2956392.2
619.1594213202936 3016512.0
619.1910276339989 2785160.2
619.2228730101549 2172300.0
619.2549574487618 1876229.4
619.2872809498198 1760729.0
619.3198435133286 1487267.2
619.3526451392883 940585.56
619.3856858276988 1086188.4
619.4189655785602 1024882.9
619.4524843918725 613570.94
619.4862422676358 830883.06
619.5202392058499 1002343.7
619.5544752065149 1030056.75
619.5889502696308 1131967.2
619.6236643951976 1167368.5
619.6586175832152 1365650.0
619.6938098336839 1760840.2
619.7292411466033 2292115.2
619.7649115219735 2894800.2
619.8008209597948 3492501.2
619.8369694600669 3599678.8
619.8733570227901 4768764.0
619.9099836479638 5861880.0
619.9468493355887 7156637.0
619.9839540856643 8089350.0
620.0212978981909 8319322.0
620.0588807731684 7079447.0
620.0967027105968 5633177.0
620.134763710476 4214029.5
620.1730637728062 2868260.5
620.2116028975872 2420326.0
620.2503810848191 1952349.8
620.2893983345019 1603790.1
620.3286546466355 1354746.1
620.3681500212202 1132700.1
620.4078844582556 852249.44
620.447857957742 1279557.8
620.4880705196792 1273798.2
620.5285221440674 1081296.2
620.5692128309064 677204.44
620.6101425801965 712895.5
620.6513113919372 747086.5
620.692719266129 943888.5
620.7343662027715 679765.06
620.7762522018651 757218.6
620.8183772634094 696601.25
620.8607413874046 618002.8
620.9033445738509 797041.1
620.9461868227478 961588.8
620.9892681340958 954148.25
621.0325885078946 993273.4
621.0761479441444 1191275.5
621.1199464428449 1420515.6
621.1639840039965 976299.1
621.2082606275989 1165176.1
621.2527763136521 901629.7
621.2975310621563 1021317.75
621.3425248731114 1186699.8
621.3877577465173 1163177.0
621.4332296823742 1154753.0
621.478940680682 1175219.5
621.5248907414405 1604696.4
621.5710798646501 1386799.9
621.6175080503104 951484.06
621.6641752984218 965470.3
621.7110816089839 1111866.4
621.758226981997 1147578.6
621.8056114174609 1098417.2
621.8532349153759 988088.06
621.9010974757415 1260701.1
621.9491990985582 1023750.75
621.9975397838257 851383.25
622.0461195315442 1246080.1
622.0949383417135 1500185.6
622.1439962143336 1744501.2
622.1932931494047 1760165.2
622.2428291469266 1661955.0
622.2926042068996 1330512.4
622.3426183293233 1509602.8
622.392871514198 1800461.1
622.4433637615234 1494796.9
622.4940950713 1245602.4
622.5450654435272 1498463.1
622.5962748782055 1322274.2
622.6477233753345 1554953.1
622.6994109349146 1467954.5
622.7513375569454 1280773.2
622.8035032414273 1685494.2
622.8559079883598 1589383.8
622.9085517977434 1421784.0
622.9614346695778 1878568.0
623.0145566038631 2296830.5
623.0679176005993 2680753.5
623.1215176597865 2641012.2
623.1753567814245 2312788.0
623.2294349655133 2101070.2
623.2837522120532 2043026.4
623.3383085210438 2350708.8
623.3931038924854 2833250.2
623.4481383263778 3086526.5
623.5034118227212 3734341.2
623.5589243815153 4508490.0
623.6146760027606 5439091.0
623.6706666864566 6366862.0
623.7268964326033 7387258.0
623.7833652412012 6905039.0
623.8400731122499 6451360.5
623.8970200457495 6277752.0
623.9542060416999 4846068.5
624.0116311001013 3440193.5
624.0692952209534 2926259.8
624.1271984042567 2701859.8
624.1853406500106 2244883.5
624.2437219582156 1747291.4
624.3023423288714 1623312.5
624.3612017619781 1567003.6
624.4203002575357 1630750.1
624.4796378155443 1716425.8
624.5392144360035 1714618.8
624.5990301189137 1186673.4
624.659084864275 990641.8
624.7193786720869 1198621.9
624.7799115423499 1395298.8
624.8406834750637 1084832.4
624.9016944702284 872596.3
624.962944527844 754462.75
625.0244336479105 1011704.94
625.0861618304278 1027186.56
625.1481290753961 1088817.9
625.2103353828153 1221091.0
625.2727807526853 1925910.6
625.3354651850062 2183676.5
625.398388679778 2140888.8
625.4615512370008 1667741.4
625.5249528566744 1852767.2
625.5885935387989 2232491.0
625.6524732833743 2677811.2
625.7165920904006 2975604.5
625.7809499598777 3242356.2
625.8455468918058 3518424.0
625.9103828861847 4414912.0
625.9754579430146 4386835.5
626.0407720622953 4213169.5
626.106325244027 3572331.5
626.1721174882094 2537436.0
626.2381487948429 1963501.1
626.3044191639272 1941179.4
626.3709285954623 1896395.0
626.4376770894484 1760595.5
626.5046646458853 1254445.5
626.5718912647732 1275199.8
626.6393569461119 1500224.5
626.7070616899016 1476120.2
626.7750054961421 1604688.6
626.8431883648335 1671436.0
626.9116102959758 1522449.5
626.980271289569 1304348.6
627.0491713456131 1134553.5
627.1183104641082 1270356.8
627.1876886450539 1221169.4
627.2573058884507 1307874.5
627.3271621942984 1604493.0
627.3972575625968 1728468.9
627.4675919933463 1724432.0
627.5381654865465 2210513.5
627.6089780421978 2711317.5
627.6800296602999 2667508.8
627.7513203408529 2959197.2
627.8228500838567 3053847.5
627.8946188893116 2920342.2
627.9666267572171 2716856.0
628.0388736875738 2834366.2
628.1113596803812 2452454.5
628.1840847356395 1503601.0
628.2570488533487 1592612.5
628.3302520335087 2117757.5
628.4036942761198 2526561.5
628.4773755811816 2032307.5
628.5512959486945 2321403.5
628.6254553786581 2406702.8
628.6998538710727 3035422.0
628.7744914259381 3124384.8
628.8493680432545 2961948.8
628.9244837230217 2911458.0
628.9998384652398 3017252.5
629.0754322699088 3130102.0
629.1512651370288 3222685.5
629.2273370665995 3170367.8
629.3036480586212 3778428.0
629.3801981130938 4118267.5
629.4569872300171 3882222.2
629.5340154093916 3337474.5
629.6112826512167 2917026.2
629.6887889554929 2259021.0
629.7665343222199 1935931.8
629.8445187513979 1722679.8
629.9227422430266 1730118.5
630.0012047971064 1820407.6
630.0799064136369 1408323.2
630.1588470926184 1282135.8
630.2380268340507 1318968.2
630.317445637934 1664231.0
630.3971035042681 2081425.2
630.4770004330533 2334346.5
630.5571364242891 2116701.8
630.6375114779759 2304885.0
630.7181255941136 1909990.1
630.7989787727022 1662215.1
630.8800710137417 1829946.9
630.961402317232 2183079.0
631.0429726831734 2152228.2
631.1247821115654 1969844.4
631.2068306024086 1481698.2
631.2891181557025 1659359.9
631.3716447714473 1238987.6
631.454410449643 1037579.25
631.5374151902896 1328668.9
631.6206589933871 1017736.56
631.7041418589355 1305830.6
631.7878637869347 1554454.9
631.8718247773849 1777616.2
631.956024830286 1968972.0
632.0404639456378 2176483.0
632.1251421234408 2072171.0
632.2100593636944 1656376.0
632.2952156663991 1930229.5
632.3806110315546 2134159.5
632.4662454591611 1598037.8
632.5521189492183 1857305.5
632.6382315017265 1692430.8
632.7245831166855 1335871.5
632.8111737940956 1389386.2
632.8980035339563 1597548.6
632.985072336268 1843274.4
633.0723802010307 1998870.2
633.1599271282441 2458003.0
633.2477131179087 2542011.5
633.3357381700239 2325751.0
633.4240022845902 2779425.2
633.5125054616071 3145037.0
633.6012477010752 2408218.5
633.690229002994 2214723.0
633.7794493673638 2148468.8
633.8689087941844 2292303.2
633.958607283456 2327072.2
634.0485448351784 2118250.2
634.1387214493517 2025061.9
634.2291371259759 2233171.8
634.3197918650509 1799254.8
634.4106856665769 1442592.2
634.5018185305538 1456804.5
634.5931904569816 1429451.0
634.6848014458602 1590999.5
634.7766514971898 1288365.8
634.8687406109701 1446605.6
634.9610687872016 1441850.0
635.0536360258837 1590032.8
635.1464423270169 1175018.1
635.2394876906009 1042362.1
635.3327721166357 1103853.0
635.4262956051215 1069266.1
635.5200581560582 1081227.0
635.6140597694457 1166606.1
635.7083004452841 1464385.5
635.8027801835735 1466990.6
635.8974989843136 1235443.2
635.9924568475049 1185465.5
636.0876537731468 932677.4
636.1830897612398 1072963.2
636.2787648117835 1212615.0
636.3746789247782 1270247.2
636.4708321002237 1272748.0
636.5672243381202 1521142.4
636.6638556384676 2029472.4
636.7607260012659 2091873.2
636.857835426515 1825979.5
636.9551839142149 1409485.5
637.0527714643658 1340505.6
637.1505980769675 1904486.4
637.2486637520203 2023551.9
637.3469684895239 2043161.4
637.4455122894784 1850771.9
637.5442951518837 1888565.0
637.64331707674 1941421.4
637.742578064047 1901686.9
637.8420781138052 1616529.0
637.941817226014 1354794.5
638.0417954006739 1146318.9
638.1420126377845 1109223.1
638.2424689373462 844251.3
638.3431642993586 1028071.1
638.444098723822 1632153.1
638.5452722107362 1348040.0
638.6466847601014 846131.0
638.7483363719175 872097.1
638.8502270461844 1060407.4
638.9523567829023 1256399.5
639.0547255820709 1345376.2
639.1573334436905 1555050.6
639.260180367761 1501107.4
639.3632663542825 1467445.6
639.4665914032546 1329357.8
639.5701555146778 1188722.2
639.6739586885519 1640740.5
639.7780009248769 1891682.6
639.8822822236526 1730759.0
639.9868025848793 2335913.5
640.091562008557 2294694.0
640.1965604946854 2327338.2
640.3017980432649 2899367.2
640.4072746542952 3571720.0
640.5129903277764 3166334.5
640.6189450637083 3023566.0
640.7251388620914 2205504.0
640.8315717229252 1556001.8
640.93824364621 1561639.8
641.0451546319456 1430507.0
641.1523046801321 1299705.2
641.2596937907695 1302695.1
641.3673219638578 1238981.0
641.4751891993969 1398511.9
641.583295497387 1407515.2
641.691640857828 1642784.8
641.8002252807198 1094009.0
641.9090487660626 1049838.2
642.0181113138563 1443069.0
642.1274129241008 1696480.1
642.2369535967962 1749021.4
642.3467333319426 1696716.4
642.4567521295397 1593765.5
642.5670099895879 1542491.5
642.6775069120868 2179117.8
642.7882428970366 1978035.8
642.8992179444374 1377752.6
643.010432054289 1309783.9
643.1218852265915 1320150.6
643.2335774613449 1205610.5
643.3455087585494 1176950.8
643.4576791182045 1177093.5
643.5700885403106 1328700.6
643.6827370248676 1601195.5
643.7956245718756 1561770.8
643.9087511813342 1210366.4
644.0221168532439 1111421.2
644.1357215876045 1430054.9
644.249565384416 1714090.0
644.3636482436782 1405953.6
644.4779701653915 1229891.1
644.5925311495556 1371516.8
644.7073311961706 1469381.8
644.8223703052365 1371189.5
644.9376484767532 1585853.8
645.0531657107209 1332661.0
645.1689220071395 1417808.9
645.2849173660089 1788546.1
645.4011517873292 1634757.8
645.5176252711005 1311576.0
645.6343378173226 1221626.6
645.7512894259957 1374204.5
645.8684800971196 2028728.9
645.9859098306944 2335966.2
646.10357862672 1902053.0
646.2214864851966 1583760.2
646.3396334061241 1374930.0
646.4580193895024 1133489.4
646.5766444353317 1234099.8
646.6955085436118 1145445.1
646.8146117143428 1246097.4
646.9339539475247 1414294.4
647.0535352431576 1415407.4
647.1733556012413 1307901.4
647.2934150217759 1347019.0
647.4137135047613 1393780.8
647.5342510501977 1762997.0
647.6550276580849 1334985.2
647.7760433284232 1575418.1
647.8972980612122 1251667.0
648.018791856452 999368.06
648.1405247141429 972352.2
648.2624966342845 1266055.8
648.3847076168772 1435338.8
648.5071576619206 1721449.2
648.629846769415 1318875.6
648.7527749393603 1191113.5
648.8759421717565 1298646.4
648.9993484666035 1195328.9
649.1229938239015 1109853.2
649.2468782436503 1207437.1
649.3710017258501 1060296.8
649.4953642705007 1123062.0
649.6199658776021 1022531.56
649.7448065471544 854753.44
649.8698862791578 1068434.8
649.9952050736119 1128327.0
650.120762930517 1053822.2
650.2465598498729 1415428.6
650.3725958316797 1489411.0
650.4988708759375 1443497.8
650.6253849826461 986011.25
650.7521381518056 894726.5
650.879130383416 1303306.9
651.0063616774773 1047075.06
651.1338320339895 1081299.8
651.2615414529527 1006049.75
651.3894899343666 1274696.5
651.5176774782313 1364058.1
651.6461040845472 1076621.5
651.7747697533138 1056969.2
651.9036744845314 1313615.1
652.0328182781997 1358405.1
652.162201134319 1417171.4
652.2918230528892 1309535.8
652.4216840339103 1374125.5
652.5517840773823 1252937.6
652.6821231833052 1504737.5
652.8127013516789 1808386.5
652.9435185825037 1744208.1
653.074574875779 1343687.0
653.2058702315056 1535264.9
653.3374046496829 1352559.5
653.469178130311 1369067.5
653.6011906733902 1263405.9
653.73344227892 1183443.1
653.865932946901 1115790.1
653.9986626773327 1093356.2
654.1316314702154 979555.6
654.2648393255489 745729.1
654.3982862433335 1230162.5
654.5319722235687 1310570.1
654.665897266255 1180461.0
654.8000613713921 1592322.5
654.9344645389801 1348349.9
655.069106769019 1205778.9
655.2039880615088 1280285.6
655.3391084164494 1303226.1
655.4744678338409 921859.9
655.6100663136834 1100095.1
655.7459038559767 1326968.1
655.881980460721 1487986.4
656.0182961279161 1225870.8
656.1548508575621 1535847.6
656.291644649659 1461979.9
656.4286775042068 1452724.4
656.5659494212055 1122721.9
656.7034604006551 985167.8
656.8412104425555 1354769.8
656.9791995469069 1079520.1
657.117427713709 1304599.9
657.2558949429622 1203593.8
657.3946012346663 1447714.2
657.5335465888211 1329318.5
657.672731005427 1389943.2
657.8121544844836 1838106.5
657.9518170259913 1460224.0
658.0917186299497 977291.6
658.2318592963591 1011992.56
658.3722390252193 1054433.2
658.5128578165305 1066666.8
658.6537156702925 1057947.1
658.7948125865055 1474554.2
658.9361485651692 1120101.8
659.077723606284 1618643.6
659.2195377098495 1605215.0
659.361590875866 960041.1
659.5038831043335 964949.7
659.6464143952517 1293836.0
659.7891847486209 1405734.2
659.9321941644408 1545811.4
660.0754426427119 1297053.1
660.2189301834336 1182720.1
660.3626567866064 1372495.6
660.50662245223 1575957.2
660.6508271803045 1579673.6
660.7952709708298 1170936.8
660.9399538238061 1189575.8
661.0848757392333 1214674.4
661.2300367171114 974298.4
661.3754367574403 992583.1
661.5210758602201 832189.94
661.6669540254509 743648.2
661.8130712531324 837137.75
661.9594275432651 1062027.6
662.1060228958484 1082381.1
662.2528573108827 1132772.1
662.3999307883678 1068671.5
662.5472433283039 1097480.1
662.6947949306908 992159.7
662.8425855955288 967560.75
662.9906153228175 1177098.4
663.1388841125572 1177734.4
663.2873919647476 1253826.4
663.436138879389 1391293.0
663.5851248564813 1286404.4
663.7343498960245 1095230.0
663.8838139980186 838939.7
664.0335171624636 719495.5
664.1834593893594 1155228.6
664.3336406787062 1289109.0
664.4840610305039 1287840.2
664.6347204447524 1149943.4
664.7856189214518 1012883.2
664.936756460602 890161.2
665.0881330622034 914243.9
665.2397487262554 1139769.9
665.3916034527584 1115190.2
665.5436972417123 1326556.0
665.6960300931171 1110186.0
665.8486020069727 1212669.5
666.0014129832791 1080736.0
666.1544630220367 860614.6
666.3077521232449 1502326.9
666.4612802869042 1150888.5
666.6150475130142 1304744.9
666.7690538015753 1665929.9
666.9232991525871 1701899.2
667.07778356605 1617005.6
667.2325070419636 1304100.2
667.3874695803282 1340563.1
667.5426711811436 1423913.1
667.69811184441 1225773.9
667.8537915701272 1326552.0
668.0097103582953 1650781.5
668.1658682089143 1654363.5
668.3222651219842 1885383.8
668.4789010975051 2220224.0
668.6357761354766 1908081.1
668.7928902358992 1779900.0
668.9502433987727 1337787.5
669.1078356240971 1204149.5
669.2656669118722 1349755.6
669.4237372620985 1540530.0
669.5820466747754 1124248.8
669.7405951499034 1293623.0
669.8993826874821 1173763.0
670.0584092875117 1402468.9
670.2176749499924 1017827.4
670.3771796749238 935766.8
670.5369234623063 1135050.4
670.6969063121394 1005439.1
670.8571282244236 702475.6
671.0175891991586 790971.0
671.1782892363447 968054.3
671.3392283359814 1042612.8
671.5004064980691 1208349.5
671.6618237226077 1196769.8
671.8234800095972 1070670.8
671.9853753590376 1251404.0
672.1475097709289 1023637.25
672.309883245271 1003256.6
672.472495782064 1161106.8
672.635347381308 863418.25
672.7984380430028 1333974.4
672.9617677671484 1239595.8
673.125336553745 1428653.8
673.2891444027925 1616928.2
673.453191314291 1614312.4
673.6174772882403 1449822.0
673.7820023246404 1551238.6
673.9467664234915 1529856.0
674.1117695847934 1146554.4
674.2770118085463 1123595.8
674.4424930947499 1307958.9
674.6082134434046 1394522.0
674.7741728545101 1438966.5
674.9403713280664 1449562.8
675.1068088640737 1570134.2
675.2734854625319 1576362.0
675.440401123441 1385934.9
675.6075558468009 1393757.4
675.7749496326118 1697329.4
675.9425824808735 1669521.8
676.1104543915861 1875663.2
676.2785653647496 1606944.9
676.4469154003641 1385824.5
676.6155044984293 1367187.6
676.7843326589456 1364180.5
676.9533998819127 1433275.5
677.1227061673306 1523786.1
677.2922515151995 1294220.8
677.4620359255191 1302757.8
677.6320593982898 1349863.6
677.8023219335114 1528798.8
677.9728235311838 1392972.6
678.1435641913071 1431059.8
678.3145439138814 1521614.4
678.4857626989063 1360430.0
678.6572205463824 1643978.8
678.8289174563092 1499423.9
679.000853428687 1419366.4
679.1730284635156 1310306.2
679.3454425607953 1234043.5
679.5180957205256 1545498.1
679.690987942707 1335580.8
679.8641192273392 1497695.6
680.0374895744222 1503084.4
680.2110989839563 1528354.8
680.3849474559411 1551059.8
680.559034990377 1579397.2
680.7333615872635 1629129.8
680.9079272466012 1509484.0
681.0827319683896 1551639.9
681.257775752629 1185379.4
681.4330585993191 1524450.0
681.6085805084602 1471138.2
681.7843414800523 1006986.3
681.9603415140951 1389379.4
682.1365806105889 1432854.8
682.3130587695335 1155998.1
682.4897759909292 1343340.0
682.6667322747755 1488926.5
682.8439276210729 1570916.5
683.0213620298211 1368986.2
683.1990355010204 1347263.1
683.3769480346702 1391698.2
683.5550996307712 1248861.2
683.7334902893231 1340714.5
683.9121200103258 1221098.5
684.0909887937793 1141777.8
684.2700966396839 965121.25
684.4494435480391 822468.4
684.6290295188454 774287.56
684.8088545521025 1060061.5
684.9889186478105 1213886.6
685.1692218059694 1354482.6
685.3497640265792 1157523.9
685.5305453096399 1361432.6
685.7115656551515 1375956.8
685.8928250631141 1146984.5
686.0743235335274 965804.75
686.2560610663917 1321980.8
686.4380376617067 1382842.6
686.6202533194729 1363757.8
686.8027080396897 1494011.8
686.9854018223576 1596858.5
687.1683346674763 1698396.5
687.351506575046 1726486.0
687.5349175450664 1831607.4
687.7185675775377 1801676.2
687.9024566724601 1667661.8
688.0865848298331 1673424.8
688.2709520496572 1480559.9
688.4555583319321 1514711.5
688.640403676658 1616651.0
688.8254880838347 1666793.5
689.0108115534624 1382469.5
689.1963740855408 1308367.0
689.3821756800703 1235407.2
689.5682163370506 1273827.6
689.7544960564818 1335894.8
689.9410148383638 1528796.4
690.1277726826967 1687723.6
690.3147695894805 1301645.2
690.5020055587153 1550280.8
690.689480590401 1632663.9
690.8771946845374 1633155.1
691.0651478411248 1404593.1
691.253340060163 1364725.2
691.4417713416524 1376691.9
691.6304416855924 1607214.9
691.8193510919834 1386486.2
692.0084995608252 1323461.2
692.197887092118 2101191.2
692.3875136858616 1781601.8
692.5773793420561 1581657.2
692.7674840607016 1750735.0
692.9578278417978 1828764.8
693.1484106853451 1729871.0
693.339232591343 1679953.1
693.5302935597921 1796225.8
693.7215935906919 1401568.2
693.9131326840427 1501522.5
694.1049108398444 1467677.2
694.2969280580969 1304910.1
694.4891843388003 1312411.9
694.6816796819547 1653703.1
694.8744140875599 2017732.5
695.067387555616 2011711.0
695.260600086123 1911038.8
695.4540516790809 1695110.8
695.6477423344896 1611529.2
695.8416720523492 1935222.6
696.0358408326598 1961186.9
696.2302486754212 2127927.0
696.4248955806336 1981106.9
696.6197815482967 2027150.6
696.814906578411 2132417.2
697.0102706709758 2277538.2
697.2058738259918 2267774.5
697.4017160434586 2225143.5
697.5977973233763 2306789.5
697.7941176657448 2581600.5
697.9906770705643 2195831.5
698.1874755378346 1836090.2
698.3845130675558 2378948.0
698.581789659728 2524496.0
698.779305314351 2432514.5
698.9770600314249 2362336.8
699.1750538109496 2517991.5
699.3732866529253 2781756.0
699.5717585573519 2799164.5
699.7704695242294 2888496.5
699.9694195535577 2523455.2
700.168608645337 2340779.5
700.3680367995671 2451041.5
700.5677040162482 2474240.5
700.7676102953801 2662804.5
700.9677556369629 2648920.5
701.1681400409966 2765882.2
701.368763507481 2825407.8
701.5696260364166 2947588.8
701.7707276278029 3042906.0
701.9720682816403 3020789.8
702.1736479979284 2764771.5
702.3754667766674 2824614.8
702.5775246178573 2693733.0
702.7798215214982 2597802.8
702.9823574875899 2409423.0
703.1851325161325 2425555.8
703.3881466071259 2718351.5
703.5913997605704 3220126.0
703.7948919764656 3118538.0
703.9986232548118 2765992.5
704.2025935956088 2557965.0
704.4068029988567 2730907.0
704.6112514645556 3012876.0
704.8159389927052 3033682.2
705.020865583306 2853519.0
705.2260312363574 2436177.0
705.4314359518598 2503928.0
705.6370797298131 2482981.5
705.8429625702173 2511621.2
706.0490844730723 3023207.2
706.2554454383783 3261933.8
706.4620454661351 2963568.0
706.6688845563428 2974659.8
706.8759627090014 3059067.8
707.0832799241109 2923095.2
707.2908362016714 3003874.8
707.4986315416826 3374266.0
707.7066659441448 3589542.8
707.9149394090579 3698777.8
708.1234519364218 4282663.0
708.3322035262366 4574311.0
708.5411941785025 4002146.2
708.750423893219 4324055.0
708.9598926703866 4915660.5
709.169600510005 5124024.0
709.3795474120743 5131037.0
709.5897333765945 4964204.5
709.8001584035657 4530237.0
710.0108224929876 4613833.5
710.2217256448604 4220012.0
710.4328678591842 4137756.5
710.6442491359588 4369580.5
710.8558694751844 5142630.5
711.0677288768608 5427816.0
711.2798273409882 6329189.0
711.4921648675663 7085445.5
711.7047414565955 7361809.0
711.9175571080754 8429596.0
712.1306118220064 10272366.0
712.343905598388 11523172.0
712.5574384372208 12116772.0
712.7712103385043 11826699.0
712.9852213022388 11207839.0
713.199471328424 9857063.0
713.4139604170601 8632237.0
713.6286885681474 8667916.0
713.8436557816852 8663574.0
714.0588620576742 7898982.0
714.274307396114 8279929.0
714.4899917970047 8878829.0
714.7059152603462 9070061.0
714.9220777861387 9008249.0
715.138479374382 9575091.0
715.3551200250763 10048605.0
715.5719997382214 11422539.0
715.7891185138174 11971591.0
716.0064763518642 11327014.0
716.224073252362 11415878.0
716.4419092153107 11588484.0
716.6599842407103 11279721.0
716.8782983285607 10415635.0
717.096851478862 10453149.0
717.3156436916144 9619276.0
717.5346749668174 9336441.0
717.7539453044715 8633865.0
717.9734547045764 7427652.0
718.1932031671322 6452571.0
718.4131906921389 6200673.0
718.6334172795965 5987131.0
718.853882929505 5112851.5
719.0745876418644 4581048.5
719.2955314166745 3879325.0
719.5167142539357 3515091.2
719.7381361536477 3270769.5
719.9597971158106 3565594.8
720.1816971404245 3974147.8
720.4038362274891 3923237.0
720.6262143770048 4102936.5
720.8488315889713 4859529.5
721.0716878633887 4857030.5
721.2947832002569 5389324.5
721.518117599576 6246594.5
721.741691061346 7007111.0
721.965503585567 8768969.0
722.1895551722389 10023192.0
722.4138458213616 11050509.0
722.6383755329352 12616321.0
722.8631443069596 14353880.0
723.0881521434351 15643121.0
723.3133990423613 16213976.0
723.5388850037385 15165529.0
723.7646100275665 13868472.0
723.9905741138455 13219118.0
724.2167772625753 13212749.0
724.4432194737561 12356281.0
724.6699007473876 12119489.0
724.8968210834703 12448150.0
725.1239804820036 13351385.0
725.3513789429879 14736126.0
725.579016466423 15002975.0
725.8068930523091 15064234.0
726.0350087006461 16339660.0
726.2633634114338 17101484.0
726.4919571846726 17221336.0
726.7207900203623 16231356.0
726.9498619185028 16537356.0
727.1791728790942 18302718.0
727.4087229021366 21927502.0
727.6385119876297 27767670.0
727.8685401355738 36731916.0
728.0988073459687 51457330.0
728.3293136188147 71140450.0
728.5600589541114 93869230.0
728.7910433518591 118782230.0
729.0222668120575 136302660.0
729.2537293347069 142858050.0
729.4854309198073 134114550.0
729.7173715673584 113823000.0
729.9495512773606 83524150.0
730.1819700498136 55986004.0
730.4146278847174 37124770.0
730.6475247820722 26431118.0
730.8806607418778 20325736.0
731.1140357641343 16579306.0
731.3476498488419 13721868.0
731.5815029960002 12114911.0
731.8155952056094 11125949.0
732.0499264776695 10124570.0
732.2844968121806 9120882.0
732.5193062091423 8032414.5
732.754354668555 6938630.5
732.9896421904187 6346736.0
733.2251687747333 5830642.0
733.4609344214988 5443218.0
733.6969391307151 5325902.0
733.9331829023823 5576063.0
734.1696657365004 6118978.0
734.4063876330695 6396006.0
734.6433485920893 6377255.0
734.8805486135602 7138952.5
735.1179876974818 8007271.0
735.3556658438545 8515378.0
735.5935830526778 8928068.0
735.8317393239522 8653728.0
736.0701346576775 8187270.0
736.3087690538534 7717995.5
736.5476425124806 6984347.0
736.7867550335584 6723528.0
737.0261066170873 6171949.0
737.265697263067 6336100.0
737.5055269714976 7351735.5
737.745595742379 9496542.0
737.9859035757114 10915448.0
738.2264504714947 12674564.0
738.4672364297288 17191122.0
738.7082614504138 23478504.0
738.9495255335498 32968198.0
739.1910286791365 47541060.0
739.4327708871742 63884930.0
739.6747521576629 83795940.0
739.9169724906022 102242500.0
740.1594318859927 116238000.0
740.4021303438338 121691880.0
740.6450678641261 110548720.0
740.8882444468691 89082500.0
741.131660092063 63128956.0
741.3753147997079 40933580.0
741.6192085698036 26773124.0
741.8633414023502 19858640.0
742.1077132973477 14552748.0
742.352324254796 11234312.0
742.5971742746954 10552522.0
742.8422633570456 9301409.0
743.0875915018465 8173360.5
743.3331587090985 7587664.0
743.5789649788013 6214183.0
743.8250103109551 5468149.0
744.0712947055597 4585184.0
744.3178181626151 3689252.2
744.5645806821216 3311805.2
744.8115822640789 2990999.5
745.058822908487 2649337.2
745.3063026153461 2562238.5
745.554021384656 2593722.2
745.801979216417 3066378.5
746.0501761106286 3678328.8
746.2986120672912 4130646.5
746.5472870864048 3998623.8
746.7962011679691 3916006.5
747.0453543119845 4128824.8
747.2947465184507 3893629.0
747.5443777873677 3479057.8
747.7942481187357 3313953.8
748.0443575125546 3335292.5
748.2947059688242 3031406.5
748.545293487545 2595228.0
748.7961200687164 2240052.8
749.0471857123389 2330841.5
749.2984904184123 2127638.5
749.5500341869365 2415304.0
749.8018170179115 2047997.6
750.0538389113375 1794673.8
750.3060998672144 2024941.9
750.558599885542 2065198.5
750.8113389663208 1908684.2
751.0643171095503 1826497.4
751.3175343152308 1930890.6
751.570990583362 1945342.0
751.8246859139442 1705608.2
752.0786203069773 1749990.0
752.3327937624614 1863024.0
752.5872062803962 1770858.8
752.841857860782 1994917.5
753.0967485036186 1931222.6
753.3518782089062 2071430.1
753.6072469766447 2815423.8
753.8628548068339 2702088.5
754.1187016994742 2677861.0
754.3747876545652 3231057.8
754.6311126721073 3282367.0
754.8876767521001 3157818.5
755.144479894544 3074809.5
755.4015220994386 3107297.5
755.6588033667842 2779227.5
755.9163236965807 2637327.0
756.1740830888281 2675549.8
756.4320815435262 3018022.5
756.6903190606754 2915004.8
756.9487956402754 2694653.8
757.2075112823263 2842450.2
757.4664659868281 3099639.8
757.7256597537807 3483073.8
757.9850925831844 3747108.8
758.2447644750388 3801701.5
758.5046754293442 4336002.0
758.7648254461004 4776203.0
759.0252145253075 5110298.0
759.2858426669656 5358987.5
759.5467098710745 5384684.0
759.8078161376343 5774704.0
760.069161466645 5772650.5
760.3307458581066 5922614.5
760.5925693120191 5945809.5
760.8546318283825 6139693.0
761.1169334071967 5932655.5
761.3794740484618 5179534.5
761.6422537521778 4523328.5
761.9052725183449 4394622.5
762.1685303469626 4576083.5
762.4320272380314 4296329.0
762.6957631915509 3913008.0
762.9597382075215 3946266.2
763.2239522859428 3600012.0
763.4884054268151 3539661.0
763.7530976301382 3667149.0
764.0180288959123 3750226.5
764.2831992241372 3923991.5
764.5486086148131 3688186.0
764.8142570679397 4282579.5
765.0801445835173 4688771.0
765.3462711615459 4425898.0
765.6126368020252 4727766.0
765.8792415049556 6168746.0
766.1460852703367 7277193.0
766.4131680981689 7382687.5
766.6804899884517 7946751.0
766.9480509411856 7994557.5
767.2158509563703 7909414.5
767.483890034006 7304048.0
767.7521681740925 5913908.0
768.0206853766299 4961187.0
768.2894416416182 4690291.0
768.5584369690574 5001432.5
768.8276713589474 5275291.0
769.0971448112883 5406571.0
769.3668573260802 5293812.5
769.636808903323 5384433.0
769.9069995430166 5811652.0
770.1774292451611 6853768.0
770.4480980097566 7042032.5
770.7190058368028 7664211.0
770.9901527263 8323495.0
771.2615386782481 8413449.0
771.5331636926471 8101658.0
771.805027769497 9277937.0
772.0771309087978 10802238.0
772.3494731105494 12522089.0
772.622054374752 14778802.0
772.8948747014053 18652370.0
773.1679340905096 22140498.0
773.4412325420649 25576444.0
773.714770056071 27917292.0
773.9885466325279 28232064.0
774.2625622714359 28953928.0
774.5368169727947 26256768.0
774.8113107366042 22694220.0
775.0860435628648 18589740.0
775.3610154515762 12860752.0
775.6362264027387 9286438.0
775.9116764163518 7734580.5
776.1873654924159 7232700.0
776.4632936309309 6933714.0
776.7394608318967 6323109.5
777.0158670953135 6367003.0
777.2925124211812 6607594.0
777.5693968094998 6933274.0
777.8465202602692 6459908.0
778.1238827734896 6831480.0
778.4014843491608 7550676.0
778.6793249872829 8268763.0
778.957404687856 9675774.0
779.23572345088 10847039.0
779.5142812763546 12855344.0
779.7930781642804 14449149.0
780.0721141146569 16044948.0
780.3513891274845 19225618.0
780.6309032027627 21969670.0
780.9106563404919 22746208.0
781.1906485406721 24179148.0
781.4708798033031 22579096.0
781.7513501283851 19889450.0
782.0320595159178 18177812.0
782.3130079659015 17684162.0
782.5941954783361 18134630.0
782.8756220532216 18814222.0
783.157287690558 19048446.0
783.4391923903453 18133538.0
783.7213361525834 16124509.0
784.0037189772725 13536830.0
784.2863408644123 12214640.0
784.5692018140032 12163260.0
784.8523018260448 13415032.0
785.1356409005374 14643230.0
785.419219037481 16261726.0
785.7030362368753 16961524.0
785.9870924987206 17185712.0
786.2713878230167 16524468.0
786.5559222097638 15490465.0
786.8406956589616 15615204.0
787.1257081706106 14646545.0
787.4109597447102 12939878.0
787.6964503812609 12650482.0
787.9821800802623 13355859.0
788.2681488417147 14025645.0
788.554356665618 14608956.0
788.8408035519722 15704765.0
789.1274895007773 17334590.0
789.4144145120331 17719364.0
789.70157858574 16756949.0
789.9889817218977 16526104.0
790.2766239205064 17851940.0
790.5645051815659 18526280.0
790.8526255050763 19695412.0
791.1409848910375 20929240.0
791.4295833394498 23127564.0
791.7184208503128 26228156.0
792.0074974236268 29043456.0
792.2968130593916 31582816.0
792.5863677576074 34678496.0
792.876161518274 37954064.0
793.1661943413915 39270770.0
793.45646622696 38351200.0
793.7469771749792 35267150.0
794.0377271854495 32803268.0
794.3287162583705 32932420.0
794.6199443937426 33586140.0
794.9114115915653 32535764.0
795.2031178518391 33481690.0
795.4950631745637 34799744.0
795.7872475597393 37631624.0
796.0796710073657 39290936.0
796.372333517443 39366084.0
796.6652350899712 37603936.0
796.9583757249504 38325336.0
797.2517554223803 41717260.0
797.5453741822612 43638704.0
797.839232004593 46088900.0
798.1333288893755 50211750.0
798.4276648366092 54540396.0
798.7222398462935 59136830.0
799.0170539184289 63893280.0
799.3121070530151 67379700.0
799.6073992500523 69579304.0
799.9029305095402 71441310.0
800.1987008314792 70681270.0
800.4947102158688 71881250.0
800.7909586627096 71384680.0
801.0874461720011 72098320.0
801.3841727437435 72439450.0
801.6811383779369 72612060.0
801.9783430745811 73906930.0
802.2757868336762 69680600.0
802.5734696552222 64419024.0
802.8713915392192 61435444.0
803.1695524856669 57624340.0
803.4679524945657 55900584.0
803.7665915659152 54496084.0
804.0654696997157 53271210.0
804.364586895967 52751924.0
804.6639431546693 53294850.0
804.9635384758224 54893664.0
805.2633728594265 57186030.0
805.5634463054813 60563100.0
805.863758813987 63891230.0
806.1643103849437 66270860.0
806.4651010183513 66749984.0
806.7661307142098 67148160.0
807.0673994725191 66221544.0
807.3689072932794 66175990.0
807.6706541764905 67075450.0
807.9726401221526 67200550.0
808.2748651302655 68735750.0
808.5773292008294 74650600.0
808.880032333844 81319480.0
809.1829745293097 91133670.0
809.4861557872262 103220790.0
809.7895761075936 120700510.0
810.0932354904118 140602140.0
810.3971339356808 158560080.0
810.701271443401 178261310.0
811.0056480135719 198472820.0
811.3102636461938 216526540.0
811.6151183412665 233027260.0
811.9202120987901 234266860.0
812.2255449187645 231288860.0
812.5311168011899 219088460.0
812.8369277460662 203055140.0
813.1429777533934 185310940.0
813.4492668231715 162418850.0
813.7557949554005 144656340.0
814.0625621500802 131293400.0
814.3695684072109 122341770.0
814.6768137267925 116218880.0
814.984298108825 111991560.0
815.2920215533085 109695230.0
815.5999840602427 103102640.0
815.908185629628 95579130.0
816.216626261464 89516910.0
816.5253059557509 85264580.0
816.8342247124888 76435660.0
817.1433825316776 65805004.0
817.4527794133171 58881796.0
817.7624153574077 51832384.0
818.072290363949 48176410.0
818.3824044329415 44522620.0
818.6927575643846 40700950.0
819.0033497582787 42444996.0
819.3141810146236 44893090.0
819.6252513334194 47600144.0
819.9365607146663 52744270.0
820.2481091583638 56489704.0
820.5598966645124 64164300.0
820.8719232331118 71869730.0
821.1841888641621 80154860.0
821.4966935576633 89296310.0
821.8094373136155 102499900.0
822.1224201320184 116786390.0
822.4356420128723 132811060.0
822.749102956177 154286030.0
823.0628029619327 176121740.0
823.3767420301392 197800300.0
823.6909201607966 225116900.0
824.005337353905 250299520.0
824.3199936094642 273243400.0
824.6348889274743 293172220.0
824.9500233079352 304364600.0
825.2653967508472 302152480.0
825.5810092562099 282225340.0
825.8968608240236 244671170.0
826.2129514542881 200781360.0
826.5292811470036 153063380.0
826.8458499021699 112519780.0
827.1626577197871 80138504.0
827.4797045998553 59489716.0
827.7969905423743 48023460.0
828.1145155473441 40338416.0
828.4322796147649 34492540.0
828.7502827446367 29731144.0
829.0685249369592 26223478.0
829.3870061917327 23354590.0
829.705726508957 21392958.0
830.0246858886322 19556362.0
830.3438843307583 17107932.0
830.6633218353354 15034130.0
830.9829984023633 13516511.0
831.3029140318422 11021776.0
831.6230687237718 10629686.0
831.9434624781525 10221248.0
832.2640952949838 10278918.0
832.5849671742662 10035646.0
832.9060781159994 9792422.0
833.2274281201835 10294555.0
833.5490171868187 11084266.0
833.8708453159045 11183408.0
834.1929125074414 11026166.0
834.515218761429 10601616.0
834.8377640778676 11677588.0
835.160548456757 13547608.0
835.4835718980975 13977596.0
835.8068344018886 14225765.0
836.1303359681309 15469179.0
836.4540765968239 16164036.0
836.778056287968 16905294.0
837.1022750415626 17632414.0
837.4267328576084 18760834.0
837.7514297361049 20205356.0
838.0763656770524 21365262.0
838.4015406804508 21341010.0
838.7269547463001 23524064.0
839.0526078746003 24575958.0
839.3785000653513 25586884.0
839.7046313185533 26892356.0
840.0310016342061 25492420.0
840.3576110123099 24855718.0
840.6844594528644 25047304.0
841.01154695587 24746324.0
841.3388735213264 24150228.0
841.6664391492336 23970936.0
841.9942438395917 23232632.0
842.3222875924008 23906124.0
842.6505704076608 25977976.0
842.9790922853716 26777020.0
843.3078532255333 26728640.0
843.636853228146 26184788.0
843.9660922932096 25724460.0
844.2955704207238 25003188.0
844.6252876106893 23249188.0
844.9552438631054 23513808.0
845.2854391779725 23071502.0
845.6158735552905 21948436.0
845.9465469950594 20799802.0
846.2774594972791 21556564.0
846.6086110619498 24174472.0
846.9400016890712 26638770.0
847.2716313786436 29537762.0
847.603500130667 33423616.0
847.9356079451411 38790896.0
848.2679548220663 43485240.0
848.6005407614422 47808464.0
848.9333657632692 52682944.0
849.2664298275467 57051204.0
849.5997329542755 61602310.0
849.933275143455 64771556.0
850.2670563950855 65012020.0
850.6010767091668 66988410.0
850.935336085699 68616320.0
851.2698345246821 66364156.0
851.6045720261161 64816300.0
851.939548590001 64494756.0
852.2747642163367 63220396.0
852.6102189051235 60093784.0
852.9459126563609 55213620.0
853.2818454700493 50169720.0
853.6180173461887 43593944.0
853.9544282847789 37955210.0
854.29107828582 32730116.0
854.627967349312 30309044.0
854.9650954752549 30754430.0
855.3024626636488 30631900.0
855.6400689144934 31907520.0
855.9779142277889 35301264.0
856.3159986035355 37609444.0
856.6543220417327 39116770.0
856.992884542381 41074176.0
857.33168610548 44668340.0
857.6707267310301 48967280.0
858.010006419031 51081704.0
858.3495251694828 54481470.0
858.6892829823855 58144444.0
859.0292798577391 61142244.0
859.3695157955435 64363516.0
859.709990795799 68092480.0
860.0507048585051 73584530.0
860.3916579836623 76239940.0
860.7328501712702 76544856.0
861.0742814213293 77442270.0
861.415951733839 81474520.0
861.7578611087997 87574530.0
862.1000095462114 88904830.0
862.4423970460737 89915660.0
862.7850236083872 89552620.0
863.1278892331513 86852250.0
863.4709939203666 80821780.0
863.8143376700325 71889890.0
864.1579204821496 61765530.0
864.5017423567174 50626276.0
864.845803293736 40581436.0
865.1901032932057 34580700.0
865.5346423551262 31496356.0
865.8794204794975 28748570.0
866.2244376663198 27330070.0
866.569693915593 27024468.0
866.9151892273169 28138636.0
867.2609236014919 29677616.0
867.6068970381177 32814878.0
867.9531095371945 35936624.0
868.299561098722 40513628.0
868.6462517227006 44391996.0
868.9931814091299 48007150.0
869.3403501580103 52415150.0
869.6877579693414 56665176.0
870.0354048431236 63077930.0
870.3832907793565 68506800.0
870.7314157780402 73109210.0
871.079779839175 74386940.0
871.4283829627606 77729980.0
871.7772251487971 83873820.0
872.1263063972845 88015100.0
872.4756267082229 92124890.0
872.825186081612 94419060.0
873.1749845174521 94509470.0
873.525022015743 90245260.0
873.875298576485 78409920.0
874.2258141996776 67647130.0
874.5765688853213 57264270.0
874.9275626334158 50514470.0
875.2787954439613 48566460.0
875.6302673169575 48655060.0
875.9819782524048 49976684.0
876.3339282503027 51297104.0
876.6861173106518 50518976.0
877.0385454334516 48457640.0
877.3912126187024 46830416.0
877.744118866404 45565120.0
878.0972641765566 43156520.0
878.45064854916 40184770.0
878.8042719842143 35413616.0
879.1581344817196 30608462.0
879.5122360416756 24955468.0
879.8665766640827 20277330.0
880.2211563489404 17985926.0
880.5759750962493 17599922.0
880.9310329060089 17334346.0
881.2863297782194 17508082.0
881.6418657128809 18061928.0
881.9976407099932 18791436.0
882.3536547695564 18782252.0
882.7099078915705 19130338.0
883.0664000760355 20012754.0
883.4231313229513 21595712.0
883.7801016323183 21459038.0
884.1373110041359 20732924.0
884.4947594384045 20445624.0
884.8524469351239 19957762.0
885.2103734942943 20043922.0
885.5685391159154 19300872.0
885.9269437999875 18420552.0
886.2855875465107 18656004.0
886.6444703554844 18816242.0
887.0035922269093 18954598.0
887.3629531607849 19038762.0
887.7225531571116 19653198.0
888.082392215889 20947384.0
888.4424703371174 21953482.0
888.8027875207965 21584684.0
889.1633437669268 22396898.0
889.5241390755077 23494618.0
889.8851734465397 25259688.0
890.2464468800224 25646690.0
890.6079593759562 27080348.0
890.9697109343408 28526912.0
891.3317015551763 32111508.0
891.6939312384626 35877384.0
892.0563999841997 37997630.0
892.419107792388 42375116.0
892.7820546630269 45696660.0
893.145240596117 48513630.0
893.5086655916577 52252870.0
893.8723296496495 53986244.0
894.2362327700921 55052310.0
894.6003749529856 55747156.0
894.96475619833 56405524.0
895.3293765061252 62295170.0
895.6942358763713 67738780.0
896.0593343090684 70557610.0
896.4246718042164 73936290.0
896.7902483618151 78758840.0
897.1560639818649 81562790.0
897.5221186643654 76653060.0
897.888412409317 70343890.0
898.2549452167193 61579116.0
898.6217170865726 50439680.0
898.9887280188768 38012036.0
899.3559780136319 29218324.0
899.7234670708378 23190838.0
900.0911951904947 19997058.0
900.4591623726023 18414816.0
900.827368617161 17174006.0
901.1958139241705 17530728.0
901.5644982936308 16159600.0
901.9334217255422 15350119.0
902.3025842199042 15253141.0
902.6719857767174 15278769.0
903.0416263959813 16310636.0
903.4115060776962 16631088.0
903.7816248218619 16318685.0
904.1519826284787 16046565.0
904.5225794975461 15657532.0
904.8934154290646 16271379.0
905.2644904230337 15939666.0
905.635804479454 15551626.0
906.0073575983251 15688606.0
906.3791497796472 14951774.0
906.7511810234199 15515458.0
907.1234513296438 15813901.0
907.4959606983184 14233755.0
907.8687091294438 14022344.0
908.2416966230203 14324089.0
908.6149231790475 13425211.0
908.9883887975259 11953654.0
909.3620934784549 11858932.0
909.736037221835 12237954.0
910.1102200276657 11693069.0
910.4846418959476 11643524.0
910.8593028266802 12084190.0
911.2342028198638 11650494.0
911.6093418754981 11856496.0
911.9847199935836 11552946.0
912.3603371741196 12208719.0
912.7361934171067 13118058.0
913.1122887225448 13490456.0
913.4886230904336 13478950.0
913.8651965207735 14160090.0
914.242009013564 14569185.0
914.6190605688057 15681182.0
914.996351186498 16454572.0
915.3738808666415 17067208.0
915.7516496092356 17891066.0
916.1296574142808 18344036.0
916.5079042817767 18565378.0
916.8863902117237 19258162.0
917.2651152041215 20243718.0
917.6440792589702 20339618.0
918.0232823762697 20524584.0
918.4027245560201 20524490.0
918.7824057982216 19961696.0
919.1623261028737 19196322.0
919.542485469977 18229958.0
919.9228838995309 17567128.0
920.3035213915359 16710305.0
920.6843979459916 16699242.0
921.0655135628983 16661892.0
921.446868242256 18211062.0
921.8284619840645 18209248.0
922.2102947883237 19127162.0
922.5923666550341 20055744.0
922.9746775841952 20139596.0
923.3572275758072 20921446.0
923.7400166298701 21164382.0
924.1230447463838 22220518.0
924.5063119253487 24486758.0
924.8898181667641 25215650.0
925.2735634706307 24777180.0
925.657547836948 24038750.0
926.0417712657163 23393800.0
926.4262337569354 22515276.0
926.8109353106056 20349032.0
927.1958759267263 19855022.0
927.5810556052983 18901062.0
927.966474346321 19073898.0
928.3521321497947 19265602.0
928.7380290157191 19255442.0
929.1241649440944 19035090.0
929.5105399349206 18962296.0
929.8971539881978 18265356.0
930.2840071039259 17757948.0
930.6710992821048 17429534.0
931.0584305227347 16116135.0
931.4460008258154 14783594.0
931.8338101913471 13656709.0
932.2218586193296 12575081.0
932.610146109763 10664624.0
932.9986726626472 8626249.0
933.3874382779825 6887531.0
933.7764429557685 5882120.5
934.1656866960054 5109197.0
934.5551694986933 4290575.0
934.9448913638321 4097204.0
935.3348522914216 3524831.2
935.7250522814621 3382524.8
936.1154913339535 3743244.0
936.5061694488959 3754531.5
936.8970866262891 3577994.8
937.288242866133 3733216.5
937.6796381684281 4346093.5
938.0712725331739 4608275.5
938.4631459603708 4815054.0
938.8552584500184 5214271.0
939.247610002117 5598729.5
939.6402006166663 5830265.5
940.0330302936667 5710064.5
940.4260990331178 5860624.0
940.8194068350199 6416464.0
941.212953699373 6698524.0
941.6067396261767 6846598.0
942.0007646154315 6219761.0
942.3950286671371 5456084.0
942.7895317812938 5612897.5
943.184273957901 5955667.5
943.5792551969595 5272367.0
943.9744754984687 5361674.0
944.3699348624289 5767596.0
944.7656332888398 5584975.0
945.1615707777016 5101650.5
945.5577473290144 4897963.0
945.9541629427781 4336407.0
946.3508176189927 4030887.8
946.7477113576581 4576072.5
947.1448441587745 4770955.5
947.5422160223416 5138844.5
947.9398269483597 5130449.0
948.3376769368288 5200005.0
948.7357659877487 5880556.0
949.1340941011194 6243340.5
949.5326612769411 6842217.5
949.9314675152136 7532168.0
950.3305128159373 7342499.5
950.7297971791115 7140088.0
951.1293206047367 8346127.0
951.5290830928128 8368010.5
951.9290846433399 8175472.0
952.3293252563178 8008232.0
952.7298049317465 7941022.5
953.1305236696262 8047855.5
953.5314814699568 8267942.5
953.9326783327383 7991407.0
954.3341142579707 7216850.5
954.7357892456539 6832814.5
955.137703295788 7438268.0
955.5398564083731 7840285.0
955.942248583409 7287425.0
956.3448798208958 6763407.5
956.7477501208334 6053264.0
957.1508594832221 5912979.0
957.5542079080615 5329976.0
957.9577953953519 4744623.0
958.3616219450932 4842795.0
958.7656875572852 5132677.5
959.1699922319283 5742673.0
959.5745359690222 5315445.0
959.979318768567 5226965.0
960.3843406305627 5582744.5
960.7896015550094 5922199.5
961.1951015419069 6730352.0
961.6008405912553 6990115.5
962.0068187030545 6278645.0
962.4130358773048 5922447.5
962.8194921140057 6183417.0
963.2261874131577 6844704.5
963.6331217747605 7645537.5
964.0402951988142 7465658.0
964.4477076853188 7294794.5
964.8553592342744 8045102.0
965.2632498456808 8241837.5
965.671379519538 7512062.5
966.0797482558462 7802901.0
966.4883560546052 7609368.0
966.8972029158153 8037485.5
967.3062888394761 7579980.5
967.7156138255879 6733359.5
968.1251778741505 5565746.0
968.534980985164 5063101.5
968.9450231586284 4494713.0
969.3553043945437 4175936.0
969.7658246929099 4136167.8
970.1765840537269 3947794.0
970.5875824769948 3991298.0
970.9988199627137 3974507.8
971.4102965108834 3797686.0
971.822012121504 3725122.5
972.2339667945757 4017897.0
972.6461605300981 4240183.5
973.0585933280714 4412629.0
973.4712651884955 4887014.0
973.8841761113707 5690560.5
974.2973260966967 6134490.5
974.7107151444736 6071461.0
975.1243432547012 6520549.0
975.5382104273799 6440609.5
975.9523166625095 6348124.5
976.3666619600898 6869106.0
976.7812463201212 7796306.0
977.1960697426034 8274178.0
977.6111322275365 8573889.0
978.0264337749204 9262784.0
978.4419743847554 10127404.0
978.8577540570411 10750728.0
979.2737727917779 9506686.0
979.6900305889653 8694261.0
980.1065274486039 7504788.0
980.523263370693 6604659.5
980.9402383552333 6524794.5
981.3574524022245 6330551.0
981.7749055116664 6767803.0
982.1925976835594 7573518.0
982.6105289179031 7923282.5
983.0286992146978 8685978.0
983.4471085739433 9190449.0
983.8657569956398 10026453.0
984.2846444797872 10827431.0
984.7037710263854 11203329.0
985.1231366354345 11992276.0
985.5427413069345 12088010.0
985.9625850408854 12035146.0
986.3826678372873 12520122.0
986.8029896961399 13508488.0
987.2235506174435 13591898.0
987.6443506011979 12904726.0
988.0653896474032 12258870.0
988.4866677560595 11978878.0
988.9081849271665 11559724.0
989.3299411607247 12064338.0
989.7519364567336 10550086.0
990.1741708151934 10731940.0
990.5966442361041 10880798.0
991.0193567194657 10854364.0
991.4423082652781 9663378.0
991.8654988735416 9120929.0
992.2889285442558 8439646.0
992.712597277421 7415945.0
993.1365050730369 7328370.0
993.5606519311038 7152501.0
993.9850378516217 7575595.0
994.4096628345903 7269061.0
994.83452688001 8030887.5
995.2596299878804 9651374.0
995.6849721582018 9699357.0
996.110553390974 9162277.0
996.5363736861973 10116316.0
996.9624330438713 10243718.0
997.3887314639962 10619279.0
997.8152689465721 10000911.0
998.2420454915989 9699189.0
998.6690610990764 10137225.0
999.0963157690048 10039756.0
999.5238095013843 10403008.0
999.9515422962145 9897532.0
1000.3795141534958 8373197.5
1000.8077250732279 7346270.0
1001.2361750554107 6922935.0
1001.6648641000446 6404921.0
1002.0937922071294 5929872.0
1002.522959376665 5619750.0
1002.9523656086515 5124493.0
1003.3820109030889 4912911.0
1003.8118952599773 4422817.5
1004.2420186793163 4906138.0
1004.6723811611065 5363447.5
1005.1029827053474 5477113.0
1005.5338233120393 6284004.0
1005.9649029811819 7423145.5
1006.3962217127755 8987804.0
1006.8277795068202 10445031.0
1007.2595763633155 11496462.0
1007.6916122822619 13555672.0
1008.1238872636591 14173040.0
1008.5564013075071 14933290.0
1008.9891544138061 16880956.0
1009.422146582556 18199960.0
1009.8553778137567 18817898.0
1010.2888481074084 21242624.0
1010.7225574635108 22668376.0
1011.1565058820644 23402118.0
1011.5906933630686 23927640.0
1012.0251199065237 22529558.0
1012.45978551243 20037280.0
1012.8946901807869 16826342.0
1013.3298339115948 12687264.0
1013.7652167048535 10218089.0
1014.2008385605632 8091763.0
1014.6366994787238 7204586.0
1015.0727994593352 6170440.0
1015.5091385023975 5116762.0
1015.9457166079108 4907382.0
1016.3825337758749 5514105.5
1016.8195900062899 6070855.0
1017.2568852991558 6348777.0
1017.6944196544725 7530293.0
1018.1321930722402 8958094.0
1018.5702055524587 9894790.0
1019.0084570951283 10880798.0
1019.4469477002485 11763551.0
1019.8856773678198 12822888.0
1020.3246460978419 13362638.0
1020.763853890315 14362290.0
1021.2033007452387 16158364.0
1021.6429866626136 16995338.0
1022.0829116424393 17781572.0
1022.5230756847159 17789062.0
1022.9634787894433 17342834.0
1023.4041209566217 17630742.0
1023.8450021862509 16239229.0
1024.286122478331 13923288.0
1024.727481832862 9933668.0
1025.1690802498438 6535199.0
1025.6109177292767 4860219.0
1026.0529942711605 3821629.5
1026.495309875495 3271891.5
1026.9378645422805 3108009.0
1027.380658271517 2778699.5
1027.823691063204 2119740.8
1028.2669629173424 2347550.8
1028.7104738339312 2270983.0
1029.1542238129714 2350688.5
1029.598212854462 1859091.5
1030.0424409584039 1466191.9
1030.4869081247964 1375182.4
1030.9316143536398 1363031.0
1031.376559644934 1373621.9
1031.8217439986793 1398899.8
1032.2671674148755 1459274.4
1032.7128298935227 1168559.9
1033.1587314346207 1075220.2
1033.6048720381693 1010846.94
1034.051251704169 1091298.0
1034.4978704326197 1065109.5
1034.9447282235212 1016533.25
1035.3918250768736 1005927.0
1035.8391609926769 968978.75
1036.286735970931 1317452.5
1036.734550011636 1383142.0
1037.182603114792 1247944.0
1037.6308952803988 1224881.5
1038.0794265084567 1461053.0
1038.5281967989652 1284244.9
1038.9772061519247 1336194.0
1039.426454567335 1470164.0
1039.8759420451966 1384281.8
1040.3256685855085 1590472.5
1040.7756341882716 1562104.8
1041.2258388534856 1300745.8
1041.6762825811506 1033550.0
1042.1269653712661 1573517.8
1042.577887223833 1820872.2
1043.0290481388504 1767242.5
1043.4804481163187 1435220.2
1043.9320871562381 1778532.0
1044.3839652586082 1714833.2
1044.8360824234294 2074537.4
1045.2884386507012 1889234.2
1045.7410339404241 1616137.6
1046.193868292598 1584931.8
1046.6469417072226 1698479.8
1047.1002541842981 1676331.1
1047.5538057238246 1590761.9
1048.0075963258018 1547006.4
1048.46162599023 1457991.2
1048.915894717109 1513930.0
1049.3704025064392 1633839.8
1049.82514935822 1817922.0
1050.2801352724516 1805421.0
1050.7353602491344 1666927.0
1051.1908242882678 1304130.8
1051.6465273898525 1551626.0
1052.1024695538877 1957602.4
1052.558650780374 1909447.2
1053.015071069311 1561329.9
1053.471730420699 1794423.5
1053.928628834538 1904974.2
1054.3857663108276 2022235.2
1054.8431428495683 1933216.9
1055.30075845076 1982771.1
1055.7586131144024 1847224.5
1056.2167068404956 2179349.2
1056.67503962904 2125833.5
1057.133611480035 769176.75
1057.592422393481 -658090.56
1058.0514723693777 -2203268.2
1058.5107614077258 -3896035.2
1058.9702895085243 -5675688.0
1059.4300566717739 -7566342.5
1059.8900628974743 -9334390.0
1060.3503081856259 -10952670.0
1060.8107925362278 -12707915.0
1061.2715159492811 -14711731.0
1061.732478424785 -16336480.0
1062.1936799627401 -18317744.0
1062.6551205631458 -20367384.0
1063.1168002260026 -22210132.0
1063.57871895131 -24167728.0
1064.0408767390686 -25983968.0
1064.503273589278 -28210020.0
1064.965909501938 -30100404.0
1065.4287844770492 0.0
1065.8918985146113 0.0
1066.3552516146242 0.0
1066.818843777088 0.0
1067.2826750020029 0.0
1067.7467452893684 0.0
1068.211054639185 0.0
1068.6756030514523 0.0
1069.1403905261704 0.0
1069.6054170633397 0.0
1070.0706826629596 0.0
1070.5361873250306 0.0
1071.0019310495525 0.0
1071.4679138365252 0.0
1071.9341356859486 0.0
