string
description: px_shifted, calibration parameter: [ 1.19531225e-04 -2.30194563e-02  6.18194146e+02]
converted file:R_100ms_Fe_S3_x_1_38_binned_y back: data/dark_100msRZP-structure:___RZP_S3100msRoi:[0, 1040, 2048, 2048]
eV counts/s
618.1712462133476 1918880.2
618.1485853507007 2278683.5
618.1261635505048 2408165.2
618.1039808127597 2198697.0
618.0820371374655 2167522.8
618.0603325246223 2576246.5
618.0388669742298 2474110.2
618.0176404862883 2238076.5
617.9966530607976 2542821.0
617.9759046977579 2061741.1
617.955395397169 1987266.0
617.9351251590311 1949418.6
617.9150939833439 1853698.8
617.8953018701078 2250536.0
617.8757488193226 2772474.5
617.8564348309881 2712507.8
617.8373599051046 2907356.5
617.8185240416719 2502280.5
617.7999272406903 2097148.6
617.7815695021593 2597709.5
617.7634508260794 2528710.2
617.7455712124504 2519829.5
617.7279306612722 2232043.8
617.7105291725449 2330114.5
617.6933667462686 1918139.4
617.676443382443 1792648.0
617.6597590810685 1912565.6
617.6433138421447 2307094.8
617.6271076656718 2012904.5
617.6111405516499 1740005.0
617.5954125000789 2522268.8
617.5799235109587 3021856.5
617.5646735842894 3050409.8
617.5496627200711 2444585.5
617.5348909183035 2679297.0
617.520358178987 3267218.5
617.5060645021213 2883680.2
617.4920098877064 3202269.5
617.4781943357425 3433912.0
617.4646178462295 3333433.0
617.4512804191673 2822908.0
617.4381820545561 2775565.0
617.4253227523957 2308790.0
617.4127025126862 2291274.0
617.4003213354276 2282525.0
617.3881792206199 2496063.8
617.3762761682632 2363777.5
617.3646121783572 2188031.5
617.3531872509022 1858414.2
617.342001385898 1695833.5
617.3310545833449 1920652.4
617.3203468432424 2077635.6
617.309878165591 1954728.2
617.2996485503904 1777380.5
617.2896579976408 2076458.9
617.2799065073419 1794057.0
617.270394079494 1902021.9
617.261120714097 2290662.2
617.2520864111508 3152169.0
617.2432911706557 3326498.8
617.2347349926113 2820891.2
617.2264178770179 2923248.0
617.2183398238752 2814620.5
617.2105008331837 3010331.5
617.2029009049428 2591176.8
617.195540039153 2712994.5
617.188418235814 2887971.2
617.1815354949258 2516713.5
617.1748918164886 2731598.0
617.1684872005023 2746437.0
617.1623216469668 2977547.2
617.1563951558823 2855812.2
617.1507077272486 3158050.2
617.1452593610658 3664737.5
617.140050057334 3453286.5
617.1350798160529 3609044.5
617.1303486372229 3725519.5
617.1258565208436 4141003.0
617.1216034669154 4676922.0
617.1175894754379 4807807.0
617.1138145464114 5410199.0
617.1102786798357 5560498.0
617.106981875711 5057506.5
617.1039241340371 4484938.0
617.1011054548142 3959752.0
617.0985258380421 3953334.8
617.0961852837207 4011690.0
617.0940837918505 3617489.5
617.092221362431 4169214.0
617.0905979954625 4216479.5
617.0892136909449 4015704.5
617.0880684488782 4978730.5
617.0871622692623 6147187.0
617.0864951520974 6873045.0
617.0860670973833 7491970.5
617.0858781051202 7295141.0
617.0859281753078 6456787.5
617.0862173079464 5739949.0
617.0867455030359 5035557.5
617.0875127605763 4288754.5
617.0885190805675 2839197.0
617.0897644630096 2102113.0
617.0912489079027 1782825.0
617.0929724152465 1477495.5
617.0949349850415 1263182.0
617.0971366172871 1548846.1
617.0995773119838 1505304.2
617.1022570691313 1751243.6
617.1051758887297 2043684.2
617.1083337707789 1590571.2
617.1117307152791 1779263.9
617.1153667222302 1948705.8
617.1192417916321 1902628.5
617.123355923485 2300565.2
617.1277091177888 2675123.0
617.1323013745433 2999285.0
617.1371326937488 4075634.8
617.1422030754052 4577499.0
617.1475125195125 4968576.0
617.1530610260706 5681285.0
617.1588485950797 5835814.5
617.1648752265397 5864604.0
617.1711409204505 6492731.0
617.1776456768123 6513077.5
617.1843894956249 5838252.5
617.1913723768885 5527285.0
617.1985943206029 6112111.0
617.2060553267681 6352181.0
617.2137553953843 6728495.0
617.2216945264513 6151905.0
617.2298727199694 5279661.0
617.2382899759382 4465770.5
617.246946294358 2535875.0
617.2558416752286 2142577.0
617.2649761185502 1533141.4
617.2743496243226 1083112.8
617.2839621925459 1001151.3
617.29381382322 1198152.2
617.3039045163453 1037246.3
617.3142342719211 954437.75
617.3248030899481 887040.0
617.3356109704258 976982.6
617.3466579133545 676924.7
617.357943918734 730029.3
617.3694689865644 930688.0
617.3812331168458 1180197.4
617.3932363095779 964258.06
617.4054785647611 700218.0
617.417959882395 699676.56
617.43068026248 574914.5
617.4436397050157 836832.44
617.4568382100024 1087354.0
617.47027577744 1736795.6
617.4839524073284 2770822.0
617.4978680996677 3161911.5
617.512022854458 4087356.0
617.526416671699 5302270.0
617.5410495513911 6721884.5
617.555921493534 7173175.0
617.5710324981277 6580265.5
617.5863825651725 5801267.5
617.601971694668 4788855.5
617.6177998866144 3899155.0
617.6338671410118 3270765.5
617.6501734578601 3510044.8
617.6667188371591 3223219.0
617.6835032789093 3725256.0
617.70052678311 4070129.5
617.7177893497619 4506965.5
617.7352909788646 4417882.0
617.7530316704182 4582058.5
617.7710114244226 4733408.0
617.7892302408779 4583276.0
617.8076881197842 4384074.5
617.8263850611413 5161278.0
617.8453210649494 5682156.0
617.8644961312083 7549485.5
617.8839102599181 9836554.0
617.9035634510788 12048768.0
617.9234557046905 13925819.0
617.9435870207528 15659712.0
617.9639573992663 15073410.0
617.9845668402305 13421636.0
618.0054153436457 9994422.0
618.0265029095117 7510010.0
618.0478295378288 6014633.0
618.0693952285965 4652449.5
618.0911999818152 3262567.2
618.1132437974848 2381304.0
618.1355266756052 2046195.2
618.1580486161766 2032647.6
618.180809619199 2063114.4
618.2038096846721 1731607.4
618.2270488125961 1217459.0
618.2505270029711 883516.56
618.2742442557969 613915.3
618.2982005710737 715454.0
618.3223959488013 1031732.25
618.3468303889798 1202953.8
618.3715038916091 1099199.2
618.3964164566895 1248904.5
618.4215680842207 1338231.5
618.4469587742026 1342859.8
618.4725885266356 1162943.2
618.4984573415195 1417396.5
618.5245652188543 1507671.4
618.5509121586398 1297923.9
618.5774981608764 1196893.2
618.6043232255638 1060738.8
618.6313873527021 1570914.0
618.6586905422912 1874893.2
618.6862327943314 2333582.2
618.7140141088223 2839808.0
618.7420344857642 3967624.8
618.7702939251569 5129880.5
618.7987924270005 7516107.5
618.827529991295 9270650.0
618.8565066180404 10231175.0
618.8857223072368 10563821.0
618.915177058884 9889775.0
618.944870872982 9008663.0
618.974803749531 7578121.0
619.004975688531 5850320.0
619.0353866899817 4365971.5
619.0660367538834 3510443.0
619.0969258802359 2967469.0
619.1280540690393 2224480.0
619.1594213202936 2228659.5
619.1910276339989 1812039.0
619.2228730101549 1580397.2
619.2549574487618 1385316.2
619.2872809498198 1047369.3
619.3198435133286 1129853.5
619.3526451392883 1067999.8
619.3856858276988 1166951.0
619.4189655785602 1019863.7
619.4524843918725 1082086.4
619.4862422676358 1084996.8
619.5202392058499 744260.06
619.5544752065149 676641.25
619.5889502696308 861919.6
619.6236643951976 983846.2
619.6586175832152 1372927.6
619.6938098336839 1711203.0
619.7292411466033 2775718.8
619.7649115219735 3887433.8
619.8008209597948 3994360.2
619.8369694600669 5117003.5
619.8733570227901 5950637.5
619.9099836479638 7178738.0
619.9468493355887 7512138.0
619.9839540856643 7597094.0
620.0212978981909 6950593.0
620.0588807731684 6151818.0
620.0967027105968 4512367.0
620.134763710476 3273291.0
620.1730637728062 2309980.2
620.2116028975872 1698236.4
620.2503810848191 1078269.9
620.2893983345019 1056549.8
620.3286546466355 1398728.0
620.3681500212202 879567.6
620.4078844582556 1005676.8
620.447857957742 695164.6
620.4880705196792 782725.5
620.5285221440674 1150465.9
620.5692128309064 950028.7
620.6101425801965 724704.6
620.6513113919372 809498.6
620.692719266129 596401.06
620.7343662027715 550062.75
620.7762522018651 728511.25
620.8183772634094 559729.1
620.8607413874046 714028.2
620.9033445738509 929823.4
620.9461868227478 814066.1
620.9892681340958 823434.44
621.0325885078946 937128.25
621.0761479441444 942435.9
621.1199464428449 904379.7
621.1639840039965 917368.5
621.2082606275989 839929.75
621.2527763136521 847366.0
621.2975310621563 715433.75
621.3425248731114 817649.3
621.3877577465173 1065965.1
621.4332296823742 1060020.5
621.478940680682 1031392.8
621.5248907414405 1054839.8
621.5710798646501 1043306.1
621.6175080503104 908649.06
621.6641752984218 921736.8
621.7110816089839 1172178.5
621.758226981997 1370331.4
621.8056114174609 1115021.1
621.8532349153759 990443.1
621.9010974757415 1030869.4
621.9491990985582 952996.1
621.9975397838257 1126891.1
622.0461195315442 1255105.4
622.0949383417135 1442166.0
622.1439962143336 1328292.0
622.1932931494047 1653791.9
622.2428291469266 1447990.1
622.2926042068996 1384276.9
622.3426183293233 1490941.8
622.392871514198 1424652.8
622.4433637615234 1117214.2
622.4940950713 985354.75
622.5450654435272 1034354.94
622.5962748782055 1043223.4
622.6477233753345 1224494.9
622.6994109349146 1078744.8
622.7513375569454 1191214.6
622.8035032414273 1395167.4
622.8559079883598 1665110.1
622.9085517977434 2378062.5
622.9614346695778 2625281.0
623.0145566038631 3020987.0
623.0679176005993 2571762.0
623.1215176597865 2689826.0
623.1753567814245 2726462.5
623.2294349655133 2646361.0
623.2837522120532 2613407.2
623.3383085210438 2765728.8
623.3931038924854 3296518.0
623.4481383263778 3793679.0
623.5034118227212 4746335.5
623.5589243815153 5757340.0
623.6146760027606 6357612.5
623.6706666864566 6808455.5
623.7268964326033 6704192.5
623.7833652412012 5573788.0
623.8400731122499 5664843.0
623.8970200457495 5104084.0
623.9542060416999 3779161.5
624.0116311001013 3230259.0
624.0692952209534 2709353.5
624.1271984042567 2241833.0
624.1853406500106 2056394.2
624.2437219582156 1428749.9
624.3023423288714 1764855.5
624.3612017619781 1459128.8
624.4203002575357 1395375.1
624.4796378155443 905353.0
624.5392144360035 1136290.2
624.5990301189137 1156049.0
624.659084864275 838531.2
624.7193786720869 978356.3
624.7799115423499 965123.06
624.8406834750637 764354.94
624.9016944702284 863646.6
624.962944527844 1062787.6
625.0244336479105 1164070.8
625.0861618304278 1305770.0
625.1481290753961 1517266.4
625.2103353828153 1444458.1
625.2727807526853 1310301.1
625.3354651850062 1792146.9
625.398388679778 1884452.2
625.4615512370008 1944140.2
625.5249528566744 2134146.8
625.5885935387989 2266827.2
625.6524732833743 3026044.0
625.7165920904006 4157872.0
625.7809499598777 4085402.8
625.8455468918058 3845570.0
625.9103828861847 3533462.2
625.9754579430146 3758042.2
626.0407720622953 3256119.0
626.106325244027 2691629.0
626.1721174882094 2181145.5
626.2381487948429 2200625.5
626.3044191639272 1760206.1
626.3709285954623 1793919.8
626.4376770894484 1377714.5
626.5046646458853 1387179.8
626.5718912647732 1423169.2
626.6393569461119 1266144.9
626.7070616899016 1003079.0
626.7750054961421 1305289.2
626.8431883648335 1244393.5
626.9116102959758 1342876.9
626.980271289569 1024178.44
627.0491713456131 936166.2
627.1183104641082 1183023.1
627.1876886450539 949569.3
627.2573058884507 1068872.4
627.3271621942984 1232922.8
627.3972575625968 1546720.6
627.4675919933463 1779020.5
627.5381654865465 2579718.2
627.6089780421978 2282838.5
627.6800296602999 2479143.5
627.7513203408529 2453844.8
627.8228500838567 2858045.5
627.8946188893116 2804784.8
627.9666267572171 2929621.2
628.0388736875738 2526393.5
628.1113596803812 1897156.9
628.1840847356395 1641810.8
628.2570488533487 1885807.5
628.3302520335087 2203733.5
628.4036942761198 2543412.8
628.4773755811816 2609971.8
628.5512959486945 2474704.5
628.6254553786581 1917960.8
628.6998538710727 1924939.8
628.7744914259381 2254723.2
628.8493680432545 2498772.0
628.9244837230217 2622095.5
628.9998384652398 2441187.2
629.0754322699088 3141307.0
629.1512651370288 3163924.5
629.2273370665995 3530531.0
629.3036480586212 3859774.5
629.3801981130938 3437715.5
629.4569872300171 3214069.5
629.5340154093916 3598732.0
629.6112826512167 3217489.0
629.6887889554929 2261108.5
629.7665343222199 1933868.0
629.8445187513979 1462163.2
629.9227422430266 1044325.25
630.0012047971064 1102528.5
630.0799064136369 1551711.0
630.1588470926184 2049005.2
630.2380268340507 1800076.0
630.317445637934 1874892.0
630.3971035042681 1893305.2
630.4770004330533 1915650.5
630.5571364242891 2334235.2
630.6375114779759 2173297.2
630.7181255941136 1893228.9
630.7989787727022 1936888.0
630.8800710137417 1832364.4
630.961402317232 1611078.6
631.0429726831734 1517750.5
631.1247821115654 1246658.2
631.2068306024086 1530871.1
631.2891181557025 2062428.6
631.3716447714473 1535716.9
631.454410449643 1303140.6
631.5374151902896 1289964.9
631.6206589933871 1654815.2
631.7041418589355 1895272.0
631.7878637869347 1670832.6
631.8718247773849 1399512.2
631.956024830286 1825345.2
632.0404639456378 2376430.2
632.1251421234408 2646519.0
632.2100593636944 2602078.5
632.2952156663991 2362875.5
632.3806110315546 2321990.2
632.4662454591611 1908580.6
632.5521189492183 1952684.4
632.6382315017265 2027078.9
632.7245831166855 1988974.8
632.8111737940956 1678389.8
632.8980035339563 1569225.8
632.985072336268 1844539.9
633.0723802010307 2023841.2
633.1599271282441 2541245.5
633.2477131179087 2706196.5
633.3357381700239 2310358.0
633.4240022845902 2231553.0
633.5125054616071 2019578.8
633.6012477010752 2109614.0
633.690229002994 1978271.5
633.7794493673638 1956500.0
633.8689087941844 2093431.5
633.958607283456 2424871.0
634.0485448351784 2179194.8
634.1387214493517 1873431.9
634.2291371259759 1778724.9
634.3197918650509 1552130.6
634.4106856665769 1293348.9
634.5018185305538 976364.3
634.5931904569816 1069654.9
634.6848014458602 1422799.8
634.7766514971898 1290243.2
634.8687406109701 1274448.9
634.9610687872016 1214422.2
635.0536360258837 1355152.2
635.1464423270169 1412556.2
635.2394876906009 1157205.9
635.3327721166357 1147657.2
635.4262956051215 1254195.2
635.5200581560582 1126229.8
635.6140597694457 883101.9
635.7083004452841 1124675.9
635.8027801835735 1135568.1
635.8974989843136 945912.56
635.9924568475049 824295.4
636.0876537731468 922116.9
636.1830897612398 931467.44
636.2787648117835 834133.25
636.3746789247782 1017602.25
636.4708321002237 1563423.2
636.5672243381202 1482009.5
636.6638556384676 1470224.9
636.7607260012659 1546565.6
636.857835426515 1966736.1
636.9551839142149 2016072.2
637.0527714643658 1815271.4
637.1505980769675 1847371.0
637.2486637520203 1825535.2
637.3469684895239 1540582.4
637.4455122894784 1289659.6
637.5442951518837 1177528.9
637.64331707674 1349703.2
637.742578064047 1470008.8
637.8420781138052 1577753.1
637.941817226014 1142341.1
638.0417954006739 1317212.2
638.1420126377845 1482583.8
638.2424689373462 1537290.0
638.3431642993586 1078349.8
638.444098723822 1148667.4
638.5452722107362 1202057.2
638.6466847601014 969579.1
638.7483363719175 842325.75
638.8502270461844 930509.94
638.9523567829023 957968.8
639.0547255820709 1049346.2
639.1573334436905 1166238.5
639.260180367761 1445112.6
639.3632663542825 1570350.5
639.4665914032546 1358521.8
639.5701555146778 1339490.2
639.6739586885519 1539424.0
639.7780009248769 1772395.0
639.8822822236526 1982068.9
639.9868025848793 2030169.9
640.091562008557 2556600.2
640.1965604946854 2901897.5
640.3017980432649 3222366.5
640.4072746542952 2790284.8
640.5129903277764 2207802.0
640.6189450637083 1769949.8
640.7251388620914 1875906.8
640.8315717229252 1848176.0
640.93824364621 1622154.4
641.0451546319456 1542420.6
641.1523046801321 1444651.5
641.2596937907695 1250265.5
641.3673219638578 1236594.2
641.4751891993969 1164249.9
641.583295497387 1393818.6
641.691640857828 1363758.8
641.8002252807198 1628579.9
641.9090487660626 1471161.8
642.0181113138563 1421916.8
642.1274129241008 1720275.5
642.2369535967962 1882941.0
642.3467333319426 1857217.8
642.4567521295397 1840666.1
642.5670099895879 2115032.8
642.6775069120868 1864093.0
642.7882428970366 1825511.5
642.8992179444374 1562541.0
643.010432054289 1648529.2
643.1218852265915 1598312.8
643.2335774613449 1723339.0
643.3455087585494 1559595.5
643.4576791182045 1158319.2
643.5700885403106 1366517.0
643.6827370248676 1713611.5
643.7956245718756 1311154.5
643.9087511813342 1064919.5
644.0221168532439 1066773.2
644.1357215876045 1309371.0
644.249565384416 1269006.8
644.3636482436782 1473611.4
644.4779701653915 1679268.6
644.5925311495556 1506003.8
644.7073311961706 1356721.2
644.8223703052365 1395889.2
644.9376484767532 1709465.1
645.0531657107209 1636728.1
645.1689220071395 1491956.5
645.2849173660089 1530336.4
645.4011517873292 1677144.5
645.5176252711005 1722639.2
645.6343378173226 1904736.5
645.7512894259957 1432443.2
645.8684800971196 1081212.4
645.9859098306944 1161190.6
646.10357862672 1071378.2
646.2214864851966 1517309.8
646.3396334061241 1122734.5
646.4580193895024 1194036.8
646.5766444353317 1267454.0
646.6955085436118 1267556.4
646.8146117143428 1060671.5
646.9339539475247 1272190.1
647.0535352431576 1526060.5
647.1733556012413 1324466.1
647.2934150217759 1351206.0
647.4137135047613 1097739.2
647.5342510501977 1251198.0
647.6550276580849 1028848.4
647.7760433284232 1012062.6
647.8972980612122 1142085.8
648.018791856452 1321058.0
648.1405247141429 1711129.9
648.2624966342845 1468005.6
648.3847076168772 1335472.5
648.5071576619206 1187527.2
648.629846769415 1137128.9
648.7527749393603 1228393.4
648.8759421717565 1825717.8
648.9993484666035 2070155.6
649.1229938239015 1833581.8
649.2468782436503 1325521.9
649.3710017258501 984313.75
649.4953642705007 897114.5
649.6199658776021 840506.8
649.7448065471544 1069741.4
649.8698862791578 1267728.2
649.9952050736119 1356200.2
650.120762930517 1113198.0
650.2465598498729 1029501.9
650.3725958316797 1016576.3
650.4988708759375 1191456.9
650.6253849826461 1304963.6
650.7521381518056 1210520.9
650.879130383416 1003259.94
651.0063616774773 901615.6
651.1338320339895 1080838.4
651.2615414529527 1056811.8
651.3894899343666 1149010.0
651.5176774782313 1119925.1
651.6461040845472 1400394.5
651.7747697533138 1625311.8
651.9036744845314 1237425.8
652.0328182781997 1159984.9
652.162201134319 1086687.4
652.2918230528892 1167488.1
652.4216840339103 969157.0
652.5517840773823 1160468.0
652.6821231833052 1558836.8
652.8127013516789 1552924.2
652.9435185825037 1403699.2
653.074574875779 1184368.0
653.2058702315056 1426796.1
653.3374046496829 1427162.8
653.469178130311 921570.6
653.6011906733902 883366.4
653.73344227892 1136336.0
653.865932946901 1218908.8
653.9986626773327 1165993.4
654.1316314702154 897820.4
654.2648393255489 867310.94
654.3982862433335 980613.06
654.5319722235687 1081009.9
654.665897266255 1287299.0
654.8000613713921 1117134.9
654.9344645389801 1040166.94
655.069106769019 1099959.9
655.2039880615088 1136475.4
655.3391084164494 861418.6
655.4744678338409 973975.56
655.6100663136834 1182081.6
655.7459038559767 1091447.9
655.881980460721 1386190.1
656.0182961279161 1722765.0
656.1548508575621 1805180.1
656.291644649659 1628328.2
656.4286775042068 1847709.4
656.5659494212055 1863961.4
656.7034604006551 1651260.8
656.8412104425555 1583034.5
656.9791995469069 1784795.5
657.117427713709 1624447.5
657.2558949429622 1857544.2
657.3946012346663 1653456.0
657.5335465888211 1503674.0
657.672731005427 1055141.5
657.8121544844836 972692.56
657.9518170259913 1110552.9
658.0917186299497 1088296.8
658.2318592963591 782897.25
658.3722390252193 971024.06
658.5128578165305 733761.6
658.6537156702925 1127360.5
658.7948125865055 1081913.4
658.9361485651692 1176001.8
659.077723606284 1426188.1
659.2195377098495 1590474.4
659.361590875866 1359502.8
659.5038831043335 1388691.4
659.6464143952517 1237374.0
659.7891847486209 1148400.2
659.9321941644408 1303356.2
660.0754426427119 1157677.0
660.2189301834336 1296083.9
660.3626567866064 1438327.4
660.50662245223 1502386.8
660.6508271803045 1178994.2
660.7952709708298 927278.5
660.9399538238061 1067503.2
661.0848757392333 1324009.2
661.2300367171114 1270317.2
661.3754367574403 1074757.9
661.5210758602201 1204748.5
661.6669540254509 1255861.6
661.8130712531324 1294681.2
661.9594275432651 1067501.6
662.1060228958484 865429.9
662.2528573108827 886609.5
662.3999307883678 1016760.6
662.5472433283039 1098108.2
662.6947949306908 1300073.6
662.8425855955288 1360426.9
662.9906153228175 1111353.6
663.1388841125572 880295.1
663.2873919647476 1043850.0
663.436138879389 1141010.0
663.5851248564813 1311245.0
663.7343498960245 1366008.2
663.8838139980186 1348269.0
664.0335171624636 1068461.2
664.1834593893594 743583.5
664.3336406787062 981953.7
664.4840610305039 1040791.2
664.6347204447524 1054073.6
664.7856189214518 844220.1
664.936756460602 940930.06
665.0881330622034 1080906.0
665.2397487262554 1280216.4
665.3916034527584 1528609.2
665.5436972417123 1275175.5
665.6960300931171 1083615.2
665.8486020069727 1134767.6
666.0014129832791 1049488.5
666.1544630220367 1276355.5
666.3077521232449 1176838.1
666.4612802869042 1358388.9
666.6150475130142 1440325.2
666.7690538015753 1077190.1
666.9232991525871 1356202.8
667.07778356605 1367333.5
667.2325070419636 1101334.0
667.3874695803282 1177502.2
667.5426711811436 1573842.0
667.69811184441 1701073.8
667.8537915701272 1440353.8
668.0097103582953 1708934.5
668.1658682089143 1769230.1
668.3222651219842 1759940.6
668.4789010975051 1857945.1
668.6357761354766 1345440.1
668.7928902358992 1164816.5
668.9502433987727 1129988.5
669.1078356240971 947568.9
669.2656669118722 1107174.2
669.4237372620985 904653.25
669.5820466747754 916430.1
669.7405951499034 1011747.5
669.8993826874821 1166667.0
670.0584092875117 1315790.5
670.2176749499924 1293309.8
670.3771796749238 806225.94
670.5369234623063 1054341.0
670.6969063121394 1315202.6
670.8571282244236 879452.8
671.0175891991586 930609.5
671.1782892363447 1084939.8
671.3392283359814 1172910.5
671.5004064980691 1112122.8
671.6618237226077 1142377.2
671.8234800095972 1026336.94
671.9853753590376 1030566.5
672.1475097709289 1216298.2
672.309883245271 1357545.0
672.472495782064 1000575.5
672.635347381308 1271043.9
672.7984380430028 1433908.0
672.9617677671484 1116621.0
673.125336553745 1211733.1
673.2891444027925 1631279.2
673.453191314291 1396975.0
673.6174772882403 1153224.4
673.7820023246404 1415616.4
673.9467664234915 1324338.2
674.1117695847934 1535802.2
674.2770118085463 1526726.5
674.4424930947499 1347863.8
674.6082134434046 1186905.2
674.7741728545101 1121742.0
674.9403713280664 1024435.0
675.1068088640737 1187307.1
675.2734854625319 1415640.0
675.440401123441 1588212.2
675.6075558468009 1942992.6
675.7749496326118 2022013.9
675.9425824808735 2080673.9
676.1104543915861 1855107.4
676.2785653647496 1768340.8
676.4469154003641 1606445.0
676.6155044984293 1729386.1
676.7843326589456 1535010.5
676.9533998819127 1457267.8
677.1227061673306 1442943.6
677.2922515151995 1435899.8
677.4620359255191 1289313.0
677.6320593982898 1267649.6
677.8023219335114 1466634.0
677.9728235311838 1366210.0
678.1435641913071 1450538.8
678.3145439138814 1392533.2
678.4857626989063 1281507.2
678.6572205463824 1197646.0
678.8289174563092 1018653.1
679.000853428687 1042000.7
679.1730284635156 1030192.2
679.3454425607953 1207655.1
679.5180957205256 1427214.0
679.690987942707 1420574.4
679.8641192273392 1085629.5
680.0374895744222 1331776.9
680.2110989839563 1537931.0
680.3849474559411 1310224.8
680.559034990377 1389911.1
680.7333615872635 1210059.2
680.9079272466012 1098831.4
681.0827319683896 1244917.5
681.257775752629 1256386.4
681.4330585993191 1279609.4
681.6085805084602 1275915.1
681.7843414800523 1392187.4
681.9603415140951 1597109.4
682.1365806105889 1688576.9
682.3130587695335 1528826.2
682.4897759909292 1459006.0
682.6667322747755 1374942.8
682.8439276210729 1290738.0
683.0213620298211 1385000.6
683.1990355010204 1321834.9
683.3769480346702 1070599.0
683.5550996307712 1067048.1
683.7334902893231 1227101.5
683.9121200103258 1731609.5
684.0909887937793 1326139.2
684.2700966396839 1093421.5
684.4494435480391 1192916.4
684.6290295188454 965133.25
684.8088545521025 879213.9
684.9889186478105 900073.06
685.1692218059694 901805.7
685.3497640265792 1035124.4
685.5305453096399 1484835.8
685.7115656551515 1370740.8
685.8928250631141 1483332.6
686.0743235335274 1245538.2
686.2560610663917 1350742.0
686.4380376617067 1608268.5
686.6202533194729 1323377.2
686.8027080396897 1092626.6
686.9854018223576 1166596.4
687.1683346674763 1555826.0
687.351506575046 1316251.5
687.5349175450664 1554374.8
687.7185675775377 1244589.6
687.9024566724601 1333301.0
688.0865848298331 1268161.2
688.2709520496572 1225653.1
688.4555583319321 1262789.5
688.640403676658 1331807.6
688.8254880838347 1320307.2
689.0108115534624 1414728.5
689.1963740855408 1579375.0
689.3821756800703 1367726.8
689.5682163370506 1364183.6
689.7544960564818 1665524.9
689.9410148383638 1907649.9
690.1277726826967 1822273.6
690.3147695894805 1860275.1
690.5020055587153 1853282.5
690.689480590401 1958696.0
690.8771946845374 1754652.5
691.0651478411248 1695065.1
691.253340060163 1538184.8
691.4417713416524 1229551.8
691.6304416855924 1268691.6
691.8193510919834 1578351.8
692.0084995608252 1653666.5
692.197887092118 1871006.0
692.3875136858616 1990575.2
692.5773793420561 1892671.0
692.7674840607016 1824803.5
692.9578278417978 1914815.5
693.1484106853451 1500478.0
693.339232591343 1572703.1
693.5302935597921 1334007.2
693.7215935906919 1305490.5
693.9131326840427 1392520.6
694.1049108398444 1697853.8
694.2969280580969 1892682.8
694.4891843388003 1931751.0
694.6816796819547 2130618.8
694.8744140875599 1879460.8
695.067387555616 1683718.9
695.260600086123 1939863.0
695.4540516790809 1941857.5
695.6477423344896 2256606.5
695.8416720523492 1911456.5
696.0358408326598 1599870.6
696.2302486754212 1632828.2
696.4248955806336 1636466.4
696.6197815482967 1717572.8
696.814906578411 1950803.5
697.0102706709758 2123389.0
697.2058738259918 2264550.8
697.4017160434586 1995121.9
697.5977973233763 1835200.6
697.7941176657448 2123918.0
697.9906770705643 2236716.2
698.1874755378346 2238984.8
698.3845130675558 2185137.0
698.581789659728 1950440.0
698.779305314351 2109805.2
698.9770600314249 2188495.0
699.1750538109496 2581186.0
699.3732866529253 2580566.0
699.5717585573519 2802090.2
699.7704695242294 2835740.0
699.9694195535577 2612880.5
700.168608645337 2816974.8
700.3680367995671 2418802.8
700.5677040162482 2640271.5
700.7676102953801 3086199.0
700.9677556369629 3069579.5
701.1681400409966 3385026.5
701.368763507481 3376658.5
701.5696260364166 3301580.0
701.7707276278029 3382525.2
701.9720682816403 2826013.8
702.1736479979284 2565752.2
702.3754667766674 2542802.8
702.5775246178573 2813106.5
702.7798215214982 3175601.5
702.9823574875899 3187145.2
703.1851325161325 3034918.8
703.3881466071259 2904471.2
703.5913997605704 2894908.5
703.7948919764656 2819497.0
703.9986232548118 2569517.2
704.2025935956088 2603680.8
704.4068029988567 2787618.8
704.6112514645556 2513067.0
704.8159389927052 2529887.8
705.020865583306 2446561.8
705.2260312363574 2307671.2
705.4314359518598 2477286.5
705.6370797298131 3059614.5
705.8429625702173 3191008.0
706.0490844730723 3237010.2
706.2554454383783 3249228.5
706.4620454661351 3268365.2
706.6688845563428 3385795.2
706.8759627090014 3198685.2
707.0832799241109 2942501.0
707.2908362016714 3187958.5
707.4986315416826 3857984.5
707.7066659441448 3942471.2
707.9149394090579 3924355.0
708.1234519364218 4187515.0
708.3322035262366 4190698.8
708.5411941785025 4159814.5
708.750423893219 4236846.5
708.9598926703866 4251974.0
709.169600510005 4561446.0
709.3795474120743 4876834.0
709.5897333765945 4736711.5
709.8001584035657 4854065.5
710.0108224929876 4282769.5
710.2217256448604 4331510.5
710.4328678591842 4468549.5
710.6442491359588 4916562.0
710.8558694751844 5050237.0
711.0677288768608 5785940.5
711.2798273409882 6466806.0
711.4921648675663 7640112.0
711.7047414565955 8927844.0
711.9175571080754 9940288.0
712.1306118220064 10997269.0
712.343905598388 11579038.0
712.5574384372208 10922849.0
712.7712103385043 9928049.0
712.9852213022388 9887127.0
713.199471328424 9668180.0
713.4139604170601 9640324.0
713.6286885681474 9584078.0
713.8436557816852 9126789.0
714.0588620576742 8698793.0
714.274307396114 8555368.0
714.4899917970047 9106841.0
714.7059152603462 9709424.0
714.9220777861387 9893918.0
715.138479374382 10236284.0
715.3551200250763 10876056.0
715.5719997382214 11107909.0
715.7891185138174 11923659.0
716.0064763518642 11578528.0
716.224073252362 11575291.0
716.4419092153107 12131690.0
716.6599842407103 11623554.0
716.8782983285607 11342469.0
717.096851478862 10452346.0
717.3156436916144 10011313.0
717.5346749668174 9003570.0
717.7539453044715 7112127.0
717.9734547045764 6645921.0
718.1932031671322 6473182.0
718.4131906921389 5905970.5
718.6334172795965 5330485.0
718.853882929505 4878982.0
719.0745876418644 4499329.5
719.2955314166745 4248135.5
719.5167142539357 3682207.8
719.7381361536477 3372767.5
719.9597971158106 3790796.5
720.1816971404245 3580058.8
720.4038362274891 3901040.0
720.6262143770048 4649603.5
720.8488315889713 4947462.5
721.0716878633887 5267671.0
721.2947832002569 6237257.5
721.518117599576 7240816.0
721.741691061346 8383713.0
721.965503585567 9741056.0
722.1895551722389 10734504.0
722.4138458213616 12115539.0
722.6383755329352 13073142.0
722.8631443069596 14100210.0
723.0881521434351 14786001.0
723.3133990423613 14770748.0
723.5388850037385 13711035.0
723.7646100275665 12235982.0
723.9905741138455 11819316.0
724.2167772625753 12284791.0
724.4432194737561 12687002.0
724.6699007473876 12760135.0
724.8968210834703 12847421.0
725.1239804820036 14029036.0
725.3513789429879 14886980.0
725.579016466423 15189088.0
725.8068930523091 16335221.0
726.0350087006461 17439548.0
726.2633634114338 17130458.0
726.4919571846726 17848792.0
726.7207900203623 18491904.0
726.9498619185028 19090398.0
727.1791728790942 21913618.0
727.4087229021366 28502772.0
727.6385119876297 38304348.0
727.8685401355738 51767664.0
728.0988073459687 69564440.0
728.3293136188147 90864850.0
728.5600589541114 115318410.0
728.7910433518591 133890260.0
729.0222668120575 143705470.0
729.2537293347069 142188350.0
729.4854309198073 124216790.0
729.7173715673584 97794540.0
729.9495512773606 70551440.0
730.1819700498136 46387800.0
730.4146278847174 30926772.0
730.6475247820722 22071072.0
730.8806607418778 16583245.0
731.1140357641343 14243404.0
731.3476498488419 12317688.0
731.5815029960002 10655474.0
731.8155952056094 10178135.0
732.0499264776695 9200129.0
732.2844968121806 8231357.5
732.5193062091423 6636527.5
732.754354668555 5124779.5
732.9896421904187 4838076.0
733.2251687747333 4144693.8
733.4609344214988 4636267.0
733.6969391307151 5466214.0
733.9331829023823 5746505.0
734.1696657365004 6027481.0
734.4063876330695 6191130.0
734.6433485920893 6538622.0
734.8805486135602 7113619.0
735.1179876974818 7626489.0
735.3556658438545 8616708.0
735.5935830526778 8472076.0
735.8317393239522 8257787.0
736.0701346576775 7546405.5
736.3087690538534 7489791.0
736.5476425124806 7242334.5
736.7867550335584 6887084.5
737.0261066170873 7013392.0
737.265697263067 7898488.0
737.5055269714976 9063694.0
737.745595742379 10982931.0
737.9859035757114 14162209.0
738.2264504714947 18052178.0
738.4672364297288 23741532.0
738.7082614504138 33738332.0
738.9495255335498 47811930.0
739.1910286791365 66938756.0
739.4327708871742 87395920.0
739.6747521576629 107767680.0
739.9169724906022 123310610.0
740.1594318859927 127221140.0
740.4021303438338 118734990.0
740.6450678641261 100518340.0
740.8882444468691 76268850.0
741.131660092063 53294096.0
741.3753147997079 34228244.0
741.6192085698036 23540872.0
741.8633414023502 16587110.0
742.1077132973477 12143591.0
742.352324254796 10100671.0
742.5971742746954 8155932.5
742.8422633570456 6728012.0
743.0875915018465 6141309.5
743.3331587090985 5934377.5
743.5789649788013 5128722.0
743.8250103109551 4122744.0
744.0712947055597 2988238.0
744.3178181626151 2699036.0
744.5645806821216 2614649.0
744.8115822640789 2506572.5
745.058822908487 2771988.5
745.3063026153461 3044990.0
745.554021384656 3085315.2
745.801979216417 3165254.5
746.0501761106286 3275287.2
746.2986120672912 3855906.0
746.5472870864048 4086057.2
746.7962011679691 4209739.5
747.0453543119845 4280003.0
747.2947465184507 4316032.0
747.5443777873677 3916643.5
747.7942481187357 3315726.5
748.0443575125546 2880192.8
748.2947059688242 2384781.5
748.545293487545 2131488.5
748.7961200687164 2201944.5
749.0471857123389 2055187.4
749.2984904184123 1940403.5
749.5500341869365 2233552.0
749.8018170179115 2249847.5
750.0538389113375 2016944.5
750.3060998672144 1933587.4
750.558599885542 1952250.6
750.8113389663208 1850601.8
751.0643171095503 2008597.8
751.3175343152308 1843520.0
751.570990583362 2288774.0
751.8246859139442 1935728.8
752.0786203069773 1777616.9
752.3327937624614 2038333.0
752.5872062803962 2242929.8
752.841857860782 2613714.8
753.0967485036186 2275744.5
753.3518782089062 2308853.2
753.6072469766447 2605217.0
753.8628548068339 2767397.5
754.1187016994742 2809136.0
754.3747876545652 2884750.5
754.6311126721073 2931286.2
754.8876767521001 2990647.0
755.144479894544 2938177.0
755.4015220994386 2753538.5
755.6588033667842 2522272.2
755.9163236965807 2455064.8
756.1740830888281 2547234.2
756.4320815435262 2786391.0
756.6903190606754 2943438.5
756.9487956402754 2930962.5
757.2075112823263 2747319.5
757.4664659868281 2711272.2
757.7256597537807 3344302.8
757.9850925831844 3213706.0
758.2447644750388 3321697.0
758.5046754293442 3853967.2
758.7648254461004 4124095.2
759.0252145253075 4173894.0
759.2858426669656 4724539.0
759.5467098710745 5335650.0
759.8078161376343 4916902.0
760.069161466645 5066429.5
760.3307458581066 5459965.0
760.5925693120191 5504874.0
760.8546318283825 4933629.0
761.1169334071967 4951711.0
761.3794740484618 4464313.0
761.6422537521778 4515219.0
761.9052725183449 4341338.0
762.1685303469626 4466487.5
762.4320272380314 4705490.5
762.6957631915509 4708868.0
762.9597382075215 4187996.0
763.2239522859428 3724777.2
763.4884054268151 3826260.2
763.7530976301382 3867375.2
764.0180288959123 3660560.2
764.2831992241372 3697473.8
764.5486086148131 3812178.0
764.8142570679397 3467856.5
765.0801445835173 4571345.5
765.3462711615459 5931859.0
765.6126368020252 6507528.0
765.8792415049556 7125571.0
766.1460852703367 8120588.0
766.4131680981689 7955822.5
766.6804899884517 7562339.0
766.9480509411856 7054142.5
767.2158509563703 6469442.5
767.483890034006 5708891.0
767.7521681740925 5356562.5
768.0206853766299 5039411.0
768.2894416416182 5179748.0
768.5584369690574 4677605.5
768.8276713589474 4425923.0
769.0971448112883 4703513.0
769.3668573260802 5294004.5
769.636808903323 5507542.5
769.9069995430166 6648964.5
770.1774292451611 7522035.0
770.4480980097566 7543767.0
770.7190058368028 7199657.5
770.9901527263 8012476.0
771.2615386782481 8197526.0
771.5331636926471 8143995.5
771.805027769497 9301954.0
772.0771309087978 10986206.0
772.3494731105494 14215924.0
772.622054374752 16859238.0
772.8948747014053 18475226.0
773.1679340905096 20757472.0
773.4412325420649 24153508.0
773.714770056071 26203256.0
773.9885466325279 26035104.0
774.2625622714359 24597078.0
774.5368169727947 21988940.0
774.8113107366042 19122524.0
775.0860435628648 14647675.0
775.3610154515762 10964034.0
775.6362264027387 9132452.0
775.9116764163518 8187864.0
776.1873654924159 6953402.5
776.4632936309309 6577152.5
776.7394608318967 6543536.0
777.0158670953135 6128720.0
777.2925124211812 5944771.0
777.5693968094998 5963634.0
777.8465202602692 6018397.0
778.1238827734896 6829117.5
778.4014843491608 8103919.5
778.6793249872829 9792061.0
778.957404687856 10830495.0
779.23572345088 11345559.0
779.5142812763546 12622719.0
779.7930781642804 15550025.0
780.0721141146569 17716664.0
780.3513891274845 19126672.0
780.6309032027627 20460032.0
780.9106563404919 20904380.0
781.1906485406721 20904882.0
781.4708798033031 19287582.0
781.7513501283851 18523284.0
782.0320595159178 18081292.0
782.3130079659015 17247762.0
782.5941954783361 16624508.0
782.8756220532216 16762186.0
783.157287690558 16762092.0
783.4391923903453 15389714.0
783.7213361525834 13331476.0
784.0037189772725 12425101.0
784.2863408644123 12671331.0
784.5692018140032 13675899.0
784.8523018260448 13951676.0
785.1356409005374 14462656.0
785.419219037481 15269651.0
785.7030362368753 16624251.0
785.9870924987206 17213594.0
786.2713878230167 16041906.0
786.5559222097638 14786156.0
786.8406956589616 14254091.0
787.1257081706106 13415339.0
787.4109597447102 12595490.0
787.6964503812609 13278414.0
787.9821800802623 15162584.0
788.2681488417147 15539279.0
788.554356665618 15654928.0
788.8408035519722 16842026.0
789.1274895007773 16637075.0
789.4144145120331 16608089.0
789.70157858574 17715142.0
789.9889817218977 18669990.0
790.2766239205064 19548102.0
790.5645051815659 19845310.0
790.8526255050763 21093788.0
791.1409848910375 22372090.0
791.4295833394498 24243564.0
791.7184208503128 27932818.0
792.0074974236268 30001798.0
792.2968130593916 32624516.0
792.5863677576074 35074172.0
792.876161518274 36901610.0
793.1661943413915 37910492.0
793.45646622696 36841256.0
793.7469771749792 35200880.0
794.0377271854495 34035416.0
794.3287162583705 33136410.0
794.6199443937426 34218636.0
794.9114115915653 35876490.0
795.2031178518391 36696524.0
795.4950631745637 37449044.0
795.7872475597393 38091200.0
796.0796710073657 38817588.0
796.372333517443 39182810.0
796.6652350899712 40811676.0
796.9583757249504 43054460.0
797.2517554223803 45806976.0
797.5453741822612 48652280.0
797.839232004593 51377650.0
798.1333288893755 54707164.0
798.4276648366092 58834804.0
798.7222398462935 62479196.0
799.0170539184289 66407804.0
799.3121070530151 66983024.0
799.6073992500523 71250770.0
799.9029305095402 72473160.0
800.1987008314792 73450700.0
800.4947102158688 73118250.0
800.7909586627096 73003470.0
801.0874461720011 73983224.0
801.3841727437435 74202650.0
801.6811383779369 72993670.0
801.9783430745811 71617590.0
802.2757868336762 69839890.0
802.5734696552222 65142276.0
802.8713915392192 61591956.0
803.1695524856669 58772444.0
803.4679524945657 56442804.0
803.7665915659152 55896310.0
804.0654696997157 54970660.0
804.364586895967 55504970.0
804.6639431546693 55956296.0
804.9635384758224 56949064.0
805.2633728594265 59183764.0
805.5634463054813 63115740.0
805.863758813987 64113070.0
806.1643103849437 65456840.0
806.4651010183513 67735760.0
806.7661307142098 68488580.0
807.0673994725191 66891910.0
807.3689072932794 67963384.0
807.6706541764905 69408920.0
807.9726401221526 70060770.0
808.2748651302655 70637410.0
808.5773292008294 77542720.0
808.880032333844 89676780.0
809.1829745293097 104890830.0
809.4861557872262 121853610.0
809.7895761075936 140920850.0
810.0932354904118 159394420.0
810.3971339356808 183014080.0
810.701271443401 206106850.0
811.0056480135719 229280830.0
811.3102636461938 247180080.0
811.6151183412665 258366320.0
811.9202120987901 256482600.0
812.2255449187645 244184220.0
812.5311168011899 220335460.0
812.8369277460662 196258940.0
813.1429777533934 173977630.0
813.4492668231715 155490690.0
813.7557949554005 142325950.0
814.0625621500802 129783640.0
814.3695684072109 120473760.0
814.6768137267925 114700530.0
814.984298108825 109496930.0
815.2920215533085 103183600.0
815.5999840602427 96439900.0
815.908185629628 90262620.0
816.216626261464 84198140.0
816.5253059557509 77884490.0
816.8342247124888 70748030.0
817.1433825316776 62800330.0
817.4527794133171 55533804.0
817.7624153574077 50181076.0
818.072290363949 45456616.0
818.3824044329415 42181560.0
818.6927575643846 41849164.0
819.0033497582787 44272936.0
819.3141810146236 47406336.0
819.6252513334194 52422324.0
819.9365607146663 59517984.0
820.2481091583638 65437130.0
820.5598966645124 72049930.0
820.8719232331118 78819450.0
821.1841888641621 88399280.0
821.4966935576633 99660030.0
821.8094373136155 112388570.0
822.1224201320184 127356200.0
822.4356420128723 146079000.0
822.749102956177 169810220.0
823.0628029619327 194697740.0
823.3767420301392 223515170.0
823.6909201607966 255342270.0
824.005337353905 285568830.0
824.3199936094642 310126820.0
824.6348889274743 327248900.0
824.9500233079352 326132030.0
825.2653967508472 308061860.0
825.5810092562099 275797000.0
825.8968608240236 233398580.0
826.2129514542881 182157100.0
826.5292811470036 133513150.0
826.8458499021699 94676110.0
827.1626577197871 66875184.0
827.4797045998553 50114010.0
827.7969905423743 42627930.0
828.1145155473441 34344496.0
828.4322796147649 27245084.0
828.7502827446367 23319612.0
829.0685249369592 20844492.0
829.3870061917327 19236696.0
829.705726508957 18351672.0
830.0246858886322 16861872.0
830.3438843307583 13714042.0
830.6633218353354 11464762.0
830.9829984023633 10887631.0
831.3029140318422 10286108.0
831.6230687237718 10625594.0
831.9434624781525 10320858.0
832.2640952949838 9227616.0
832.5849671742662 9869712.0
832.9060781159994 10457916.0
833.2274281201835 10809122.0
833.5490171868187 10294650.0
833.8708453159045 10115977.0
834.1929125074414 10108578.0
834.515218761429 10286342.0
834.8377640778676 10659630.0
835.160548456757 11751759.0
835.4835718980975 13428248.0
835.8068344018886 14545602.0
836.1303359681309 15059652.0
836.4540765968239 16631749.0
836.778056287968 17467516.0
837.1022750415626 18375102.0
837.4267328576084 18472536.0
837.7514297361049 18468324.0
838.0763656770524 18565424.0
838.4015406804508 19082248.0
838.7269547463001 21038020.0
839.0526078746003 22066852.0
839.3785000653513 21434524.0
839.7046313185533 21119462.0
840.0310016342061 20659968.0
840.3576110123099 21579730.0
840.6844594528644 22188222.0
841.01154695587 21788000.0
841.3388735213264 21169032.0
841.6664391492336 21763410.0
841.9942438395917 22480162.0
842.3222875924008 22635860.0
842.6505704076608 22924918.0
842.9790922853716 23198880.0
843.3078532255333 23837842.0
843.636853228146 23589682.0
843.9660922932096 23424596.0
844.2955704207238 23114228.0
844.6252876106893 21942368.0
844.9552438631054 20844976.0
845.2854391779725 20587974.0
845.6158735552905 21407292.0
845.9465469950594 23098730.0
846.2774594972791 24446368.0
846.6086110619498 25048104.0
846.9400016890712 25753062.0
847.2716313786436 29447812.0
847.603500130667 33222284.0
847.9356079451411 36728324.0
848.2679548220663 41319644.0
848.6005407614422 47171844.0
848.9333657632692 50906296.0
849.2664298275467 54685790.0
849.5997329542755 59150476.0
849.933275143455 61535660.0
850.2670563950855 63435090.0
850.6010767091668 63271964.0
850.935336085699 62398624.0
851.2698345246821 61735020.0
851.6045720261161 60479204.0
851.939548590001 58849630.0
852.2747642163367 57537896.0
852.6102189051235 55126096.0
852.9459126563609 49402150.0
853.2818454700493 44170030.0
853.6180173461887 38427704.0
853.9544282847789 33857060.0
854.29107828582 30616440.0
854.627967349312 29149508.0
854.9650954752549 28871302.0
855.3024626636488 30440050.0
855.6400689144934 33476988.0
855.9779142277889 35466144.0
856.3159986035355 36715384.0
856.6543220417327 37221420.0
856.992884542381 39250970.0
857.33168610548 44538504.0
857.6707267310301 46850156.0
858.010006419031 49899644.0
858.3495251694828 52387804.0
858.6892829823855 53240036.0
859.0292798577391 56246576.0
859.3695157955435 61820776.0
859.709990795799 63912796.0
860.0507048585051 67064130.0
860.3916579836623 72154940.0
860.7328501712702 75748520.0
861.0742814213293 79949144.0
861.415951733839 82423850.0
861.7578611087997 84063320.0
862.1000095462114 86793900.0
862.4423970460737 87763810.0
862.7850236083872 85010340.0
863.1278892331513 78829130.0
863.4709939203666 70107670.0
863.8143376700325 63792230.0
864.1579204821496 54863570.0
864.5017423567174 45586396.0
864.845803293736 37996172.0
865.1901032932057 32702616.0
865.5346423551262 28272580.0
865.8794204794975 24594080.0
866.2244376663198 24767038.0
866.569693915593 25418236.0
866.9151892273169 25944550.0
867.2609236014919 28817522.0
867.6068970381177 31295556.0
867.9531095371945 36243284.0
868.299561098722 41491976.0
868.6462517227006 45055216.0
868.9931814091299 48540120.0
869.3403501580103 52637490.0
869.6877579693414 56991790.0
870.0354048431236 61950770.0
870.3832907793565 66158190.0
870.7314157780402 69529140.0
871.079779839175 73594030.0
871.4283829627606 77799450.0
871.7772251487971 81131830.0
872.1263063972845 88377950.0
872.4756267082229 91090180.0
872.825186081612 90862080.0
873.1749845174521 88301320.0
873.525022015743 81330056.0
873.875298576485 70097850.0
874.2258141996776 58478956.0
874.5765688853213 49216400.0
874.9275626334158 45077956.0
875.2787954439613 44849120.0
875.6302673169575 46314824.0
875.9819782524048 47826676.0
876.3339282503027 47388724.0
876.6861173106518 45861730.0
877.0385454334516 44349540.0
877.3912126187024 42385064.0
877.744118866404 40014816.0
878.0972641765566 38713056.0
878.45064854916 35795330.0
878.8042719842143 31255208.0
879.1581344817196 25697872.0
879.5122360416756 20975684.0
879.8665766640827 18008656.0
880.2211563489404 16554512.0
880.5759750962493 16516365.0
880.9310329060089 16244992.0
881.2863297782194 16635049.0
881.6418657128809 16779440.0
881.9976407099932 17791676.0
882.3536547695564 18473382.0
882.7099078915705 17918148.0
883.0664000760355 18959524.0
883.4231313229513 19881432.0
883.7801016323183 20257402.0
884.1373110041359 19457436.0
884.4947594384045 19067912.0
884.8524469351239 18418672.0
885.2103734942943 18086716.0
885.5685391159154 18488130.0
885.9269437999875 17427214.0
886.2855875465107 16448494.0
886.6444703554844 16234006.0
887.0035922269093 16265874.0
887.3629531607849 16570930.0
887.7225531571116 17252038.0
888.082392215889 18173374.0
888.4424703371174 18277004.0
888.8027875207965 19225086.0
889.1633437669268 20002382.0
889.5241390755077 21549748.0
889.8851734465397 24151972.0
890.2464468800224 26542184.0
890.6079593759562 28850384.0
890.9697109343408 33092810.0
891.3317015551763 35169960.0
891.6939312384626 36117480.0
892.0563999841997 40121790.0
892.419107792388 44190144.0
892.7820546630269 47076220.0
893.145240596117 50780220.0
893.5086655916577 54377016.0
893.8723296496495 54189636.0
894.2362327700921 53878456.0
894.6003749529856 56485460.0
894.96475619833 61013736.0
895.3293765061252 66754076.0
895.6942358763713 72947510.0
896.0593343090684 78902870.0
896.4246718042164 83041864.0
896.7902483618151 84823630.0
897.1560639818649 83762200.0
897.5221186643654 76462984.0
897.888412409317 66158900.0
898.2549452167193 52959356.0
898.6217170865726 40259464.0
898.9887280188768 31533490.0
899.3559780136319 24590900.0
899.7234670708378 20340138.0
900.0911951904947 16881616.0
900.4591623726023 14953049.0
900.827368617161 13757584.0
901.1958139241705 13055638.0
901.5644982936308 12171818.0
901.9334217255422 12441101.0
902.3025842199042 13069488.0
902.6719857767174 12874562.0
903.0416263959813 12147532.0
903.4115060776962 12048325.0
903.7816248218619 12823938.0
904.1519826284787 13056340.0
904.5225794975461 12297079.0
904.8934154290646 12925971.0
905.2644904230337 12757121.0
905.635804479454 12265235.0
906.0073575983251 11499130.0
906.3791497796472 11586299.0
906.7511810234199 11323065.0
907.1234513296438 11426056.0
907.4959606983184 12409798.0
907.8687091294438 11878565.0
908.2416966230203 10889415.0
908.6149231790475 9697116.0
908.9883887975259 9927201.0
909.3620934784549 9894350.0
909.736037221835 8934012.0
910.1102200276657 8856008.0
910.4846418959476 8787801.0
910.8593028266802 9017460.0
911.2342028198638 9530978.0
911.6093418754981 9825243.0
911.9847199935836 9858796.0
912.3603371741196 10157183.0
912.7361934171067 10321814.0
913.1122887225448 9858604.0
913.4886230904336 10854492.0
913.8651965207735 11493055.0
914.242009013564 11959180.0
914.6190605688057 12841614.0
914.996351186498 14032468.0
915.3738808666415 14601448.0
915.7516496092356 15278959.0
916.1296574142808 15605559.0
916.5079042817767 16219126.0
916.8863902117237 16930064.0
917.2651152041215 17682012.0
917.6440792589702 17271498.0
918.0232823762697 17665036.0
918.4027245560201 18164036.0
918.7824057982216 16112760.0
919.1623261028737 14749900.0
919.542485469977 15011244.0
919.9228838995309 14343485.0
920.3035213915359 14453718.0
920.6843979459916 14303611.0
921.0655135628983 15060892.0
921.446868242256 16023994.0
921.8284619840645 15517546.0
922.2102947883237 15894539.0
922.5923666550341 16234114.0
922.9746775841952 16700850.0
923.3572275758072 17287228.0
923.7400166298701 19242828.0
924.1230447463838 20782518.0
924.5063119253487 20921348.0
924.8898181667641 21323896.0
925.2735634706307 20964882.0
925.657547836948 20251490.0
926.0417712657163 19529810.0
926.4262337569354 18795956.0
926.8109353106056 17469610.0
927.1958759267263 17140572.0
927.5810556052983 15945721.0
927.966474346321 15731260.0
928.3521321497947 16691446.0
928.7380290157191 16427134.0
929.1241649440944 15614682.0
929.5105399349206 15384932.0
929.8971539881978 15018616.0
930.2840071039259 14309640.0
930.6710992821048 14245704.0
931.0584305227347 12885774.0
931.4460008258154 13086871.0
931.8338101913471 11855846.0
932.2218586193296 10399623.0
932.610146109763 8848135.0
932.9986726626472 6252987.5
933.3874382779825 4896475.5
933.7764429557685 3725506.0
934.1656866960054 3295849.5
934.5551694986933 3287374.8
934.9448913638321 3363342.8
935.3348522914216 2882443.5
935.7250522814621 2844824.8
936.1154913339535 2969068.5
936.5061694488959 3403102.8
936.8970866262891 3539125.2
937.288242866133 3743823.8
937.6796381684281 3714389.5
938.0712725331739 3646945.5
938.4631459603708 4046299.0
938.8552584500184 4784537.5
939.247610002117 4508205.5
939.6402006166663 4663722.0
940.0330302936667 5331677.0
940.4260990331178 5190526.0
940.8194068350199 5140353.0
941.212953699373 5061907.5
941.6067396261767 5209241.0
942.0007646154315 5461832.0
942.3950286671371 5064817.0
942.7895317812938 4948392.5
943.184273957901 5185918.0
943.5792551969595 4891289.0
943.9744754984687 3920991.0
944.3699348624289 3877643.0
944.7656332888398 4033177.5
945.1615707777016 4652819.5
945.5577473290144 4663753.0
945.9541629427781 4472604.0
946.3508176189927 4130365.2
946.7477113576581 3625039.5
947.1448441587745 4190215.5
947.5422160223416 4454956.5
947.9398269483597 4541313.0
948.3376769368288 4846424.5
948.7357659877487 5443608.0
949.1340941011194 5835068.0
949.5326612769411 6000177.5
949.9314675152136 6008516.0
950.3305128159373 6530512.5
950.7297971791115 7135050.0
951.1293206047367 7050269.0
951.5290830928128 6972412.5
951.9290846433399 6856034.5
952.3293252563178 6676652.0
952.7298049317465 6417447.5
953.1305236696262 6320114.0
953.5314814699568 6210964.0
953.9326783327383 6688499.5
954.3341142579707 6624364.5
954.7357892456539 6896854.5
955.137703295788 6589795.0
955.5398564083731 6086124.0
955.942248583409 5720997.0
956.3448798208958 5516622.5
956.7477501208334 4653004.0
957.1508594832221 4321655.5
957.5542079080615 4082127.0
957.9577953953519 3857851.0
958.3616219450932 4106237.0
958.7656875572852 4016795.2
959.1699922319283 4842235.5
959.5745359690222 4923339.5
959.979318768567 4892703.5
960.3843406305627 4822242.0
960.7896015550094 4703849.0
961.1951015419069 4821833.5
961.6008405912553 4590681.0
962.0068187030545 4713799.0
962.4130358773048 5115591.0
962.8194921140057 5642707.5
963.2261874131577 6049473.0
963.6331217747605 6141443.0
964.0402951988142 6727417.5
964.4477076853188 6533224.5
964.8553592342744 6776190.0
965.2632498456808 6754436.0
965.671379519538 6891745.5
966.0797482558462 7043312.0
966.4883560546052 7164981.0
966.8972029158153 6844868.0
967.3062888394761 6413182.0
967.7156138255879 5606973.0
968.1251778741505 4838745.5
968.534980985164 4117078.5
968.9450231586284 3947634.0
969.3553043945437 3431917.0
969.7658246929099 3152606.0
970.1765840537269 3310865.2
970.5875824769948 3010541.2
970.9988199627137 2790257.5
971.4102965108834 3156036.5
971.822012121504 2992579.0
972.2339667945757 3361922.0
972.6461605300981 3547392.8
973.0585933280714 3978167.2
973.4712651884955 4794412.0
973.8841761113707 4673532.0
974.2973260966967 4839964.5
974.7107151444736 5104037.0
975.1243432547012 5856567.0
975.5382104273799 6394322.0
975.9523166625095 6773154.5
976.3666619600898 7520726.0
976.7812463201212 7875329.5
977.1960697426034 8068181.0
977.6111322275365 8501967.0
978.0264337749204 8689328.0
978.4419743847554 9201831.0
978.8577540570411 8723158.0
979.2737727917779 8764132.0
979.6900305889653 7827669.5
980.1065274486039 8060397.0
980.523263370693 7077700.5
980.9402383552333 6571758.0
981.3574524022245 6435048.0
981.7749055116664 7392198.0
982.1925976835594 7282359.0
982.6105289179031 7452912.5
983.0286992146978 9090178.0
983.4471085739433 9476316.0
983.8657569956398 10478969.0
984.2846444797872 11612041.0
984.7037710263854 11062471.0
985.1231366354345 11307911.0
985.5427413069345 12185168.0
985.9625850408854 12329272.0
986.3826678372873 12178235.0
986.8029896961399 12442961.0
987.2235506174435 12719230.0
987.6443506011979 12256492.0
988.0653896474032 12339895.0
988.4866677560595 11446109.0
988.9081849271665 10320212.0
989.3299411607247 10410784.0
989.7519364567336 10811874.0
990.1741708151934 10764810.0
990.5966442361041 9979828.0
991.0193567194657 9017026.0
991.4423082652781 9150394.0
991.8654988735416 7880309.0
992.2889285442558 6884739.5
992.712597277421 7507853.0
993.1365050730369 6975480.0
993.5606519311038 6433248.0
993.9850378516217 6417035.0
994.4096628345903 6820134.5
994.83452688001 8177297.0
995.2596299878804 8896554.0
995.6849721582018 9676849.0
996.110553390974 9716228.0
996.5363736861973 10033471.0
996.9624330438713 11065921.0
997.3887314639962 10220226.0
997.8152689465721 9650338.0
998.2420454915989 10043138.0
998.6690610990764 9961583.0
999.0963157690048 9546121.0
999.5238095013843 8347331.0
999.9515422962145 7832084.0
1000.3795141534958 7999310.5
1000.8077250732279 7118386.0
1001.2361750554107 6211110.5
1001.6648641000446 5771371.0
1002.0937922071294 5313000.0
1002.522959376665 4788896.0
1002.9523656086515 4731968.0
1003.3820109030889 5026895.5
1003.8118952599773 5163592.0
1004.2420186793163 5727893.0
1004.6723811611065 5657406.0
1005.1029827053474 5708259.0
1005.5338233120393 6071127.5
1005.9649029811819 7355479.0
1006.3962217127755 8886991.0
1006.8277795068202 9928748.0
1007.2595763633155 11715254.0
1007.6916122822619 12560558.0
1008.1238872636591 14225794.0
1008.5564013075071 15920376.0
1008.9891544138061 18064572.0
1009.422146582556 19555836.0
1009.8553778137567 21147882.0
1010.2888481074084 22034810.0
1010.7225574635108 22341832.0
1011.1565058820644 22767892.0
1011.5906933630686 23210858.0
1012.0251199065237 21741770.0
1012.45978551243 18970256.0
1012.8946901807869 15517976.0
1013.3298339115948 12169131.0
1013.7652167048535 9414954.0
1014.2008385605632 7823705.0
1014.6366994787238 6471604.5
1015.0727994593352 5128606.0
1015.5091385023975 4575680.5
1015.9457166079108 4885506.5
1016.3825337758749 5640675.5
1016.8195900062899 6123669.0
1017.2568852991558 6944151.0
1017.6944196544725 9064631.0
1018.1321930722402 9829460.0
1018.5702055524587 9614866.0
1019.0084570951283 10337958.0
1019.4469477002485 10993360.0
1019.8856773678198 12253035.0
1020.3246460978419 13294575.0
1020.763853890315 15336524.0
1021.2033007452387 17116578.0
1021.6429866626136 17684594.0
1022.0829116424393 18478454.0
1022.5230756847159 19559544.0
1022.9634787894433 19994728.0
1023.4041209566217 18000466.0
1023.8450021862509 15138892.0
1024.286122478331 12121740.0
1024.727481832862 8422282.0
1025.1690802498438 6117275.5
1025.6109177292767 4935979.0
1026.0529942711605 3868850.5
1026.495309875495 3152493.8
1026.9378645422805 2735242.0
1027.380658271517 2265323.2
1027.823691063204 1905277.4
1028.2669629173424 1966081.0
1028.7104738339312 2059872.5
1029.1542238129714 1955863.2
1029.598212854462 1429601.5
1030.0424409584039 1508931.9
1030.4869081247964 1157820.5
1030.9316143536398 1429944.0
1031.376559644934 1217859.6
1031.8217439986793 1102690.4
1032.2671674148755 930736.6
1032.7128298935227 1086987.8
1033.1587314346207 1132589.9
1033.6048720381693 1127323.2
1034.051251704169 1082706.9
1034.4978704326197 972298.9
1034.9447282235212 741252.9
1035.3918250768736 786193.75
1035.8391609926769 1049144.0
1036.286735970931 1207181.5
1036.734550011636 1337571.4
1037.182603114792 1346605.0
1037.6308952803988 1470973.8
1038.0794265084567 1241993.6
1038.5281967989652 1001590.4
1038.9772061519247 900312.75
1039.426454567335 1220423.2
1039.8759420451966 1378486.9
1040.3256685855085 1178980.0
1040.7756341882716 1550207.8
1041.2258388534856 1287400.8
1041.6762825811506 1191383.2
1042.1269653712661 1103660.4
1042.577887223833 1529532.6
1043.0290481388504 1801413.0
1043.4804481163187 1843436.8
1043.9320871562381 1578713.2
1044.3839652586082 1595478.2
1044.8360824234294 1776641.8
1045.2884386507012 1441149.4
1045.7410339404241 1624771.1
1046.193868292598 1557951.9
1046.6469417072226 1611326.1
1047.1002541842981 1849111.0
1047.5538057238246 1839690.0
1048.0075963258018 1914370.0
1048.46162599023 1668171.8
1048.915894717109 1703940.0
1049.3704025064392 1679067.0
1049.82514935822 1442340.6
1050.2801352724516 1545696.0
1050.7353602491344 1969992.6
1051.1908242882678 2073747.8
1051.6465273898525 1882040.1
1052.1024695538877 1910403.5
1052.558650780374 2110314.0
1053.015071069311 1991125.2
1053.471730420699 1594236.2
1053.928628834538 1397641.1
1054.3857663108276 1324004.5
1054.8431428495683 1436418.0
1055.30075845076 1633683.1
1055.7586131144024 461836.7
1056.2167068404956 -1173351.1
1056.67503962904 -2537408.5
1057.133611480035 -4387465.5
1057.592422393481 -5795237.5
1058.0514723693777 -7847802.0
1058.5107614077258 -9277869.0
1058.9702895085243 -10741988.0
1059.4300566717739 -12709135.0
1059.8900628974743 -14624182.0
1060.3503081856259 -16413988.0
1060.8107925362278 -18182012.0
1061.2715159492811 -20410304.0
1061.732478424785 -22474112.0
1062.1936799627401 -24377516.0
1062.6551205631458 -25921564.0
1063.1168002260026 -28330648.0
1063.57871895131 -30100404.0
1064.0408767390686 0.0
1064.503273589278 0.0
1064.965909501938 0.0
1065.4287844770492 0.0
1065.8918985146113 0.0
1066.3552516146242 0.0
1066.818843777088 0.0
1067.2826750020029 0.0
1067.7467452893684 0.0
1068.211054639185 0.0
1068.6756030514523 0.0
1069.1403905261704 0.0
1069.6054170633397 0.0
1070.0706826629596 0.0
1070.5361873250306 0.0
1071.0019310495525 0.0
1071.4679138365252 0.0
1071.9341356859486 0.0
