string
description: px_shifted, calibration parameter: [ 1.19531225e-04 -2.30194563e-02  6.18194146e+02]
converted file:R_100ms_Fe_S3_x_1_10_binned_y back: data/dark_100msRZP-structure:___RZP_S3100msRoi:[0, 1040, 2048, 2048]
eV counts/s
618.1712462133476 1851481.2
618.1485853507007 1846775.0
618.1261635505048 1868323.9
618.1039808127597 2136731.5
618.0820371374655 2123297.0
618.0603325246223 2652129.5
618.0388669742298 2191055.5
618.0176404862883 2496934.0
617.9966530607976 2824182.5
617.9759046977579 2532267.5
617.955395397169 2113902.0
617.9351251590311 2222146.0
617.9150939833439 2253379.0
617.8953018701078 2325439.5
617.8757488193226 2416290.0
617.8564348309881 2145870.0
617.8373599051046 1966680.0
617.8185240416719 2168381.0
617.7999272406903 2160120.2
617.7815695021593 2226483.5
617.7634508260794 2328513.5
617.7455712124504 2812709.8
617.7279306612722 2588174.8
617.7105291725449 1898515.8
617.6933667462686 1961150.5
617.676443382443 1699067.6
617.6597590810685 2098219.2
617.6433138421447 2328341.5
617.6271076656718 2294761.8
617.6111405516499 2515098.5
617.5954125000789 2501664.8
617.5799235109587 2400054.2
617.5646735842894 2118473.5
617.5496627200711 1842344.4
617.5348909183035 2043265.2
617.520358178987 2437560.8
617.5060645021213 2330572.8
617.4920098877064 2519889.2
617.4781943357425 2749710.5
617.4646178462295 2824469.5
617.4512804191673 2986393.0
617.4381820545561 2976493.0
617.4253227523957 3271407.5
617.4127025126862 3313306.2
617.4003213354276 3224744.5
617.3881792206199 3408823.0
617.3762761682632 3099690.0
617.3646121783572 2479036.5
617.3531872509022 2115429.5
617.342001385898 2125121.5
617.3310545833449 2194669.8
617.3203468432424 1895374.0
617.309878165591 1784718.2
617.2996485503904 1929428.9
617.2896579976408 1577687.6
617.2799065073419 2005613.8
617.270394079494 1932364.4
617.261120714097 1893791.0
617.2520864111508 1828178.6
617.2432911706557 2361775.2
617.2347349926113 2958481.0
617.2264178770179 3402927.0
617.2183398238752 3653614.5
617.2105008331837 4146022.5
617.2029009049428 4069164.5
617.195540039153 3304638.8
617.188418235814 3441995.2
617.1815354949258 3050882.5
617.1748918164886 2941572.0
617.1684872005023 2475355.2
617.1623216469668 2473856.0
617.1563951558823 2918333.5
617.1507077272486 3294778.8
617.1452593610658 3103937.0
617.140050057334 3267832.5
617.1350798160529 3634852.8
617.1303486372229 3902720.2
617.1258565208436 3871078.8
617.1216034669154 4228830.0
617.1175894754379 4680506.0
617.1138145464114 4591361.0
617.1102786798357 5341610.5
617.106981875711 4464714.5
617.1039241340371 4711934.5
617.1011054548142 4614112.5
617.0985258380421 3867684.0
617.0961852837207 3283488.8
617.0940837918505 2809596.2
617.092221362431 2686658.0
617.0905979954625 4185452.5
617.0892136909449 4474798.0
617.0880684488782 3590217.5
617.0871622692623 3166816.5
617.0864951520974 3056913.8
617.0860670973833 3306890.0
617.0858781051202 4597692.5
617.0859281753078 6295710.0
617.0862173079464 8778319.0
617.0867455030359 10099353.0
617.0875127605763 8645316.0
617.0885190805675 5736971.0
617.0897644630096 3283408.8
617.0912489079027 1994146.0
617.0929724152465 1719646.9
617.0949349850415 1538410.5
617.0971366172871 1812367.0
617.0995773119838 1803542.5
617.1022570691313 1826206.5
617.1051758887297 1711349.5
617.1083337707789 1639423.1
617.1117307152791 1612595.5
617.1153667222302 1536358.9
617.1192417916321 1774816.9
617.123355923485 1749930.0
617.1277091177888 1961471.5
617.1323013745433 2408802.8
617.1371326937488 2467565.8
617.1422030754052 3164573.5
617.1475125195125 3749017.0
617.1530610260706 4614369.0
617.1588485950797 4691150.0
617.1648752265397 4170231.2
617.1711409204505 5006711.0
617.1776456768123 7151565.5
617.1843894956249 7373104.0
617.1913723768885 6868145.0
617.1985943206029 6034466.0
617.2060553267681 4743249.5
617.2137553953843 4875185.0
617.2216945264513 6448614.5
617.2298727199694 7625510.0
617.2382899759382 7295474.5
617.246946294358 5214616.0
617.2558416752286 3388765.5
617.2649761185502 1979925.8
617.2743496243226 1307757.4
617.2839621925459 1159807.2
617.29381382322 1040315.4
617.3039045163453 783165.0
617.3142342719211 1027462.4
617.3248030899481 1016789.3
617.3356109704258 803909.75
617.3466579133545 797928.6
617.357943918734 857887.5
617.3694689865644 931731.75
617.3812331168458 1152102.5
617.3932363095779 1110570.8
617.4054785647611 1159486.8
617.417959882395 983382.6
617.43068026248 1055089.2
617.4436397050157 952661.1
617.4568382100024 1219187.4
617.47027577744 943522.75
617.4839524073284 1067132.4
617.4978680996677 1184972.8
617.512022854458 1706071.5
617.526416671699 2280354.5
617.5410495513911 3176094.8
617.555921493534 5434150.0
617.5710324981277 7506252.0
617.5863825651725 8654243.0
617.601971694668 7458497.0
617.6177998866144 6115792.5
617.6338671410118 4312549.0
617.6501734578601 3290417.8
617.6667188371591 2870523.8
617.6835032789093 2901980.2
617.70052678311 2565992.5
617.7177893497619 2971148.0
617.7352909788646 4115928.0
617.7530316704182 4255113.0
617.7710114244226 4271542.5
617.7892302408779 4898192.5
617.8076881197842 4488936.0
617.8263850611413 4083407.8
617.8453210649494 3779695.2
617.8644961312083 3588643.5
617.8839102599181 4430299.5
617.9035634510788 5790809.0
617.9234557046905 7353945.0
617.9435870207528 9805758.0
617.9639573992663 13942821.0
617.9845668402305 17714060.0
618.0054153436457 18536916.0
618.0265029095117 14887918.0
618.0478295378288 10825271.0
618.0693952285965 6330714.5
618.0911999818152 4293032.0
618.1132437974848 2820347.8
618.1355266756052 2316746.0
618.1580486161766 2375504.0
618.180809619199 1994724.9
618.2038096846721 1817770.0
618.2270488125961 1684300.1
618.2505270029711 1759980.0
618.2742442557969 1516230.6
618.2982005710737 1348727.0
618.3223959488013 1396548.6
618.3468303889798 1519016.5
618.3715038916091 1443365.2
618.3964164566895 1172624.5
618.4215680842207 924571.75
618.4469587742026 1182701.4
618.4725885266356 1252262.4
618.4984573415195 1183743.2
618.5245652188543 1082774.0
618.5509121586398 1023795.0
618.5774981608764 1147325.1
618.6043232255638 1258867.8
618.6313873527021 1482074.4
618.6586905422912 1371928.0
618.6862327943314 1469479.0
618.7140141088223 1781677.2
618.7420344857642 2252195.2
618.7702939251569 2358820.8
618.7987924270005 2740158.5
618.827529991295 3841265.5
618.8565066180404 5726086.0
618.8857223072368 9356472.0
618.915177058884 11471858.0
618.944870872982 12877241.0
618.974803749531 13120915.0
619.004975688531 10174431.0
619.0353866899817 6147446.0
619.0660367538834 4407104.5
619.0969258802359 3559384.0
619.1280540690393 2678959.0
619.1594213202936 2543315.2
619.1910276339989 2314152.2
619.2228730101549 2048441.1
619.2549574487618 1512569.9
619.2872809498198 1617057.2
619.3198435133286 1796088.6
619.3526451392883 1303422.5
619.3856858276988 1340318.8
619.4189655785602 1279762.0
619.4524843918725 1026713.1
619.4862422676358 878841.8
619.5202392058499 1185270.5
619.5544752065149 1233108.2
619.5889502696308 1484232.8
619.6236643951976 1182540.0
619.6586175832152 1006210.06
619.6938098336839 982269.94
619.7292411466033 1219840.2
619.7649115219735 1700509.0
619.8008209597948 1917468.8
619.8369694600669 2442358.0
619.8733570227901 3324677.2
619.9099836479638 4234769.0
619.9468493355887 5370032.5
619.9839540856643 6323295.0
620.0212978981909 8568098.0
620.0588807731684 9500150.0
620.0967027105968 8474074.0
620.134763710476 5959542.5
620.1730637728062 3828872.5
620.2116028975872 2411652.8
620.2503810848191 2052439.8
620.2893983345019 2025545.2
620.3286546466355 1901549.9
620.3681500212202 1560582.4
620.4078844582556 1803867.5
620.447857957742 1814041.9
620.4880705196792 1333407.8
620.5285221440674 990542.2
620.5692128309064 1020730.94
620.6101425801965 1090570.5
620.6513113919372 967843.6
620.692719266129 846484.94
620.7343662027715 821702.9
620.7762522018651 679078.2
620.8183772634094 752188.2
620.8607413874046 617103.0
620.9033445738509 693919.9
620.9461868227478 687667.0
620.9892681340958 806260.1
621.0325885078946 933509.6
621.0761479441444 987957.8
621.1199464428449 1133657.6
621.1639840039965 770447.2
621.2082606275989 900394.44
621.2527763136521 1124584.4
621.2975310621563 1399526.2
621.3425248731114 1523305.2
621.3877577465173 1149493.5
621.4332296823742 1184578.6
621.478940680682 1123270.4
621.5248907414405 950952.9
621.5710798646501 1139920.9
621.6175080503104 881339.0
621.6641752984218 1241488.2
621.7110816089839 1353543.1
621.758226981997 1360125.8
621.8056114174609 1414455.2
621.8532349153759 1083569.5
621.9010974757415 982597.1
621.9491990985582 1088988.2
621.9975397838257 1296728.0
622.0461195315442 1224969.9
622.0949383417135 1490476.8
622.1439962143336 1311063.0
622.1932931494047 1042349.6
622.2428291469266 1291326.4
622.2926042068996 1556769.9
622.3426183293233 1582144.2
622.392871514198 1643270.1
622.4433637615234 1408855.8
622.4940950713 1589478.2
622.5450654435272 1496147.5
622.5962748782055 1170658.5
622.6477233753345 1245732.0
622.6994109349146 1385010.8
622.7513375569454 1509682.5
622.8035032414273 1624239.9
622.8559079883598 1502914.4
622.9085517977434 1987561.2
622.9614346695778 1978785.0
623.0145566038631 2175405.0
623.0679176005993 2513951.0
623.1215176597865 2936980.0
623.1753567814245 3593952.5
623.2294349655133 4172006.5
623.2837522120532 4132963.0
623.3383085210438 3921312.8
623.3931038924854 3591841.5
623.4481383263778 3724226.5
623.5034118227212 4102023.8
623.5589243815153 4174480.5
623.6146760027606 4694511.5
623.6706666864566 5382005.5
623.7268964326033 6948698.0
623.7833652412012 8545464.0
623.8400731122499 9241511.0
623.8970200457495 8116584.5
623.9542060416999 5549391.0
624.0116311001013 3877105.0
624.0692952209534 3128414.0
624.1271984042567 3038977.2
624.1853406500106 2660772.0
624.2437219582156 2062579.4
624.3023423288714 1736025.0
624.3612017619781 1573429.4
624.4203002575357 1489820.8
624.4796378155443 1373484.0
624.5392144360035 1473611.8
624.5990301189137 1686912.4
624.659084864275 1158688.9
624.7193786720869 1162432.4
624.7799115423499 1032337.4
624.8406834750637 979715.9
624.9016944702284 909435.4
624.962944527844 880408.44
625.0244336479105 667420.1
625.0861618304278 584862.25
625.1481290753961 890091.56
625.2103353828153 1276181.6
625.2727807526853 1481153.2
625.3354651850062 1601750.1
625.398388679778 1775825.8
625.4615512370008 2073027.8
625.5249528566744 2241665.2
625.5885935387989 2192323.0
625.6524732833743 2102791.0
625.7165920904006 1714639.0
625.7809499598777 2134301.8
625.8455468918058 3176993.8
625.9103828861847 4251581.5
625.9754579430146 5286760.5
626.0407720622953 5910909.0
626.106325244027 4303657.0
626.1721174882094 3279550.5
626.2381487948429 2680131.5
626.3044191639272 2101957.2
626.3709285954623 1927908.5
626.4376770894484 1446831.8
626.5046646458853 1418147.5
626.5718912647732 1435151.9
626.6393569461119 1273870.5
626.7070616899016 1554637.6
626.7750054961421 1504417.5
626.8431883648335 1208504.9
626.9116102959758 1440516.8
626.980271289569 1267475.2
627.0491713456131 1298762.8
627.1183104641082 1385223.1
627.1876886450539 1180238.2
627.2573058884507 1141240.9
627.3271621942984 1309537.8
627.3972575625968 1475074.8
627.4675919933463 1385716.1
627.5381654865465 1108274.2
627.6089780421978 1706839.8
627.6800296602999 2126852.8
627.7513203408529 2425899.0
627.8228500838567 2377777.5
627.8946188893116 2671777.5
627.9666267572171 2817220.0
628.0388736875738 3239978.8
628.1113596803812 2811004.8
628.1840847356395 2169547.8
628.2570488533487 1554570.2
628.3302520335087 1291434.5
628.4036942761198 1907293.2
628.4773755811816 1847698.9
628.5512959486945 1663942.4
628.6254553786581 2036083.1
628.6998538710727 2038268.8
628.7744914259381 2382767.8
628.8493680432545 3151096.0
628.9244837230217 3908987.0
628.9998384652398 3280171.0
629.0754322699088 2109476.0
629.1512651370288 2173495.2
629.2273370665995 2530074.8
629.3036480586212 3019790.2
629.3801981130938 3712102.5
629.4569872300171 3954377.0
629.5340154093916 4085990.0
629.6112826512167 3602753.8
629.6887889554929 2878645.0
629.7665343222199 2195013.5
629.8445187513979 1824521.5
629.9227422430266 1498051.9
630.0012047971064 1771231.4
630.0799064136369 1611079.4
630.1588470926184 1564843.2
630.2380268340507 1792192.5
630.317445637934 1726266.0
630.3971035042681 1600147.5
630.4770004330533 1636188.5
630.5571364242891 2099803.0
630.6375114779759 2638480.2
630.7181255941136 2060993.1
630.7989787727022 1649636.5
630.8800710137417 1870500.5
630.961402317232 2267361.5
631.0429726831734 2258640.0
631.1247821115654 2775529.0
631.2068306024086 2417479.8
631.2891181557025 1745193.6
631.3716447714473 1226095.8
631.454410449643 1011248.6
631.5374151902896 1292760.6
631.6206589933871 1514745.2
631.7041418589355 1497895.6
631.7878637869347 1489702.6
631.8718247773849 1384245.0
631.956024830286 1349980.1
632.0404639456378 1756725.5
632.1251421234408 2242087.2
632.2100593636944 2368720.0
632.2952156663991 2436548.0
632.3806110315546 2628504.8
632.4662454591611 2734236.5
632.5521189492183 2103989.0
632.6382315017265 1555158.1
632.7245831166855 1772791.1
632.8111737940956 1852468.6
632.8980035339563 1566377.2
632.985072336268 1434681.0
633.0723802010307 1277086.1
633.1599271282441 1900195.6
633.2477131179087 2404372.2
633.3357381700239 2948002.5
633.4240022845902 3125950.0
633.5125054616071 2864187.8
633.6012477010752 2330649.5
633.690229002994 2245669.0
633.7794493673638 2126438.0
633.8689087941844 2115835.5
633.958607283456 2198371.0
634.0485448351784 2237751.5
634.1387214493517 2156155.0
634.2291371259759 1970938.2
634.3197918650509 1679644.0
634.4106856665769 1782740.6
634.5018185305538 1710475.1
634.5931904569816 1377459.9
634.6848014458602 1333010.2
634.7766514971898 1442955.1
634.8687406109701 1802365.2
634.9610687872016 1736857.5
635.0536360258837 1759284.2
635.1464423270169 1499559.8
635.2394876906009 1267683.9
635.3327721166357 1307781.0
635.4262956051215 950000.5
635.5200581560582 928512.1
635.6140597694457 731441.94
635.7083004452841 852404.94
635.8027801835735 797471.3
635.8974989843136 868615.3
635.9924568475049 1085400.1
636.0876537731468 1339678.9
636.1830897612398 1418846.1
636.2787648117835 1342696.0
636.3746789247782 1420819.8
636.4708321002237 1278543.2
636.5672243381202 1188687.8
636.6638556384676 1443001.5
636.7607260012659 1410102.5
636.857835426515 1747996.2
636.9551839142149 1676865.2
637.0527714643658 1642437.0
637.1505980769675 2030565.5
637.2486637520203 2223781.0
637.3469684895239 2170762.5
637.4455122894784 2352795.5
637.5442951518837 2048026.4
637.64331707674 2028612.2
637.742578064047 1449433.2
637.8420781138052 1557106.4
637.941817226014 1994068.1
638.0417954006739 2041292.0
638.1420126377845 1751712.6
638.2424689373462 1634802.6
638.3431642993586 1723659.2
638.444098723822 1332854.9
638.5452722107362 1171066.5
638.6466847601014 1360026.1
638.7483363719175 1377894.4
638.8502270461844 1308322.0
638.9523567829023 1191351.0
639.0547255820709 1323634.4
639.1573334436905 1511362.6
639.260180367761 1770447.8
639.3632663542825 1769608.1
639.4665914032546 1545473.9
639.5701555146778 1453978.9
639.6739586885519 1827822.8
639.7780009248769 1561231.8
639.8822822236526 1844462.5
639.9868025848793 2073183.8
640.091562008557 2004310.0
640.1965604946854 2093240.8
640.3017980432649 2393297.0
640.4072746542952 2803657.8
640.5129903277764 3150851.0
640.6189450637083 3309307.0
640.7251388620914 3019378.0
640.8315717229252 2050847.6
640.93824364621 1421236.2
641.0451546319456 1280657.9
641.1523046801321 1664674.2
641.2596937907695 1450120.1
641.3673219638578 1234152.0
641.4751891993969 1064398.9
641.583295497387 1067095.1
641.691640857828 1042724.4
641.8002252807198 1321278.9
641.9090487660626 1324790.8
642.0181113138563 1458088.9
642.1274129241008 1819677.8
642.2369535967962 2147875.2
642.3467333319426 1468114.4
642.4567521295397 1240652.2
642.5670099895879 1430919.4
642.6775069120868 1834886.8
642.7882428970366 1996685.6
642.8992179444374 2172243.8
643.010432054289 1980629.4
643.1218852265915 1695921.5
643.2335774613449 1476806.0
643.3455087585494 1549864.4
643.4576791182045 1736670.0
643.5700885403106 1520949.2
643.6827370248676 1425969.4
643.7956245718756 1704039.2
643.9087511813342 1482091.4
644.0221168532439 1370356.8
644.1357215876045 1373195.8
644.249565384416 1707381.0
644.3636482436782 1599948.1
644.4779701653915 1512435.1
644.5925311495556 1782173.0
644.7073311961706 1738984.2
644.8223703052365 1664131.0
644.9376484767532 1479001.0
645.0531657107209 1497961.1
645.1689220071395 1567204.0
645.2849173660089 1597038.8
645.4011517873292 1614785.1
645.5176252711005 1340580.5
645.6343378173226 1905535.8
645.7512894259957 1776232.2
645.8684800971196 1557944.9
645.9859098306944 1415078.8
646.10357862672 978293.1
646.2214864851966 1043729.9
646.3396334061241 1177616.8
646.4580193895024 1265010.6
646.5766444353317 1269079.8
646.6955085436118 1096344.9
646.8146117143428 885480.75
646.9339539475247 1061178.9
647.0535352431576 1352316.1
647.1733556012413 1253987.9
647.2934150217759 1422746.2
647.4137135047613 1788796.4
647.5342510501977 1543705.1
647.6550276580849 1374319.9
647.7760433284232 1764306.0
647.8972980612122 1704142.6
648.018791856452 1646261.5
648.1405247141429 1581959.0
648.2624966342845 1133198.9
648.3847076168772 1285339.4
648.5071576619206 1380825.1
648.629846769415 1291006.5
648.7527749393603 1296164.0
648.8759421717565 1487836.8
648.9993484666035 1429082.0
649.1229938239015 1604420.2
649.2468782436503 1405950.8
649.3710017258501 1383397.0
649.4953642705007 1408265.2
649.6199658776021 1665098.5
649.7448065471544 1454827.4
649.8698862791578 1202988.5
649.9952050736119 1303553.1
650.120762930517 1278495.4
650.2465598498729 1287248.6
650.3725958316797 1368340.1
650.4988708759375 1301585.6
650.6253849826461 1219983.2
650.7521381518056 1153036.8
650.879130383416 1474709.2
651.0063616774773 1843352.6
651.1338320339895 1529346.9
651.2615414529527 1316006.2
651.3894899343666 1383001.4
651.5176774782313 1415511.2
651.6461040845472 1151603.5
651.7747697533138 1366424.9
651.9036744845314 1521547.4
652.0328182781997 1475610.2
652.162201134319 1431838.6
652.2918230528892 1362260.2
652.4216840339103 1598208.5
652.5517840773823 1237451.8
652.6821231833052 1179527.1
652.8127013516789 1496756.9
652.9435185825037 1525773.8
653.074574875779 1569739.5
653.2058702315056 1480061.0
653.3374046496829 2055804.8
653.469178130311 2153448.8
653.6011906733902 1765811.9
653.73344227892 1725120.0
653.865932946901 1446765.1
653.9986626773327 1436184.9
654.1316314702154 1479770.8
654.2648393255489 1429806.0
654.3982862433335 1630166.1
654.5319722235687 1499115.1
654.665897266255 1444517.8
654.8000613713921 1188776.8
654.9344645389801 1305328.4
655.069106769019 1280736.0
655.2039880615088 1317834.5
655.3391084164494 1587798.9
655.4744678338409 1374006.9
655.6100663136834 1197296.8
655.7459038559767 1125953.0
655.881980460721 1306930.6
656.0182961279161 1611096.0
656.1548508575621 1588015.0
656.291644649659 1207569.4
656.4286775042068 1058193.2
656.5659494212055 1345859.5
656.7034604006551 1554592.0
656.8412104425555 1673602.2
656.9791995469069 1946120.5
657.117427713709 2014947.6
657.2558949429622 1943574.5
657.3946012346663 1897716.0
657.5335465888211 1726731.0
657.672731005427 1395045.2
657.8121544844836 1285248.5
657.9518170259913 1337785.5
658.0917186299497 1161621.6
658.2318592963591 1467307.6
658.3722390252193 1336859.9
658.5128578165305 1321374.4
658.6537156702925 1304911.4
658.7948125865055 1438378.2
658.9361485651692 1650890.0
659.077723606284 1559141.1
659.2195377098495 1869429.2
659.361590875866 1601864.9
659.5038831043335 1623784.2
659.6464143952517 1410138.1
659.7891847486209 1259203.2
659.9321941644408 1581826.0
660.0754426427119 1710984.8
660.2189301834336 1396231.8
660.3626567866064 1377712.8
660.50662245223 1314653.9
660.6508271803045 1481146.9
660.7952709708298 1537506.8
660.9399538238061 1201654.0
661.0848757392333 845851.94
661.2300367171114 1301123.0
661.3754367574403 1376024.0
661.5210758602201 1263031.2
661.6669540254509 1280488.9
661.8130712531324 1522655.0
661.9594275432651 1511362.8
662.1060228958484 1445642.0
662.2528573108827 1225224.4
662.3999307883678 1284510.5
662.5472433283039 1417905.6
662.6947949306908 1180887.4
662.8425855955288 1304544.1
662.9906153228175 1482407.0
663.1388841125572 1487156.4
663.2873919647476 1356794.2
663.436138879389 1504339.5
663.5851248564813 1503452.2
663.7343498960245 1164919.4
663.8838139980186 1141357.6
664.0335171624636 1364146.9
664.1834593893594 1492757.8
664.3336406787062 1524511.2
664.4840610305039 1298061.5
664.6347204447524 1369162.5
664.7856189214518 1346301.9
664.936756460602 1278709.2
665.0881330622034 1385151.0
665.2397487262554 1634368.6
665.3916034527584 1283543.5
665.5436972417123 1271006.2
665.6960300931171 1243174.0
665.8486020069727 1361315.0
666.0014129832791 1506169.2
666.1544630220367 1147009.9
666.3077521232449 1319564.8
666.4612802869042 1479288.0
666.6150475130142 1704928.8
666.7690538015753 1772880.2
666.9232991525871 1224613.6
667.07778356605 1268713.2
667.2325070419636 1451291.2
667.3874695803282 1892865.1
667.5426711811436 2387820.2
667.69811184441 2103071.8
667.8537915701272 2155506.2
668.0097103582953 1966477.6
668.1658682089143 1997347.6
668.3222651219842 1876437.2
668.4789010975051 1716675.5
668.6357761354766 1790237.2
668.7928902358992 1781718.1
668.9502433987727 1753244.5
669.1078356240971 1292348.9
669.2656669118722 1354759.9
669.4237372620985 1373124.8
669.5820466747754 1271470.5
669.7405951499034 1080913.9
669.8993826874821 1045933.4
670.0584092875117 1158663.9
670.2176749499924 1481042.0
670.3771796749238 1330192.0
670.5369234623063 1357102.8
670.6969063121394 1232454.8
670.8571282244236 1118794.2
671.0175891991586 1112088.5
671.1782892363447 1414800.2
671.3392283359814 1474975.6
671.5004064980691 1096749.4
671.6618237226077 1264856.0
671.8234800095972 1499399.8
671.9853753590376 938748.9
672.1475097709289 995754.5
672.309883245271 1205843.2
672.472495782064 1342739.5
672.635347381308 1421746.5
672.7984380430028 1448146.8
672.9617677671484 1264560.0
673.125336553745 1259339.0
673.2891444027925 1129225.8
673.453191314291 1303740.2
673.6174772882403 1492793.6
673.7820023246404 1228843.2
673.9467664234915 1350348.2
674.1117695847934 1375770.0
674.2770118085463 1413441.0
674.4424930947499 1716972.8
674.6082134434046 1383958.2
674.7741728545101 1186926.6
674.9403713280664 1448516.5
675.1068088640737 1493697.8
675.2734854625319 1284565.6
675.440401123441 1191375.2
675.6075558468009 1408123.8
675.7749496326118 2129037.8
675.9425824808735 2330353.5
676.1104543915861 2338593.0
676.2785653647496 2321639.0
676.4469154003641 2360644.8
676.6155044984293 2355206.5
676.7843326589456 2363796.5
676.9533998819127 2202935.5
677.1227061673306 2248182.2
677.2922515151995 1871706.9
677.4620359255191 1552432.8
677.6320593982898 1441744.2
677.8023219335114 1470591.4
677.9728235311838 1496243.6
678.1435641913071 1507828.6
678.3145439138814 1431849.4
678.4857626989063 1246583.0
678.6572205463824 1386882.4
678.8289174563092 1380995.1
679.000853428687 1203934.8
679.1730284635156 1738487.4
679.3454425607953 2184812.0
679.5180957205256 1757584.8
679.690987942707 1460466.4
679.8641192273392 1314670.8
680.0374895744222 1404108.1
680.2110989839563 1282633.4
680.3849474559411 1382879.4
680.559034990377 1583713.5
680.7333615872635 1572078.8
680.9079272466012 1713774.8
681.0827319683896 1464369.8
681.257775752629 1513939.0
681.4330585993191 1637183.6
681.6085805084602 1566046.1
681.7843414800523 1682126.1
681.9603415140951 1434293.8
682.1365806105889 1401260.2
682.3130587695335 1365500.5
682.4897759909292 1316075.1
682.6667322747755 1482713.8
682.8439276210729 1697324.4
683.0213620298211 1515379.4
683.1990355010204 1243097.1
683.3769480346702 1475392.2
683.5550996307712 1515533.8
683.7334902893231 1450440.5
683.9121200103258 1286109.0
684.0909887937793 1316601.2
684.2700966396839 1461998.2
684.4494435480391 1480956.9
684.6290295188454 1662539.9
684.8088545521025 1662333.5
684.9889186478105 1640207.0
685.1692218059694 1469959.8
685.3497640265792 1601236.5
685.5305453096399 1638246.2
685.7115656551515 1154216.5
685.8928250631141 1266672.9
686.0743235335274 1420428.2
686.2560610663917 1327720.1
686.4380376617067 1526495.5
686.6202533194729 1649347.5
686.8027080396897 1779018.0
686.9854018223576 1518511.0
687.1683346674763 1570989.5
687.351506575046 1528469.5
687.5349175450664 1472461.9
687.7185675775377 1274845.5
687.9024566724601 1457582.6
688.0865848298331 1626255.8
688.2709520496572 1743292.4
688.4555583319321 1772767.4
688.640403676658 1631693.2
688.8254880838347 1592325.5
689.0108115534624 1404791.1
689.1963740855408 1400172.4
689.3821756800703 1173978.0
689.5682163370506 1420312.0
689.7544960564818 1533408.8
689.9410148383638 1185058.2
690.1277726826967 1318535.2
690.3147695894805 1345376.5
690.5020055587153 1566896.2
690.689480590401 1658191.1
690.8771946845374 1908534.4
691.0651478411248 1644779.2
691.253340060163 1719781.0
691.4417713416524 1808711.2
691.6304416855924 1835643.5
691.8193510919834 1914928.6
692.0084995608252 1962007.4
692.197887092118 1875448.5
692.3875136858616 1519507.8
692.5773793420561 1702614.8
692.7674840607016 1802506.4
692.9578278417978 1933454.2
693.1484106853451 1940795.1
693.339232591343 2272749.5
693.5302935597921 2029663.6
693.7215935906919 1864995.5
693.9131326840427 1523222.8
694.1049108398444 1589716.0
694.2969280580969 1777702.2
694.4891843388003 2095744.9
694.6816796819547 2175814.5
694.8744140875599 1753781.5
695.067387555616 1969531.0
695.260600086123 2144842.2
695.4540516790809 2142397.0
695.6477423344896 1930066.0
695.8416720523492 1888555.2
696.0358408326598 1771231.0
696.2302486754212 1994503.5
696.4248955806336 2578626.0
696.6197815482967 2464149.8
696.814906578411 2466364.5
697.0102706709758 2540527.2
697.2058738259918 2483827.0
697.4017160434586 2413652.5
697.5977973233763 2491993.8
697.7941176657448 2779873.0
697.9906770705643 2711880.2
698.1874755378346 2477580.0
698.3845130675558 2240539.8
698.581789659728 2602608.5
698.779305314351 2896564.0
698.9770600314249 2685867.2
699.1750538109496 2672595.2
699.3732866529253 2676587.8
699.5717585573519 2632721.5
699.7704695242294 2483268.2
699.9694195535577 2683618.5
700.168608645337 2539224.5
700.3680367995671 2582144.0
700.5677040162482 2538619.8
700.7676102953801 2720189.0
700.9677556369629 3169722.5
701.1681400409966 3244331.0
701.368763507481 3345452.2
701.5696260364166 3142197.8
701.7707276278029 2984661.0
701.9720682816403 3139406.0
702.1736479979284 2781476.0
702.3754667766674 2938187.8
702.5775246178573 2816304.5
702.7798215214982 2871647.2
702.9823574875899 3021924.0
703.1851325161325 3114301.5
703.3881466071259 3265089.0
703.5913997605704 3249078.0
703.7948919764656 3274955.2
703.9986232548118 2930851.2
704.2025935956088 2752472.2
704.4068029988567 2809017.8
704.6112514645556 2922020.0
704.8159389927052 3198585.2
705.020865583306 2948340.2
705.2260312363574 2807982.0
705.4314359518598 3019416.0
705.6370797298131 2989763.0
705.8429625702173 2924051.5
706.0490844730723 3063783.8
706.2554454383783 3004216.5
706.4620454661351 2984651.5
706.6688845563428 3283986.0
706.8759627090014 3629972.0
707.0832799241109 3794702.5
707.2908362016714 3680208.5
707.4986315416826 3659398.0
707.7066659441448 3892815.2
707.9149394090579 3832360.2
708.1234519364218 4059409.0
708.3322035262366 4475223.5
708.5411941785025 4822364.5
708.750423893219 4499725.5
708.9598926703866 4284521.5
709.169600510005 4861256.5
709.3795474120743 5184614.0
709.5897333765945 5040426.0
709.8001584035657 4983798.5
710.0108224929876 4598468.5
710.2217256448604 4392106.5
710.4328678591842 4444745.5
710.6442491359588 4716763.5
710.8558694751844 4861503.5
711.0677288768608 5062905.5
711.2798273409882 5181903.0
711.4921648675663 5731680.5
711.7047414565955 6682813.0
711.9175571080754 8146244.5
712.1306118220064 10306900.0
712.343905598388 11350750.0
712.5574384372208 11593284.0
712.7712103385043 12251426.0
712.9852213022388 11670750.0
713.199471328424 10490750.0
713.4139604170601 9701842.0
713.6286885681474 9276214.0
713.8436557816852 8963204.0
714.0588620576742 8951676.0
714.274307396114 8282399.5
714.4899917970047 8241010.5
714.7059152603462 8161342.5
714.9220777861387 8817689.0
715.138479374382 9562879.0
715.3551200250763 10363642.0
715.5719997382214 10888310.0
715.7891185138174 11226328.0
716.0064763518642 10969380.0
716.224073252362 12031429.0
716.4419092153107 12698168.0
716.6599842407103 11405152.0
716.8782983285607 10833218.0
717.096851478862 9521139.0
717.3156436916144 8808284.0
717.5346749668174 9089787.0
717.7539453044715 9555379.0
717.9734547045764 8573373.0
718.1932031671322 7060295.5
718.4131906921389 6056378.0
718.6334172795965 5185114.5
718.853882929505 4983090.0
719.0745876418644 4925374.5
719.2955314166745 4511757.0
719.5167142539357 4477884.5
719.7381361536477 4318587.0
719.9597971158106 3853182.5
720.1816971404245 3718361.2
720.4038362274891 3892280.2
720.6262143770048 3772118.0
720.8488315889713 4287574.5
721.0716878633887 4546153.5
721.2947832002569 5150349.0
721.518117599576 5663015.0
721.741691061346 6812402.5
721.965503585567 8548392.0
722.1895551722389 9064759.0
722.4138458213616 10220357.0
722.6383755329352 11965100.0
722.8631443069596 13120571.0
723.0881521434351 13697528.0
723.3133990423613 14218798.0
723.5388850037385 14691936.0
723.7646100275665 14480900.0
723.9905741138455 13447321.0
724.2167772625753 12154669.0
724.4432194737561 11811805.0
724.6699007473876 12575901.0
724.8968210834703 12037091.0
725.1239804820036 11918106.0
725.3513789429879 12498549.0
725.579016466423 12726225.0
725.8068930523091 13755450.0
726.0350087006461 14899114.0
726.2633634114338 15567498.0
726.4919571846726 15914248.0
726.7207900203623 16427116.0
726.9498619185028 16443258.0
727.1791728790942 16970502.0
727.4087229021366 19279988.0
727.6385119876297 23677068.0
727.8685401355738 31519064.0
728.0988073459687 43305084.0
728.3293136188147 61261716.0
728.5600589541114 85560070.0
728.7910433518591 110123790.0
729.0222668120575 128542770.0
729.2537293347069 142187280.0
729.4854309198073 144361400.0
729.7173715673584 128964830.0
729.9495512773606 100596930.0
730.1819700498136 67396010.0
730.4146278847174 41312976.0
730.6475247820722 27262116.0
730.8806607418778 20957928.0
731.1140357641343 16562389.0
731.3476498488419 13725699.0
731.5815029960002 11830599.0
731.8155952056094 10428238.0
732.0499264776695 8387994.0
732.2844968121806 6804507.0
732.5193062091423 5794595.0
732.754354668555 4831616.0
732.9896421904187 4711924.0
733.2251687747333 5045029.5
733.4609344214988 5321784.5
733.6969391307151 5558227.0
733.9331829023823 5564345.5
734.1696657365004 5425303.0
734.4063876330695 5492941.0
734.6433485920893 5771758.0
734.8805486135602 6815787.5
735.1179876974818 8223802.0
735.3556658438545 8092867.0
735.5935830526778 8194962.0
735.8317393239522 8070034.5
736.0701346576775 7367794.5
736.3087690538534 6770720.5
736.5476425124806 6880170.0
736.7867550335584 6551377.5
737.0261066170873 6315824.5
737.265697263067 6304909.5
737.5055269714976 6939317.5
737.745595742379 8683114.0
737.9859035757114 10158610.0
738.2264504714947 12032048.0
738.4672364297288 15744375.0
738.7082614504138 21379256.0
738.9495255335498 30875740.0
739.1910286791365 44818990.0
739.4327708871742 60655500.0
739.6747521576629 78795590.0
739.9169724906022 98542620.0
740.1594318859927 115269110.0
740.4021303438338 122882860.0
740.6450678641261 119317190.0
740.8882444468691 102005430.0
741.131660092063 75798376.0
741.3753147997079 47618570.0
741.6192085698036 27962100.0
741.8633414023502 19068260.0
742.1077132973477 15019618.0
742.352324254796 12484416.0
742.5971742746954 10520236.0
742.8422633570456 8612721.0
743.0875915018465 6586570.5
743.3331587090985 5257601.0
743.5789649788013 4477385.5
743.8250103109551 3946362.0
744.0712947055597 3405893.5
744.3178181626151 3082089.5
744.5645806821216 2964791.5
744.8115822640789 2587214.5
745.058822908487 2762965.0
745.3063026153461 2614999.8
745.554021384656 2510245.8
745.801979216417 2927097.2
746.0501761106286 3486017.8
746.2986120672912 3435126.2
746.5472870864048 3700266.0
746.7962011679691 3956621.5
747.0453543119845 4021270.0
747.2947465184507 4208176.5
747.5443777873677 4063315.5
747.7942481187357 3590664.0
748.0443575125546 2943089.0
748.2947059688242 2724964.0
748.545293487545 2573429.5
748.7961200687164 2415197.0
749.0471857123389 2258838.0
749.2984904184123 2067572.8
749.5500341869365 2061252.0
749.8018170179115 2153930.5
750.0538389113375 2419896.5
750.3060998672144 2158195.5
750.558599885542 1871647.2
750.8113389663208 1893414.9
751.0643171095503 1852777.6
751.3175343152308 2177649.0
751.570990583362 2151772.5
751.8246859139442 2163546.0
752.0786203069773 2574898.0
752.3327937624614 2142297.2
752.5872062803962 2275671.8
752.841857860782 2398092.2
753.0967485036186 2258868.2
753.3518782089062 2573854.2
753.6072469766447 2680825.5
753.8628548068339 2495263.0
754.1187016994742 2949538.5
754.3747876545652 3263227.0
754.6311126721073 3047925.0
754.8876767521001 2862830.0
755.144479894544 3216731.5
755.4015220994386 3382653.8
755.6588033667842 3218438.0
755.9163236965807 2927478.8
756.1740830888281 3012114.8
756.4320815435262 3134391.2
756.6903190606754 3473388.8
756.9487956402754 3045115.2
757.2075112823263 2716890.2
757.4664659868281 3118223.0
757.7256597537807 2950197.8
757.9850925831844 2692842.2
758.2447644750388 3101677.8
758.5046754293442 3538218.8
758.7648254461004 3911260.2
759.0252145253075 4521049.5
759.2858426669656 4636400.5
759.5467098710745 4902277.5
759.8078161376343 4718966.0
760.069161466645 4862380.5
760.3307458581066 5417347.5
760.5925693120191 5718357.0
760.8546318283825 5514165.5
761.1169334071967 5126901.5
761.3794740484618 4928316.5
761.6422537521778 4517954.0
761.9052725183449 4357149.5
762.1685303469626 4138970.2
762.4320272380314 4273553.5
762.6957631915509 4054213.5
762.9597382075215 4205317.5
763.2239522859428 3916397.8
763.4884054268151 3636344.0
763.7530976301382 3610673.5
764.0180288959123 3608080.2
764.2831992241372 3704381.2
764.5486086148131 3764642.5
764.8142570679397 3806340.2
765.0801445835173 4212075.5
765.3462711615459 4703716.5
765.6126368020252 5169688.5
765.8792415049556 5548355.5
766.1460852703367 5768682.5
766.4131680981689 6680664.5
766.6804899884517 7364397.5
766.9480509411856 8006089.0
767.2158509563703 7757618.0
767.483890034006 7548651.0
767.7521681740925 6200444.5
768.0206853766299 5007714.5
768.2894416416182 4918981.0
768.5584369690574 4767148.0
768.8276713589474 4798458.5
769.0971448112883 5035880.5
769.3668573260802 5042918.0
769.636808903323 4739556.0
769.9069995430166 4811185.5
770.1774292451611 5631949.5
770.4480980097566 6460855.5
770.7190058368028 6811033.0
770.9901527263 7406977.0
771.2615386782481 8234684.0
771.5331636926471 9252549.0
771.805027769497 9998239.0
772.0771309087978 9793832.0
772.3494731105494 10456402.0
772.622054374752 12680435.0
772.8948747014053 16334904.0
773.1679340905096 19630164.0
773.4412325420649 22863240.0
773.714770056071 25330232.0
773.9885466325279 25972502.0
774.2625622714359 25122264.0
774.5368169727947 23019282.0
774.8113107366042 21505656.0
775.0860435628648 18654438.0
775.3610154515762 14412348.0
775.6362264027387 10342015.0
775.9116764163518 8188788.0
776.1873654924159 7764026.0
776.4632936309309 7628635.0
776.7394608318967 6935949.0
777.0158670953135 6466264.0
777.2925124211812 6565329.5
777.5693968094998 6279404.0
777.8465202602692 6045467.0
778.1238827734896 6041133.0
778.4014843491608 6923947.5
778.6793249872829 7688395.5
778.957404687856 9241977.0
779.23572345088 10620004.0
779.5142812763546 11581620.0
779.7930781642804 13814274.0
780.0721141146569 16285719.0
780.3513891274845 17136174.0
780.6309032027627 18378312.0
780.9106563404919 19565046.0
781.1906485406721 20314360.0
781.4708798033031 20563612.0
781.7513501283851 19603476.0
782.0320595159178 17274370.0
782.3130079659015 15686912.0
782.5941954783361 16328868.0
782.8756220532216 17043674.0
783.157287690558 17898768.0
783.4391923903453 18294054.0
783.7213361525834 16399934.0
784.0037189772725 13696816.0
784.2863408644123 12114510.0
784.5692018140032 12145869.0
784.8523018260448 11849215.0
785.1356409005374 12923785.0
785.419219037481 13932170.0
785.7030362368753 14158275.0
785.9870924987206 14934081.0
786.2713878230167 15999646.0
786.5559222097638 15704720.0
786.8406956589616 14489489.0
787.1257081706106 13739252.0
787.4109597447102 13647472.0
787.6964503812609 13235200.0
787.9821800802623 13251460.0
788.2681488417147 13448659.0
788.554356665618 13532468.0
788.8408035519722 14294995.0
789.1274895007773 14255592.0
789.4144145120331 14609058.0
789.70157858574 15767585.0
789.9889817218977 17944438.0
790.2766239205064 18111472.0
790.5645051815659 18113790.0
790.8526255050763 19013702.0
791.1409848910375 20531174.0
791.4295833394498 21920220.0
791.7184208503128 23727164.0
792.0074974236268 27193316.0
792.2968130593916 29368876.0
792.5863677576074 32228042.0
792.876161518274 34390616.0
793.1661943413915 35824996.0
793.45646622696 36668930.0
793.7469771749792 35836224.0
794.0377271854495 31891608.0
794.3287162583705 30357508.0
794.6199443937426 31337492.0
794.9114115915653 33037808.0
795.2031178518391 33721584.0
795.4950631745637 34468570.0
795.7872475597393 36067252.0
796.0796710073657 36463636.0
796.372333517443 36844810.0
796.6652350899712 37849004.0
796.9583757249504 38849244.0
797.2517554223803 40157770.0
797.5453741822612 41882572.0
797.839232004593 44985884.0
798.1333288893755 47831824.0
798.4276648366092 51332924.0
798.7222398462935 55878264.0
799.0170539184289 60048130.0
799.3121070530151 63565364.0
799.6073992500523 66570640.0
799.9029305095402 66115756.0
800.1987008314792 66302116.0
800.4947102158688 67416870.0
800.7909586627096 68134300.0
801.0874461720011 67987940.0
801.3841727437435 68126430.0
801.6811383779369 69826410.0
801.9783430745811 70143500.0
802.2757868336762 67429850.0
802.5734696552222 66034076.0
802.8713915392192 61190580.0
803.1695524856669 54966810.0
803.4679524945657 51449916.0
803.7665915659152 51352190.0
804.0654696997157 52072500.0
804.364586895967 52821444.0
804.6639431546693 52314176.0
804.9635384758224 53373730.0
805.2633728594265 54785236.0
805.5634463054813 57366280.0
805.863758813987 59491804.0
806.1643103849437 62449756.0
806.4651010183513 65249690.0
806.7661307142098 65185296.0
807.0673994725191 64539724.0
807.3689072932794 63078404.0
807.6706541764905 62926484.0
807.9726401221526 63665264.0
808.2748651302655 66587956.0
808.5773292008294 71001660.0
808.880032333844 76349496.0
809.1829745293097 85628790.0
809.4861557872262 100516440.0
809.7895761075936 119283480.0
810.0932354904118 139460940.0
810.3971339356808 159679070.0
810.701271443401 179196340.0
811.0056480135719 196408580.0
811.3102636461938 212568670.0
811.6151183412665 226721840.0
811.9202120987901 235944420.0
812.2255449187645 235275440.0
812.5311168011899 226369200.0
812.8369277460662 205887680.0
813.1429777533934 180273280.0
813.4492668231715 159353420.0
813.7557949554005 145758620.0
814.0625621500802 135783790.0
814.3695684072109 124204870.0
814.6768137267925 115069230.0
814.984298108825 107896150.0
815.2920215533085 99661230.0
815.5999840602427 91947540.0
815.908185629628 86598230.0
816.216626261464 80769970.0
816.5253059557509 75538296.0
816.8342247124888 68379460.0
817.1433825316776 61185584.0
817.4527794133171 55061896.0
817.7624153574077 50560210.0
818.072290363949 45399636.0
818.3824044329415 41224924.0
818.6927575643846 38906330.0
819.0033497582787 39238856.0
819.3141810146236 41839824.0
819.6252513334194 45594904.0
819.9365607146663 49016404.0
820.2481091583638 54406516.0
820.5598966645124 60437816.0
820.8719232331118 67000940.0
821.1841888641621 74663944.0
821.4966935576633 84399140.0
821.8094373136155 97275900.0
822.1224201320184 112262060.0
822.4356420128723 126452700.0
822.749102956177 149353860.0
823.0628029619327 178325820.0
823.3767420301392 203899820.0
823.6909201607966 226262540.0
824.005337353905 245233570.0
824.3199936094642 269604900.0
824.6348889274743 288118340.0
824.9500233079352 298468500.0
825.2653967508472 298390940.0
825.5810092562099 282535800.0
825.8968608240236 253614820.0
826.2129514542881 212064960.0
826.5292811470036 161126610.0
826.8458499021699 113577610.0
827.1626577197871 77733730.0
827.4797045998553 55077200.0
827.7969905423743 41647300.0
828.1145155473441 33064318.0
828.4322796147649 28355552.0
828.7502827446367 24320888.0
829.0685249369592 20110738.0
829.3870061917327 17247822.0
829.705726508957 15299315.0
830.0246858886322 13984865.0
830.3438843307583 13422789.0
830.6633218353354 12339184.0
830.9829984023633 11021690.0
831.3029140318422 10532214.0
831.6230687237718 10763690.0
831.9434624781525 9686469.0
832.2640952949838 8905530.0
832.5849671742662 9234813.0
832.9060781159994 9858811.0
833.2274281201835 10262369.0
833.5490171868187 10398385.0
833.8708453159045 10810019.0
834.1929125074414 10281579.0
834.515218761429 10160879.0
834.8377640778676 10623270.0
835.160548456757 10762285.0
835.4835718980975 10644300.0
835.8068344018886 11095742.0
836.1303359681309 12173598.0
836.4540765968239 14120090.0
836.778056287968 15712450.0
837.1022750415626 16309246.0
837.4267328576084 16998570.0
837.7514297361049 17744792.0
838.0763656770524 19602460.0
838.4015406804508 19801356.0
838.7269547463001 20110338.0
839.0526078746003 20090798.0
839.3785000653513 20533140.0
839.7046313185533 21059460.0
840.0310016342061 21436464.0
840.3576110123099 22140572.0
840.6844594528644 23447836.0
841.01154695587 23032378.0
841.3388735213264 21991428.0
841.6664391492336 21076442.0
841.9942438395917 22221268.0
842.3222875924008 23346728.0
842.6505704076608 23438812.0
842.9790922853716 23095064.0
843.3078532255333 23381708.0
843.636853228146 24370668.0
843.9660922932096 23343624.0
844.2955704207238 21667442.0
844.6252876106893 21012952.0
844.9552438631054 21179548.0
845.2854391779725 21449662.0
845.6158735552905 21985730.0
845.9465469950594 22191400.0
846.2774594972791 21131116.0
846.6086110619498 21787858.0
846.9400016890712 23881058.0
847.2716313786436 28538980.0
847.603500130667 31468532.0
847.9356079451411 34089410.0
848.2679548220663 38040252.0
848.6005407614422 41897684.0
848.9333657632692 45531940.0
849.2664298275467 50533856.0
849.5997329542755 54978280.0
849.933275143455 57643224.0
850.2670563950855 60305200.0
850.6010767091668 62323576.0
850.935336085699 60739344.0
851.2698345246821 59115736.0
851.6045720261161 57650480.0
851.939548590001 57653064.0
852.2747642163367 57583096.0
852.6102189051235 54429164.0
852.9459126563609 52245104.0
853.2818454700493 48338860.0
853.6180173461887 41991624.0
853.9544282847789 35025692.0
854.29107828582 29624698.0
854.627967349312 27603520.0
854.9650954752549 27051070.0
855.3024626636488 28142980.0
855.6400689144934 29113782.0
855.9779142277889 30258728.0
856.3159986035355 32249060.0
856.6543220417327 34999510.0
856.992884542381 38142356.0
857.33168610548 39699230.0
857.6707267310301 42089996.0
858.010006419031 43717516.0
858.3495251694828 45171790.0
858.6892829823855 46910396.0
859.0292798577391 50338464.0
859.3695157955435 56330130.0
859.709990795799 60981250.0
860.0507048585051 65377256.0
860.3916579836623 69834910.0
860.7328501712702 72390824.0
861.0742814213293 73751140.0
861.415951733839 76984820.0
861.7578611087997 78252810.0
862.1000095462114 79823064.0
862.4423970460737 80767370.0
862.7850236083872 79927350.0
863.1278892331513 77438290.0
863.4709939203666 73442780.0
863.8143376700325 66309250.0
864.1579204821496 58629464.0
864.5017423567174 48866684.0
864.845803293736 39844370.0
865.1901032932057 33670056.0
865.5346423551262 28752576.0
865.8794204794975 24369360.0
866.2244376663198 22532504.0
866.569693915593 23805942.0
866.9151892273169 27595564.0
867.2609236014919 29591740.0
867.6068970381177 30382364.0
867.9531095371945 32798436.0
868.299561098722 34901584.0
868.6462517227006 37699410.0
868.9931814091299 41414430.0
869.3403501580103 44839030.0
869.6877579693414 51459496.0
870.0354048431236 60221850.0
870.3832907793565 67500140.0
870.7314157780402 69622000.0
871.079779839175 69604410.0
871.4283829627606 70442950.0
871.7772251487971 72525380.0
872.1263063972845 75528840.0
872.4756267082229 79212500.0
872.825186081612 83645410.0
873.1749845174521 86402960.0
873.525022015743 85293300.0
873.875298576485 77505710.0
874.2258141996776 64829480.0
874.5765688853213 54238110.0
874.9275626334158 46365996.0
875.2787954439613 43148170.0
875.6302673169575 43678896.0
875.9819782524048 44639000.0
876.3339282503027 43894536.0
876.6861173106518 44309800.0
877.0385454334516 43761240.0
877.3912126187024 42520220.0
877.744118866404 39515684.0
878.0972641765566 36530304.0
878.45064854916 35012092.0
878.8042719842143 34269836.0
879.1581344817196 29964224.0
879.5122360416756 23471648.0
879.8665766640827 18123192.0
880.2211563489404 16556775.0
880.5759750962493 15639480.0
880.9310329060089 15075525.0
881.2863297782194 15210006.0
881.6418657128809 16570731.0
881.9976407099932 17185880.0
882.3536547695564 16923788.0
882.7099078915705 17921786.0
883.0664000760355 17867864.0
883.4231313229513 19021028.0
883.7801016323183 19441344.0
884.1373110041359 19294708.0
884.4947594384045 19900830.0
884.8524469351239 18905548.0
885.2103734942943 17995348.0
885.5685391159154 18069442.0
885.9269437999875 17834712.0
886.2855875465107 17404136.0
886.6444703554844 16683751.0
887.0035922269093 16383065.0
887.3629531607849 16209042.0
887.7225531571116 16882698.0
888.082392215889 16796464.0
888.4424703371174 17675356.0
888.8027875207965 18306432.0
889.1633437669268 20181550.0
889.5241390755077 23862460.0
889.8851734465397 24969116.0
890.2464468800224 24637680.0
890.6079593759562 25900532.0
890.9697109343408 28613488.0
891.3317015551763 30788678.0
891.6939312384626 33720150.0
892.0563999841997 37127596.0
892.419107792388 40171370.0
892.7820546630269 44426336.0
893.145240596117 49029404.0
893.5086655916577 51167924.0
893.8723296496495 54392620.0
894.2362327700921 57098480.0
894.6003749529856 56060684.0
894.96475619833 56897500.0
895.3293765061252 61362424.0
895.6942358763713 62572616.0
896.0593343090684 64785644.0
896.4246718042164 69757210.0
896.7902483618151 74940250.0
897.1560639818649 76950380.0
897.5221186643654 74528770.0
897.888412409317 69899840.0
898.2549452167193 59819820.0
898.6217170865726 46540710.0
898.9887280188768 34223216.0
899.3559780136319 24933458.0
899.7234670708378 20640222.0
900.0911951904947 18478816.0
900.4591623726023 16221010.0
900.827368617161 14156812.0
901.1958139241705 12928986.0
901.5644982936308 12238016.0
901.9334217255422 11927789.0
902.3025842199042 11778351.0
902.6719857767174 11166966.0
903.0416263959813 11307571.0
903.4115060776962 12663782.0
903.7816248218619 13203246.0
904.1519826284787 13390766.0
904.5225794975461 12770549.0
904.8934154290646 12575605.0
905.2644904230337 13117060.0
905.635804479454 12815336.0
906.0073575983251 12442659.0
906.3791497796472 12230910.0
906.7511810234199 11820121.0
907.1234513296438 11609219.0
907.4959606983184 11272496.0
907.8687091294438 11504166.0
908.2416966230203 12310319.0
908.6149231790475 11706704.0
908.9883887975259 10520408.0
909.3620934784549 9765261.0
909.736037221835 10097568.0
910.1102200276657 9891358.0
910.4846418959476 9140604.0
910.8593028266802 9394494.0
911.2342028198638 9602886.0
911.6093418754981 9819594.0
911.9847199935836 9515912.0
912.3603371741196 9490728.0
912.7361934171067 9575081.0
913.1122887225448 9893017.0
913.4886230904336 10767501.0
913.8651965207735 11562916.0
914.242009013564 12393574.0
914.6190605688057 12623662.0
914.996351186498 13410911.0
915.3738808666415 14272054.0
915.7516496092356 15342482.0
916.1296574142808 14826188.0
916.5079042817767 15034652.0
916.8863902117237 15118030.0
917.2651152041215 16452428.0
917.6440792589702 17146576.0
918.0232823762697 16278762.0
918.4027245560201 16482012.0
918.7824057982216 16204398.0
919.1623261028737 14745586.0
919.542485469977 14403278.0
919.9228838995309 14241895.0
920.3035213915359 13734374.0
920.6843979459916 13465571.0
921.0655135628983 13964931.0
921.446868242256 15331796.0
921.8284619840645 16031748.0
922.2102947883237 16961830.0
922.5923666550341 16645869.0
922.9746775841952 16179224.0
923.3572275758072 15889176.0
923.7400166298701 17037036.0
924.1230447463838 18037250.0
924.5063119253487 18695856.0
924.8898181667641 19899786.0
925.2735634706307 21176940.0
925.657547836948 21662312.0
926.0417712657163 20520548.0
926.4262337569354 19202722.0
926.8109353106056 18101358.0
927.1958759267263 16532474.0
927.5810556052983 16674529.0
927.966474346321 16339338.0
928.3521321497947 16143346.0
928.7380290157191 16405978.0
929.1241649440944 15976460.0
929.5105399349206 15817700.0
929.8971539881978 15230910.0
930.2840071039259 14494356.0
930.6710992821048 13707430.0
931.0584305227347 13119952.0
931.4460008258154 12261110.0
931.8338101913471 12469801.0
932.2218586193296 11972874.0
932.610146109763 10274654.0
932.9986726626472 7992049.5
933.3874382779825 5544614.5
933.7764429557685 4171210.2
934.1656866960054 3563746.5
934.5551694986933 3501281.2
934.9448913638321 3611609.8
935.3348522914216 3898729.8
935.7250522814621 3895598.5
936.1154913339535 3595360.2
936.5061694488959 3454116.0
936.8970866262891 3659293.0
937.288242866133 3969020.2
937.6796381684281 4466319.5
938.0712725331739 4175308.5
938.4631459603708 4028335.5
938.8552584500184 4153506.2
939.247610002117 4573316.0
939.6402006166663 4819342.0
940.0330302936667 5114007.0
940.4260990331178 4770845.0
940.8194068350199 5174795.5
941.212953699373 5398061.0
941.6067396261767 5396704.0
942.0007646154315 4981566.5
942.3950286671371 4883171.5
942.7895317812938 5317072.5
943.184273957901 5054768.0
943.5792551969595 4987881.5
943.9744754984687 4921665.5
944.3699348624289 4870193.0
944.7656332888398 4817980.5
945.1615707777016 4586517.0
945.5577473290144 4618250.5
945.9541629427781 4366807.0
946.3508176189927 3657157.5
946.7477113576581 3873972.2
947.1448441587745 4468505.0
947.5422160223416 4446176.0
947.9398269483597 4387324.5
948.3376769368288 4157767.0
948.7357659877487 4863459.0
949.1340941011194 6215387.5
949.5326612769411 5964043.0
949.9314675152136 6014114.5
950.3305128159373 5974945.0
950.7297971791115 6998581.0
951.1293206047367 7518007.0
951.5290830928128 7822296.0
951.9290846433399 6865552.0
952.3293252563178 6563741.0
952.7298049317465 5862055.5
953.1305236696262 5615212.0
953.5314814699568 5678390.5
953.9326783327383 6091478.0
954.3341142579707 5648377.0
954.7357892456539 5869886.0
955.137703295788 6101279.0
955.5398564083731 5798264.5
955.942248583409 5875648.0
956.3448798208958 5560709.5
956.7477501208334 5338179.0
957.1508594832221 5214648.0
957.5542079080615 4759769.0
957.9577953953519 4483829.0
958.3616219450932 4239543.5
958.7656875572852 4830540.5
959.1699922319283 5129845.5
959.5745359690222 5147770.0
959.979318768567 4574993.0
960.3843406305627 5015377.5
960.7896015550094 5758054.5
961.1951015419069 6009500.0
961.6008405912553 5489175.0
962.0068187030545 5141542.5
962.4130358773048 5428865.5
962.8194921140057 5725334.0
963.2261874131577 5864708.0
963.6331217747605 6287214.5
964.0402951988142 6448112.5
964.4477076853188 6638124.5
964.8553592342744 6792062.0
965.2632498456808 6724774.0
965.671379519538 7083274.0
966.0797482558462 6741908.0
966.4883560546052 7138402.5
966.8972029158153 6400290.5
967.3062888394761 5864304.5
967.7156138255879 5171084.5
968.1251778741505 5115289.0
968.534980985164 4688933.5
968.9450231586284 3844082.5
969.3553043945437 4583079.5
969.7658246929099 4622372.0
970.1765840537269 3694694.0
970.5875824769948 3033696.2
970.9988199627137 3244363.8
971.4102965108834 3197540.5
971.822012121504 3132776.5
972.2339667945757 2996715.0
972.6461605300981 3709267.5
973.0585933280714 4719316.0
973.4712651884955 5020704.0
973.8841761113707 4915613.5
974.2973260966967 4379793.0
974.7107151444736 5093061.5
975.1243432547012 6502683.0
975.5382104273799 6811124.5
975.9523166625095 6537135.5
976.3666619600898 7184745.5
976.7812463201212 7736846.0
977.1960697426034 7584157.5
977.6111322275365 7909057.0
978.0264337749204 8649270.0
978.4419743847554 8899472.0
978.8577540570411 9512938.0
979.2737727917779 8989923.0
979.6900305889653 8625130.0
980.1065274486039 7947891.0
980.523263370693 7075382.5
980.9402383552333 6626159.0
981.3574524022245 6260517.5
981.7749055116664 6692617.0
982.1925976835594 7564469.0
982.6105289179031 8561207.0
983.0286992146978 9568326.0
983.4471085739433 9888876.0
983.8657569956398 10188738.0
984.2846444797872 10890926.0
984.7037710263854 11516212.0
985.1231366354345 12080791.0
985.5427413069345 11699812.0
985.9625850408854 11589856.0
986.3826678372873 12022959.0
986.8029896961399 12247092.0
987.2235506174435 12058742.0
987.6443506011979 11496916.0
988.0653896474032 11292275.0
988.4866677560595 11726872.0
988.9081849271665 10133071.0
989.3299411607247 9581168.0
989.7519364567336 9505180.0
990.1741708151934 9762293.0
990.5966442361041 9254009.0
991.0193567194657 8303863.0
991.4423082652781 8271387.0
991.8654988735416 7892015.5
992.2889285442558 7968815.0
992.712597277421 6962197.0
993.1365050730369 6272947.0
993.5606519311038 6920884.0
993.9850378516217 7748590.5
994.4096628345903 7766975.0
994.83452688001 7790040.5
995.2596299878804 8293740.0
995.6849721582018 9391782.0
996.110553390974 9659787.0
996.5363736861973 9793594.0
996.9624330438713 10604328.0
997.3887314639962 10290976.0
997.8152689465721 10467666.0
998.2420454915989 9954229.0
998.6690610990764 9052254.0
999.0963157690048 9433715.0
999.5238095013843 9000351.0
999.9515422962145 8636912.0
1000.3795141534958 7744624.5
1000.8077250732279 6408654.0
1001.2361750554107 6517579.0
1001.6648641000446 6287044.5
1002.0937922071294 5494247.5
1002.522959376665 5701876.0
1002.9523656086515 5615678.0
1003.3820109030889 4912992.5
1003.8118952599773 4706411.5
1004.2420186793163 5255524.5
1004.6723811611065 6075814.0
1005.1029827053474 6921505.0
1005.5338233120393 7533908.0
1005.9649029811819 8435119.0
1006.3962217127755 10654211.0
1006.8277795068202 12870409.0
1007.2595763633155 13861870.0
1007.6916122822619 14169931.0
1008.1238872636591 14510354.0
1008.5564013075071 15287730.0
1008.9891544138061 15747221.0
1009.422146582556 16486094.0
1009.8553778137567 17819268.0
1010.2888481074084 19515912.0
1010.7225574635108 20507848.0
1011.1565058820644 20794424.0
1011.5906933630686 20910808.0
1012.0251199065237 21227160.0
1012.45978551243 19249506.0
1012.8946901807869 16163299.0
1013.3298339115948 11196724.0
1013.7652167048535 7623389.0
1014.2008385605632 6249760.0
1014.6366994787238 4880164.0
1015.0727994593352 4961474.5
1015.5091385023975 5035800.5
1015.9457166079108 5646111.0
1016.3825337758749 6356955.5
1016.8195900062899 7381466.0
1017.2568852991558 8185680.0
1017.6944196544725 9700962.0
1018.1321930722402 9949152.0
1018.5702055524587 9146178.0
1019.0084570951283 10045731.0
1019.4469477002485 12249422.0
1019.8856773678198 13995665.0
1020.3246460978419 14307694.0
1020.763853890315 14904528.0
1021.2033007452387 16513656.0
1021.6429866626136 16559275.0
1022.0829116424393 17110810.0
1022.5230756847159 17120746.0
1022.9634787894433 17306622.0
1023.4041209566217 16922298.0
1023.8450021862509 14359064.0
1024.286122478331 11617752.0
1024.727481832862 8521005.0
1025.1690802498438 5857792.5
1025.6109177292767 4748439.0
1026.0529942711605 3757367.0
1026.495309875495 2494467.5
1026.9378645422805 2237649.5
1027.380658271517 1655892.4
1027.823691063204 1578472.8
1028.2669629173424 1188664.0
1028.7104738339312 1394432.8
1029.1542238129714 1628087.5
1029.598212854462 1608508.9
1030.0424409584039 1499347.5
1030.4869081247964 1339622.8
1030.9316143536398 1244514.5
1031.376559644934 1196834.6
1031.8217439986793 1266495.4
1032.2671674148755 1275850.8
1032.7128298935227 1314459.9
1033.1587314346207 1188243.9
1033.6048720381693 1056973.2
1034.051251704169 1115187.2
1034.4978704326197 1128812.6
1034.9447282235212 1254491.4
1035.3918250768736 1467532.0
1035.8391609926769 1435388.0
1036.286735970931 1058902.8
1036.734550011636 1143960.2
1037.182603114792 1352022.0
1037.6308952803988 1360281.2
1038.0794265084567 1639212.5
1038.5281967989652 1570669.0
1038.9772061519247 1379604.0
1039.426454567335 1256660.1
1039.8759420451966 1178230.2
1040.3256685855085 1592937.6
1040.7756341882716 1852628.8
1041.2258388534856 1929879.5
1041.6762825811506 1816821.5
1042.1269653712661 1556656.4
1042.577887223833 1455689.0
1043.0290481388504 1492692.5
1043.4804481163187 1671792.4
1043.9320871562381 1621853.1
1044.3839652586082 1897872.2
1044.8360824234294 2141621.5
1045.2884386507012 2153896.2
1045.7410339404241 2019884.8
1046.193868292598 1548854.4
1046.6469417072226 1414101.8
1047.1002541842981 1451962.8
1047.5538057238246 1453614.8
1048.0075963258018 1447076.5
1048.46162599023 1907499.2
1048.915894717109 2013409.0
1049.3704025064392 1813021.5
1049.82514935822 1822353.1
1050.2801352724516 1624760.0
1050.7353602491344 1873552.4
1051.1908242882678 1603893.2
1051.6465273898525 1711106.8
1052.1024695538877 1860433.9
1052.558650780374 1655547.4
1053.015071069311 1466390.8
1053.471730420699 1636219.0
1053.928628834538 2020921.1
1054.3857663108276 2368213.0
1054.8431428495683 2248535.8
1055.30075845076 2110112.2
1055.7586131144024 1985890.2
1056.2167068404956 1946670.0
1056.67503962904 1997492.0
1057.133611480035 2050291.2
1057.592422393481 2424186.0
1058.0514723693777 2655966.5
1058.5107614077258 2584786.0
1058.9702895085243 2204412.8
1059.4300566717739 2220397.2
1059.8900628974743 2329180.2
1060.3503081856259 2564823.0
1060.8107925362278 2456284.5
1061.2715159492811 2234115.2
1061.732478424785 2131596.5
1062.1936799627401 2247661.0
1062.6551205631458 2752825.5
1063.1168002260026 3263330.0
1063.57871895131 2448133.0
1064.0408767390686 1012616.25
1064.503273589278 -251493.84
1064.965909501938 -1623050.8
1065.4287844770492 -3636868.5
1065.8918985146113 -5131017.0
1066.3552516146242 -6567871.0
1066.818843777088 -7963910.0
1067.2826750020029 -9638201.0
1067.7467452893684 -11895076.0
1068.211054639185 -13823041.0
1068.6756030514523 -15937771.0
1069.1403905261704 -18101972.0
1069.6054170633397 -19772058.0
1070.0706826629596 -21960476.0
1070.5361873250306 -23973996.0
1071.0019310495525 -25949364.0
1071.4679138365252 -28281328.0
1071.9341356859486 -30100404.0
