string
description: px_shifted, calibration parameter: [ 1.19531225e-04 -2.30194563e-02  6.18194146e+02]
converted file:R_100ms_Fe_S3_x_2_9_binned_y back: data/dark_100msRZP-structure:___RZP_S3100msRoi:[0, 1040, 2048, 2048]
eV counts/s
618.1712462133476 1751518.6
618.1485853507007 1520795.2
618.1261635505048 1536344.5
618.1039808127597 1481485.8
618.0820371374655 1371912.6
618.0603325246223 1467285.0
618.0388669742298 2034968.2
618.0176404862883 2195859.2
617.9966530607976 2466680.5
617.9759046977579 2137648.0
617.955395397169 1863890.0
617.9351251590311 1693501.8
617.9150939833439 1935700.2
617.8953018701078 2016543.0
617.8757488193226 1857805.2
617.8564348309881 1796683.8
617.8373599051046 1867033.1
617.8185240416719 2230257.0
617.7999272406903 2132600.5
617.7815695021593 2070897.4
617.7634508260794 1827108.9
617.7455712124504 2124602.0
617.7279306612722 2404101.5
617.7105291725449 1664418.2
617.6933667462686 1742108.8
617.676443382443 1706794.4
617.6597590810685 1982703.8
617.6433138421447 1951554.0
617.6271076656718 1987525.6
617.6111405516499 1902227.2
617.5954125000789 1901228.9
617.5799235109587 2090119.8
617.5646735842894 1892210.0
617.5496627200711 1589947.6
617.5348909183035 1824494.4
617.520358178987 1846614.5
617.5060645021213 2251059.5
617.4920098877064 2398479.5
617.4781943357425 2164416.5
617.4646178462295 2408444.5
617.4512804191673 2190392.0
617.4381820545561 2269387.0
617.4253227523957 2373598.0
617.4127025126862 2398555.0
617.4003213354276 1982062.0
617.3881792206199 1882754.0
617.3762761682632 2202368.5
617.3646121783572 2031047.6
617.3531872509022 1885558.0
617.342001385898 1761273.5
617.3310545833449 1646014.8
617.3203468432424 1840250.6
617.309878165591 1645058.9
617.2996485503904 1875036.0
617.2896579976408 1839217.4
617.2799065073419 1494114.5
617.270394079494 1634183.1
617.261120714097 1977563.9
617.2520864111508 2345516.2
617.2432911706557 2500308.0
617.2347349926113 2846126.0
617.2264178770179 2779464.5
617.2183398238752 3385112.0
617.2105008331837 3231703.0
617.2029009049428 2994676.5
617.195540039153 2880193.5
617.188418235814 2462998.2
617.1815354949258 2228748.2
617.1748918164886 2118302.0
617.1684872005023 2053042.6
617.1623216469668 2485460.2
617.1563951558823 2626327.5
617.1507077272486 2907220.5
617.1452593610658 2885557.0
617.140050057334 3007320.5
617.1350798160529 3262722.2
617.1303486372229 3184805.0
617.1258565208436 3090163.8
617.1216034669154 3246311.2
617.1175894754379 3447052.8
617.1138145464114 3925455.0
617.1102786798357 3721847.0
617.106981875711 3410285.2
617.1039241340371 3373541.2
617.1011054548142 3678348.5
617.0985258380421 3620078.0
617.0961852837207 3230117.2
617.0940837918505 3000133.0
617.092221362431 2850640.5
617.0905979954625 2730815.0
617.0892136909449 2766242.2
617.0880684488782 2741320.5
617.0871622692623 3500484.8
617.0864951520974 3480635.5
617.0860670973833 3562091.0
617.0858781051202 4200039.5
617.0859281753078 4827562.5
617.0862173079464 5985838.0
617.0867455030359 6445137.0
617.0875127605763 5989680.5
617.0885190805675 4658424.5
617.0897644630096 3257760.2
617.0912489079027 1969251.1
617.0929724152465 1532452.8
617.0949349850415 1381255.8
617.0971366172871 1259348.5
617.0995773119838 1424687.5
617.1022570691313 1573940.2
617.1051758887297 1607920.2
617.1083337707789 1701122.2
617.1117307152791 1562627.2
617.1153667222302 1845557.4
617.1192417916321 1857787.0
617.123355923485 2094763.2
617.1277091177888 2098334.8
617.1323013745433 2307934.8
617.1371326937488 2631532.2
617.1422030754052 2946996.2
617.1475125195125 2817907.0
617.1530610260706 3622475.0
617.1588485950797 3920115.2
617.1648752265397 3868481.2
617.1711409204505 4523036.5
617.1776456768123 5098094.0
617.1843894956249 5688630.5
617.1913723768885 6247598.0
617.1985943206029 5586904.5
617.2060553267681 5312058.0
617.2137553953843 4898013.0
617.2216945264513 5056414.0
617.2298727199694 5224927.0
617.2382899759382 4717215.5
617.246946294358 3719125.0
617.2558416752286 2986033.0
617.2649761185502 2118518.8
617.2743496243226 1353771.4
617.2839621925459 1402388.1
617.29381382322 1371716.0
617.3039045163453 1122950.8
617.3142342719211 1018112.6
617.3248030899481 1149230.8
617.3356109704258 1074437.4
617.3466579133545 970281.94
617.357943918734 828748.9
617.3694689865644 583042.1
617.3812331168458 621086.94
617.3932363095779 461152.66
617.4054785647611 637214.25
617.417959882395 787051.3
617.43068026248 517852.44
617.4436397050157 343195.9
617.4568382100024 868695.7
617.47027577744 1345468.6
617.4839524073284 1368672.6
617.4978680996677 1810984.5
617.512022854458 2170758.0
617.526416671699 2739418.5
617.5410495513911 3476737.5
617.555921493534 4022357.8
617.5710324981277 4412778.0
617.5863825651725 4677708.5
617.601971694668 5008463.5
617.6177998866144 5008134.5
617.6338671410118 4083560.5
617.6501734578601 3145602.5
617.6667188371591 2637462.5
617.6835032789093 2793132.8
617.70052678311 2718395.2
617.7177893497619 2977616.5
617.7352909788646 3319083.5
617.7530316704182 3636972.8
617.7710114244226 3944938.8
617.7892302408779 3876984.8
617.8076881197842 3437798.5
617.8263850611413 3493324.5
617.8453210649494 3927676.2
617.8644961312083 4804444.5
617.8839102599181 5870798.0
617.9035634510788 6616474.0
617.9234557046905 8416191.0
617.9435870207528 9721244.0
617.9639573992663 10489056.0
617.9845668402305 10946004.0
618.0054153436457 11577434.0
618.0265029095117 10145794.0
618.0478295378288 8521531.0
618.0693952285965 6940869.0
618.0911999818152 5126443.0
618.1132437974848 3848958.8
618.1355266756052 2634188.0
618.1580486161766 2254944.5
618.180809619199 1710276.8
618.2038096846721 1610966.5
618.2270488125961 1512975.0
618.2505270029711 1332474.8
618.2742442557969 1106542.5
618.2982005710737 1217081.4
618.3223959488013 989802.5
618.3468303889798 1081463.5
618.3715038916091 1208973.9
618.3964164566895 1011545.0
618.4215680842207 863157.4
618.4469587742026 887749.1
618.4725885266356 997344.75
618.4984573415195 1038738.25
618.5245652188543 1077539.6
618.5509121586398 1031987.4
618.5774981608764 1017464.5
618.6043232255638 1224253.4
618.6313873527021 1205312.6
618.6586905422912 1245554.0
618.6862327943314 1035669.6
618.7140141088223 1709874.4
618.7420344857642 2741751.2
618.7702939251569 3274548.5
618.7987924270005 4022783.0
618.827529991295 4712165.5
618.8565066180404 6687564.5
618.8857223072368 7968600.0
618.915177058884 8459192.0
618.944870872982 8794068.0
618.974803749531 8349893.0
619.004975688531 6861109.0
619.0353866899817 4936901.0
619.0660367538834 3234359.5
619.0969258802359 2456415.5
619.1280540690393 2369073.5
619.1594213202936 2070453.8
619.1910276339989 1988609.0
619.2228730101549 1848993.2
619.2549574487618 1636172.5
619.2872809498198 1594119.5
619.3198435133286 1314680.0
619.3526451392883 1039908.6
619.3856858276988 915351.1
619.4189655785602 651140.75
619.4524843918725 716629.6
619.4862422676358 724249.44
619.5202392058499 829259.7
619.5544752065149 1003009.94
619.5889502696308 930679.4
619.6236643951976 1050918.6
619.6586175832152 1438205.0
619.6938098336839 1428018.8
619.7292411466033 1691882.5
619.7649115219735 1801770.1
619.8008209597948 1724890.5
619.8369694600669 2596613.5
619.8733570227901 3498457.2
619.9099836479638 4249779.5
619.9468493355887 4586522.0
619.9839540856643 5261562.0
620.0212978981909 6235072.5
620.0588807731684 7095989.5
620.0967027105968 6156232.5
620.134763710476 4446352.0
620.1730637728062 3902379.5
620.2116028975872 2567954.2
620.2503810848191 1733158.1
620.2893983345019 1687331.2
620.3286546466355 1604730.0
620.3681500212202 1285291.4
620.4078844582556 1230012.6
620.447857957742 941155.06
620.4880705196792 1045383.7
620.5285221440674 1301838.5
620.5692128309064 1017276.56
620.6101425801965 934812.9
620.6513113919372 1141140.0
620.692719266129 1038007.0
620.7343662027715 673820.3
620.7762522018651 696749.44
620.8183772634094 936097.4
620.8607413874046 928358.0
620.9033445738509 643067.0
620.9461868227478 425764.44
620.9892681340958 727745.3
621.0325885078946 552056.7
621.0761479441444 501039.0
621.1199464428449 572495.06
621.1639840039965 599968.2
621.2082606275989 805101.25
621.2527763136521 924982.5
621.2975310621563 920151.1
621.3425248731114 859779.0
621.3877577465173 1028598.2
621.4332296823742 1129263.0
621.478940680682 1358017.4
621.5248907414405 1546335.6
621.5710798646501 1392070.1
621.6175080503104 943386.2
621.6641752984218 881979.25
621.7110816089839 1288737.6
621.758226981997 1059100.4
621.8056114174609 767566.0
621.8532349153759 795993.9
621.9010974757415 1142259.5
621.9491990985582 1449615.8
621.9975397838257 1228730.2
622.0461195315442 936423.9
622.0949383417135 886950.06
622.1439962143336 880095.5
622.1932931494047 1090858.9
622.2428291469266 1018057.1
622.2926042068996 1318547.2
622.3426183293233 1506181.1
622.392871514198 1471000.8
622.4433637615234 1365722.8
622.4940950713 1420040.5
622.5450654435272 1244835.5
622.5962748782055 1184990.8
622.6477233753345 818704.25
622.6994109349146 1219655.8
622.7513375569454 1342622.0
622.8035032414273 1123091.4
622.8559079883598 1265370.5
622.9085517977434 1876427.5
622.9614346695778 2041521.8
623.0145566038631 2024822.5
623.0679176005993 1807154.5
623.1215176597865 2125733.8
623.1753567814245 2166654.0
623.2294349655133 1926593.8
623.2837522120532 2222614.8
623.3383085210438 1990184.0
623.3931038924854 2389365.5
623.4481383263778 2801418.5
623.5034118227212 2831720.5
623.5589243815153 3759022.8
623.6146760027606 4508501.5
623.6706666864566 5086237.0
623.7268964326033 5008209.5
623.7833652412012 5103720.5
623.8400731122499 5588592.0
623.8970200457495 5341497.0
623.9542060416999 4698196.0
624.0116311001013 3479530.5
624.0692952209534 2615307.8
624.1271984042567 2094014.0
624.1853406500106 1614242.4
624.2437219582156 1875492.4
624.3023423288714 1702457.5
624.3612017619781 1867401.8
624.4203002575357 1576398.0
624.4796378155443 1395635.5
624.5392144360035 1144764.8
624.5990301189137 986438.25
624.659084864275 992150.0
624.7193786720869 986412.2
624.7799115423499 1071691.5
624.8406834750637 1097041.5
624.9016944702284 1123843.9
624.962944527844 987210.75
625.0244336479105 1175206.1
625.0861618304278 1111600.1
625.1481290753961 1137083.6
625.2103353828153 1028571.5
625.2727807526853 1263201.1
625.3354651850062 1434339.4
625.398388679778 1396892.4
625.4615512370008 1298436.5
625.5249528566744 1405193.8
625.5885935387989 1465204.0
625.6524732833743 1879388.0
625.7165920904006 1714867.4
625.7809499598777 2035880.5
625.8455468918058 2844741.5
625.9103828861847 3175014.5
625.9754579430146 3484518.0
626.0407720622953 3428952.0
626.106325244027 3345655.5
626.1721174882094 2648430.0
626.2381487948429 2215180.0
626.3044191639272 1875196.8
626.3709285954623 1816118.1
626.4376770894484 1569654.8
626.5046646458853 1243917.8
626.5718912647732 1255594.9
626.6393569461119 1262121.5
626.7070616899016 1297614.2
626.7750054961421 1488438.2
626.8431883648335 1274061.2
626.9116102959758 1621178.5
626.980271289569 1204055.1
627.0491713456131 1129926.0
627.1183104641082 1295085.8
627.1876886450539 1736259.8
627.2573058884507 1218125.2
627.3271621942984 1050791.1
627.3972575625968 1063639.8
627.4675919933463 1197935.2
627.5381654865465 1483089.9
627.6089780421978 1481729.5
627.6800296602999 1652583.5
627.7513203408529 1870917.2
627.8228500838567 2159320.0
627.8946188893116 1892783.8
627.9666267572171 2120913.0
628.0388736875738 2320137.8
628.1113596803812 2080523.6
628.1840847356395 1632063.1
628.2570488533487 1415500.0
628.3302520335087 1274940.5
628.4036942761198 998276.9
628.4773755811816 1265938.6
628.5512959486945 1770442.8
628.6254553786581 1826394.8
628.6998538710727 2179635.0
628.7744914259381 2099195.2
628.8493680432545 2505520.2
628.9244837230217 2083683.1
628.9998384652398 2002017.2
629.0754322699088 2327262.2
629.1512651370288 2559826.0
629.2273370665995 2581004.5
629.3036480586212 2568362.8
629.3801981130938 3045272.5
629.4569872300171 2782084.8
629.5340154093916 2868587.5
629.6112826512167 2999077.0
629.6887889554929 2872791.0
629.7665343222199 2531721.2
629.8445187513979 1719676.0
629.9227422430266 1409847.5
630.0012047971064 1515558.1
630.0799064136369 1285012.0
630.1588470926184 1514579.4
630.2380268340507 1336203.8
630.317445637934 1368657.8
630.3971035042681 1593390.5
630.4770004330533 1839421.8
630.5571364242891 1989881.0
630.6375114779759 1999468.5
630.7181255941136 1854617.6
630.7989787727022 1681674.2
630.8800710137417 1175895.9
630.961402317232 1085538.0
631.0429726831734 1443790.2
631.1247821115654 1448475.2
631.2068306024086 1544756.0
631.2891181557025 1423921.8
631.3716447714473 1302925.1
631.454410449643 1101339.4
631.5374151902896 1251915.5
631.6206589933871 1162825.8
631.7041418589355 1132871.8
631.7878637869347 933808.7
631.8718247773849 1001325.7
631.956024830286 1337068.2
632.0404639456378 1443040.1
632.1251421234408 1725268.1
632.2100593636944 2173571.0
632.2952156663991 2371448.2
632.3806110315546 2388946.0
632.4662454591611 2157231.2
632.5521189492183 1729365.5
632.6382315017265 1666456.2
632.7245831166855 1755622.6
632.8111737940956 1413252.4
632.8980035339563 866341.0
632.985072336268 1185335.8
633.0723802010307 1370020.5
633.1599271282441 1749148.0
633.2477131179087 1860958.5
633.3357381700239 1941686.1
633.4240022845902 2109160.8
633.5125054616071 2102631.5
633.6012477010752 2353184.5
633.690229002994 2177498.2
633.7794493673638 2093514.4
633.8689087941844 1732360.0
633.958607283456 1801275.8
634.0485448351784 1799689.9
634.1387214493517 1989521.2
634.2291371259759 1975615.5
634.3197918650509 1978504.8
634.4106856665769 1813798.1
634.5018185305538 1218804.5
634.5931904569816 1103619.5
634.6848014458602 1274373.2
634.7766514971898 1131889.9
634.8687406109701 1140919.4
634.9610687872016 1133362.2
635.0536360258837 1117442.0
635.1464423270169 1381474.4
635.2394876906009 1266431.9
635.3327721166357 1287745.1
635.4262956051215 970040.94
635.5200581560582 1067368.6
635.6140597694457 880894.1
635.7083004452841 897795.0
635.8027801835735 808889.75
635.8974989843136 668421.9
635.9924568475049 641148.1
636.0876537731468 841342.44
636.1830897612398 978701.9
636.2787648117835 1314856.2
636.3746789247782 1104886.6
636.4708321002237 1204576.5
636.5672243381202 1328494.5
636.6638556384676 1274990.2
636.7607260012659 1087941.8
636.857835426515 1167895.5
636.9551839142149 1197037.6
637.0527714643658 1724632.2
637.1505980769675 1652093.2
637.2486637520203 1530706.4
637.3469684895239 1749338.1
637.4455122894784 1553102.6
637.5442951518837 1531252.4
637.64331707674 1494693.0
637.742578064047 1471759.9
637.8420781138052 1363275.1
637.941817226014 1524746.2
638.0417954006739 1482585.8
638.1420126377845 1365734.0
638.2424689373462 1347012.0
638.3431642993586 1396141.2
638.444098723822 1356154.4
638.5452722107362 889363.7
638.6466847601014 964039.6
638.7483363719175 1166979.1
638.8502270461844 1080654.9
638.9523567829023 726499.4
639.0547255820709 1101363.0
639.1573334436905 910541.2
639.260180367761 1210132.2
639.3632663542825 1342483.5
639.4665914032546 1426920.0
639.5701555146778 1215050.5
639.6739586885519 1217487.2
639.7780009248769 1324667.4
639.8822822236526 1270408.9
639.9868025848793 1655796.5
640.091562008557 1529120.0
640.1965604946854 1668367.6
640.3017980432649 1917126.9
640.4072746542952 2439708.8
640.5129903277764 2262574.5
640.6189450637083 1966710.8
640.7251388620914 2174563.0
640.8315717229252 2000610.0
640.93824364621 1564114.0
641.0451546319456 1293954.2
641.1523046801321 1502568.6
641.2596937907695 1424369.9
641.3673219638578 1405808.6
641.4751891993969 1030197.0
641.583295497387 1207444.2
641.691640857828 1132144.9
641.8002252807198 1187132.2
641.9090487660626 1480549.0
642.0181113138563 1339415.8
642.1274129241008 1267645.0
642.2369535967962 1667955.0
642.3467333319426 1374030.6
642.4567521295397 1311242.2
642.5670099895879 1504354.8
642.6775069120868 1447824.4
642.7882428970366 1631070.0
642.8992179444374 1713449.9
643.010432054289 1344949.4
643.1218852265915 1342878.6
643.2335774613449 1209292.0
643.3455087585494 1227936.4
643.4576791182045 1351035.5
643.5700885403106 1208691.1
643.6827370248676 1491608.1
643.7956245718756 1263795.8
643.9087511813342 1105344.0
644.0221168532439 1162404.0
644.1357215876045 1328200.6
644.249565384416 1350500.6
644.3636482436782 1531051.4
644.4779701653915 1629244.0
644.5925311495556 1211411.8
644.7073311961706 1206246.1
644.8223703052365 1320869.9
644.9376484767532 1155977.0
645.0531657107209 854861.56
645.1689220071395 1069316.1
645.2849173660089 1349908.5
645.4011517873292 1394253.2
645.5176252711005 1711361.2
645.6343378173226 1770637.6
645.7512894259957 1437401.4
645.8684800971196 1321309.9
645.9859098306944 1383034.0
646.10357862672 1079551.0
646.2214864851966 1155239.2
646.3396334061241 1295346.1
646.4580193895024 980047.9
646.5766444353317 940145.94
646.6955085436118 873217.2
646.8146117143428 942886.2
646.9339539475247 1031149.9
647.0535352431576 1214056.1
647.1733556012413 1168014.6
647.2934150217759 1129701.8
647.4137135047613 1260110.4
647.5342510501977 1301559.2
647.6550276580849 1465460.0
647.7760433284232 1132325.1
647.8972980612122 1308536.2
648.018791856452 1248214.1
648.1405247141429 1209746.5
648.2624966342845 1181311.4
648.3847076168772 1265518.5
648.5071576619206 1338101.1
648.629846769415 1563826.4
648.7527749393603 1318555.6
648.8759421717565 1429677.8
648.9993484666035 1287967.8
649.1229938239015 1132908.2
649.2468782436503 1382853.1
649.3710017258501 1373495.8
649.4953642705007 1045919.75
649.6199658776021 1153899.6
649.7448065471544 1150166.4
649.8698862791578 1031663.5
649.9952050736119 938816.4
650.120762930517 827568.9
650.2465598498729 1041022.8
650.3725958316797 1062866.2
650.4988708759375 1326376.2
650.6253849826461 1586321.1
650.7521381518056 1431591.9
650.879130383416 1294894.5
651.0063616774773 1177805.2
651.1338320339895 1151956.9
651.2615414529527 1441941.0
651.3894899343666 1323628.6
651.5176774782313 1002949.25
651.6461040845472 1121738.2
651.7747697533138 1199661.9
651.9036744845314 1221177.2
652.0328182781997 1192026.9
652.162201134319 852904.1
652.2918230528892 895469.6
652.4216840339103 1023610.06
652.5517840773823 1284656.9
652.6821231833052 1352447.5
652.8127013516789 890801.8
652.9435185825037 935909.3
653.074574875779 1145545.2
653.2058702315056 968534.75
653.3374046496829 1243781.2
653.469178130311 1164506.0
653.6011906733902 1170644.9
653.73344227892 1121496.8
653.865932946901 949388.44
653.9986626773327 851577.8
654.1316314702154 885518.0
654.2648393255489 979506.56
654.3982862433335 860873.9
654.5319722235687 961829.6
654.665897266255 1088248.2
654.8000613713921 977716.9
654.9344645389801 1178993.1
655.069106769019 1184371.0
655.2039880615088 1188576.0
655.3391084164494 1134075.8
655.4744678338409 906358.8
655.6100663136834 883043.7
655.7459038559767 1134340.2
655.881980460721 1404482.6
656.0182961279161 1278013.2
656.1548508575621 1246350.8
656.291644649659 1118838.6
656.4286775042068 1026764.94
656.5659494212055 1200526.8
656.7034604006551 1189630.1
656.8412104425555 1263995.2
656.9791995469069 1470018.5
657.117427713709 1367436.8
657.2558949429622 1444361.8
657.3946012346663 1563987.4
657.5335465888211 1294020.1
657.672731005427 1077054.5
657.8121544844836 1118062.0
657.9518170259913 1107587.4
658.0917186299497 1240280.1
658.2318592963591 1421330.8
658.3722390252193 1496490.1
658.5128578165305 1139023.9
658.6537156702925 1075273.8
658.7948125865055 1160047.6
658.9361485651692 1227793.5
659.077723606284 1353045.6
659.2195377098495 1219063.9
659.361590875866 1151411.5
659.5038831043335 1191222.9
659.6464143952517 1115473.2
659.7891847486209 1320816.9
659.9321941644408 1318235.8
660.0754426427119 1410133.9
660.2189301834336 1070311.8
660.3626567866064 1411403.2
660.50662245223 1172023.4
660.6508271803045 1011990.75
660.7952709708298 930480.0
660.9399538238061 976986.94
661.0848757392333 896474.06
661.2300367171114 909181.75
661.3754367574403 1066084.8
661.5210758602201 1164040.1
661.6669540254509 812044.5
661.8130712531324 749717.1
661.9594275432651 897464.7
662.1060228958484 1040236.5
662.2528573108827 948395.7
662.3999307883678 983894.06
662.5472433283039 1198689.5
662.6947949306908 1208503.0
662.8425855955288 1337239.2
662.9906153228175 1141817.9
663.1388841125572 909258.06
663.2873919647476 1113698.4
663.436138879389 1021951.1
663.5851248564813 1108811.6
663.7343498960245 1052401.5
663.8838139980186 1190640.9
664.0335171624636 1298679.4
664.1834593893594 1530131.2
664.3336406787062 1344678.9
664.4840610305039 922364.06
664.6347204447524 1144376.8
664.7856189214518 1373233.2
664.936756460602 1395764.8
665.0881330622034 1411418.9
665.2397487262554 1255150.8
665.3916034527584 1110975.0
665.5436972417123 1207238.9
665.6960300931171 1184618.9
665.8486020069727 1427881.1
666.0014129832791 1162113.4
666.1544630220367 1061063.9
666.3077521232449 1047011.2
666.4612802869042 1359814.9
666.6150475130142 1490110.0
666.7690538015753 1370669.5
666.9232991525871 1045236.5
667.07778356605 1155805.8
667.2325070419636 1259009.0
667.3874695803282 1356806.5
667.5426711811436 1390384.5
667.69811184441 1679126.2
667.8537915701272 1362408.5
668.0097103582953 1418484.5
668.1658682089143 1485528.6
668.3222651219842 1580818.9
668.4789010975051 1484515.5
668.6357761354766 1494160.6
668.7928902358992 1535533.5
668.9502433987727 1457463.8
669.1078356240971 1095263.5
669.2656669118722 1233082.2
669.4237372620985 1307091.9
669.5820466747754 1074052.2
669.7405951499034 948704.9
669.8993826874821 1004334.4
670.0584092875117 1016708.5
670.2176749499924 1100071.0
670.3771796749238 1167307.5
670.5369234623063 983519.06
670.6969063121394 839566.1
670.8571282244236 854508.7
671.0175891991586 766229.06
671.1782892363447 1227493.9
671.3392283359814 1432433.1
671.5004064980691 1244720.2
671.6618237226077 1014977.6
671.8234800095972 1030406.6
671.9853753590376 1002140.4
672.1475097709289 1043418.7
672.309883245271 1016885.75
672.472495782064 1183601.1
672.635347381308 973974.3
672.7984380430028 974933.0
672.9617677671484 1247678.8
673.125336553745 1473849.8
673.2891444027925 907530.9
673.453191314291 922022.5
673.6174772882403 867427.25
673.7820023246404 865756.8
673.9467664234915 986656.2
674.1117695847934 908318.0
674.2770118085463 1072165.4
674.4424930947499 1243755.4
674.6082134434046 1390044.0
674.7741728545101 1555848.2
674.9403713280664 1589143.6
675.1068088640737 1353862.4
675.2734854625319 1329600.5
675.440401123441 1524945.2
675.6075558468009 1548035.6
675.7749496326118 1721176.8
675.9425824808735 1763717.6
676.1104543915861 1644551.4
676.2785653647496 1820776.0
676.4469154003641 1880023.8
676.6155044984293 1912245.1
676.7843326589456 1799341.8
676.9533998819127 1426584.5
677.1227061673306 1460278.6
677.2922515151995 1465429.4
677.4620359255191 1582222.5
677.6320593982898 1326482.0
677.8023219335114 1098375.8
677.9728235311838 1267714.0
678.1435641913071 1438387.6
678.3145439138814 1368530.8
678.4857626989063 1114045.4
678.6572205463824 1252587.2
678.8289174563092 1102781.4
679.000853428687 1099257.8
679.1730284635156 949773.4
679.3454425607953 1179379.9
679.5180957205256 1405762.8
679.690987942707 1414468.8
679.8641192273392 1452994.0
680.0374895744222 1427620.1
680.2110989839563 1371638.8
680.3849474559411 1423403.9
680.559034990377 1771896.4
680.7333615872635 1746996.8
680.9079272466012 1842833.5
681.0827319683896 1922039.0
681.257775752629 1495730.8
681.4330585993191 1101644.9
681.6085805084602 1024405.4
681.7843414800523 1199664.2
681.9603415140951 1037409.44
682.1365806105889 974656.56
682.3130587695335 1309192.1
682.4897759909292 1055177.0
682.6667322747755 1174690.4
682.8439276210729 969689.4
683.0213620298211 1159831.4
683.1990355010204 1521478.2
683.3769480346702 1462846.4
683.5550996307712 1501199.9
683.7334902893231 1386984.8
683.9121200103258 1272217.6
684.0909887937793 1186069.2
684.2700966396839 1171966.6
684.4494435480391 1285706.8
684.6290295188454 1071046.5
684.8088545521025 1343343.0
684.9889186478105 1549718.2
685.1692218059694 1208220.9
685.3497640265792 1434535.1
685.5305453096399 1437928.1
685.7115656551515 1523267.6
685.8928250631141 1500540.6
686.0743235335274 1508039.2
686.2560610663917 1316218.9
686.4380376617067 1514682.5
686.6202533194729 1406246.4
686.8027080396897 1378553.0
686.9854018223576 1533495.8
687.1683346674763 1631222.0
687.351506575046 1676087.6
687.5349175450664 1121484.2
687.7185675775377 1143714.9
687.9024566724601 1332781.2
688.0865848298331 1736043.6
688.2709520496572 1590600.0
688.4555583319321 1591182.0
688.640403676658 1743087.5
688.8254880838347 1530897.2
689.0108115534624 1580846.0
689.1963740855408 1362016.5
689.3821756800703 1584676.0
689.5682163370506 1459171.1
689.7544960564818 1515054.4
689.9410148383638 1183209.8
690.1277726826967 1484520.2
690.3147695894805 1519201.2
690.5020055587153 1697373.1
690.689480590401 1629698.9
690.8771946845374 1662937.6
691.0651478411248 1576378.5
691.253340060163 1408437.8
691.4417713416524 1222804.6
691.6304416855924 1468046.1
691.8193510919834 1792653.9
692.0084995608252 2035094.9
692.197887092118 1994159.5
692.3875136858616 1562213.9
692.5773793420561 1692625.1
692.7674840607016 1677911.5
692.9578278417978 2043066.2
693.1484106853451 2027492.8
693.339232591343 1595015.1
693.5302935597921 1544985.0
693.7215935906919 1620411.5
693.9131326840427 1811571.5
694.1049108398444 1683921.8
694.2969280580969 1496496.5
694.4891843388003 1592985.0
694.6816796819547 1598504.4
694.8744140875599 1533131.0
695.067387555616 1514773.1
695.260600086123 1737986.1
695.4540516790809 1856679.2
695.6477423344896 2001204.0
695.8416720523492 1772377.2
696.0358408326598 1537619.5
696.2302486754212 1709391.2
696.4248955806336 1926464.0
696.6197815482967 2081122.8
696.814906578411 2184331.2
697.0102706709758 2337548.8
697.2058738259918 2379239.8
697.4017160434586 2237459.2
697.5977973233763 2356353.2
697.7941176657448 2123747.2
697.9906770705643 2168356.5
698.1874755378346 2199887.2
698.3845130675558 2466081.2
698.581789659728 2790159.0
698.779305314351 2130847.8
698.9770600314249 2002263.5
699.1750538109496 2245773.8
699.3732866529253 2581139.5
699.5717585573519 2845759.0
699.7704695242294 2654372.0
699.9694195535577 2695431.5
700.168608645337 2514688.5
700.3680367995671 2533557.5
700.5677040162482 2679042.8
700.7676102953801 2782865.2
700.9677556369629 2531320.5
701.1681400409966 3050057.2
701.368763507481 3015275.5
701.5696260364166 2858207.8
701.7707276278029 2598295.2
701.9720682816403 2512889.0
702.1736479979284 2959420.0
702.3754667766674 2863329.8
702.5775246178573 2753954.8
702.7798215214982 2577842.8
702.9823574875899 2639851.5
703.1851325161325 2889879.8
703.3881466071259 2833090.2
703.5913997605704 2691395.2
703.7948919764656 2707761.5
703.9986232548118 2611023.5
704.2025935956088 2604632.2
704.4068029988567 2379502.5
704.6112514645556 2380992.8
704.8159389927052 2496102.8
705.020865583306 2310225.5
705.2260312363574 2545841.0
705.4314359518598 3000185.0
705.6370797298131 2750418.8
705.8429625702173 2573360.8
706.0490844730723 2815369.8
706.2554454383783 2887327.5
706.4620454661351 3078185.2
706.6688845563428 2818821.0
706.8759627090014 2802348.5
707.0832799241109 2753815.2
707.2908362016714 2927784.5
707.4986315416826 2905924.5
707.7066659441448 2999120.2
707.9149394090579 3495718.5
708.1234519364218 3634494.5
708.3322035262366 3817955.5
708.5411941785025 4038329.0
708.750423893219 3812388.5
708.9598926703866 3845266.0
709.169600510005 4001337.2
709.3795474120743 3965274.0
709.5897333765945 3654424.8
709.8001584035657 3858246.0
710.0108224929876 4198024.0
710.2217256448604 4290470.5
710.4328678591842 3987815.5
710.6442491359588 4277155.5
710.8558694751844 4760951.0
711.0677288768608 5506620.0
711.2798273409882 5823064.5
711.4921648675663 5901612.5
711.7047414565955 6654734.5
711.9175571080754 8123310.0
712.1306118220064 8928002.0
712.343905598388 9810504.0
712.5574384372208 10417974.0
712.7712103385043 11480119.0
712.9852213022388 10922476.0
713.199471328424 9669401.0
713.4139604170601 8351227.0
713.6286885681474 7687169.0
713.8436557816852 7767298.0
714.0588620576742 7868375.0
714.274307396114 8267874.5
714.4899917970047 8264708.0
714.7059152603462 8315615.0
714.9220777861387 8543884.0
715.138479374382 8820472.0
715.3551200250763 8569977.0
715.5719997382214 9012096.0
715.7891185138174 9593782.0
716.0064763518642 9981495.0
716.224073252362 9997307.0
716.4419092153107 10590518.0
716.6599842407103 10386954.0
716.8782983285607 10230854.0
717.096851478862 9681852.0
717.3156436916144 8961694.0
717.5346749668174 8498328.0
717.7539453044715 8196855.5
717.9734547045764 7726569.5
718.1932031671322 6900505.5
718.4131906921389 5863914.5
718.6334172795965 4932492.0
718.853882929505 4266690.0
719.0745876418644 3805091.5
719.2955314166745 3914970.0
719.5167142539357 3627483.8
719.7381361536477 3585302.8
719.9597971158106 3618190.5
720.1816971404245 3524516.5
720.4038362274891 3612888.8
720.6262143770048 3932411.5
720.8488315889713 3993942.8
721.0716878633887 4616229.0
721.2947832002569 5110085.0
721.518117599576 5791042.5
721.741691061346 6180063.0
721.965503585567 7810940.5
722.1895551722389 8808009.0
722.4138458213616 9287476.0
722.6383755329352 10220118.0
722.8631443069596 11238065.0
723.0881521434351 12423365.0
723.3133990423613 13082928.0
723.5388850037385 12797954.0
723.7646100275665 12494685.0
723.9905741138455 12287499.0
724.2167772625753 11250856.0
724.4432194737561 11302266.0
724.6699007473876 11269392.0
724.8968210834703 11466472.0
725.1239804820036 12056981.0
725.3513789429879 13254065.0
725.579016466423 13480842.0
725.8068930523091 13317031.0
726.0350087006461 14140059.0
726.2633634114338 14936384.0
726.4919571846726 15521232.0
726.7207900203623 16139558.0
726.9498619185028 17192348.0
727.1791728790942 18795824.0
727.4087229021366 21202190.0
727.6385119876297 26390188.0
727.8685401355738 35566004.0
728.0988073459687 45686276.0
728.3293136188147 60152150.0
728.5600589541114 77914260.0
728.7910433518591 94968670.0
729.0222668120575 108685660.0
729.2537293347069 117832430.0
729.4854309198073 117364850.0
729.7173715673584 108770560.0
729.9495512773606 92453770.0
730.1819700498136 66796256.0
730.4146278847174 43338604.0
730.6475247820722 28707948.0
730.8806607418778 21562108.0
731.1140357641343 18219446.0
731.3476498488419 16032541.0
731.5815029960002 13866002.0
731.8155952056094 10850191.0
732.0499264776695 8291274.5
732.2844968121806 6635785.0
732.5193062091423 4950684.5
732.754354668555 4628784.0
732.9896421904187 4622993.0
733.2251687747333 4442979.0
733.4609344214988 4362649.5
733.6969391307151 4372009.5
733.9331829023823 4284913.5
734.1696657365004 4262903.0
734.4063876330695 5073290.0
734.6433485920893 6297185.5
734.8805486135602 6885700.5
735.1179876974818 7262229.0
735.3556658438545 7439620.5
735.5935830526778 6954205.5
735.8317393239522 7021798.0
736.0701346576775 7485385.5
736.3087690538534 7015660.5
736.5476425124806 6674025.0
736.7867550335584 6205904.0
737.0261066170873 5955390.0
737.265697263067 6526756.0
737.5055269714976 7109379.0
737.745595742379 8122360.0
737.9859035757114 9705609.0
738.2264504714947 12800654.0
738.4672364297288 17131612.0
738.7082614504138 23192900.0
738.9495255335498 32217528.0
739.1910286791365 43199364.0
739.4327708871742 54570010.0
739.6747521576629 68493260.0
739.9169724906022 83465860.0
740.1594318859927 94909420.0
740.4021303438338 99630540.0
740.6450678641261 97841820.0
740.8882444468691 88313930.0
741.131660092063 71035510.0
741.3753147997079 50792180.0
741.6192085698036 33900244.0
741.8633414023502 23373142.0
742.1077132973477 17975472.0
742.352324254796 14256030.0
742.5971742746954 10740082.0
742.8422633570456 8719973.0
743.0875915018465 6996319.0
743.3331587090985 5242319.0
743.5789649788013 3942425.5
743.8250103109551 2918541.2
744.0712947055597 2783725.2
744.3178181626151 2733576.5
744.5645806821216 2581511.0
744.8115822640789 2307867.2
745.058822908487 2236683.8
745.3063026153461 2125313.0
745.554021384656 2323557.8
745.801979216417 2518588.5
746.0501761106286 2649895.0
746.2986120672912 3119262.2
746.5472870864048 3605099.0
746.7962011679691 3722723.5
747.0453543119845 3770958.0
747.2947465184507 4012266.0
747.5443777873677 3947307.8
747.7942481187357 3156181.5
748.0443575125546 2741270.2
748.2947059688242 2634021.0
748.545293487545 2786176.0
748.7961200687164 2341224.5
749.0471857123389 2123386.5
749.2984904184123 2039425.5
749.5500341869365 2154187.0
749.8018170179115 1937648.2
750.0538389113375 1948502.8
750.3060998672144 1806245.0
750.558599885542 1948367.8
750.8113389663208 1775817.0
751.0643171095503 1928502.6
751.3175343152308 1652951.5
751.570990583362 1278619.5
751.8246859139442 1709483.2
752.0786203069773 1833447.6
752.3327937624614 2001763.8
752.5872062803962 2411512.0
752.841857860782 2327887.5
753.0967485036186 2048314.2
753.3518782089062 1865677.6
753.6072469766447 1936549.4
753.8628548068339 1969081.8
754.1187016994742 2345718.0
754.3747876545652 2552668.8
754.6311126721073 2670252.8
754.8876767521001 2270659.5
755.144479894544 2479417.8
755.4015220994386 2462733.5
755.6588033667842 2796720.2
755.9163236965807 3119753.8
756.1740830888281 2644797.8
756.4320815435262 2344683.0
756.6903190606754 2004666.9
756.9487956402754 2362579.0
757.2075112823263 2830947.2
757.4664659868281 2763160.5
757.7256597537807 2694176.2
757.9850925831844 2586716.2
758.2447644750388 2777777.5
758.5046754293442 3317260.2
758.7648254461004 3540414.5
759.0252145253075 3385804.0
759.2858426669656 3652532.5
759.5467098710745 3868221.5
759.8078161376343 4445426.5
760.069161466645 4725354.0
760.3307458581066 4942219.0
760.5925693120191 4867779.5
760.8546318283825 4698104.5
761.1169334071967 4416471.5
761.3794740484618 4554427.0
761.6422537521778 4435078.0
761.9052725183449 3854165.2
762.1685303469626 4124313.5
762.4320272380314 3967939.8
762.6957631915509 3700920.5
762.9597382075215 3306103.8
763.2239522859428 3294449.0
763.4884054268151 3496934.8
763.7530976301382 3575906.5
764.0180288959123 3829239.0
764.2831992241372 3875542.0
764.5486086148131 3374011.5
764.8142570679397 3595407.8
765.0801445835173 3252590.0
765.3462711615459 4231257.0
765.6126368020252 5004420.5
765.8792415049556 5119919.0
766.1460852703367 5473572.5
766.4131680981689 6071300.5
766.6804899884517 6145027.5
766.9480509411856 5627365.5
767.2158509563703 5882133.0
767.483890034006 6136980.5
767.7521681740925 5463271.0
768.0206853766299 4529765.5
768.2894416416182 4582245.5
768.5584369690574 4247289.0
768.8276713589474 3870652.8
769.0971448112883 4004957.0
769.3668573260802 4228223.0
769.636808903323 4754320.5
769.9069995430166 5425751.0
770.1774292451611 6198747.0
770.4480980097566 5827225.0
770.7190058368028 5879780.0
770.9901527263 6309391.0
771.2615386782481 7411137.5
771.5331636926471 7662051.0
771.805027769497 7551212.5
772.0771309087978 8260154.0
772.3494731105494 9565489.0
772.622054374752 11405204.0
772.8948747014053 12991334.0
773.1679340905096 15561351.0
773.4412325420649 17840412.0
773.714770056071 19053572.0
773.9885466325279 20096112.0
774.2625622714359 20180284.0
774.5368169727947 19738434.0
774.8113107366042 18028062.0
775.0860435628648 15501595.0
775.3610154515762 13079351.0
775.6362264027387 10334194.0
775.9116764163518 7944846.0
776.1873654924159 6653905.0
776.4632936309309 5749281.0
776.7394608318967 5765228.0
777.0158670953135 5900480.5
777.2925124211812 5759553.0
777.5693968094998 6091959.0
777.8465202602692 5934314.5
778.1238827734896 6155677.5
778.4014843491608 6397796.0
778.6793249872829 7114660.0
778.957404687856 8475565.0
779.23572345088 10053316.0
779.5142812763546 11013915.0
779.7930781642804 11115366.0
780.0721141146569 12579189.0
780.3513891274845 15235550.0
780.6309032027627 16605722.0
780.9106563404919 17116596.0
781.1906485406721 17558460.0
781.4708798033031 17622328.0
781.7513501283851 16866116.0
782.0320595159178 14968998.0
782.3130079659015 13549649.0
782.5941954783361 13960890.0
782.8756220532216 14636948.0
783.157287690558 15441540.0
783.4391923903453 15508132.0
783.7213361525834 14495762.0
784.0037189772725 13198636.0
784.2863408644123 11413120.0
784.5692018140032 10510276.0
784.8523018260448 11293851.0
785.1356409005374 12737382.0
785.419219037481 13169705.0
785.7030362368753 13395734.0
785.9870924987206 14426446.0
786.2713878230167 14139636.0
786.5559222097638 13767916.0
786.8406956589616 13445228.0
787.1257081706106 13006314.0
787.4109597447102 13181091.0
787.6964503812609 12947328.0
787.9821800802623 12376032.0
788.2681488417147 11943935.0
788.554356665618 12550389.0
788.8408035519722 13820942.0
789.1274895007773 14073752.0
789.4144145120331 14925720.0
789.70157858574 15930946.0
789.9889817218977 16185805.0
790.2766239205064 16363081.0
790.5645051815659 16726494.0
790.8526255050763 18032258.0
791.1409848910375 19350860.0
791.4295833394498 20784044.0
791.7184208503128 22862410.0
792.0074974236268 23878920.0
792.2968130593916 25382642.0
792.5863677576074 27682740.0
792.876161518274 29944550.0
793.1661943413915 30664098.0
793.45646622696 32110518.0
793.7469771749792 32171502.0
794.0377271854495 32384192.0
794.3287162583705 32456972.0
794.6199443937426 31276856.0
794.9114115915653 31681238.0
795.2031178518391 32517344.0
795.4950631745637 33458196.0
795.7872475597393 34620710.0
796.0796710073657 35230492.0
796.372333517443 34966720.0
796.6652350899712 36679524.0
796.9583757249504 38011390.0
797.2517554223803 38289530.0
797.5453741822612 39115716.0
797.839232004593 43196756.0
798.1333288893755 48306120.0
798.4276648366092 52293304.0
798.7222398462935 53779996.0
799.0170539184289 57732264.0
799.3121070530151 60121604.0
799.6073992500523 62427404.0
799.9029305095402 63618520.0
800.1987008314792 61802710.0
800.4947102158688 61173244.0
800.7909586627096 62595870.0
801.0874461720011 65001196.0
801.3841727437435 65783870.0
801.6811383779369 64596144.0
801.9783430745811 64049116.0
802.2757868336762 63389124.0
802.5734696552222 61278984.0
802.8713915392192 58543020.0
803.1695524856669 56212840.0
803.4679524945657 53165896.0
803.7665915659152 51261116.0
804.0654696997157 51682930.0
804.364586895967 49735816.0
804.6639431546693 50033664.0
804.9635384758224 51265350.0
805.2633728594265 52513390.0
805.5634463054813 56486024.0
805.863758813987 57986190.0
806.1643103849437 57142536.0
806.4651010183513 58242390.0
806.7661307142098 60659290.0
807.0673994725191 60337784.0
807.3689072932794 61223364.0
807.6706541764905 62097076.0
807.9726401221526 62504070.0
808.2748651302655 65063224.0
808.5773292008294 70572770.0
808.880032333844 76749780.0
809.1829745293097 86007360.0
809.4861557872262 98558590.0
809.7895761075936 112713260.0
810.0932354904118 131375660.0
810.3971339356808 150710600.0
810.701271443401 171105140.0
811.0056480135719 187975060.0
811.3102636461938 204247280.0
811.6151183412665 214872450.0
811.9202120987901 222505630.0
812.2255449187645 224144320.0
812.5311168011899 217295000.0
812.8369277460662 198016600.0
813.1429777533934 174787700.0
813.4492668231715 155905380.0
813.7557949554005 140213460.0
814.0625621500802 127081300.0
814.3695684072109 117923530.0
814.6768137267925 107186230.0
814.984298108825 102613660.0
815.2920215533085 96290460.0
815.5999840602427 89678060.0
815.908185629628 82856300.0
816.216626261464 76107620.0
816.5253059557509 69158620.0
816.8342247124888 64359744.0
817.1433825316776 58980796.0
817.4527794133171 53438724.0
817.7624153574077 47781196.0
818.072290363949 43783704.0
818.3824044329415 39308676.0
818.6927575643846 36926540.0
819.0033497582787 37669076.0
819.3141810146236 40527164.0
819.6252513334194 42833056.0
819.9365607146663 46861664.0
820.2481091583638 52129690.0
820.5598966645124 58118516.0
820.8719232331118 63689916.0
821.1841888641621 69283976.0
821.4966935576633 77839930.0
821.8094373136155 90154370.0
822.1224201320184 104525170.0
822.4356420128723 122877050.0
822.749102956177 140059620.0
823.0628029619327 159332100.0
823.3767420301392 180318780.0
823.6909201607966 201599280.0
824.005337353905 228186060.0
824.3199936094642 249740560.0
824.6348889274743 262990340.0
824.9500233079352 271425730.0
825.2653967508472 270441760.0
825.5810092562099 261387700.0
825.8968608240236 242436900.0
826.2129514542881 205944000.0
826.5292811470036 163015860.0
826.8458499021699 120387280.0
827.1626577197871 84923050.0
827.4797045998553 61181360.0
827.7969905423743 46053140.0
828.1145155473441 37390424.0
828.4322796147649 30984040.0
828.7502827446367 25400562.0
829.0685249369592 20489238.0
829.3870061917327 16589249.0
829.705726508957 13592396.0
830.0246858886322 11051296.0
830.3438843307583 10262079.0
830.6633218353354 9618283.0
830.9829984023633 8870431.0
831.3029140318422 8663920.0
831.6230687237718 8834124.0
831.9434624781525 9093645.0
832.2640952949838 8074450.5
832.5849671742662 7461446.0
832.9060781159994 7647342.0
833.2274281201835 8154693.0
833.5490171868187 8128784.5
833.8708453159045 8227652.0
834.1929125074414 8747529.0
834.515218761429 9391836.0
834.8377640778676 8745658.0
835.160548456757 9387678.0
835.4835718980975 10020552.0
835.8068344018886 10205542.0
836.1303359681309 9893496.0
836.4540765968239 10360871.0
836.778056287968 11883099.0
837.1022750415626 13042636.0
837.4267328576084 14170701.0
837.7514297361049 15208421.0
838.0763656770524 16082132.0
838.4015406804508 16437720.0
838.7269547463001 16832578.0
839.0526078746003 16750370.0
839.3785000653513 17446230.0
839.7046313185533 18267684.0
840.0310016342061 18449186.0
840.3576110123099 18086362.0
840.6844594528644 17600498.0
841.01154695587 17369742.0
841.3388735213264 17663636.0
841.6664391492336 18690142.0
841.9942438395917 18739462.0
842.3222875924008 19101204.0
842.6505704076608 19577816.0
842.9790922853716 18965954.0
843.3078532255333 18875698.0
843.636853228146 18953770.0
843.9660922932096 18359962.0
844.2955704207238 18660964.0
844.6252876106893 18363106.0
844.9552438631054 17492986.0
845.2854391779725 16133920.0
845.6158735552905 16473638.0
845.9465469950594 17670908.0
846.2774594972791 19037528.0
846.6086110619498 20531832.0
846.9400016890712 21223760.0
847.2716313786436 23257032.0
847.603500130667 26897780.0
847.9356079451411 30502760.0
848.2679548220663 33999436.0
848.6005407614422 36444304.0
848.9333657632692 38336930.0
849.2664298275467 42269524.0
849.5997329542755 45861176.0
849.933275143455 46951644.0
850.2670563950855 47037656.0
850.6010767091668 49854184.0
850.935336085699 50386080.0
851.2698345246821 49523850.0
851.6045720261161 49237900.0
851.939548590001 48562930.0
852.2747642163367 46095020.0
852.6102189051235 44530164.0
852.9459126563609 41873676.0
853.2818454700493 38326270.0
853.6180173461887 34290330.0
853.9544282847789 30155582.0
854.29107828582 26797422.0
854.627967349312 24500302.0
854.9650954752549 23458432.0
855.3024626636488 23211082.0
855.6400689144934 23857124.0
855.9779142277889 25275220.0
856.3159986035355 27429040.0
856.6543220417327 28944308.0
856.992884542381 30727862.0
857.33168610548 33401176.0
857.6707267310301 35168370.0
858.010006419031 35912344.0
858.3495251694828 36766584.0
858.6892829823855 40230330.0
859.0292798577391 44094844.0
859.3695157955435 47181704.0
859.709990795799 50837116.0
860.0507048585051 54554656.0
860.3916579836623 58182516.0
860.7328501712702 59740876.0
861.0742814213293 62044804.0
861.415951733839 64501584.0
861.7578611087997 66620336.0
862.1000095462114 67695090.0
862.4423970460737 68400030.0
862.7850236083872 68596550.0
863.1278892331513 67519730.0
863.4709939203666 63384470.0
863.8143376700325 55041356.0
864.1579204821496 46733576.0
864.5017423567174 40476890.0
864.845803293736 36020204.0
865.1901032932057 30805090.0
865.5346423551262 26735210.0
865.8794204794975 24022776.0
866.2244376663198 21972828.0
866.569693915593 21656836.0
866.9151892273169 21661808.0
867.2609236014919 23123632.0
867.6068970381177 27432264.0
867.9531095371945 29838240.0
868.299561098722 30648140.0
868.6462517227006 32560420.0
868.9931814091299 35838956.0
869.3403501580103 40129788.0
869.6877579693414 44061110.0
870.0354048431236 48049116.0
870.3832907793565 52950820.0
870.7314157780402 59284556.0
871.079779839175 62139140.0
871.4283829627606 63777356.0
871.7772251487971 64009016.0
872.1263063972845 66955684.0
872.4756267082229 70407800.0
872.825186081612 71760344.0
873.1749845174521 70284290.0
873.525022015743 68508150.0
873.875298576485 63069364.0
874.2258141996776 55671860.0
874.5765688853213 47019230.0
874.9275626334158 41309544.0
875.2787954439613 37655844.0
875.6302673169575 36372090.0
875.9819782524048 36707024.0
876.3339282503027 36453332.0
876.6861173106518 38087840.0
877.0385454334516 38422670.0
877.3912126187024 35026490.0
877.744118866404 33471164.0
878.0972641765566 32461322.0
878.45064854916 29889640.0
878.8042719842143 28165948.0
879.1581344817196 25990200.0
879.5122360416756 22969416.0
879.8665766640827 17890830.0
880.2211563489404 15245934.0
880.5759750962493 14381672.0
880.9310329060089 13781265.0
881.2863297782194 14467625.0
881.6418657128809 14945915.0
881.9976407099932 14457068.0
882.3536547695564 15229066.0
882.7099078915705 16395724.0
883.0664000760355 17069124.0
883.4231313229513 16893462.0
883.7801016323183 16872162.0
884.1373110041359 18016298.0
884.4947594384045 17196762.0
884.8524469351239 16799528.0
885.2103734942943 16260676.0
885.5685391159154 15166590.0
885.9269437999875 14177874.0
886.2855875465107 14103694.0
886.6444703554844 14403974.0
887.0035922269093 13944321.0
887.3629531607849 13714521.0
887.7225531571116 13783081.0
888.082392215889 14427399.0
888.4424703371174 15246774.0
888.8027875207965 15541446.0
889.1633437669268 16714618.0
889.5241390755077 17922994.0
889.8851734465397 19447244.0
890.2464468800224 21020230.0
890.6079593759562 21804904.0
890.9697109343408 22971888.0
891.3317015551763 25338020.0
891.6939312384626 28897598.0
892.0563999841997 32867668.0
892.419107792388 35635324.0
892.7820546630269 36966508.0
893.145240596117 40789370.0
893.5086655916577 46107404.0
893.8723296496495 48884650.0
894.2362327700921 49289396.0
894.6003749529856 50246636.0
894.96475619833 50977176.0
895.3293765061252 53431236.0
895.6942358763713 58593784.0
896.0593343090684 63781776.0
896.4246718042164 66849364.0
896.7902483618151 71649230.0
897.1560639818649 71481950.0
897.5221186643654 67080764.0
897.888412409317 63790584.0
898.2549452167193 57523820.0
898.6217170865726 46363360.0
898.9887280188768 36014690.0
899.3559780136319 26326018.0
899.7234670708378 18660868.0
900.0911951904947 15351258.0
900.4591623726023 13852592.0
900.827368617161 12816908.0
901.1958139241705 11532971.0
901.5644982936308 11042692.0
901.9334217255422 10472281.0
902.3025842199042 10225186.0
902.6719857767174 10449112.0
903.0416263959813 9603537.0
903.4115060776962 9452261.0
903.7816248218619 10049219.0
904.1519826284787 10275789.0
904.5225794975461 9914456.0
904.8934154290646 9474787.0
905.2644904230337 9755192.0
905.635804479454 10000864.0
906.0073575983251 9903402.0
906.3791497796472 10277021.0
906.7511810234199 10019654.0
907.1234513296438 9253800.0
907.4959606983184 9713958.0
907.8687091294438 9357827.0
908.2416966230203 8497023.0
908.6149231790475 8000712.5
908.9883887975259 7851490.5
909.3620934784549 7511902.5
909.736037221835 7775642.5
910.1102200276657 8099437.0
910.4846418959476 8367550.0
910.8593028266802 7913986.0
911.2342028198638 6977750.0
911.6093418754981 7351644.5
911.9847199935836 7292804.0
912.3603371741196 7354469.5
912.7361934171067 7172065.5
913.1122887225448 7712954.5
913.4886230904336 8153699.5
913.8651965207735 9424669.0
914.242009013564 9964740.0
914.6190605688057 10962389.0
914.996351186498 11068821.0
915.3738808666415 10411551.0
915.7516496092356 10432771.0
916.1296574142808 12176201.0
916.5079042817767 12804349.0
916.8863902117237 12850501.0
917.2651152041215 12854625.0
917.6440792589702 13361908.0
918.0232823762697 13241342.0
918.4027245560201 13699485.0
918.7824057982216 12538649.0
919.1623261028737 10700164.0
919.542485469977 10698905.0
919.9228838995309 10786598.0
920.3035213915359 10750382.0
920.6843979459916 11649595.0
921.0655135628983 12796388.0
921.446868242256 12978132.0
921.8284619840645 13454234.0
922.2102947883237 13079844.0
922.5923666550341 12076544.0
922.9746775841952 12482365.0
923.3572275758072 14367548.0
923.7400166298701 15441975.0
924.1230447463838 15618452.0
924.5063119253487 15342661.0
924.8898181667641 16149031.0
925.2735634706307 16415269.0
925.657547836948 16317759.0
926.0417712657163 16491789.0
926.4262337569354 16050434.0
926.8109353106056 16099201.0
927.1958759267263 15425850.0
927.5810556052983 14051035.0
927.966474346321 13843535.0
928.3521321497947 13797828.0
928.7380290157191 13769111.0
929.1241649440944 14063952.0
929.5105399349206 14097664.0
929.8971539881978 14139248.0
930.2840071039259 12973550.0
930.6710992821048 11415185.0
931.0584305227347 10610201.0
931.4460008258154 9622578.0
931.8338101913471 8556822.0
932.2218586193296 8260678.0
932.610146109763 7428779.0
932.9986726626472 6517037.5
933.3874382779825 5092098.5
933.7764429557685 3824719.0
934.1656866960054 3025426.5
934.5551694986933 2746540.0
934.9448913638321 2603958.0
935.3348522914216 2799749.8
935.7250522814621 2604879.8
936.1154913339535 2827086.2
936.5061694488959 3563845.0
936.8970866262891 3339567.0
937.288242866133 3281430.5
937.6796381684281 3176428.5
938.0712725331739 3034095.0
938.4631459603708 3476526.5
938.8552584500184 3661999.5
939.247610002117 3989043.5
939.6402006166663 4251465.5
940.0330302936667 4286001.0
940.4260990331178 3866514.8
940.8194068350199 4575486.0
941.212953699373 4578451.5
941.6067396261767 4599584.5
942.0007646154315 4591933.0
942.3950286671371 4551781.0
942.7895317812938 4024705.0
943.184273957901 4100609.8
943.5792551969595 4209785.5
943.9744754984687 3676656.2
944.3699348624289 3439701.0
944.7656332888398 3556706.2
945.1615707777016 3665985.2
945.5577473290144 4009423.0
945.9541629427781 3750696.2
946.3508176189927 3368286.5
946.7477113576581 3356817.0
947.1448441587745 3215940.5
947.5422160223416 3499994.5
947.9398269483597 3918430.2
948.3376769368288 3875256.5
948.7357659877487 4011610.2
949.1340941011194 4203991.0
949.5326612769411 4428298.0
949.9314675152136 4881979.0
950.3305128159373 5078712.0
950.7297971791115 5353014.0
951.1293206047367 5266261.0
951.5290830928128 5448054.0
951.9290846433399 5699146.0
952.3293252563178 5139959.0
952.7298049317465 4574981.0
953.1305236696262 4541034.0
953.5314814699568 5013918.5
953.9326783327383 5351777.5
954.3341142579707 5351178.0
954.7357892456539 5259790.5
955.137703295788 5168808.5
955.5398564083731 5141938.0
955.942248583409 4808363.0
956.3448798208958 4450077.5
956.7477501208334 4111585.2
957.1508594832221 3820518.8
957.5542079080615 3620994.5
957.9577953953519 3262385.5
958.3616219450932 3547916.0
958.7656875572852 4066465.5
959.1699922319283 4037897.0
959.5745359690222 4606693.0
959.979318768567 4603992.0
960.3843406305627 4520994.5
960.7896015550094 4749592.0
961.1951015419069 4662694.0
961.6008405912553 4636944.0
962.0068187030545 4682794.5
962.4130358773048 4755587.5
962.8194921140057 5367331.0
963.2261874131577 6208300.0
963.6331217747605 6170851.0
964.0402951988142 5682815.5
964.4477076853188 5155639.0
964.8553592342744 5406204.5
965.2632498456808 5492462.5
965.671379519538 5831943.0
966.0797482558462 5989226.0
966.4883560546052 5483850.0
966.8972029158153 5542039.5
967.3062888394761 4770051.0
967.7156138255879 3940104.0
968.1251778741505 3343176.2
968.534980985164 3776732.5
968.9450231586284 3481970.5
969.3553043945437 3851857.2
969.7658246929099 3188163.8
970.1765840537269 3027398.0
970.5875824769948 2905326.2
970.9988199627137 3287813.5
971.4102965108834 3303692.2
971.822012121504 3000401.5
972.2339667945757 3016191.0
972.6461605300981 3545720.0
973.0585933280714 4002932.2
973.4712651884955 4174037.2
973.8841761113707 4170531.0
974.2973260966967 4174926.2
974.7107151444736 4803489.0
975.1243432547012 4909515.5
975.5382104273799 4738602.0
975.9523166625095 5140336.0
976.3666619600898 6250643.0
976.7812463201212 6488577.5
977.1960697426034 6519533.0
977.6111322275365 6775890.5
978.0264337749204 6905284.0
978.4419743847554 6280809.5
978.8577540570411 6305175.0
979.2737727917779 6617978.0
979.6900305889653 7046223.0
980.1065274486039 7185055.5
980.523263370693 7125739.5
980.9402383552333 6602874.5
981.3574524022245 6259890.5
981.7749055116664 5972473.0
982.1925976835594 6204444.0
982.6105289179031 6249967.5
983.0286992146978 6655389.5
983.4471085739433 7302270.5
983.8657569956398 8048058.0
984.2846444797872 9437721.0
984.7037710263854 9468418.0
985.1231366354345 9491716.0
985.5427413069345 10470140.0
985.9625850408854 11138310.0
986.3826678372873 11001104.0
986.8029896961399 11143928.0
987.2235506174435 10540979.0
987.6443506011979 9509124.0
988.0653896474032 9779317.0
988.4866677560595 9488335.0
988.9081849271665 9906821.0
989.3299411607247 9702256.0
989.7519364567336 9643136.0
990.1741708151934 9723806.0
990.5966442361041 8777274.0
991.0193567194657 7243612.5
991.4423082652781 7457120.0
991.8654988735416 7827010.0
992.2889285442558 7529623.0
992.712597277421 6940311.0
993.1365050730369 6909333.0
993.5606519311038 6294747.5
993.9850378516217 5953045.5
994.4096628345903 5923724.5
994.83452688001 6838116.0
995.2596299878804 7143996.0
995.6849721582018 8006940.5
996.110553390974 8105816.0
996.5363736861973 8664925.0
996.9624330438713 9010378.0
997.3887314639962 8239570.5
997.8152689465721 8080814.5
998.2420454915989 8766282.0
998.6690610990764 8624206.0
999.0963157690048 7539934.5
999.5238095013843 7918813.0
999.9515422962145 8371185.5
1000.3795141534958 7894355.0
1000.8077250732279 6926372.5
1001.2361750554107 6489357.5
1001.6648641000446 5339585.0
1002.0937922071294 5042541.5
1002.522959376665 5071979.5
1002.9523656086515 4906560.5
1003.3820109030889 5249789.5
1003.8118952599773 4360880.5
1004.2420186793163 4421492.0
1004.6723811611065 5289401.0
1005.1029827053474 5552179.0
1005.5338233120393 5892559.5
1005.9649029811819 7069013.0
1006.3962217127755 8768002.0
1006.8277795068202 10241338.0
1007.2595763633155 10792562.0
1007.6916122822619 11610289.0
1008.1238872636591 13093496.0
1008.5564013075071 13832134.0
1008.9891544138061 14709579.0
1009.422146582556 16529355.0
1009.8553778137567 17159596.0
1010.2888481074084 17713772.0
1010.7225574635108 18596632.0
1011.1565058820644 18083638.0
1011.5906933630686 18943052.0
1012.0251199065237 18967550.0
1012.45978551243 17004218.0
1012.8946901807869 14501194.0
1013.3298339115948 13016941.0
1013.7652167048535 10289749.0
1014.2008385605632 7230437.5
1014.6366994787238 5953463.0
1015.0727994593352 5722302.5
1015.5091385023975 5444519.0
1015.9457166079108 5499614.5
1016.3825337758749 5141549.0
1016.8195900062899 5290967.0
1017.2568852991558 6628492.0
1017.6944196544725 7837367.0
1018.1321930722402 8721807.0
1018.5702055524587 9233589.0
1019.0084570951283 9586415.0
1019.4469477002485 9998993.0
1019.8856773678198 9911483.0
1020.3246460978419 11572528.0
1020.763853890315 13091395.0
1021.2033007452387 12895761.0
1021.6429866626136 13208080.0
1022.0829116424393 14696954.0
1022.5230756847159 16361350.0
1022.9634787894433 16696342.0
1023.4041209566217 16288449.0
1023.8450021862509 14000251.0
1024.286122478331 12030679.0
1024.727481832862 9383453.0
1025.1690802498438 6882884.0
1025.6109177292767 4137955.2
1026.0529942711605 3712651.0
1026.495309875495 3554130.2
1026.9378645422805 3002335.5
1027.380658271517 2423888.0
1027.823691063204 2129152.0
1028.2669629173424 2114113.0
1028.7104738339312 2003435.0
1029.1542238129714 1742376.8
1029.598212854462 1732390.1
1030.0424409584039 1144980.5
1030.4869081247964 1065333.1
1030.9316143536398 1075213.5
1031.376559644934 1256936.5
1031.8217439986793 1098542.6
1032.2671674148755 1140781.4
1032.7128298935227 915852.4
1033.1587314346207 1177578.6
1033.6048720381693 1078812.8
1034.051251704169 1097889.9
1034.4978704326197 1208500.8
1034.9447282235212 876320.4
1035.3918250768736 1041082.1
1035.8391609926769 1031970.56
1036.286735970931 1420083.8
1036.734550011636 1296720.1
1037.182603114792 1323550.6
1037.6308952803988 1303487.1
1038.0794265084567 1303488.0
1038.5281967989652 1329679.2
1038.9772061519247 1109603.6
1039.426454567335 1254807.0
1039.8759420451966 1315089.0
1040.3256685855085 1408852.5
1040.7756341882716 1391132.0
1041.2258388534856 1318633.1
1041.6762825811506 1490002.5
1042.1269653712661 1342512.0
1042.577887223833 1256595.0
1043.0290481388504 1385663.8
1043.4804481163187 1668984.4
1043.9320871562381 1647601.4
1044.3839652586082 1716292.2
1044.8360824234294 1610934.8
1045.2884386507012 1253265.1
1045.7410339404241 1224540.1
1046.193868292598 1441807.8
1046.6469417072226 1223061.0
1047.1002541842981 1366312.5
1047.5538057238246 1436260.0
1048.0075963258018 1744762.6
1048.46162599023 1488883.2
1048.915894717109 1642577.0
1049.3704025064392 1432433.0
1049.82514935822 1318796.8
1050.2801352724516 1432231.1
1050.7353602491344 1683659.8
1051.1908242882678 1654921.4
1051.6465273898525 1460831.9
1052.1024695538877 1638196.4
1052.558650780374 1443561.2
1053.015071069311 1439199.8
1053.471730420699 1634029.4
1053.928628834538 1692832.0
1054.3857663108276 1596790.2
1054.8431428495683 1672196.1
1055.30075845076 1673309.8
1055.7586131144024 1857496.0
1056.2167068404956 1857092.4
1056.67503962904 1762127.2
1057.133611480035 1549289.5
1057.592422393481 1698283.5
1058.0514723693777 1896674.2
1058.5107614077258 2062835.0
1058.9702895085243 1651366.5
1059.4300566717739 1689541.4
1059.8900628974743 1740974.5
1060.3503081856259 1761449.5
1060.8107925362278 1773343.1
1061.2715159492811 547797.3
1061.732478424785 -1037591.0
1062.1936799627401 -2430209.0
1062.6551205631458 -4291775.5
1063.1168002260026 -5994477.0
1063.57871895131 -7602002.5
1064.0408767390686 -9343300.0
1064.503273589278 -10869269.0
1064.965909501938 -12382415.0
1065.4287844770492 -14447275.0
1065.8918985146113 -16585970.0
1066.3552516146242 -18367552.0
1066.818843777088 -20203926.0
1067.2826750020029 -22073302.0
1067.7467452893684 -24085592.0
1068.211054639185 -26163540.0
1068.6756030514523 -28389078.0
1069.1403905261704 -30100404.0
1069.6054170633397 0.0
1070.0706826629596 0.0
1070.5361873250306 0.0
1071.0019310495525 0.0
1071.4679138365252 0.0
1071.9341356859486 0.0
