string
description: px_shifted, calibration parameter: [ 1.19531225e-04 -2.30194563e-02  6.18194146e+02]
converted file:R_100ms_Fe_S3_x_1_44_binned_y back: data/dark_100msRZP-structure:___RZP_S3100msRoi:[0, 1040, 2048, 2048]
eV counts/s
618.1712462133476 1911659.2
618.1485853507007 1793318.9
618.1261635505048 1815026.0
618.1039808127597 1778374.5
618.0820371374655 2304507.0
618.0603325246223 2661064.8
618.0388669742298 2501225.2
618.0176404862883 2162610.2
617.9966530607976 2026888.5
617.9759046977579 2626280.0
617.955395397169 2435869.2
617.9351251590311 1709129.8
617.9150939833439 1856922.0
617.8953018701078 1991150.2
617.8757488193226 1749542.0
617.8564348309881 1811434.4
617.8373599051046 2387828.0
617.8185240416719 2321162.2
617.7999272406903 2373136.0
617.7815695021593 2532800.2
617.7634508260794 2730967.0
617.7455712124504 3008180.2
617.7279306612722 2859854.0
617.7105291725449 2700062.2
617.6933667462686 1887418.2
617.676443382443 1978387.8
617.6597590810685 1887994.4
617.6433138421447 1662323.8
617.6271076656718 1768265.0
617.6111405516499 1961716.0
617.5954125000789 1738767.8
617.5799235109587 1725878.6
617.5646735842894 2298029.8
617.5496627200711 2355691.5
617.5348909183035 2431408.8
617.520358178987 2018164.0
617.5060645021213 1922514.5
617.4920098877064 2105929.5
617.4781943357425 2173327.5
617.4646178462295 2736294.5
617.4512804191673 3250954.5
617.4381820545561 3271232.0
617.4253227523957 3377197.2
617.4127025126862 2928717.8
617.4003213354276 2459305.5
617.3881792206199 2804709.8
617.3762761682632 2919537.0
617.3646121783572 2533887.0
617.3531872509022 2156858.5
617.342001385898 1908147.6
617.3310545833449 2019623.8
617.3203468432424 1880215.0
617.309878165591 1967761.0
617.2996485503904 2070268.2
617.2896579976408 1990886.2
617.2799065073419 1752397.6
617.270394079494 1779544.2
617.261120714097 2069372.2
617.2520864111508 1918293.9
617.2432911706557 1921595.8
617.2347349926113 2228221.0
617.2264178770179 2559246.5
617.2183398238752 2957923.0
617.2105008331837 3343152.5
617.2029009049428 3879444.5
617.195540039153 3647816.5
617.188418235814 3024494.0
617.1815354949258 2607557.8
617.1748918164886 1955148.6
617.1684872005023 2207620.5
617.1623216469668 2395383.0
617.1563951558823 2774999.8
617.1507077272486 3090827.0
617.1452593610658 2858270.5
617.140050057334 3388057.5
617.1350798160529 3667450.5
617.1303486372229 4148641.0
617.1258565208436 3970846.2
617.1216034669154 3952773.8
617.1175894754379 3807892.5
617.1138145464114 3641602.8
617.1102786798357 3971567.0
617.106981875711 3810507.0
617.1039241340371 3668254.8
617.1011054548142 3524571.2
617.0985258380421 3752317.8
617.0961852837207 3624187.5
617.0940837918505 3675956.5
617.092221362431 3801634.5
617.0905979954625 3508760.0
617.0892136909449 3950762.5
617.0880684488782 3941601.0
617.0871622692623 3892001.2
617.0864951520974 4216824.5
617.0860670973833 4918360.5
617.0858781051202 5568058.0
617.0859281753078 6355655.5
617.0862173079464 6972214.0
617.0867455030359 7787586.0
617.0875127605763 7068058.0
617.0885190805675 4853485.5
617.0897644630096 3054014.0
617.0912489079027 1952756.9
617.0929724152465 1437709.2
617.0949349850415 1432024.4
617.0971366172871 1252285.8
617.0995773119838 1583418.9
617.1022570691313 2039206.9
617.1051758887297 2043589.8
617.1083337707789 1930461.2
617.1117307152791 1434222.8
617.1153667222302 1481427.2
617.1192417916321 1872478.0
617.123355923485 1906586.8
617.1277091177888 2282906.5
617.1323013745433 1775465.2
617.1371326937488 2295384.8
617.1422030754052 2911092.2
617.1475125195125 3139188.0
617.1530610260706 3846436.2
617.1588485950797 4441735.5
617.1648752265397 5456498.0
617.1711409204505 5452377.5
617.1776456768123 6564894.0
617.1843894956249 6965209.0
617.1913723768885 7032549.5
617.1985943206029 7352760.5
617.2060553267681 6654380.0
617.2137553953843 6654098.0
617.2216945264513 7282971.0
617.2298727199694 6825878.0
617.2382899759382 6440207.0
617.246946294358 4397116.0
617.2558416752286 2967883.8
617.2649761185502 2496622.2
617.2743496243226 1973748.5
617.2839621925459 1187181.8
617.29381382322 1116857.8
617.3039045163453 1223566.0
617.3142342719211 933182.0
617.3248030899481 816840.94
617.3356109704258 870660.3
617.3466579133545 1010857.0
617.357943918734 771802.9
617.3694689865644 975918.1
617.3812331168458 821252.5
617.3932363095779 890416.94
617.4054785647611 517182.8
617.417959882395 700474.25
617.43068026248 834641.3
617.4436397050157 661672.56
617.4568382100024 466666.75
617.47027577744 1019937.4
617.4839524073284 1141448.1
617.4978680996677 1479392.6
617.512022854458 1920875.1
617.526416671699 3587229.8
617.5410495513911 5348059.5
617.555921493534 6281440.5
617.5710324981277 6761935.5
617.5863825651725 6490717.5
617.601971694668 6368779.5
617.6177998866144 5334044.0
617.6338671410118 4123361.2
617.6501734578601 3325217.0
617.6667188371591 2996013.8
617.6835032789093 2678512.5
617.70052678311 2871953.5
617.7177893497619 3502446.0
617.7352909788646 3520687.2
617.7530316704182 4041484.8
617.7710114244226 4402974.0
617.7892302408779 4041028.0
617.8076881197842 4084293.5
617.8263850611413 4146167.8
617.8453210649494 4052353.0
617.8644961312083 4218946.0
617.8839102599181 5626864.0
617.9035634510788 6881787.0
617.9234557046905 9059822.0
617.9435870207528 11620450.0
617.9639573992663 13843974.0
617.9845668402305 14318599.0
618.0054153436457 13062554.0
618.0265029095117 11325211.0
618.0478295378288 8788388.0
618.0693952285965 6144679.0
618.0911999818152 4603591.0
618.1132437974848 3333898.8
618.1355266756052 2896747.5
618.1580486161766 2216109.5
618.180809619199 2062297.6
618.2038096846721 1561347.0
618.2270488125961 1622196.5
618.2505270029711 1616785.0
618.2742442557969 1814124.4
618.2982005710737 1567292.4
618.3223959488013 1475291.8
618.3468303889798 1298022.1
618.3715038916091 1174263.6
618.3964164566895 1188433.9
618.4215680842207 926844.25
618.4469587742026 942146.8
618.4725885266356 1286227.8
618.4984573415195 1347654.8
618.5245652188543 1152908.0
618.5509121586398 1223489.4
618.5774981608764 1487407.8
618.6043232255638 1276064.9
618.6313873527021 1059403.2
618.6586905422912 1354790.6
618.6862327943314 1916033.1
618.7140141088223 2021449.0
618.7420344857642 2129325.0
618.7702939251569 3551872.0
618.7987924270005 4489478.0
618.827529991295 5784282.0
618.8565066180404 7325140.0
618.8857223072368 8680965.0
618.915177058884 9750984.0
618.944870872982 10794038.0
618.974803749531 9325379.0
619.004975688531 7640877.0
619.0353866899817 5556563.0
619.0660367538834 3429521.5
619.0969258802359 2509540.5
619.1280540690393 2263946.5
619.1594213202936 2426493.5
619.1910276339989 1878063.5
619.2228730101549 1878138.8
619.2549574487618 2061573.2
619.2872809498198 1361922.5
619.3198435133286 1259490.4
619.3526451392883 1195730.5
619.3856858276988 1244588.2
619.4189655785602 1000662.5
619.4524843918725 784600.75
619.4862422676358 818389.75
619.5202392058499 1223620.8
619.5544752065149 1357300.2
619.5889502696308 1332609.0
619.6236643951976 840999.25
619.6586175832152 683848.75
619.6938098336839 1407784.8
619.7292411466033 1842198.5
619.7649115219735 2015672.5
619.8008209597948 2509380.0
619.8369694600669 3043384.5
619.8733570227901 4205256.0
619.9099836479638 5182425.5
619.9468493355887 4943530.0
619.9839540856643 5710039.5
620.0212978981909 6856323.0
620.0588807731684 8276965.0
620.0967027105968 7543785.0
620.134763710476 6074530.5
620.1730637728062 4308672.5
620.2116028975872 3271398.0
620.2503810848191 2182842.0
620.2893983345019 1529497.8
620.3286546466355 1304981.5
620.3681500212202 959670.94
620.4078844582556 1075790.5
620.447857957742 1100112.9
620.4880705196792 1173254.9
620.5285221440674 1364643.5
620.5692128309064 1180748.6
620.6101425801965 931347.44
620.6513113919372 743352.9
620.692719266129 887319.9
620.7343662027715 878607.0
620.7762522018651 936580.1
620.8183772634094 822509.75
620.8607413874046 626317.1
620.9033445738509 748108.0
620.9461868227478 923667.2
620.9892681340958 703814.3
621.0325885078946 1139625.0
621.0761479441444 1100627.2
621.1199464428449 1025657.0
621.1639840039965 1032744.9
621.2082606275989 1053528.4
621.2527763136521 1220120.2
621.2975310621563 982094.0
621.3425248731114 1135150.2
621.3877577465173 1194079.0
621.4332296823742 1016667.9
621.478940680682 1106633.2
621.5248907414405 1278535.1
621.5710798646501 1325635.6
621.6175080503104 1169599.8
621.6641752984218 1420766.4
621.7110816089839 959828.25
621.758226981997 768047.9
621.8056114174609 956419.75
621.8532349153759 967196.0
621.9010974757415 939663.75
621.9491990985582 1301989.8
621.9975397838257 1781586.9
622.0461195315442 1861919.5
622.0949383417135 1331613.6
622.1439962143336 1294420.1
622.1932931494047 1224396.1
622.2428291469266 1396968.6
622.2926042068996 1569357.2
622.3426183293233 1641987.2
622.392871514198 1813822.0
622.4433637615234 1703921.1
622.4940950713 1512383.1
622.5450654435272 1628319.9
622.5962748782055 1444965.0
622.6477233753345 1545400.6
622.6994109349146 1437515.0
622.7513375569454 1681455.2
622.8035032414273 1465932.0
622.8559079883598 1482001.9
622.9085517977434 1414961.1
622.9614346695778 1845637.2
623.0145566038631 2057102.4
623.0679176005993 1696822.2
623.1215176597865 1679563.6
623.1753567814245 2215204.5
623.2294349655133 2165243.2
623.2837522120532 1793753.1
623.3383085210438 1634254.5
623.3931038924854 1554744.8
623.4481383263778 1870773.8
623.5034118227212 2768378.5
623.5589243815153 3545019.5
623.6146760027606 4044802.8
623.6706666864566 4672271.0
623.7268964326033 5408859.0
623.7833652412012 6234997.5
623.8400731122499 6606045.5
623.8970200457495 5749129.5
623.9542060416999 4326281.0
624.0116311001013 3581006.5
624.0692952209534 3015440.0
624.1271984042567 2606628.2
624.1853406500106 2147784.5
624.2437219582156 1837173.0
624.3023423288714 1756912.4
624.3612017619781 1582897.5
624.4203002575357 1581741.4
624.4796378155443 1764748.0
624.5392144360035 1315165.5
624.5990301189137 1448644.2
624.659084864275 1326948.5
624.7193786720869 1479378.8
624.7799115423499 1237222.4
624.8406834750637 1095401.8
624.9016944702284 868191.25
624.962944527844 929793.0
625.0244336479105 897750.6
625.0861618304278 961645.9
625.1481290753961 1122130.4
625.2103353828153 1426833.9
625.2727807526853 1545542.6
625.3354651850062 1915351.4
625.398388679778 2120007.5
625.4615512370008 2020211.8
625.5249528566744 1959716.9
625.5885935387989 2154603.8
625.6524732833743 2043924.4
625.7165920904006 1988367.6
625.7809499598777 2387288.5
625.8455468918058 2926840.0
625.9103828861847 3166533.5
625.9754579430146 3661495.5
626.0407720622953 3915378.0
626.106325244027 3400212.0
626.1721174882094 2988425.0
626.2381487948429 2720572.0
626.3044191639272 2171759.0
626.3709285954623 1725037.0
626.4376770894484 1327177.8
626.5046646458853 1255595.4
626.5718912647732 1478817.6
626.6393569461119 1372595.1
626.7070616899016 1586992.2
626.7750054961421 1424773.9
626.8431883648335 1229728.0
626.9116102959758 1055451.0
626.980271289569 1073258.4
627.0491713456131 1006584.94
627.1183104641082 1177376.2
627.1876886450539 944234.5
627.2573058884507 1175388.5
627.3271621942984 1193585.4
627.3972575625968 1105041.1
627.4675919933463 1252040.0
627.5381654865465 1884145.2
627.6089780421978 1888099.9
627.6800296602999 2108798.5
627.7513203408529 2176073.0
627.8228500838567 2573173.5
627.8946188893116 3203728.0
627.9666267572171 3078432.0
628.0388736875738 3256071.2
628.1113596803812 2493698.8
628.1840847356395 2025113.0
628.2570488533487 1803863.5
628.3302520335087 1808050.0
628.4036942761198 1618250.8
628.4773755811816 2080667.2
628.5512959486945 2458209.5
628.6254553786581 2377082.2
628.6998538710727 2095894.8
628.7744914259381 2370596.0
628.8493680432545 2822014.8
628.9244837230217 2808851.2
628.9998384652398 2338123.5
629.0754322699088 1879587.5
629.1512651370288 2573351.0
629.2273370665995 3019535.0
629.3036480586212 3206204.5
629.3801981130938 3254391.2
629.4569872300171 3648030.5
629.5340154093916 3589237.2
629.6112826512167 3322507.5
629.6887889554929 2171809.0
629.7665343222199 1698293.2
629.8445187513979 2025573.1
629.9227422430266 1821895.0
630.0012047971064 1475547.2
630.0799064136369 1707209.0
630.1588470926184 1504852.6
630.2380268340507 1644979.4
630.317445637934 1539663.8
630.3971035042681 1671866.9
630.4770004330533 1870820.8
630.5571364242891 1755982.4
630.6375114779759 2059390.0
630.7181255941136 2340019.8
630.7989787727022 1719007.4
630.8800710137417 1714153.2
630.961402317232 1718764.9
631.0429726831734 1665697.6
631.1247821115654 1752179.4
631.2068306024086 1756416.0
631.2891181557025 1727226.0
631.3716447714473 1351732.4
631.454410449643 1127374.9
631.5374151902896 1257500.1
631.6206589933871 1392944.9
631.7041418589355 1418966.5
631.7878637869347 1219571.4
631.8718247773849 1347518.6
631.956024830286 1518596.5
632.0404639456378 2001358.6
632.1251421234408 2158339.8
632.2100593636944 1990448.1
632.2952156663991 2047210.8
632.3806110315546 2187728.2
632.4662454591611 2053926.5
632.5521189492183 2279091.2
632.6382315017265 2022405.5
632.7245831166855 1851056.0
632.8111737940956 1664273.2
632.8980035339563 1596163.0
632.985072336268 1982191.2
633.0723802010307 1796196.2
633.1599271282441 1582470.5
633.2477131179087 1950538.2
633.3357381700239 2290598.0
633.4240022845902 2128345.8
633.5125054616071 1909520.8
633.6012477010752 2304461.2
633.690229002994 2139504.8
633.7794493673638 2004348.2
633.8689087941844 2400133.2
633.958607283456 2626318.8
634.0485448351784 2499962.2
634.1387214493517 1878229.9
634.2291371259759 1361780.6
634.3197918650509 1590615.5
634.4106856665769 1851614.8
634.5018185305538 1664977.8
634.5931904569816 1709864.5
634.6848014458602 1488200.0
634.7766514971898 1445924.2
634.8687406109701 1371751.0
634.9610687872016 981580.3
635.0536360258837 977922.1
635.1464423270169 1050101.5
635.2394876906009 1240713.4
635.3327721166357 1010261.0
635.4262956051215 864965.1
635.5200581560582 660730.3
635.6140597694457 904528.9
635.7083004452841 1325555.6
635.8027801835735 1388315.2
635.8974989843136 1143389.1
635.9924568475049 981342.5
636.0876537731468 1038538.25
636.1830897612398 1374431.9
636.2787648117835 1440842.5
636.3746789247782 1636516.2
636.4708321002237 1295425.2
636.5672243381202 1497237.0
636.6638556384676 1509294.9
636.7607260012659 1635690.2
636.857835426515 1700213.5
636.9551839142149 1939675.5
637.0527714643658 1742377.4
637.1505980769675 1581271.9
637.2486637520203 1727263.2
637.3469684895239 1811486.4
637.4455122894784 2010568.5
637.5442951518837 1562792.4
637.64331707674 1329472.4
637.742578064047 1848452.4
637.8420781138052 1704948.9
637.941817226014 1663245.8
638.0417954006739 1651145.6
638.1420126377845 1909466.1
638.2424689373462 1489824.0
638.3431642993586 1498062.0
638.444098723822 1342121.2
638.5452722107362 1093074.8
638.6466847601014 900273.5
638.7483363719175 1017589.44
638.8502270461844 1208829.1
638.9523567829023 1071674.9
639.0547255820709 1157049.5
639.1573334436905 1513483.5
639.260180367761 1347470.5
639.3632663542825 1517142.5
639.4665914032546 1724703.1
639.5701555146778 1504439.8
639.6739586885519 1643931.1
639.7780009248769 1925827.4
639.8822822236526 1591337.4
639.9868025848793 1691118.0
640.091562008557 2038546.2
640.1965604946854 2312680.2
640.3017980432649 2536989.5
640.4072746542952 2745533.0
640.5129903277764 2741311.0
640.6189450637083 2556666.8
640.7251388620914 2526742.8
640.8315717229252 2531542.2
640.93824364621 1870460.0
641.0451546319456 1983303.8
641.1523046801321 1629444.4
641.2596937907695 1151249.5
641.3673219638578 1249051.0
641.4751891993969 1672468.9
641.583295497387 1185628.2
641.691640857828 1468684.8
641.8002252807198 1502444.0
641.9090487660626 1457541.1
642.0181113138563 1430159.8
642.1274129241008 1316006.4
642.2369535967962 1282854.8
642.3467333319426 1257605.1
642.4567521295397 1513311.0
642.5670099895879 1776661.9
642.6775069120868 1727935.0
642.7882428970366 1785504.4
642.8992179444374 1565019.4
643.010432054289 1450479.2
643.1218852265915 1064129.5
643.2335774613449 1161468.4
643.3455087585494 1260831.8
643.4576791182045 1345096.4
643.5700885403106 1146375.2
643.6827370248676 1073190.8
643.7956245718756 1290927.8
643.9087511813342 1360906.1
644.0221168532439 1120533.6
644.1357215876045 1124064.1
644.249565384416 1149380.2
644.3636482436782 1174121.0
644.4779701653915 1227070.9
644.5925311495556 1252862.8
644.7073311961706 1619510.0
644.8223703052365 2160505.8
644.9376484767532 1884021.1
645.0531657107209 1726137.0
645.1689220071395 1875412.2
645.2849173660089 1590945.1
645.4011517873292 1805799.0
645.5176252711005 1465093.6
645.6343378173226 1550371.0
645.7512894259957 1506946.4
645.8684800971196 1655381.8
645.9859098306944 1755669.5
646.10357862672 1427673.8
646.2214864851966 1638011.5
646.3396334061241 1438278.9
646.4580193895024 1082465.5
646.5766444353317 996278.06
646.6955085436118 1102566.9
646.8146117143428 1470516.4
646.9339539475247 1612695.5
647.0535352431576 1500789.5
647.1733556012413 1501296.0
647.2934150217759 1120464.9
647.4137135047613 1220701.5
647.5342510501977 1332139.8
647.6550276580849 1222879.6
647.7760433284232 1435319.8
647.8972980612122 1204995.9
648.018791856452 1370016.2
648.1405247141429 1372794.0
648.2624966342845 1129826.5
648.3847076168772 1187752.0
648.5071576619206 1440939.4
648.629846769415 1546660.8
648.7527749393603 1532547.0
648.8759421717565 1378595.0
648.9993484666035 1356428.5
649.1229938239015 1664216.8
649.2468782436503 1631507.6
649.3710017258501 1513893.8
649.4953642705007 1160585.8
649.6199658776021 911379.94
649.7448065471544 1130579.0
649.8698862791578 1191815.9
649.9952050736119 1545293.1
650.120762930517 1401676.4
650.2465598498729 1407628.9
650.3725958316797 1399333.9
650.4988708759375 1285527.2
650.6253849826461 1307416.5
650.7521381518056 1077701.5
650.879130383416 1067441.5
651.0063616774773 1144423.6
651.1338320339895 1298544.9
651.2615414529527 1598098.2
651.3894899343666 1523161.0
651.5176774782313 1663768.6
651.6461040845472 1585550.6
651.7747697533138 1404367.2
651.9036744845314 1581841.8
652.0328182781997 1249637.0
652.162201134319 1175327.0
652.2918230528892 1062934.2
652.4216840339103 1657459.9
652.5517840773823 1292630.0
652.6821231833052 1285816.5
652.8127013516789 1580067.8
652.9435185825037 1339631.5
653.074574875779 1263000.1
653.2058702315056 1560444.2
653.3374046496829 1428454.5
653.469178130311 1472161.8
653.6011906733902 1211835.8
653.73344227892 1373455.1
653.865932946901 1335916.1
653.9986626773327 1434027.8
654.1316314702154 1149607.2
654.2648393255489 1233307.8
654.3982862433335 1281476.4
654.5319722235687 1223414.2
654.665897266255 1213950.2
654.8000613713921 1277417.2
654.9344645389801 1332255.8
655.069106769019 1133103.4
655.2039880615088 1325961.2
655.3391084164494 1311616.9
655.4744678338409 1248005.2
655.6100663136834 1272399.5
655.7459038559767 1263432.2
655.881980460721 1623129.2
656.0182961279161 1354331.4
656.1548508575621 1281782.9
656.291644649659 1270330.8
656.4286775042068 1495878.6
656.5659494212055 1409125.5
656.7034604006551 1609475.6
656.8412104425555 1844490.2
656.9791995469069 1552535.6
657.117427713709 1326348.1
657.2558949429622 1728376.8
657.3946012346663 1583831.4
657.5335465888211 1626107.4
657.672731005427 1397470.1
657.8121544844836 1333204.2
657.9518170259913 1162281.5
658.0917186299497 1046697.5
658.2318592963591 1150569.6
658.3722390252193 1188711.0
658.5128578165305 1453150.5
658.6537156702925 1320903.9
658.7948125865055 1301353.9
658.9361485651692 1321718.5
659.077723606284 1389553.2
659.2195377098495 1579325.6
659.361590875866 1318974.4
659.5038831043335 1393302.0
659.6464143952517 1181853.2
659.7891847486209 1047962.9
659.9321941644408 1186547.0
660.0754426427119 1257636.8
660.2189301834336 1321414.2
660.3626567866064 983751.94
660.50662245223 1511103.9
660.6508271803045 1688054.8
660.7952709708298 1735191.2
660.9399538238061 1527178.8
661.0848757392333 1420105.6
661.2300367171114 1385312.8
661.3754367574403 1269512.0
661.5210758602201 1016714.25
661.6669540254509 997690.06
661.8130712531324 1260065.8
661.9594275432651 1055476.8
662.1060228958484 926604.4
662.2528573108827 928386.3
662.3999307883678 1060595.5
662.5472433283039 1293804.0
662.6947949306908 1101128.6
662.8425855955288 1337503.5
662.9906153228175 1381769.2
663.1388841125572 1300407.2
663.2873919647476 1081977.1
663.436138879389 1170338.1
663.5851248564813 1141321.4
663.7343498960245 1350721.2
663.8838139980186 1693803.1
664.0335171624636 1503131.0
664.1834593893594 1393309.4
664.3336406787062 1470151.0
664.4840610305039 1419128.6
664.6347204447524 1339723.8
664.7856189214518 1091796.8
664.936756460602 1162353.5
665.0881330622034 1141605.0
665.2397487262554 1053559.9
665.3916034527584 1161800.1
665.5436972417123 1187125.2
665.6960300931171 1317408.2
665.8486020069727 1287509.0
666.0014129832791 1157051.0
666.1544630220367 1031733.5
666.3077521232449 1410863.9
666.4612802869042 1064751.4
666.6150475130142 905223.75
666.7690538015753 1252870.5
666.9232991525871 1443780.5
667.07778356605 1486407.2
667.2325070419636 1511757.4
667.3874695803282 1569638.9
667.5426711811436 1353856.5
667.69811184441 1073715.1
667.8537915701272 1307806.6
668.0097103582953 1428339.0
668.1658682089143 1595044.9
668.3222651219842 1489859.9
668.4789010975051 1634529.5
668.6357761354766 1439525.1
668.7928902358992 1159750.4
668.9502433987727 1267303.0
669.1078356240971 1376803.8
669.2656669118722 1180443.9
669.4237372620985 1496152.0
669.5820466747754 1746462.0
669.7405951499034 1400233.5
669.8993826874821 923955.3
670.0584092875117 1074634.4
670.2176749499924 1196838.6
670.3771796749238 1266910.6
670.5369234623063 1538996.5
670.6969063121394 1310519.9
670.8571282244236 1232166.0
671.0175891991586 986008.7
671.1782892363447 717398.9
671.3392283359814 1067474.2
671.5004064980691 1306823.5
671.6618237226077 1350569.5
671.8234800095972 1179147.6
671.9853753590376 1268256.8
672.1475097709289 1327041.1
672.309883245271 1457930.0
672.472495782064 1208405.4
672.635347381308 1136031.1
672.7984380430028 1360172.6
672.9617677671484 1032433.0
673.125336553745 956079.7
673.2891444027925 1097829.2
673.453191314291 971970.9
673.6174772882403 1214482.4
673.7820023246404 1215127.2
673.9467664234915 1310886.8
674.1117695847934 1331636.5
674.2770118085463 1187707.6
674.4424930947499 1034335.7
674.6082134434046 1026975.3
674.7741728545101 1096044.8
674.9403713280664 1371898.0
675.1068088640737 1199431.0
675.2734854625319 1397622.4
675.440401123441 1468720.1
675.6075558468009 1582405.2
675.7749496326118 1867325.2
675.9425824808735 1807066.4
676.1104543915861 1602668.2
676.2785653647496 1591131.4
676.4469154003641 1639367.5
676.6155044984293 1487763.5
676.7843326589456 1432963.9
676.9533998819127 1359902.0
677.1227061673306 1360403.9
677.2922515151995 1541168.2
677.4620359255191 1531349.0
677.6320593982898 1499812.5
677.8023219335114 1342682.2
677.9728235311838 888714.94
678.1435641913071 920005.0
678.3145439138814 1133556.8
678.4857626989063 1335320.8
678.6572205463824 1408255.5
678.8289174563092 1451736.8
679.000853428687 1304650.8
679.1730284635156 1410047.8
679.3454425607953 1222923.4
679.5180957205256 1371439.8
679.690987942707 1397583.1
679.8641192273392 1368819.0
680.0374895744222 1697134.8
680.2110989839563 1694359.0
680.3849474559411 1879729.4
680.559034990377 1816703.6
680.7333615872635 1454976.1
680.9079272466012 1601166.5
681.0827319683896 1673993.5
681.257775752629 1620188.5
681.4330585993191 1265571.2
681.6085805084602 1126754.8
681.7843414800523 1302883.8
681.9603415140951 1432645.2
682.1365806105889 1304799.8
682.3130587695335 1426556.5
682.4897759909292 1650111.2
682.6667322747755 1438003.5
682.8439276210729 1352420.1
683.0213620298211 1076629.0
683.1990355010204 1328581.0
683.3769480346702 1225727.5
683.5550996307712 1104706.6
683.7334902893231 1406959.2
683.9121200103258 1516533.8
684.0909887937793 1175267.8
684.2700966396839 1199119.0
684.4494435480391 1283246.1
684.6290295188454 1472006.5
684.8088545521025 1423375.6
684.9889186478105 1469851.2
685.1692218059694 1824847.4
685.3497640265792 1713090.6
685.5305453096399 1415195.1
685.7115656551515 1239538.5
685.8928250631141 1317827.4
686.0743235335274 1373721.5
686.2560610663917 1383929.5
686.4380376617067 1058138.4
686.6202533194729 1183381.8
686.8027080396897 1410666.1
686.9854018223576 1484282.6
687.1683346674763 1709965.8
687.351506575046 1594611.8
687.5349175450664 1524227.0
687.7185675775377 1452383.6
687.9024566724601 1501825.8
688.0865848298331 1738890.8
688.2709520496572 2052163.6
688.4555583319321 1738680.0
688.640403676658 1529132.4
688.8254880838347 1580828.8
689.0108115534624 1362357.2
689.1963740855408 1487285.6
689.3821756800703 1649236.8
689.5682163370506 1571856.0
689.7544960564818 1386480.5
689.9410148383638 1494704.0
690.1277726826967 1352799.2
690.3147695894805 1510880.6
690.5020055587153 1805631.5
690.689480590401 1973824.4
690.8771946845374 1454389.2
691.0651478411248 1223876.4
691.253340060163 1224227.0
691.4417713416524 1448898.0
691.6304416855924 1707784.0
691.8193510919834 1550505.8
692.0084995608252 1357143.8
692.197887092118 1136795.4
692.3875136858616 1481650.5
692.5773793420561 1496413.9
692.7674840607016 1435295.5
692.9578278417978 1364992.5
693.1484106853451 1652386.2
693.339232591343 1842702.8
693.5302935597921 1794725.1
693.7215935906919 1722925.0
693.9131326840427 1470091.9
694.1049108398444 1555392.2
694.2969280580969 1578501.4
694.4891843388003 1787127.2
694.6816796819547 2038855.2
694.8744140875599 2352955.5
695.067387555616 2036741.0
695.260600086123 1634313.5
695.4540516790809 1796885.8
695.6477423344896 1706519.5
695.8416720523492 1709313.5
696.0358408326598 1890567.5
696.2302486754212 1709868.6
696.4248955806336 1763641.0
696.6197815482967 2014534.8
696.814906578411 2068412.5
697.0102706709758 2031271.2
697.2058738259918 2188329.0
697.4017160434586 2226400.5
697.5977973233763 2396439.2
697.7941176657448 2563893.2
697.9906770705643 2647187.8
698.1874755378346 2534017.0
698.3845130675558 2327997.2
698.581789659728 2225421.2
698.779305314351 2228078.2
698.9770600314249 2479298.2
699.1750538109496 2395204.0
699.3732866529253 2325413.5
699.5717585573519 2129729.2
699.7704695242294 2238441.0
699.9694195535577 2307092.0
700.168608645337 2554420.2
700.3680367995671 2788569.8
700.5677040162482 2793387.8
700.7676102953801 2566284.5
700.9677556369629 2653276.5
701.1681400409966 2749156.0
701.368763507481 3159387.2
701.5696260364166 3421445.5
701.7707276278029 3506707.8
701.9720682816403 3020942.8
702.1736479979284 2651450.2
702.3754667766674 2871309.0
702.5775246178573 2858347.5
702.7798215214982 3199884.8
702.9823574875899 3090001.2
703.1851325161325 2759391.0
703.3881466071259 2653418.0
703.5913997605704 2528791.8
703.7948919764656 2387605.2
703.9986232548118 2640052.0
704.2025935956088 2653273.0
704.4068029988567 2980696.0
704.6112514645556 2622013.0
704.8159389927052 2603353.0
705.020865583306 2546522.2
705.2260312363574 2667826.0
705.4314359518598 2829272.2
705.6370797298131 2686357.2
705.8429625702173 2790538.8
706.0490844730723 2876032.0
706.2554454383783 3051729.0
706.4620454661351 3247197.5
706.6688845563428 3333466.5
706.8759627090014 3160082.5
707.0832799241109 3446199.8
707.2908362016714 3604985.2
707.4986315416826 3843325.0
707.7066659441448 3569815.0
707.9149394090579 3662361.5
708.1234519364218 3897779.8
708.3322035262366 3946154.5
708.5411941785025 3876806.2
708.750423893219 3968248.5
708.9598926703866 4051879.0
709.169600510005 4153676.5
709.3795474120743 4232116.5
709.5897333765945 4059534.8
709.8001584035657 3726874.0
710.0108224929876 3791187.8
710.2217256448604 4498174.0
710.4328678591842 4631660.5
710.6442491359588 4446836.0
710.8558694751844 4538705.0
711.0677288768608 4899059.0
711.2798273409882 5440000.0
711.4921648675663 6168242.5
711.7047414565955 6896442.5
711.9175571080754 8350689.0
712.1306118220064 10302832.0
712.343905598388 10698470.0
712.5574384372208 10831710.0
712.7712103385043 10696966.0
712.9852213022388 10486136.0
713.199471328424 9855579.0
713.4139604170601 9096690.0
713.6286885681474 8442105.0
713.8436557816852 8303499.5
714.0588620576742 8058078.0
714.274307396114 8619864.0
714.4899917970047 9785899.0
714.7059152603462 9868079.0
714.9220777861387 9291483.0
715.138479374382 9173737.0
715.3551200250763 9234674.0
715.5719997382214 10373689.0
715.7891185138174 11064669.0
716.0064763518642 11701428.0
716.224073252362 11428298.0
716.4419092153107 10082837.0
716.6599842407103 9898159.0
716.8782983285607 10118034.0
717.096851478862 9626091.0
717.3156436916144 9086231.0
717.5346749668174 8974324.0
717.7539453044715 8464009.0
717.9734547045764 7873666.0
718.1932031671322 6991400.5
718.4131906921389 6212237.0
718.6334172795965 4831325.5
718.853882929505 4657531.0
719.0745876418644 4653050.5
719.2955314166745 4210189.0
719.5167142539357 3791389.5
719.7381361536477 3731093.8
719.9597971158106 3735503.5
720.1816971404245 3713579.5
720.4038362274891 3723236.0
720.6262143770048 3825218.0
720.8488315889713 4207192.0
721.0716878633887 4821753.5
721.2947832002569 5405990.0
721.518117599576 6173095.5
721.741691061346 7058601.0
721.965503585567 8192779.0
722.1895551722389 9536986.0
722.4138458213616 10530431.0
722.6383755329352 12106192.0
722.8631443069596 13264151.0
723.0881521434351 13858531.0
723.3133990423613 14396470.0
723.5388850037385 14233352.0
723.7646100275665 14425755.0
723.9905741138455 13734138.0
724.2167772625753 13113880.0
724.4432194737561 12001874.0
724.6699007473876 11644669.0
724.8968210834703 12083098.0
725.1239804820036 12744399.0
725.3513789429879 12816421.0
725.579016466423 12846364.0
725.8068930523091 13656051.0
726.0350087006461 14833882.0
726.2633634114338 16398260.0
726.4919571846726 16775648.0
726.7207900203623 16241285.0
726.9498619185028 17052408.0
727.1791728790942 19655732.0
727.4087229021366 24173372.0
727.6385119876297 29545002.0
727.8685401355738 39496756.0
728.0988073459687 52864244.0
728.3293136188147 67497250.0
728.5600589541114 86514100.0
728.7910433518591 108152190.0
729.0222668120575 123471930.0
729.2537293347069 128497560.0
729.4854309198073 126432540.0
729.7173715673584 112733150.0
729.9495512773606 88800490.0
730.1819700498136 61782320.0
730.4146278847174 39743950.0
730.6475247820722 26921212.0
730.8806607418778 19991308.0
731.1140357641343 15601654.0
731.3476498488419 13083969.0
731.5815029960002 11419601.0
731.8155952056094 10065179.0
732.0499264776695 8444637.0
732.2844968121806 7002515.5
732.5193062091423 5696727.0
732.754354668555 5074675.5
732.9896421904187 5369272.5
733.2251687747333 5134013.0
733.4609344214988 5203708.0
733.6969391307151 5148789.5
733.9331829023823 4844839.0
734.1696657365004 5650115.5
734.4063876330695 6178104.5
734.6433485920893 6689975.5
734.8805486135602 6694846.0
735.1179876974818 6723110.5
735.3556658438545 7822879.5
735.5935830526778 8439754.0
735.8317393239522 8382644.0
736.0701346576775 7640265.0
736.3087690538534 6952269.0
736.5476425124806 6614399.0
736.7867550335584 6544345.0
737.0261066170873 6697632.0
737.265697263067 7073530.5
737.5055269714976 7648433.0
737.745595742379 8725231.0
737.9859035757114 11712050.0
738.2264504714947 15660278.0
738.4672364297288 19692366.0
738.7082614504138 26147984.0
738.9495255335498 36979450.0
739.1910286791365 49424710.0
739.4327708871742 63702284.0
739.6747521576629 81769550.0
739.9169724906022 97005630.0
740.1594318859927 106381820.0
740.4021303438338 112523520.0
740.6450678641261 108689620.0
740.8882444468691 94274060.0
741.131660092063 71255340.0
741.3753147997079 47734684.0
741.6192085698036 30544318.0
741.8633414023502 20649364.0
742.1077132973477 14898016.0
742.352324254796 11683704.0
742.5971742746954 9645678.0
742.8422633570456 7980640.5
743.0875915018465 6347327.0
743.3331587090985 4931749.0
743.5789649788013 3631195.5
743.8250103109551 3477074.5
744.0712947055597 3450113.5
744.3178181626151 2896525.2
744.5645806821216 2433747.8
744.8115822640789 2574210.8
745.058822908487 2549777.8
745.3063026153461 2353593.5
745.554021384656 2478163.0
745.801979216417 2601587.5
746.0501761106286 3104007.2
746.2986120672912 3564407.5
746.5472870864048 3941592.8
746.7962011679691 4683053.0
747.0453543119845 4729904.0
747.2947465184507 4036718.0
747.5443777873677 4099207.8
747.7942481187357 3622827.8
748.0443575125546 2933891.5
748.2947059688242 2522731.5
748.545293487545 2434171.0
748.7961200687164 2320936.5
749.0471857123389 1963515.2
749.2984904184123 2099846.0
749.5500341869365 2168345.5
749.8018170179115 2135877.2
750.0538389113375 1945018.9
750.3060998672144 1990161.9
750.558599885542 2171505.5
750.8113389663208 2318308.0
751.0643171095503 2358658.5
751.3175343152308 2097522.0
751.570990583362 2121731.5
751.8246859139442 2349468.2
752.0786203069773 2404394.0
752.3327937624614 2200407.2
752.5872062803962 2345063.8
752.841857860782 2283282.0
753.0967485036186 2019257.8
753.3518782089062 2410975.2
753.6072469766447 2253736.5
753.8628548068339 2543030.2
754.1187016994742 2531491.5
754.3747876545652 2537708.0
754.6311126721073 2668398.8
754.8876767521001 2851774.0
755.144479894544 3035410.5
755.4015220994386 3267539.5
755.6588033667842 3016226.0
755.9163236965807 3088261.0
756.1740830888281 3184753.8
756.4320815435262 2552204.8
756.6903190606754 2403253.0
756.9487956402754 2584656.5
757.2075112823263 2631650.0
757.4664659868281 2880547.2
757.7256597537807 3218279.5
757.9850925831844 3522108.0
758.2447644750388 3408657.0
758.5046754293442 3843577.0
758.7648254461004 4104000.2
759.0252145253075 4112063.8
759.2858426669656 4071365.2
759.5467098710745 4439460.5
759.8078161376343 5043342.0
760.069161466645 5236128.0
760.3307458581066 5514532.5
760.5925693120191 5251490.5
760.8546318283825 5217038.0
761.1169334071967 5393944.0
761.3794740484618 5155399.5
761.6422537521778 5001437.0
761.9052725183449 4233568.0
762.1685303469626 4108425.2
762.4320272380314 4207374.0
762.6957631915509 3962159.8
762.9597382075215 3903130.0
763.2239522859428 3563382.5
763.4884054268151 3669109.0
763.7530976301382 3846175.2
764.0180288959123 3934707.2
764.2831992241372 3920377.8
764.5486086148131 4152451.2
764.8142570679397 4258013.0
765.0801445835173 4297249.5
765.3462711615459 4549197.5
765.6126368020252 5112307.5
765.8792415049556 5606891.0
766.1460852703367 6158652.0
766.4131680981689 6146394.0
766.6804899884517 6626765.5
766.9480509411856 7176855.0
767.2158509563703 6806115.5
767.483890034006 6272606.0
767.7521681740925 6015883.0
768.0206853766299 5522909.0
768.2894416416182 4997116.0
768.5584369690574 4939136.0
768.8276713589474 5053919.0
769.0971448112883 5164434.5
769.3668573260802 5070110.0
769.636808903323 5154334.0
769.9069995430166 5236191.0
770.1774292451611 5537104.5
770.4480980097566 5892705.5
770.7190058368028 6242374.0
770.9901527263 7060150.0
771.2615386782481 7858632.0
771.5331636926471 9313300.0
771.805027769497 9660419.0
772.0771309087978 10758361.0
772.3494731105494 12182930.0
772.622054374752 14220274.0
772.8948747014053 16642188.0
773.1679340905096 19751496.0
773.4412325420649 21549284.0
773.714770056071 23093676.0
773.9885466325279 24697228.0
774.2625622714359 24468572.0
774.5368169727947 22411238.0
774.8113107366042 19747082.0
775.0860435628648 16567871.0
775.3610154515762 13679354.0
775.6362264027387 10147281.0
775.9116764163518 7780569.5
776.1873654924159 6794582.5
776.4632936309309 6307937.5
776.7394608318967 5635542.0
777.0158670953135 6218709.0
777.2925124211812 6426715.0
777.5693968094998 6532615.0
777.8465202602692 6286859.0
778.1238827734896 6434012.5
778.4014843491608 7066359.5
778.6793249872829 7683677.0
778.957404687856 9322898.0
779.23572345088 10769522.0
779.5142812763546 12770435.0
779.7930781642804 14333444.0
780.0721141146569 16102500.0
780.3513891274845 18251256.0
780.6309032027627 20325878.0
780.9106563404919 21007332.0
781.1906485406721 20227926.0
781.4708798033031 19774852.0
781.7513501283851 18778970.0
782.0320595159178 17524344.0
782.3130079659015 16354878.0
782.5941954783361 17099772.0
782.8756220532216 17777408.0
783.157287690558 16935098.0
783.4391923903453 16257498.0
783.7213361525834 15150132.0
784.0037189772725 13937029.0
784.2863408644123 12840734.0
784.5692018140032 12840555.0
784.8523018260448 13164674.0
785.1356409005374 13324074.0
785.419219037481 14386408.0
785.7030362368753 15319364.0
785.9870924987206 15924042.0
786.2713878230167 15538821.0
786.5559222097638 14920086.0
786.8406956589616 13864259.0
787.1257081706106 12894669.0
787.4109597447102 13086144.0
787.6964503812609 13105042.0
787.9821800802623 13696579.0
788.2681488417147 15000604.0
788.554356665618 14557626.0
788.8408035519722 14691969.0
789.1274895007773 14881681.0
789.4144145120331 15650321.0
789.70157858574 15560970.0
789.9889817218977 15865979.0
790.2766239205064 16954846.0
790.5645051815659 18392498.0
790.8526255050763 20782766.0
791.1409848910375 21061476.0
791.4295833394498 20694330.0
791.7184208503128 23020428.0
792.0074974236268 26437628.0
792.2968130593916 29741020.0
792.5863677576074 31514682.0
792.876161518274 32357656.0
793.1661943413915 33089480.0
793.45646622696 33026560.0
793.7469771749792 33367570.0
794.0377271854495 31907642.0
794.3287162583705 31170884.0
794.6199443937426 31517832.0
794.9114115915653 31916524.0
795.2031178518391 31958182.0
795.4950631745637 34099812.0
795.7872475597393 36397244.0
796.0796710073657 37359050.0
796.372333517443 37168680.0
796.6652350899712 38116596.0
796.9583757249504 39510670.0
797.2517554223803 40157484.0
797.5453741822612 43974170.0
797.839232004593 47026596.0
798.1333288893755 49547550.0
798.4276648366092 53786770.0
798.7222398462935 55322440.0
799.0170539184289 58092990.0
799.3121070530151 62081344.0
799.6073992500523 64331300.0
799.9029305095402 64029384.0
800.1987008314792 66448750.0
800.4947102158688 68485510.0
800.7909586627096 68131400.0
801.0874461720011 68136590.0
801.3841727437435 66884936.0
801.6811383779369 66898640.0
801.9783430745811 68004630.0
802.2757868336762 66538010.0
802.5734696552222 62706500.0
802.8713915392192 59439820.0
803.1695524856669 54594210.0
803.4679524945657 51652820.0
803.7665915659152 50570696.0
804.0654696997157 51718524.0
804.364586895967 51862704.0
804.6639431546693 51317664.0
804.9635384758224 52584316.0
805.2633728594265 54437650.0
805.5634463054813 56231024.0
805.863758813987 58405120.0
806.1643103849437 59332980.0
806.4651010183513 62764960.0
806.7661307142098 63961344.0
807.0673994725191 63253896.0
807.3689072932794 62107760.0
807.6706541764905 62097116.0
807.9726401221526 66002350.0
808.2748651302655 70304970.0
808.5773292008294 74603670.0
808.880032333844 81154780.0
809.1829745293097 91465640.0
809.4861557872262 105371200.0
809.7895761075936 123251290.0
810.0932354904118 144338220.0
810.3971339356808 163394750.0
810.701271443401 182698860.0
811.0056480135719 199024340.0
811.3102636461938 213427120.0
811.6151183412665 224615460.0
811.9202120987901 228166700.0
812.2255449187645 225592560.0
812.5311168011899 217709730.0
812.8369277460662 205351540.0
813.1429777533934 182344640.0
813.4492668231715 157023380.0
813.7557949554005 138922060.0
814.0625621500802 127156260.0
814.3695684072109 118061180.0
814.6768137267925 109850740.0
814.984298108825 103228290.0
815.2920215533085 97933730.0
815.5999840602427 92313650.0
815.908185629628 86702600.0
816.216626261464 79964650.0
816.5253059557509 73458630.0
816.8342247124888 65920336.0
817.1433825316776 59328444.0
817.4527794133171 52202340.0
817.7624153574077 47451060.0
818.072290363949 42754590.0
818.3824044329415 39383816.0
818.6927575643846 38960572.0
819.0033497582787 39133424.0
819.3141810146236 41606704.0
819.6252513334194 46668990.0
819.9365607146663 51919470.0
820.2481091583638 55937730.0
820.5598966645124 61620384.0
820.8719232331118 69989980.0
821.1841888641621 79544660.0
821.4966935576633 88304350.0
821.8094373136155 99738270.0
822.1224201320184 116583480.0
822.4356420128723 138847140.0
822.749102956177 159205780.0
823.0628029619327 182434050.0
823.3767420301392 202480770.0
823.6909201607966 220315020.0
824.005337353905 243171020.0
824.3199936094642 264972420.0
824.6348889274743 283708770.0
824.9500233079352 288002560.0
825.2653967508472 284466600.0
825.5810092562099 267496480.0
825.8968608240236 236319300.0
826.2129514542881 198236640.0
826.5292811470036 154435820.0
826.8458499021699 108017130.0
827.1626577197871 73928250.0
827.4797045998553 53841290.0
827.7969905423743 41604564.0
828.1145155473441 33767756.0
828.4322796147649 27443192.0
828.7502827446367 23408004.0
829.0685249369592 20033426.0
829.3870061917327 16467065.0
829.705726508957 13526144.0
830.0246858886322 12167609.0
830.3438843307583 12171226.0
830.6633218353354 11838756.0
830.9829984023633 10556236.0
831.3029140318422 10185898.0
831.6230687237718 9798409.0
831.9434624781525 8994195.0
832.2640952949838 8598110.0
832.5849671742662 9268250.0
832.9060781159994 8748171.0
833.2274281201835 8781117.0
833.5490171868187 9465047.0
833.8708453159045 9772412.0
834.1929125074414 10261321.0
834.515218761429 10577055.0
834.8377640778676 10794675.0
835.160548456757 10847382.0
835.4835718980975 11728010.0
835.8068344018886 12800415.0
836.1303359681309 13785258.0
836.4540765968239 15160646.0
836.778056287968 15788345.0
837.1022750415626 16335242.0
837.4267328576084 16965368.0
837.7514297361049 17525528.0
838.0763656770524 17883802.0
838.4015406804508 19301872.0
838.7269547463001 19187172.0
839.0526078746003 19829822.0
839.3785000653513 21200564.0
839.7046313185533 21451924.0
840.0310016342061 21039416.0
840.3576110123099 21158148.0
840.6844594528644 21059096.0
841.01154695587 20839400.0
841.3388735213264 21514328.0
841.6664391492336 20679700.0
841.9942438395917 19951294.0
842.3222875924008 20634406.0
842.6505704076608 22185400.0
842.9790922853716 23348598.0
843.3078532255333 23126538.0
843.636853228146 22744030.0
843.9660922932096 21612330.0
844.2955704207238 21087964.0
844.6252876106893 19686512.0
844.9552438631054 18337358.0
845.2854391779725 19756438.0
845.6158735552905 21626068.0
845.9465469950594 20464528.0
846.2774594972791 21681552.0
846.6086110619498 22908928.0
846.9400016890712 25094002.0
847.2716313786436 27878672.0
847.603500130667 32517842.0
847.9356079451411 36945330.0
848.2679548220663 40996864.0
848.6005407614422 43765736.0
848.9333657632692 45404290.0
849.2664298275467 48563530.0
849.5997329542755 51669536.0
849.933275143455 54674800.0
850.2670563950855 57924580.0
850.6010767091668 59825044.0
850.935336085699 59344850.0
851.2698345246821 57103836.0
851.6045720261161 55199380.0
851.939548590001 54560396.0
852.2747642163367 53182380.0
852.6102189051235 52330570.0
852.9459126563609 49654750.0
853.2818454700493 45226130.0
853.6180173461887 40786764.0
853.9544282847789 35639664.0
854.29107828582 30502228.0
854.627967349312 28375822.0
854.9650954752549 26993702.0
855.3024626636488 26012760.0
855.6400689144934 28254690.0
855.9779142277889 30103640.0
856.3159986035355 33493900.0
856.6543220417327 35146104.0
856.992884542381 36336670.0
857.33168610548 39621156.0
857.6707267310301 42853616.0
858.010006419031 45800660.0
858.3495251694828 47408650.0
858.6892829823855 49167470.0
859.0292798577391 51802164.0
859.3695157955435 55326180.0
859.709990795799 61046976.0
860.0507048585051 65003856.0
860.3916579836623 67157380.0
860.7328501712702 67462696.0
861.0742814213293 68972070.0
861.415951733839 72548890.0
861.7578611087997 75991460.0
862.1000095462114 78420960.0
862.4423970460737 78440580.0
862.7850236083872 76546140.0
863.1278892331513 74715090.0
863.4709939203666 69754180.0
863.8143376700325 61940360.0
864.1579204821496 52062044.0
864.5017423567174 43295420.0
864.845803293736 37111450.0
865.1901032932057 32814398.0
865.5346423551262 28548324.0
865.8794204794975 25974948.0
866.2244376663198 24912902.0
866.569693915593 25989944.0
866.9151892273169 27123058.0
867.2609236014919 28324730.0
867.6068970381177 30002080.0
867.9531095371945 33510598.0
868.299561098722 38113850.0
868.6462517227006 41380116.0
868.9931814091299 44087084.0
869.3403501580103 49080620.0
869.6877579693414 54426570.0
870.0354048431236 60600224.0
870.3832907793565 64655330.0
870.7314157780402 68082550.0
871.079779839175 69511890.0
871.4283829627606 71633700.0
871.7772251487971 74497760.0
872.1263063972845 78467550.0
872.4756267082229 81537950.0
872.825186081612 83172024.0
873.1749845174521 82324590.0
873.525022015743 77884530.0
873.875298576485 71909220.0
874.2258141996776 60778456.0
874.5765688853213 51977780.0
874.9275626334158 47122050.0
875.2787954439613 44567170.0
875.6302673169575 43201824.0
875.9819782524048 43732416.0
876.3339282503027 42839500.0
876.6861173106518 42433104.0
877.0385454334516 42901100.0
877.3912126187024 41835260.0
877.744118866404 39898830.0
878.0972641765566 37419796.0
878.45064854916 35302464.0
878.8042719842143 32026900.0
879.1581344817196 26713812.0
879.5122360416756 22151622.0
879.8665766640827 18082820.0
880.2211563489404 15823442.0
880.5759750962493 15602201.0
880.9310329060089 15649804.0
881.2863297782194 15900579.0
881.6418657128809 16551990.0
881.9976407099932 16177000.0
882.3536547695564 15870992.0
882.7099078915705 17097484.0
883.0664000760355 18066266.0
883.4231313229513 18460436.0
883.7801016323183 19102498.0
884.1373110041359 19282554.0
884.4947594384045 19567044.0
884.8524469351239 18661706.0
885.2103734942943 17979552.0
885.5685391159154 17014192.0
885.9269437999875 16303158.0
886.2855875465107 16147120.0
886.6444703554844 16202539.0
887.0035922269093 16810546.0
887.3629531607849 17290178.0
887.7225531571116 16794894.0
888.082392215889 16583099.0
888.4424703371174 17121676.0
888.8027875207965 18589552.0
889.1633437669268 20137882.0
889.5241390755077 22069420.0
889.8851734465397 22568352.0
890.2464468800224 22560060.0
890.6079593759562 25141662.0
890.9697109343408 27444328.0
891.3317015551763 29238264.0
891.6939312384626 31634688.0
892.0563999841997 36054144.0
892.419107792388 39946636.0
892.7820546630269 44987690.0
893.145240596117 49127076.0
893.5086655916577 51454390.0
893.8723296496495 53142100.0
894.2362327700921 53333016.0
894.6003749529856 53291850.0
894.96475619833 56156904.0
895.3293765061252 60169144.0
895.6942358763713 63684080.0
896.0593343090684 68189660.0
896.4246718042164 70609230.0
896.7902483618151 72159500.0
897.1560639818649 73498300.0
897.5221186643654 71433050.0
897.888412409317 65787140.0
898.2549452167193 55726236.0
898.6217170865726 42158870.0
898.9887280188768 30823402.0
899.3559780136319 23556460.0
899.7234670708378 20431780.0
900.0911951904947 18870912.0
900.4591623726023 15460249.0
900.827368617161 13742615.0
901.1958139241705 13615568.0
901.5644982936308 13199584.0
901.9334217255422 12781138.0
902.3025842199042 12039179.0
902.6719857767174 11698858.0
903.0416263959813 11512084.0
903.4115060776962 12070880.0
903.7816248218619 13022816.0
904.1519826284787 12110388.0
904.5225794975461 12322361.0
904.8934154290646 12750372.0
905.2644904230337 12960099.0
905.635804479454 12356251.0
906.0073575983251 12742990.0
906.3791497796472 12206278.0
906.7511810234199 11829379.0
907.1234513296438 11315796.0
907.4959606983184 10606108.0
907.8687091294438 10896678.0
908.2416966230203 10827209.0
908.6149231790475 10684695.0
908.9883887975259 10164825.0
909.3620934784549 9286894.0
909.736037221835 9081063.0
910.1102200276657 8539762.0
910.4846418959476 8398611.0
910.8593028266802 8597709.0
911.2342028198638 9329468.0
911.6093418754981 9569471.0
911.9847199935836 9788089.0
912.3603371741196 9774544.0
912.7361934171067 10421840.0
913.1122887225448 10816142.0
913.4886230904336 11060749.0
913.8651965207735 12117598.0
914.242009013564 13045745.0
914.6190605688057 13739862.0
914.996351186498 14882469.0
915.3738808666415 14994281.0
915.7516496092356 15381625.0
916.1296574142808 15540071.0
916.5079042817767 15583015.0
916.8863902117237 16475056.0
917.2651152041215 17621724.0
917.6440792589702 17793820.0
918.0232823762697 17547722.0
918.4027245560201 16120019.0
918.7824057982216 14478830.0
919.1623261028737 14478180.0
919.542485469977 14385122.0
919.9228838995309 14251969.0
920.3035213915359 13943430.0
920.6843979459916 13662412.0
921.0655135628983 13991140.0
921.446868242256 15791815.0
921.8284619840645 16802424.0
922.2102947883237 16246046.0
922.5923666550341 16062995.0
922.9746775841952 17457076.0
923.3572275758072 17676910.0
923.7400166298701 17494658.0
924.1230447463838 18416352.0
924.5063119253487 19362082.0
924.8898181667641 20435652.0
925.2735634706307 20818844.0
925.657547836948 21073476.0
926.0417712657163 20043900.0
926.4262337569354 18543860.0
926.8109353106056 17140576.0
927.1958759267263 17265008.0
927.5810556052983 16235699.0
927.966474346321 15054009.0
928.3521321497947 15115878.0
928.7380290157191 15547804.0
929.1241649440944 16602091.0
929.5105399349206 16304682.0
929.8971539881978 16008606.0
930.2840071039259 15287934.0
930.6710992821048 13581100.0
931.0584305227347 13211442.0
931.4460008258154 12728109.0
931.8338101913471 12112152.0
932.2218586193296 10959732.0
932.610146109763 9566399.0
932.9986726626472 7564620.5
933.3874382779825 5790310.0
933.7764429557685 4591179.0
934.1656866960054 3423681.0
934.5551694986933 2938597.8
934.9448913638321 2956648.8
935.3348522914216 3261680.2
935.7250522814621 3493509.5
936.1154913339535 3257619.0
936.5061694488959 3684555.5
936.8970866262891 3788875.5
937.288242866133 3926656.2
937.6796381684281 4070532.0
938.0712725331739 4302807.0
938.4631459603708 4725735.5
938.8552584500184 5008534.5
939.247610002117 5023970.5
939.6402006166663 4654074.5
940.0330302936667 4732665.5
940.4260990331178 4893312.0
940.8194068350199 5055844.0
941.212953699373 5664779.5
941.6067396261767 5909459.5
942.0007646154315 5453420.0
942.3950286671371 5482052.0
942.7895317812938 5073780.5
943.184273957901 4990877.0
943.5792551969595 4965871.5
943.9744754984687 4856947.5
944.3699348624289 4473586.0
944.7656332888398 4565073.0
945.1615707777016 4735204.5
945.5577473290144 4528116.5
945.9541629427781 3858192.0
946.3508176189927 3832175.5
946.7477113576581 3977476.0
947.1448441587745 4284989.0
947.5422160223416 4281219.0
947.9398269483597 4581384.0
948.3376769368288 4728838.5
948.7357659877487 5196949.0
949.1340941011194 5691620.0
949.5326612769411 5973719.5
949.9314675152136 5878242.5
950.3305128159373 6448265.0
950.7297971791115 7492665.0
951.1293206047367 7767059.5
951.5290830928128 7036668.0
951.9290846433399 6718327.5
952.3293252563178 6675827.5
952.7298049317465 6548965.0
953.1305236696262 6097170.0
953.5314814699568 6093999.0
953.9326783327383 6601908.0
954.3341142579707 6613950.0
954.7357892456539 6254940.0
955.137703295788 6200384.5
955.5398564083731 5828613.0
955.942248583409 5430979.0
956.3448798208958 5151983.0
956.7477501208334 4918409.0
957.1508594832221 4285126.5
957.5542079080615 4337170.0
957.9577953953519 4090203.0
958.3616219450932 4281277.0
958.7656875572852 4378964.0
959.1699922319283 4409126.0
959.5745359690222 4395576.0
959.979318768567 5288643.0
960.3843406305627 5444705.5
960.7896015550094 5327175.0
961.1951015419069 5318175.0
961.6008405912553 5857373.0
962.0068187030545 5757683.0
962.4130358773048 5640409.5
962.8194921140057 5743055.0
963.2261874131577 6596434.5
963.6331217747605 7345702.5
964.0402951988142 7133286.0
964.4477076853188 7028125.0
964.8553592342744 6837201.0
965.2632498456808 6833390.5
965.671379519538 7189886.0
966.0797482558462 7173791.0
966.4883560546052 6867158.0
966.8972029158153 6473926.0
967.3062888394761 6328755.5
967.7156138255879 5625289.0
968.1251778741505 5266869.0
968.534980985164 4699697.5
968.9450231586284 4086853.8
969.3553043945437 3808920.5
969.7658246929099 3605317.8
970.1765840537269 3524914.5
970.5875824769948 3529238.0
970.9988199627137 3553507.0
971.4102965108834 3492903.5
971.822012121504 3853334.0
972.2339667945757 3837152.8
972.6461605300981 4258281.5
973.0585933280714 4691402.5
973.4712651884955 4700503.5
973.8841761113707 4997558.5
974.2973260966967 5157735.5
974.7107151444736 4808060.0
975.1243432547012 4980529.0
975.5382104273799 5446134.0
975.9523166625095 6650010.0
976.3666619600898 7004419.0
976.7812463201212 7253689.0
977.1960697426034 7136375.5
977.6111322275365 7739610.0
978.0264337749204 7741670.5
978.4419743847554 7828064.0
978.8577540570411 8264156.0
979.2737727917779 8324555.5
979.6900305889653 8132168.0
980.1065274486039 7199095.0
980.523263370693 5847396.0
980.9402383552333 6099640.0
981.3574524022245 6776853.0
981.7749055116664 7384287.5
982.1925976835594 7790167.0
982.6105289179031 8077983.0
983.0286992146978 8386845.5
983.4471085739433 8553267.0
983.8657569956398 9467571.0
984.2846444797872 10521752.0
984.7037710263854 10942126.0
985.1231366354345 10914769.0
985.5427413069345 11629099.0
985.9625850408854 11636186.0
986.3826678372873 11480574.0
986.8029896961399 11636664.0
987.2235506174435 11796754.0
987.6443506011979 12077562.0
988.0653896474032 11576261.0
988.4866677560595 11050809.0
988.9081849271665 10613694.0
989.3299411607247 9920089.0
989.7519364567336 10145646.0
990.1741708151934 9555616.0
990.5966442361041 8715868.0
991.0193567194657 8203822.5
991.4423082652781 7971952.5
991.8654988735416 8062639.5
992.2889285442558 8094360.5
992.712597277421 7695422.0
993.1365050730369 7143510.5
993.5606519311038 7310684.5
993.9850378516217 7271288.0
994.4096628345903 6916282.5
994.83452688001 7276672.5
995.2596299878804 8093954.0
995.6849721582018 8641039.0
996.110553390974 8709359.0
996.5363736861973 9201486.0
996.9624330438713 9563312.0
997.3887314639962 9689400.0
997.8152689465721 9246284.0
998.2420454915989 9671314.0
998.6690610990764 10163332.0
999.0963157690048 9462746.0
999.5238095013843 8770942.0
999.9515422962145 8479677.0
1000.3795141534958 7298167.0
1000.8077250732279 6496879.0
1001.2361750554107 6567882.5
1001.6648641000446 5886155.0
1002.0937922071294 5697357.0
1002.522959376665 5365677.5
1002.9523656086515 4819689.0
1003.3820109030889 4719521.0
1003.8118952599773 5040574.0
1004.2420186793163 5362921.0
1004.6723811611065 5226291.0
1005.1029827053474 6233329.0
1005.5338233120393 7416894.5
1005.9649029811819 8440091.0
1006.3962217127755 10024403.0
1006.8277795068202 11365421.0
1007.2595763633155 12314951.0
1007.6916122822619 12852739.0
1008.1238872636591 13654086.0
1008.5564013075071 15680282.0
1008.9891544138061 17405294.0
1009.422146582556 18710150.0
1009.8553778137567 19546096.0
1010.2888481074084 20480536.0
1010.7225574635108 21689422.0
1011.1565058820644 22160930.0
1011.5906933630686 21106142.0
1012.0251199065237 19508652.0
1012.45978551243 17601356.0
1012.8946901807869 15138316.0
1013.3298339115948 11861915.0
1013.7652167048535 8626948.0
1014.2008385605632 7117756.0
1014.6366994787238 6181567.0
1015.0727994593352 5713073.0
1015.5091385023975 6036662.0
1015.9457166079108 6276297.5
1016.3825337758749 6587026.0
1016.8195900062899 6737560.0
1017.2568852991558 7324623.0
1017.6944196544725 7806587.0
1018.1321930722402 8750548.0
1018.5702055524587 9630882.0
1019.0084570951283 10325418.0
1019.4469477002485 11220742.0
1019.8856773678198 12178876.0
1020.3246460978419 12761502.0
1020.763853890315 14139264.0
1021.2033007452387 15060080.0
1021.6429866626136 15806154.0
1022.0829116424393 17933318.0
1022.5230756847159 17705524.0
1022.9634787894433 17510588.0
1023.4041209566217 16815622.0
1023.8450021862509 14508399.0
1024.286122478331 11466031.0
1024.727481832862 8411828.0
1025.1690802498438 5599500.5
1025.6109177292767 4114105.2
1026.0529942711605 2802051.0
1026.495309875495 2371752.5
1026.9378645422805 2195037.5
1027.380658271517 2119227.8
1027.823691063204 1951048.5
1028.2669629173424 1474022.2
1028.7104738339312 1397983.8
1029.1542238129714 1447634.0
1029.598212854462 1234815.4
1030.0424409584039 1225721.1
1030.4869081247964 1400839.5
1030.9316143536398 1305103.6
1031.376559644934 1123153.2
1031.8217439986793 1160626.6
1032.2671674148755 1133282.5
1032.7128298935227 1294311.1
1033.1587314346207 1272352.4
1033.6048720381693 1373917.6
1034.051251704169 1283912.6
1034.4978704326197 1324460.6
1034.9447282235212 1271740.8
1035.3918250768736 1114530.4
1035.8391609926769 1151542.2
1036.286735970931 992220.25
1036.734550011636 1166713.6
1037.182603114792 1066959.8
1037.6308952803988 1268860.4
1038.0794265084567 1267357.0
1038.5281967989652 1201607.5
1038.9772061519247 1305989.5
1039.426454567335 1445951.9
1039.8759420451966 1314696.1
1040.3256685855085 1411469.4
1040.7756341882716 1490552.5
1041.2258388534856 1538412.6
1041.6762825811506 1484313.1
1042.1269653712661 1564161.9
1042.577887223833 1594433.0
1043.0290481388504 1284805.0
1043.4804481163187 1402583.5
1043.9320871562381 1741064.4
1044.3839652586082 1792662.4
1044.8360824234294 1652722.5
1045.2884386507012 1783495.2
1045.7410339404241 1695197.5
1046.193868292598 1643149.5
1046.6469417072226 1700557.8
1047.1002541842981 1634951.2
1047.5538057238246 1838262.2
1048.0075963258018 1615250.0
1048.46162599023 1694702.6
1048.915894717109 1424793.2
1049.3704025064392 1892787.0
1049.82514935822 1917114.2
1050.2801352724516 1554738.9
1050.7353602491344 1264370.8
1051.1908242882678 1432939.4
1051.6465273898525 1461211.1
1052.1024695538877 1500101.5
1052.558650780374 1965465.8
1053.015071069311 1576161.0
1053.471730420699 1611960.0
1053.928628834538 1490259.4
1054.3857663108276 1434621.4
1054.8431428495683 1352939.8
1055.30075845076 1759146.8
1055.7586131144024 1587690.0
1056.2167068404956 1746055.6
1056.67503962904 2025472.6
1057.133611480035 2268677.2
1057.592422393481 2278120.2
1058.0514723693777 1885633.1
1058.5107614077258 1633944.5
1058.9702895085243 1696405.6
1059.4300566717739 1761196.2
1059.8900628974743 1884531.4
1060.3503081856259 1929954.9
1060.8107925362278 1935238.9
1061.2715159492811 2191843.0
1061.732478424785 1259826.1
1062.1936799627401 -430550.56
1062.6551205631458 -2237778.2
1063.1168002260026 -4168925.2
1063.57871895131 -5569747.5
1064.0408767390686 -6692460.5
1064.503273589278 -8373987.5
1064.965909501938 -10179111.0
1065.4287844770492 -11810866.0
1065.8918985146113 -14075672.0
1066.3552516146242 -15937901.0
1066.818843777088 -18032470.0
1067.2826750020029 -20041744.0
1067.7467452893684 -21882548.0
1068.211054639185 -24000456.0
1068.6756030514523 -26024620.0
1069.1403905261704 -28347458.0
1069.6054170633397 -30100404.0
1070.0706826629596 0.0
1070.5361873250306 0.0
1071.0019310495525 0.0
1071.4679138365252 0.0
1071.9341356859486 0.0
