string
description: px_shifted, calibration parameter: [ 1.19531225e-04 -2.30194563e-02  6.18194146e+02]
converted file:R_100ms_Fe_S3_x_2_25_binned_y back: data/dark_100msRZP-structure:___RZP_S3100msRoi:[0, 1040, 2048, 2048]
eV counts/s
618.1712462133476 1509849.5
618.1485853507007 1602668.6
618.1261635505048 1875146.0
618.1039808127597 1991394.2
618.0820371374655 2122897.2
618.0603325246223 2307414.0
618.0388669742298 2154106.0
618.0176404862883 2422927.2
617.9966530607976 2099048.5
617.9759046977579 2371971.0
617.955395397169 2631790.0
617.9351251590311 2218795.5
617.9150939833439 2354089.0
617.8953018701078 1917170.2
617.8757488193226 1795882.6
617.8564348309881 1559885.2
617.8373599051046 1707243.5
617.8185240416719 1760523.5
617.7999272406903 2056975.5
617.7815695021593 2378180.2
617.7634508260794 2341286.2
617.7455712124504 2499021.8
617.7279306612722 2367232.0
617.7105291725449 2098386.0
617.6933667462686 2135837.2
617.676443382443 2182287.0
617.6597590810685 1975174.8
617.6433138421447 1786384.0
617.6271076656718 1623913.8
617.6111405516499 1816926.0
617.5954125000789 2171567.8
617.5799235109587 1808638.9
617.5646735842894 2187318.0
617.5496627200711 2130379.8
617.5348909183035 2101277.2
617.520358178987 2071424.0
617.5060645021213 1883364.9
617.4920098877064 2261109.8
617.4781943357425 3024716.2
617.4646178462295 2829625.0
617.4512804191673 3184384.5
617.4381820545561 2903221.2
617.4253227523957 2912107.2
617.4127025126862 2993027.8
617.4003213354276 3080006.5
617.3881792206199 3025549.8
617.3762761682632 2672538.0
617.3646121783572 2850508.0
617.3531872509022 2765738.5
617.342001385898 1689678.0
617.3310545833449 1551134.4
617.3203468432424 1823294.4
617.309878165591 2102620.5
617.2996485503904 2154899.5
617.2896579976408 2242065.2
617.2799065073419 2362399.0
617.270394079494 2083003.6
617.261120714097 2273355.5
617.2520864111508 2588553.5
617.2432911706557 2351287.0
617.2347349926113 2849857.0
617.2264178770179 2618966.5
617.2183398238752 2701384.5
617.2105008331837 3378733.0
617.2029009049428 3448493.8
617.195540039153 3564016.0
617.188418235814 2969102.2
617.1815354949258 2881557.5
617.1748918164886 2328220.2
617.1684872005023 2062231.9
617.1623216469668 2460392.2
617.1563951558823 2518629.5
617.1507077272486 2430976.2
617.1452593610658 2833811.2
617.140050057334 3400416.2
617.1350798160529 3707991.2
617.1303486372229 3522091.5
617.1258565208436 3600967.0
617.1216034669154 4299124.0
617.1175894754379 4282072.0
617.1138145464114 3914594.8
617.1102786798357 3993305.0
617.106981875711 3959607.0
617.1039241340371 3872695.2
617.1011054548142 3582582.5
617.0985258380421 4173738.5
617.0961852837207 3467758.0
617.0940837918505 3492126.5
617.092221362431 3983645.0
617.0905979954625 3899220.0
617.0892136909449 3557124.5
617.0880684488782 3396171.5
617.0871622692623 3196640.5
617.0864951520974 2970925.2
617.0860670973833 3253345.5
617.0858781051202 4031080.2
617.0859281753078 5401098.0
617.0862173079464 6568444.0
617.0867455030359 7691269.0
617.0875127605763 7440828.0
617.0885190805675 5584794.0
617.0897644630096 4015404.8
617.0912489079027 2551448.2
617.0929724152465 1441328.6
617.0949349850415 1160904.0
617.0971366172871 1346156.1
617.0995773119838 1351088.9
617.1022570691313 1427137.5
617.1051758887297 1373831.0
617.1083337707789 1587370.2
617.1117307152791 1590142.2
617.1153667222302 1638117.2
617.1192417916321 1864618.0
617.123355923485 2296297.8
617.1277091177888 2050353.6
617.1323013745433 1680045.0
617.1371326937488 2429872.5
617.1422030754052 3434672.2
617.1475125195125 3576357.0
617.1530610260706 3301356.2
617.1588485950797 4126275.0
617.1648752265397 5432579.0
617.1711409204505 5386079.0
617.1776456768123 5829717.0
617.1843894956249 6165154.5
617.1913723768885 7127070.0
617.1985943206029 6362275.0
617.2060553267681 5930935.0
617.2137553953843 5728047.5
617.2216945264513 5213716.0
617.2298727199694 5280741.0
617.2382899759382 5484730.5
617.246946294358 5256814.5
617.2558416752286 4260905.0
617.2649761185502 3469852.5
617.2743496243226 2253720.8
617.2839621925459 1423922.4
617.29381382322 1047818.44
617.3039045163453 817307.25
617.3142342719211 758941.75
617.3248030899481 624750.75
617.3356109704258 881870.75
617.3466579133545 1027496.75
617.357943918734 829053.06
617.3694689865644 906458.6
617.3812331168458 913892.0
617.3932363095779 903876.94
617.4054785647611 614632.94
617.417959882395 715584.4
617.43068026248 719081.3
617.4436397050157 918492.56
617.4568382100024 1187046.0
617.47027577744 1085567.6
617.4839524073284 1264738.2
617.4978680996677 1506462.6
617.512022854458 2150114.8
617.526416671699 2513568.5
617.5410495513911 3609747.2
617.555921493534 4935937.5
617.5710324981277 5967094.5
617.5863825651725 6696801.0
617.601971694668 6700699.5
617.6177998866144 6326035.5
617.6338671410118 5087525.5
617.6501734578601 3600531.2
617.6667188371591 2912992.5
617.6835032789093 2172145.0
617.70052678311 2057890.1
617.7177893497619 2285164.8
617.7352909788646 3013707.2
617.7530316704182 3640774.8
617.7710114244226 3988134.0
617.7892302408779 4013438.0
617.8076881197842 3909162.2
617.8263850611413 3419249.0
617.8453210649494 3404663.0
617.8644961312083 3638657.0
617.8839102599181 4509805.5
617.9035634510788 6323587.0
617.9234557046905 8969184.0
617.9435870207528 10803181.0
617.9639573992663 12138259.0
617.9845668402305 14596340.0
618.0054153436457 14150474.0
618.0265029095117 13415574.0
618.0478295378288 12198870.0
618.0693952285965 9276284.0
618.0911999818152 6078109.5
618.1132437974848 4738702.5
618.1355266756052 3399548.0
618.1580486161766 2582968.5
618.180809619199 1997146.8
618.2038096846721 1643277.0
618.2270488125961 1682196.5
618.2505270029711 1608085.0
618.2742442557969 1408324.4
618.2982005710737 774961.5
618.3223959488013 834981.25
618.3468303889798 686212.75
618.3715038916091 826894.3
618.3964164566895 970053.9
618.4215680842207 1215874.5
618.4469587742026 1249504.0
618.4725885266356 1304467.4
618.4984573415195 1586234.0
618.5245652188543 1418477.4
618.5509121586398 1387679.4
618.5774981608764 1594867.2
618.6043232255638 1589035.5
618.6313873527021 1413892.4
618.6586905422912 1611201.5
618.6862327943314 1509743.8
618.7140141088223 1655498.5
618.7420344857642 1515994.8
618.7702939251569 2035851.4
618.7987924270005 2560638.0
618.827529991295 3833143.0
618.8565066180404 5767535.0
618.8857223072368 7852475.5
618.915177058884 9200178.0
618.944870872982 9253632.0
618.974803749531 9130738.0
619.004975688531 8126496.0
619.0353866899817 6742158.0
619.0660367538834 5466631.0
619.0969258802359 3932640.5
619.1280540690393 2416884.8
619.1594213202936 2061249.5
619.1910276339989 2140103.5
619.2228730101549 2421607.0
619.2549574487618 2012463.2
619.2872809498198 1656182.8
619.3198435133286 1395850.5
619.3526451392883 1321950.0
619.3856858276988 1187478.5
619.4189655785602 1026632.2
619.4524843918725 1157570.2
619.4862422676358 1285138.9
619.5202392058499 908979.6
619.5544752065149 1068470.2
619.5889502696308 1268989.4
619.6236643951976 998469.7
619.6586175832152 1088488.2
619.6938098336839 1298815.2
619.7292411466033 1493579.4
619.7649115219735 1508082.8
619.8008209597948 1892299.9
619.8369694600669 2387705.8
619.8733570227901 3487104.8
619.9099836479638 4806058.0
619.9468493355887 5001631.0
619.9839540856643 5699410.5
620.0212978981909 7020472.5
620.0588807731684 7797055.0
620.0967027105968 7013185.0
620.134763710476 5968480.0
620.1730637728062 4662311.0
620.2116028975872 3379179.5
620.2503810848191 2305823.0
620.2893983345019 1876298.5
620.3286546466355 1840301.0
620.3681500212202 1160421.0
620.4078844582556 1252471.2
620.447857957742 1587002.5
620.4880705196792 1324995.0
620.5285221440674 1264843.4
620.5692128309064 845268.4
620.6101425801965 632228.06
620.6513113919372 739182.9
620.692719266129 820930.0
620.7343662027715 793157.0
620.7762522018651 850540.0
620.8183772634094 614689.75
620.8607413874046 810957.5
620.9033445738509 918677.8
620.9461868227478 845547.4
620.9892681340958 679864.3
621.0325885078946 799835.75
621.0761479441444 776477.1
621.1199464428449 618648.6
621.1639840039965 530055.5
621.2082606275989 557328.1
621.2527763136521 596201.2
621.2975310621563 841042.8
621.3425248731114 1080710.2
621.3877577465173 1006269.1
621.4332296823742 722058.4
621.478940680682 939093.4
621.5248907414405 1148646.4
621.5710798646501 1306795.2
621.6175080503104 1105119.6
621.6641752984218 1005986.6
621.7110816089839 785979.25
621.758226981997 736447.75
621.8056114174609 721420.06
621.8532349153759 1009486.8
621.9010974757415 1293853.0
621.9491990985582 1196699.5
621.9975397838257 1337015.6
622.0461195315442 1296110.5
622.0949383417135 1194273.1
622.1439962143336 1305850.1
622.1932931494047 1391876.8
622.2428291469266 1671588.6
622.2926042068996 1409617.2
622.3426183293233 1441837.5
622.392871514198 1593572.0
622.4433637615234 1258221.0
622.4940950713 1241872.6
622.5450654435272 1307250.8
622.5962748782055 1314745.0
622.6477233753345 1237080.4
622.6994109349146 1031904.75
622.7513375569454 1096226.5
622.8035032414273 1241192.8
622.8559079883598 1691982.2
622.9085517977434 1986110.1
622.9614346695778 1684976.9
623.0145566038631 1540592.0
623.0679176005993 1861982.8
623.1215176597865 2322022.8
623.1753567814245 2696915.2
623.2294349655133 2932054.5
623.2837522120532 2906220.2
623.3383085210438 2982002.2
623.3931038924854 2960004.0
623.4481383263778 3008165.2
623.5034118227212 3622179.0
623.5589243815153 3467739.5
623.6146760027606 3483342.2
623.6706666864566 3797371.0
623.7268964326033 5090038.0
623.7833652412012 6584770.0
623.8400731122499 7697775.5
623.8970200457495 7415119.5
623.9542060416999 5673615.5
624.0116311001013 5398356.0
624.0692952209534 3866050.5
624.1271984042567 2795308.8
624.1853406500106 2141184.0
624.2437219582156 1841922.6
624.3023423288714 1933503.0
624.3612017619781 1704387.2
624.4203002575357 1890552.0
624.4796378155443 1640718.0
624.5392144360035 1438175.1
624.5990301189137 1237174.1
624.659084864275 1129248.5
624.7193786720869 1192069.9
624.7799115423499 794542.25
624.8406834750637 1020461.5
624.9016944702284 1418421.5
624.962944527844 1272103.4
625.0244336479105 996070.5
625.0861618304278 1221045.8
625.1481290753961 1213049.5
625.2103353828153 1041553.44
625.2727807526853 1092151.8
625.3354651850062 1251140.8
625.398388679778 1219729.8
625.4615512370008 1503502.0
625.5249528566744 2174797.5
625.5885935387989 2504765.2
625.6524732833743 2466743.8
625.7165920904006 2190817.2
625.7809499598777 2486208.8
625.8455468918058 2909959.5
625.9103828861847 3142922.8
625.9754579430146 3695335.5
626.0407720622953 4421518.0
626.106325244027 4076722.0
626.1721174882094 3907305.0
626.2381487948429 3107932.0
626.3044191639272 2390430.8
626.3709285954623 1789437.4
626.4376770894484 1595637.8
626.5046646458853 1407825.6
626.5718912647732 1490087.6
626.6393569461119 1282614.9
626.7070616899016 1087492.8
626.7750054961421 967681.4
626.8431883648335 1209978.2
626.9116102959758 1454731.4
626.980271289569 1370378.5
627.0491713456131 1118355.5
627.1183104641082 1230525.9
627.1876886450539 1247616.0
627.2573058884507 1362659.0
627.3271621942984 1128405.6
627.3972575625968 1043401.1
627.4675919933463 1165859.8
627.5381654865465 1064275.2
627.6089780421978 1292679.9
627.6800296602999 1791138.2
627.7513203408529 2101263.5
627.8228500838567 2428464.5
627.8946188893116 2406422.2
627.9666267572171 2630484.5
628.0388736875738 2739052.0
628.1113596803812 2773367.0
628.1840847356395 2224143.2
628.2570488533487 1918423.1
628.3302520335087 1700439.8
628.4036942761198 1653160.5
628.4773755811816 1733177.2
628.5512959486945 1718928.9
628.6254553786581 2092092.5
628.6998538710727 2324854.8
628.7744914259381 2222665.5
628.8493680432545 2393454.5
628.9244837230217 2631820.5
628.9998384652398 2537993.2
629.0754322699088 2433787.0
629.1512651370288 2549651.5
629.2273370665995 2337366.8
629.3036480586212 2473844.5
629.3801981130938 3009562.0
629.4569872300171 3408612.5
629.5340154093916 3552856.5
629.6112826512167 3576528.0
629.6887889554929 3347417.5
629.7665343222199 2464742.5
629.8445187513979 2357483.0
629.9227422430266 1964506.0
630.0012047971064 1416347.8
630.0799064136369 1563478.8
630.1588470926184 1498602.6
630.2380268340507 1710389.0
630.317445637934 1459443.8
630.3971035042681 1930457.2
630.4770004330533 1981790.5
630.5571364242891 2057401.4
630.6375114779759 1820299.8
630.7181255941136 1830878.1
630.7989787727022 1596867.0
630.8800710137417 1618213.6
630.961402317232 1866605.1
631.0429726831734 1703348.2
631.1247821115654 1688520.6
631.2068306024086 1950066.0
631.2891181557025 1819666.0
631.3716447714473 1178782.4
631.454410449643 1369276.0
631.5374151902896 1394690.1
631.6206589933871 1336435.5
631.7041418589355 1230046.5
631.7878637869347 1152501.1
631.8718247773849 1318048.2
631.956024830286 1668466.0
632.0404639456378 1974008.2
632.1251421234408 1636350.1
632.2100593636944 1854878.1
632.2952156663991 1952481.4
632.3806110315546 2270378.2
632.4662454591611 2074906.5
632.5521189492183 1922621.5
632.6382315017265 1853735.8
632.7245831166855 1668036.2
632.8111737940956 1483592.6
632.8980035339563 1517593.0
632.985072336268 1685542.2
633.0723802010307 1584366.0
633.1599271282441 1307130.5
633.2477131179087 1314398.2
633.3357381700239 1564668.5
633.4240022845902 1960386.1
633.5125054616071 2245590.5
633.6012477010752 1959601.2
633.690229002994 1767244.8
633.7794493673638 2070108.6
633.8689087941844 2115515.0
633.958607283456 1674840.6
634.0485448351784 1328635.8
634.1387214493517 1538349.9
634.2291371259759 2036741.5
634.3197918650509 2334815.5
634.4106856665769 2117185.0
634.5018185305538 1782097.5
634.5931904569816 1565904.5
634.6848014458602 1067508.9
634.7766514971898 1075653.2
634.8687406109701 1085799.2
634.9610687872016 1037860.75
635.0536360258837 716441.94
635.1464423270169 661812.1
635.2394876906009 977304.6
635.3327721166357 959561.3
635.4262956051215 954534.5
635.5200581560582 1033061.1
635.6140597694457 1223869.2
635.7083004452841 922203.5
635.8027801835735 843965.1
635.8974989843136 707459.75
635.9924568475049 996682.4
636.0876537731468 1147748.5
636.1830897612398 1137922.6
636.2787648117835 1461072.5
636.3746789247782 1683466.2
636.4708321002237 1269155.1
636.5672243381202 1460396.8
636.6638556384676 1427284.9
636.7607260012659 1404840.0
636.857835426515 1297852.2
636.9551839142149 1749234.9
637.0527714643658 1601197.4
637.1505980769675 1666042.5
637.2486637520203 1854343.5
637.3469684895239 2095906.8
637.4455122894784 2260528.0
637.5442951518837 2493882.2
637.64331707674 2019662.6
637.742578064047 1762303.0
637.8420781138052 1341010.5
637.941817226014 1301554.8
638.0417954006739 1183435.9
638.1420126377845 1403616.1
638.2424689373462 1400273.5
638.3431642993586 1110223.5
638.444098723822 987950.0
638.5452722107362 1057624.8
638.6466847601014 1072863.6
638.7483363719175 1272640.5
638.8502270461844 1257579.5
638.9523567829023 897354.5
639.0547255820709 913849.4
639.1573334436905 1303823.1
639.260180367761 976161.3
639.3632663542825 1340991.9
639.4665914032546 1620254.0
639.5701555146778 1454849.8
639.6739586885519 1538671.4
639.7780009248769 1768988.0
639.8822822236526 1871518.2
639.9868025848793 1609718.0
640.091562008557 1369956.0
640.1965604946854 2056360.6
640.3017980432649 2516188.5
640.4072746542952 2617965.2
640.5129903277764 2678500.2
640.6189450637083 2306844.8
640.7251388620914 2059391.8
640.8315717229252 1844473.0
640.93824364621 1843160.2
641.0451546319456 1738293.8
641.1523046801321 1300174.2
641.2596937907695 1008549.94
641.3673219638578 984791.25
641.4751891993969 1045359.4
641.583295497387 1014507.0
641.691640857828 1428044.0
641.8002252807198 1346914.8
641.9090487660626 1424551.1
642.0181113138563 1461669.0
642.1274129241008 1457457.4
642.2369535967962 1409265.2
642.3467333319426 1558615.0
642.4567521295397 1505951.0
642.5670099895879 1601461.5
642.6775069120868 1758635.2
642.7882428970366 1433644.4
642.8992179444374 1499850.0
643.010432054289 1624939.9
643.1218852265915 1771789.4
643.2335774613449 1601299.5
643.3455087585494 1401571.4
643.4576791182045 1551996.1
643.5700885403106 1236285.8
643.6827370248676 1206091.1
643.7956245718756 1168607.5
643.9087511813342 989415.9
644.0221168532439 1211803.0
644.1357215876045 1497504.2
644.249565384416 1140070.2
644.3636482436782 997279.5
644.4779701653915 1106491.4
644.5925311495556 1380033.1
644.7073311961706 1134412.2
644.8223703052365 921514.7
644.9376484767532 1140958.6
645.0531657107209 1227347.0
645.1689220071395 1302022.2
645.2849173660089 1760894.2
645.4011517873292 1643708.5
645.5176252711005 1839083.2
645.6343378173226 1887590.6
645.7512894259957 1651717.4
645.8684800971196 1434841.4
645.9859098306944 1389149.2
646.10357862672 1418083.8
646.2214864851966 1277131.4
646.3396334061241 1166299.1
646.4580193895024 1221645.8
646.5766444353317 1102307.6
646.6955085436118 1091375.8
646.8146117143428 1161226.4
646.9339539475247 1159995.1
647.0535352431576 1071419.9
647.1733556012413 947168.0
647.2934150217759 1012674.7
647.4137135047613 1056451.8
647.5342510501977 1171100.0
647.6550276580849 955108.4
647.7760433284232 919498.44
647.8972980612122 938854.75
648.018791856452 1138806.8
648.1405247141429 1352363.8
648.2624966342845 1249366.4
648.3847076168772 1373342.0
648.5071576619206 1540810.0
648.629846769415 1402360.5
648.7527749393603 1267096.8
648.8759421717565 1264095.2
648.9993484666035 1601888.1
649.1229938239015 1390446.9
649.2468782436503 1356808.2
649.3710017258501 1165663.0
649.4953642705007 1192045.8
649.6199658776021 784759.75
649.7448065471544 809749.0
649.8698862791578 1045316.56
649.9952050736119 1120673.5
650.120762930517 1096736.4
650.2465598498729 1202229.5
650.3725958316797 1048263.0
650.4988708759375 1438676.9
650.6253849826461 1560096.5
650.7521381518056 1392070.8
650.879130383416 1351831.5
651.0063616774773 1543933.9
651.1338320339895 1416125.5
651.2615414529527 1305017.6
651.3894899343666 1238261.5
651.5176774782313 1010288.9
651.6461040845472 1030479.4
651.7747697533138 1220878.2
651.9036744845314 1193551.2
652.0328182781997 1185867.1
652.162201134319 1376996.5
652.2918230528892 1404825.2
652.4216840339103 1317169.9
652.5517840773823 1301980.6
652.6821231833052 1469496.5
652.8127013516789 1558818.5
652.9435185825037 1102791.8
653.074574875779 1164029.6
653.2058702315056 1487775.8
653.3374046496829 1166495.5
653.469178130311 1006990.7
653.6011906733902 1031235.6
653.73344227892 1095345.1
653.865932946901 1022497.56
653.9986626773327 1009268.1
654.1316314702154 1235907.1
654.2648393255489 1243317.8
654.3982862433335 1475427.0
654.5319722235687 1603964.9
654.665897266255 1501998.9
654.8000613713921 1313556.9
654.9344645389801 1197186.4
655.069106769019 1030082.9
655.2039880615088 909650.3
655.3391084164494 1017736.25
655.4744678338409 778935.5
655.6100663136834 646749.3
655.7459038559767 898193.5
655.881980460721 850440.7
656.0182961279161 1001680.75
656.1548508575621 1454372.8
656.291644649659 1340650.1
656.4286775042068 1563828.0
656.5659494212055 1415025.5
656.7034604006551 1301276.5
656.8412104425555 1154169.9
656.9791995469069 1530075.6
657.117427713709 1632758.5
657.2558949429622 1217465.8
657.3946012346663 1294791.8
657.5335465888211 1358407.0
657.672731005427 1613780.5
657.8121544844836 1641374.4
657.9518170259913 1309781.0
658.0917186299497 1064507.6
658.2318592963591 1031069.75
658.3722390252193 923830.5
658.5128578165305 1304530.1
658.6537156702925 1419384.2
658.7948125865055 1452673.9
658.9361485651692 1270748.1
659.077723606284 1301323.9
659.2195377098495 1368556.0
659.361590875866 1380874.8
659.5038831043335 1124601.6
659.6464143952517 1069952.9
659.7891847486209 1050733.0
659.9321941644408 1260007.2
660.0754426427119 1350376.4
660.2189301834336 1416863.9
660.3626567866064 919841.8
660.50662245223 1119650.8
660.6508271803045 1088393.4
660.7952709708298 1230861.2
660.9399538238061 1157129.9
661.0848757392333 1102996.4
661.2300367171114 1055823.6
661.3754367574403 920672.0
661.5210758602201 867854.06
661.6669540254509 846520.25
661.8130712531324 972984.5
661.9594275432651 1158087.0
662.1060228958484 977244.4
662.2528573108827 870926.2
662.3999307883678 1323676.1
662.5472433283039 1121244.4
662.6947949306908 1016088.8
662.8425855955288 1215442.8
662.9906153228175 1032729.75
663.1388841125572 906007.9
663.2873919647476 1057497.6
663.436138879389 1079018.0
663.5851248564813 1024421.4
663.7343498960245 852141.6
663.8838139980186 1059141.8
664.0335171624636 1157689.9
664.1834593893594 1344839.0
664.3336406787062 1275701.4
664.4840610305039 1012078.06
664.6347204447524 983584.5
664.7856189214518 1157016.8
664.936756460602 1153863.5
665.0881330622034 1083805.2
665.2397487262554 1322169.2
665.3916034527584 1012000.0
665.5436972417123 1091934.9
665.6960300931171 1375448.0
665.8486020069727 1211519.4
666.0014129832791 1225650.2
666.1544630220367 1169103.5
666.3077521232449 1102943.4
666.4612802869042 972551.2
666.6150475130142 1193783.6
666.7690538015753 1437460.2
666.9232991525871 1608599.5
667.07778356605 1528656.9
667.2325070419636 1719886.4
667.3874695803282 1706539.2
667.5426711811436 1734947.2
667.69811184441 1678895.1
667.8537915701272 2028367.2
668.0097103582953 1597218.1
668.1658682089143 1229985.4
668.3222651219842 1252808.6
668.4789010975051 1453318.9
668.6357761354766 1491395.1
668.7928902358992 1436611.0
668.9502433987727 1370003.5
669.1078356240971 1215623.6
669.2656669118722 1184013.6
669.4237372620985 1038952.0
669.5820466747754 1314051.8
669.7405951499034 1289622.6
669.8993826874821 1059535.2
670.0584092875117 1242455.0
670.2176749499924 1221799.2
670.3771796749238 874061.0
670.5369234623063 853597.5
670.6969063121394 773069.25
670.8571282244236 844205.6
671.0175891991586 1083498.9
671.1782892363447 944468.75
671.3392283359814 1299943.0
671.5004064980691 970543.25
671.6618237226077 804060.0
671.8234800095972 1203046.4
671.9853753590376 1359727.0
672.1475097709289 1164990.4
672.309883245271 1226368.8
672.472495782064 1208496.0
672.635347381308 1321000.6
672.7984380430028 1404023.6
672.9617677671484 1238573.1
673.125336553745 1125669.4
673.2891444027925 1136909.8
673.453191314291 929051.0
673.6174772882403 1320034.8
673.7820023246404 1184717.2
673.9467664234915 1166236.8
674.1117695847934 1324646.5
674.2770118085463 1235297.2
674.4424930947499 1215235.4
674.6082134434046 1056335.5
674.7741728545101 968824.3
674.9403713280664 1173658.6
675.1068088640737 1028881.1
675.2734854625319 1100322.8
675.440401123441 1299060.1
675.6075558468009 1481595.6
675.7749496326118 1484914.8
675.9425824808735 1676616.8
676.1104543915861 1775997.6
676.2785653647496 1800912.0
676.4469154003641 1924166.9
676.6155044984293 2123683.8
676.7843326589456 1910635.1
676.9533998819127 1644461.8
677.1227061673306 1470824.5
677.2922515151995 1325757.4
677.4620359255191 1492179.0
677.6320593982898 1362733.0
677.8023219335114 1344181.9
677.9728235311838 1362675.8
678.1435641913071 1290614.0
678.3145439138814 1221596.9
678.4857626989063 986872.2
678.6572205463824 969605.06
678.8289174563092 897316.94
679.000853428687 779881.25
679.1730284635156 1109427.6
679.3454425607953 1142913.5
679.5180957205256 1394078.8
679.690987942707 1235512.5
679.8641192273392 1133429.1
680.0374895744222 1383773.5
680.2110989839563 1294041.2
680.3849474559411 1593158.5
680.559034990377 1777353.6
680.7333615872635 1355246.8
680.9079272466012 1354945.6
681.0827319683896 1373503.8
681.257775752629 1636208.5
681.4330585993191 1382790.8
681.6085805084602 1501295.2
681.7843414800523 1549024.8
681.9603415140951 1431714.8
682.1365806105889 1165449.5
682.3130587695335 1075406.5
682.4897759909292 1046523.06
682.6667322747755 964896.94
682.8439276210729 1211700.5
683.0213620298211 1288819.0
683.1990355010204 1344401.2
683.3769480346702 1248677.6
683.5550996307712 1022006.6
683.7334902893231 1042889.0
683.9121200103258 1067166.0
684.0909887937793 1158217.8
684.2700966396839 1310389.8
684.4494435480391 1390846.9
684.6290295188454 1506576.9
684.8088545521025 1128876.5
684.9889186478105 1225803.4
685.1692218059694 1309888.0
685.3497640265792 1377790.0
685.5305453096399 1467535.5
685.7115656551515 1317878.1
685.8928250631141 1080867.6
686.0743235335274 1313561.4
686.2560610663917 1515829.9
686.4380376617067 1176108.4
686.6202533194729 993111.75
686.8027080396897 1197226.4
686.9854018223576 1350262.6
687.1683346674763 1293975.5
687.351506575046 1297432.8
687.5349175450664 1373287.0
687.7185675775377 1518434.5
687.9024566724601 1424795.5
688.0865848298331 1314060.5
688.2709520496572 1583532.6
688.4555583319321 1417388.8
688.640403676658 1665691.8
688.8254880838347 1862448.1
689.0108115534624 1565487.5
689.1963740855408 1558566.2
689.3821756800703 1581557.4
689.5682163370506 1655556.0
689.7544960564818 1567530.8
689.9410148383638 1711474.8
690.1277726826967 1335659.2
690.3147695894805 1447931.5
690.5020055587153 1589101.0
690.689480590401 1626633.8
690.8771946845374 1367149.5
691.0651478411248 1386257.0
691.253340060163 1457757.8
691.4417713416524 1325787.8
691.6304416855924 1357544.8
691.8193510919834 1395136.4
692.0084995608252 1418073.5
692.197887092118 1395045.5
692.3875136858616 1539920.5
692.5773793420561 1498773.9
692.7674840607016 1714345.5
692.9578278417978 1639631.2
693.1484106853451 1826586.2
693.339232591343 1582011.9
693.5302935597921 1459084.5
693.7215935906919 1522815.0
693.9131326840427 1318181.5
694.1049108398444 1682872.5
694.2969280580969 1528811.8
694.4891843388003 1693827.2
694.6816796819547 1699445.6
694.8744140875599 1735095.0
695.067387555616 1862511.0
695.260600086123 1679443.8
695.4540516790809 1690325.8
695.6477423344896 1696879.5
695.8416720523492 1939124.0
696.0358408326598 1763827.2
696.2302486754212 1557208.6
696.4248955806336 1521801.0
696.6197815482967 1703274.4
696.814906578411 1722162.5
697.0102706709758 1759680.6
697.2058738259918 2260989.0
697.4017160434586 2293779.8
697.5977973233763 2202898.5
697.7941176657448 2107962.0
697.9906770705643 2144637.0
698.1874755378346 2297217.0
698.3845130675558 2224637.0
698.581789659728 2290741.0
698.779305314351 2758869.8
698.9770600314249 2717527.8
699.1750538109496 2498563.5
699.3732866529253 2621594.8
699.5717585573519 2633570.0
699.7704695242294 2563610.2
699.9694195535577 2341731.5
700.168608645337 2704180.2
700.3680367995671 3025710.2
700.5677040162482 2608456.0
700.7676102953801 2449644.5
700.9677556369629 2503087.8
701.1681400409966 2538120.5
701.368763507481 2731145.2
701.5696260364166 2485354.0
701.7707276278029 2475456.5
701.9720682816403 2439075.5
702.1736479979284 2750810.2
702.3754667766674 2570381.5
702.5775246178573 2525970.2
702.7798215214982 2788884.5
702.9823574875899 2969591.2
703.1851325161325 2951321.0
703.3881466071259 2997879.0
703.5913997605704 2717521.0
703.7948919764656 2642535.2
703.9986232548118 2783451.0
704.2025935956088 3208459.8
704.4068029988567 3217795.2
704.6112514645556 3015233.0
704.8159389927052 2864342.2
705.020865583306 2913283.8
705.2260312363574 3158187.8
705.4314359518598 2816222.2
705.6370797298131 2560817.0
705.8429625702173 2831488.8
706.0490844730723 3130873.0
706.2554454383783 3071938.5
706.4620454661351 3042576.2
706.6688845563428 2907306.0
706.8759627090014 2943562.8
707.0832799241109 3537169.0
707.2908362016714 3486904.8
707.4986315416826 3564384.5
707.7066659441448 3572626.2
707.9149394090579 3353151.0
708.1234519364218 3355568.5
708.3322035262366 3112085.0
708.5411941785025 3444236.2
708.750423893219 3934329.0
708.9598926703866 3901818.5
709.169600510005 3714126.5
709.3795474120743 3556607.2
709.5897333765945 3775773.5
709.8001584035657 3848924.8
710.0108224929876 4174275.2
710.2217256448604 4312524.5
710.4328678591842 4578390.5
710.6442491359588 4638565.0
710.8558694751844 5334893.0
711.0677288768608 5600692.0
711.2798273409882 6021667.5
711.4921648675663 6572694.5
711.7047414565955 6895871.0
711.9175571080754 7581287.0
712.1306118220064 9044104.0
712.343905598388 9743164.0
712.5574384372208 10585822.0
712.7712103385043 10739098.0
712.9852213022388 11268969.0
713.199471328424 10889568.0
713.4139604170601 10251710.0
713.6286885681474 9136975.0
713.8436557816852 8927688.0
714.0588620576742 8953868.0
714.274307396114 9002164.0
714.4899917970047 8502916.0
714.7059152603462 8326066.0
714.9220777861387 9109024.0
715.138479374382 9127805.0
715.3551200250763 8926612.0
715.5719997382214 9302008.0
715.7891185138174 9738838.0
716.0064763518642 10922000.0
716.224073252362 11742946.0
716.4419092153107 11768095.0
716.6599842407103 11380899.0
716.8782983285607 11326168.0
717.096851478862 10984832.0
717.3156436916144 10711775.0
717.5346749668174 9980298.0
717.7539453044715 8961799.0
717.9734547045764 8117245.0
718.1932031671322 7195920.0
718.4131906921389 6824795.0
718.6334172795965 5973530.0
718.853882929505 5325972.5
719.0745876418644 4555990.5
719.2955314166745 4435348.5
719.5167142539357 4115000.0
719.7381361536477 3924664.5
719.9597971158106 4006803.5
720.1816971404245 4021970.5
720.4038362274891 3447886.5
720.6262143770048 3427598.0
720.8488315889713 4170391.5
721.0716878633887 4342471.5
721.2947832002569 5179059.0
721.518117599576 5991485.0
721.741691061346 7297331.0
721.965503585567 7511596.0
722.1895551722389 7914019.5
722.4138458213616 9031318.0
722.6383755329352 10389495.0
722.8631443069596 12065162.0
723.0881521434351 13474118.0
723.3133990423613 14911241.0
723.5388850037385 14427360.0
723.7646100275665 14115310.0
723.9905741138455 13562528.0
724.2167772625753 13136589.0
724.4432194737561 11819881.0
724.6699007473876 12047594.0
724.8968210834703 12280515.0
725.1239804820036 11889204.0
725.3513789429879 12376299.0
725.579016466423 12777594.0
725.8068930523091 13891509.0
726.0350087006461 14473620.0
726.2633634114338 15179108.0
726.4919571846726 15728296.0
726.7207900203623 16360799.0
726.9498619185028 18347676.0
727.1791728790942 19919206.0
727.4087229021366 21331530.0
727.6385119876297 25342898.0
727.8685401355738 33646404.0
728.0988073459687 44777000.0
728.3293136188147 57634584.0
728.5600589541114 74397850.0
728.7910433518591 94487820.0
729.0222668120575 115045620.0
729.2537293347069 129705010.0
729.4854309198073 135086380.0
729.7173715673584 127461840.0
729.9495512773606 111552510.0
730.1819700498136 86626690.0
730.4146278847174 61345456.0
730.6475247820722 41251136.0
730.8806607418778 27287128.0
731.1140357641343 20485504.0
731.3476498488419 16337905.0
731.5815029960002 13447870.0
731.8155952056094 10916539.0
732.0499264776695 9191309.0
732.2844968121806 7968005.0
732.5193062091423 7111973.0
732.754354668555 6458165.0
732.9896421904187 5918442.5
733.2251687747333 5066084.0
733.4609344214988 4992639.0
733.6969391307151 5054750.0
733.9331829023823 4848249.0
734.1696657365004 4783514.0
734.4063876330695 5236782.5
734.6433485920893 5818495.0
734.8805486135602 6863544.5
735.1179876974818 7582290.5
735.3556658438545 8262980.0
735.5935830526778 8403262.0
735.8317393239522 8066664.5
736.0701346576775 7944836.0
736.3087690538534 7742579.0
736.5476425124806 7379071.0
736.7867550335584 6876815.5
737.0261066170873 6992485.5
737.265697263067 6516510.5
737.5055269714976 6690366.0
737.745595742379 7690032.0
737.9859035757114 9417868.0
738.2264504714947 12071884.0
738.4672364297288 15880719.0
738.7082614504138 22457722.0
738.9495255335498 31116560.0
739.1910286791365 41561876.0
739.4327708871742 53991656.0
739.6747521576629 69111970.0
739.9169724906022 86563360.0
740.1594318859927 102699350.0
740.4021303438338 112158410.0
740.6450678641261 114276540.0
740.8882444468691 106450820.0
741.131660092063 90032730.0
741.3753147997079 68132810.0
741.6192085698036 45918736.0
741.8633414023502 28955798.0
742.1077132973477 19459312.0
742.352324254796 14006199.0
742.5971742746954 11515541.0
742.8422633570456 9740971.0
743.0875915018465 7871147.0
743.3331587090985 7011178.0
743.5789649788013 5852936.0
743.8250103109551 4927645.5
744.0712947055597 4087642.2
744.3178181626151 3517337.8
744.5645806821216 2960757.2
744.8115822640789 2888729.8
745.058822908487 2596397.2
745.3063026153461 2471243.8
745.554021384656 2574763.0
745.801979216417 2899696.2
746.0501761106286 2973777.2
746.2986120672912 3335477.0
746.5472870864048 3311972.2
746.7962011679691 4077149.8
747.0453543119845 4862264.0
747.2947465184507 4638539.5
747.5443777873677 4298866.5
747.7942481187357 3725149.0
748.0443575125546 2941601.5
748.2947059688242 2417980.8
748.545293487545 2195291.2
748.7961200687164 2137147.0
749.0471857123389 2073806.0
749.2984904184123 2076816.5
749.5500341869365 1841375.8
749.8018170179115 1829508.2
750.0538389113375 1562978.2
750.3060998672144 1722702.2
750.558599885542 1944176.0
750.8113389663208 1891198.1
751.0643171095503 2003767.6
751.3175343152308 2037732.6
751.570990583362 1997961.9
751.8246859139442 2129178.5
752.0786203069773 2362324.2
752.3327937624614 2066597.6
752.5872062803962 1967393.5
752.841857860782 2243522.0
753.0967485036186 2304958.0
753.3518782089062 2409684.8
753.6072469766447 2290887.0
753.8628548068339 2142751.0
754.1187016994742 2196991.5
754.3747876545652 2398628.0
754.6311126721073 2548619.5
754.8876767521001 2653004.0
755.144479894544 2599799.8
755.4015220994386 2761210.5
755.6588033667842 2539194.0
755.9163236965807 2578269.5
756.1740830888281 2774574.5
756.4320815435262 2704467.8
756.6903190606754 2942721.5
756.9487956402754 3021207.2
757.2075112823263 2811598.0
757.4664659868281 3435757.2
757.7256597537807 3441570.0
757.9850925831844 3003987.0
758.2447644750388 2944676.2
758.5046754293442 3458777.5
758.7648254461004 3890061.0
759.0252145253075 3700154.5
759.2858426669656 4071614.0
759.5467098710745 4355801.0
759.8078161376343 4576391.0
760.069161466645 4750478.0
760.3307458581066 4888044.5
760.5925693120191 5514679.0
760.8546318283825 5907634.5
761.1169334071967 5488165.5
761.3794740484618 4602449.5
761.6422537521778 4693787.0
761.9052725183449 4551508.0
762.1685303469626 3996294.8
762.4320272380314 4076384.0
762.6957631915509 3998241.0
762.9597382075215 3924900.5
763.2239522859428 3543442.5
763.4884054268151 3581319.0
763.7530976301382 3785345.2
764.0180288959123 3859197.8
764.2831992241372 3908919.0
764.5486086148131 4050491.2
764.8142570679397 4320862.0
765.0801445835173 4654719.5
765.3462711615459 5097398.0
765.6126368020252 5545180.0
765.8792415049556 5408732.0
766.1460852703367 5757592.5
766.4131680981689 6414045.0
766.6804899884517 6833085.5
766.9480509411856 7051577.0
767.2158509563703 7295477.0
767.483890034006 7367400.0
767.7521681740925 6235048.0
768.0206853766299 5201709.5
768.2894416416182 4819686.0
768.5584369690574 4347616.0
768.8276713589474 4369939.0
769.0971448112883 4456133.5
769.3668573260802 4658477.5
769.636808903323 5243064.0
769.9069995430166 5717186.0
770.1774292451611 6149964.0
770.4480980097566 6506826.0
770.7190058368028 6595235.0
770.9901527263 7124370.0
771.2615386782481 7516771.0
771.5331636926471 7505549.0
771.805027769497 8281391.0
772.0771309087978 9230189.0
772.3494731105494 10051191.0
772.622054374752 12176692.0
772.8948747014053 13949539.0
773.1679340905096 16233300.0
773.4412325420649 19286828.0
773.714770056071 21450470.0
773.9885466325279 23602516.0
774.2625622714359 25038062.0
774.5368169727947 25275148.0
774.8113107366042 22714568.0
775.0860435628648 19324036.0
775.3610154515762 15797391.0
775.6362264027387 12448811.0
775.9116764163518 9496074.0
776.1873654924159 7546757.5
776.4632936309309 6755564.0
776.7394608318967 6285710.5
777.0158670953135 6728199.5
777.2925124211812 6651015.0
777.5693968094998 6133524.0
777.8465202602692 6251937.5
778.1238827734896 6847630.5
778.4014843491608 7038028.0
778.6793249872829 7747597.0
778.957404687856 8667948.0
779.23572345088 9504114.0
779.5142812763546 10348554.0
779.7930781642804 11619339.0
780.0721141146569 13953154.0
780.3513891274845 15323621.0
780.6309032027627 16369712.0
780.9106563404919 17845672.0
781.1906485406721 18641822.0
781.4708798033031 18337804.0
781.7513501283851 18871300.0
782.0320595159178 18477866.0
782.3130079659015 16610182.0
782.5941954783361 15455815.0
782.8756220532216 16235138.0
783.157287690558 16965596.0
783.4391923903453 16656776.0
783.7213361525834 15242121.0
784.0037189772725 14818570.0
784.2863408644123 13677638.0
784.5692018140032 13025258.0
784.8523018260448 12792634.0
785.1356409005374 12591304.0
785.419219037481 13697212.0
785.7030362368753 14912205.0
785.9870924987206 14946132.0
786.2713878230167 15966942.0
786.5559222097638 15633786.0
786.8406956589616 15264961.0
787.1257081706106 14509225.0
787.4109597447102 13907746.0
787.6964503812609 13078034.0
787.9821800802623 13196178.0
788.2681488417147 13495266.0
788.554356665618 13711332.0
788.8408035519722 14381890.0
789.1274895007773 14572535.0
789.4144145120331 15452221.0
789.70157858574 15842258.0
789.9889817218977 16235526.0
790.2766239205064 16989076.0
790.5645051815659 16444962.0
790.8526255050763 17864980.0
791.1409848910375 19228538.0
791.4295833394498 21664736.0
791.7184208503128 24477824.0
792.0074974236268 26722738.0
792.2968130593916 28105176.0
792.5863677576074 29519572.0
792.876161518274 33092300.0
793.1661943413915 36127524.0
793.45646622696 36094396.0
793.7469771749792 35513364.0
794.0377271854495 34277390.0
794.3287162583705 32460500.0
794.6199443937426 32849904.0
794.9114115915653 32708622.0
795.2031178518391 32692472.0
795.4950631745637 34862410.0
795.7872475597393 36292750.0
796.0796710073657 36936456.0
796.372333517443 37245710.0
796.6652350899712 37640870.0
796.9583757249504 40203550.0
797.2517554223803 41063650.0
797.5453741822612 41845870.0
797.839232004593 44635420.0
798.1333288893755 46400390.0
798.4276648366092 48625424.0
798.7222398462935 52860240.0
799.0170539184289 58534096.0
799.3121070530151 62675124.0
799.6073992500523 64528316.0
799.9029305095402 65319930.0
800.1987008314792 67456744.0
800.4947102158688 67949710.0
800.7909586627096 68748860.0
801.0874461720011 70720340.0
801.3841727437435 70365530.0
801.6811383779369 69969900.0
801.9783430745811 68784110.0
802.2757868336762 66258676.0
802.5734696552222 64773280.0
802.8713915392192 62676624.0
803.1695524856669 60290484.0
803.4679524945657 57196356.0
803.7665915659152 54694624.0
804.0654696997157 52696650.0
804.364586895967 52867820.0
804.6639431546693 52148080.0
804.9635384758224 52076084.0
805.2633728594265 54248800.0
805.5634463054813 54521996.0
805.863758813987 55647664.0
806.1643103849437 58777524.0
806.4651010183513 61956996.0
806.7661307142098 63366864.0
807.0673994725191 65288464.0
807.3689072932794 66007800.0
807.6706541764905 66021184.0
807.9726401221526 68411330.0
808.2748651302655 70360370.0
808.5773292008294 72729090.0
808.880032333844 78023416.0
809.1829745293097 84487210.0
809.4861557872262 94123560.0
809.7895761075936 108035060.0
810.0932354904118 128117370.0
810.3971339356808 147749580.0
810.701271443401 168686320.0
811.0056480135719 186035400.0
811.3102636461938 202374820.0
811.6151183412665 216792200.0
811.9202120987901 226205470.0
812.2255449187645 232116220.0
812.5311168011899 231106420.0
812.8369277460662 220540670.0
813.1429777533934 202259660.0
813.4492668231715 181119360.0
813.7557949554005 159734580.0
814.0625621500802 143385920.0
814.3695684072109 131684080.0
814.6768137267925 122981670.0
814.984298108825 115378990.0
815.2920215533085 106859490.0
815.5999840602427 100109620.0
815.908185629628 92772080.0
816.216626261464 85264640.0
816.5253059557509 79052010.0
816.8342247124888 73082470.0
817.1433825316776 67308190.0
817.4527794133171 60376776.0
817.7624153574077 54234460.0
818.072290363949 48530470.0
818.3824044329415 43875550.0
818.6927575643846 41667852.0
819.0033497582787 42032880.0
819.3141810146236 42565344.0
819.6252513334194 44452640.0
819.9365607146663 48565844.0
820.2481091583638 54838284.0
820.5598966645124 61230420.0
820.8719232331118 66659080.0
821.1841888641621 72265350.0
821.4966935576633 81009220.0
821.8094373136155 94550500.0
822.1224201320184 108372250.0
822.4356420128723 124403260.0
822.749102956177 145664800.0
823.0628029619327 163935780.0
823.3767420301392 186951800.0
823.6909201607966 213350480.0
824.005337353905 237400940.0
824.3199936094642 260588670.0
824.6348889274743 279434400.0
824.9500233079352 294309630.0
825.2653967508472 300760580.0
825.5810092562099 295146050.0
825.8968608240236 277145600.0
826.2129514542881 240647780.0
826.5292811470036 195036660.0
826.8458499021699 150044740.0
827.1626577197871 108196960.0
827.4797045998553 74837360.0
827.7969905423743 53776636.0
828.1145155473441 41280036.0
828.4322796147649 33447004.0
828.7502827446367 27528664.0
829.0685249369592 22724100.0
829.3870061917327 19119456.0
829.705726508957 16550210.0
830.0246858886322 14765370.0
830.3438843307583 12759019.0
830.6633218353354 11918838.0
830.9829984023633 11322122.0
831.3029140318422 9781869.0
831.6230687237718 9543678.0
831.9434624781525 9358294.0
832.2640952949838 8932851.0
832.5849671742662 9241481.0
832.9060781159994 9722801.0
833.2274281201835 9312665.0
833.5490171868187 9069106.0
833.8708453159045 9869591.0
834.1929125074414 10203201.0
834.515218761429 10156307.0
834.8377640778676 11206505.0
835.160548456757 11222671.0
835.4835718980975 10677926.0
835.8068344018886 10830439.0
836.1303359681309 11829070.0
836.4540765968239 12829018.0
836.778056287968 13819981.0
837.1022750415626 14776181.0
837.4267328576084 16413380.0
837.7514297361049 16665781.0
838.0763656770524 17113970.0
838.4015406804508 17189782.0
838.7269547463001 17259402.0
839.0526078746003 18236586.0
839.3785000653513 20437278.0
839.7046313185533 20704474.0
840.0310016342061 20543592.0
840.3576110123099 21341304.0
840.6844594528644 22531258.0
841.01154695587 21824604.0
841.3388735213264 21090210.0
841.6664391492336 19921100.0
841.9942438395917 19294344.0
842.3222875924008 19644704.0
842.6505704076608 21051164.0
842.9790922853716 21488560.0
843.3078532255333 22186320.0
843.636853228146 22330658.0
843.9660922932096 22494630.0
844.2955704207238 22476030.0
844.6252876106893 22441276.0
844.9552438631054 20603004.0
845.2854391779725 19675120.0
845.6158735552905 20499984.0
845.9465469950594 20797842.0
846.2774594972791 21984382.0
846.6086110619498 22265320.0
846.9400016890712 23160022.0
847.2716313786436 24880992.0
847.603500130667 27283052.0
847.9356079451411 31420198.0
848.2679548220663 35738676.0
848.6005407614422 39680324.0
848.9333657632692 41837330.0
849.2664298275467 46241464.0
849.5997329542755 51013180.0
849.933275143455 52987110.0
850.2670563950855 55228996.0
850.6010767091668 58336230.0
850.935336085699 59902990.0
851.2698345246821 58580720.0
851.6045720261161 56393156.0
851.939548590001 56648270.0
852.2747642163367 55049000.0
852.6102189051235 53663096.0
852.9459126563609 52789916.0
853.2818454700493 48904956.0
853.6180173461887 42355580.0
853.9544282847789 36994804.0
854.29107828582 32996948.0
854.627967349312 28872102.0
854.9650954752549 26525998.0
855.3024626636488 26745536.0
855.6400689144934 28897102.0
855.9779142277889 30512082.0
856.3159986035355 31396884.0
856.6543220417327 32212870.0
856.992884542381 35684970.0
857.33168610548 37867188.0
857.6707267310301 39395384.0
858.010006419031 42319440.0
858.3495251694828 44727200.0
858.6892829823855 47716304.0
859.0292798577391 50172150.0
859.3695157955435 52418200.0
859.709990795799 57390670.0
860.0507048585051 62916530.0
860.3916579836623 66898844.0
860.7328501712702 68562820.0
861.0742814213293 70278380.0
861.415951733839 74100090.0
861.7578611087997 76339710.0
862.1000095462114 76712820.0
862.4423970460737 79705830.0
862.7850236083872 79693490.0
863.1278892331513 77692130.0
863.4709939203666 73117410.0
863.8143376700325 67658904.0
864.1579204821496 61924890.0
864.5017423567174 53860324.0
864.845803293736 44206144.0
865.1901032932057 37657910.0
865.5346423551262 31844184.0
865.8794204794975 27166830.0
866.2244376663198 24485902.0
866.569693915593 24247980.0
866.9151892273169 25971830.0
867.2609236014919 27063036.0
867.6068970381177 27974308.0
867.9531095371945 29475744.0
868.299561098722 32749508.0
868.6462517227006 36361428.0
868.9931814091299 40750076.0
869.3403501580103 45293420.0
869.6877579693414 51433564.0
870.0354048431236 56917080.0
870.3832907793565 61184864.0
870.7314157780402 64333660.0
871.079779839175 67122904.0
871.4283829627606 68563190.0
871.7772251487971 71896540.0
872.1263063972845 75838104.0
872.4756267082229 78792000.0
872.825186081612 81713660.0
873.1749845174521 83504940.0
873.525022015743 82658170.0
873.875298576485 78623350.0
874.2258141996776 72109340.0
874.5765688853213 63316904.0
874.9275626334158 53521296.0
875.2787954439613 47851824.0
875.6302673169575 44695096.0
875.9819782524048 43363956.0
876.3339282503027 44253016.0
876.6861173106518 44802036.0
877.0385454334516 44073444.0
877.3912126187024 40555700.0
877.744118866404 39027012.0
878.0972641765566 38347816.0
878.45064854916 36598670.0
878.8042719842143 33119442.0
879.1581344817196 30214008.0
879.5122360416756 25998530.0
879.8665766640827 21054712.0
880.2211563489404 18584482.0
880.5759750962493 17054458.0
880.9310329060089 16420220.0
881.2863297782194 16222580.0
881.6418657128809 16649761.0
881.9976407099932 16580550.0
882.3536547695564 16447752.0
882.7099078915705 16808626.0
883.0664000760355 17244126.0
883.4231313229513 16772762.0
883.7801016323183 17639712.0
884.1373110041359 19211082.0
884.4947594384045 19206934.0
884.8524469351239 19081388.0
885.2103734942943 18985972.0
885.5685391159154 17322254.0
885.9269437999875 15519090.0
886.2855875465107 15740520.0
886.6444703554844 17022396.0
887.0035922269093 17053302.0
887.3629531607849 16938748.0
887.7225531571116 16540654.0
888.082392215889 16416781.0
888.4424703371174 15970329.0
888.8027875207965 17653334.0
889.1633437669268 19485552.0
889.5241390755077 20292168.0
889.8851734465397 21996522.0
890.2464468800224 23295128.0
890.6079593759562 24499072.0
890.9697109343408 25443972.0
891.3317015551763 27714716.0
891.6939312384626 31031840.0
892.0563999841997 34013310.0
892.419107792388 37667924.0
892.7820546630269 42728620.0
893.145240596117 46800410.0
893.5086655916577 48211700.0
893.8723296496495 49852436.0
894.2362327700921 52515876.0
894.6003749529856 55687456.0
894.96475619833 58962764.0
895.3293765061252 59990500.0
895.6942358763713 62033324.0
896.0593343090684 64455410.0
896.4246718042164 68996170.0
896.7902483618151 72322216.0
897.1560639818649 74257760.0
897.5221186643654 74305290.0
897.888412409317 71598970.0
898.2549452167193 63842060.0
898.6217170865726 54114416.0
898.9887280188768 42408656.0
899.3559780136319 31928908.0
899.7234670708378 24372318.0
900.0911951904947 20072138.0
900.4591623726023 17444482.0
900.827368617161 14786000.0
901.1958139241705 13102108.0
901.5644982936308 12810311.0
901.9334217255422 13198731.0
902.3025842199042 12881766.0
902.6719857767174 11707768.0
903.0416263959813 11447532.0
903.4115060776962 11501756.0
903.7816248218619 12250659.0
904.1519826284787 12146981.0
904.5225794975461 11715474.0
904.8934154290646 11781404.0
905.2644904230337 12215099.0
905.635804479454 12157858.0
906.0073575983251 12493591.0
906.3791497796472 11909836.0
906.7511810234199 11226872.0
907.1234513296438 10357914.0
907.4959606983184 9988450.0
907.8687091294438 9697778.0
908.2416966230203 9640848.0
908.6149231790475 9575312.0
908.9883887975259 8952094.0
909.3620934784549 8426848.0
909.736037221835 8517842.0
910.1102200276657 8560992.0
910.4846418959476 8739296.0
910.8593028266802 8666499.0
911.2342028198638 7783895.0
911.6093418754981 7870622.0
911.9847199935836 8326720.5
912.3603371741196 9581429.0
912.7361934171067 9791500.0
913.1122887225448 9948353.0
913.4886230904336 10503906.0
913.8651965207735 10085792.0
914.242009013564 10461499.0
914.6190605688057 11640182.0
914.996351186498 11723221.0
915.3738808666415 12388804.0
915.7516496092356 13343662.0
916.1296574142808 13963102.0
916.5079042817767 14447842.0
916.8863902117237 14564909.0
917.2651152041215 14891515.0
917.6440792589702 14884956.0
918.0232823762697 15094394.0
918.4027245560201 14542798.0
918.7824057982216 14497318.0
919.1623261028737 14185189.0
919.542485469977 13992821.0
919.9228838995309 14126305.0
920.3035213915359 13452240.0
920.6843979459916 13733761.0
921.0655135628983 14174269.0
921.446868242256 14856488.0
921.8284619840645 15931989.0
922.2102947883237 16152358.0
922.5923666550341 16137321.0
922.9746775841952 15855749.0
923.3572275758072 15673218.0
923.7400166298701 17024094.0
924.1230447463838 17926354.0
924.5063119253487 18324438.0
924.8898181667641 19617246.0
925.2735634706307 20005206.0
925.657547836948 20518144.0
926.0417712657163 19780082.0
926.4262337569354 20041644.0
926.8109353106056 19421516.0
927.1958759267263 19478324.0
927.5810556052983 17553456.0
927.966474346321 15545350.0
928.3521321497947 14640075.0
928.7380290157191 14768354.0
929.1241649440944 14988490.0
929.5105399349206 14687445.0
929.8971539881978 14739585.0
930.2840071039259 15122592.0
930.6710992821048 14159998.0
931.0584305227347 12931242.0
931.4460008258154 12248481.0
931.8338101913471 11683001.0
932.2218586193296 11585645.0
932.610146109763 10500370.0
932.9986726626472 9150082.0
933.3874382779825 7598423.0
933.7764429557685 5921301.0
934.1656866960054 4408239.5
934.5551694986933 3719297.8
934.9448913638321 3206422.5
935.3348522914216 2482988.2
935.7250522814621 2518487.0
936.1154913339535 2486540.0
936.5061694488959 2924697.0
936.8970866262891 3104996.2
937.288242866133 3568046.2
937.6796381684281 3605290.5
938.0712725331739 3611937.8
938.4631459603708 3820675.0
938.8552584500184 3938104.8
939.247610002117 3669220.0
939.6402006166663 4098784.8
940.0330302936667 4369715.5
940.4260990331178 4206921.5
940.8194068350199 4456324.5
941.212953699373 4755418.5
941.6067396261767 4377731.0
942.0007646154315 4445505.5
942.3950286671371 4737714.0
942.7895317812938 4404670.0
943.184273957901 4272815.5
943.5792551969595 4963290.5
943.9744754984687 4714157.0
944.3699348624289 4439937.5
944.7656332888398 4348303.0
945.1615707777016 4095064.5
945.5577473290144 4038326.0
945.9541629427781 4006143.0
946.3508176189927 3791756.2
946.7477113576581 3650306.5
947.1448441587745 4156348.0
947.5422160223416 4000558.8
947.9398269483597 4172484.5
948.3376769368288 4420589.0
948.7357659877487 5101869.0
949.1340941011194 5089711.0
949.5326612769411 5481129.5
949.9314675152136 5823212.5
950.3305128159373 6578225.5
950.7297971791115 6565067.5
951.1293206047367 6134290.5
951.5290830928128 6266597.0
951.9290846433399 6623319.5
952.3293252563178 6862407.0
952.7298049317465 6142114.0
953.1305236696262 5372883.0
953.5314814699568 5118745.5
953.9326783327383 5462766.0
954.3341142579707 5567898.0
954.7357892456539 5255029.5
955.137703295788 5316620.5
955.5398564083731 5618221.0
955.942248583409 5593546.0
956.3448798208958 5423479.0
956.7477501208334 4751878.0
957.1508594832221 4383835.5
957.5542079080615 4379109.5
957.9577953953519 3864082.5
958.3616219450932 3625206.2
958.7656875572852 3757313.5
959.1699922319283 4024886.2
959.5745359690222 4162695.5
959.979318768567 4470303.0
960.3843406305627 4574863.0
960.7896015550094 4505203.5
961.1951015419069 5259753.0
961.6008405912553 5378707.0
962.0068187030545 5089323.0
962.4130358773048 5357160.5
962.8194921140057 5656995.0
963.2261874131577 6195564.5
963.6331217747605 6422919.5
964.0402951988142 6190342.5
964.4477076853188 6226326.0
964.8553592342744 6450620.5
965.2632498456808 6587193.0
965.671379519538 6761037.0
966.0797482558462 6623662.0
966.4883560546052 6461200.0
966.8972029158153 6095907.5
967.3062888394761 6542634.5
967.7156138255879 5755960.0
968.1251778741505 4771236.0
968.534980985164 3931637.0
968.9450231586284 3715262.5
969.3553043945437 3611591.2
969.7658246929099 3752057.8
970.1765840537269 3441004.5
970.5875824769948 3356897.5
970.9988199627137 3382816.2
971.4102965108834 3434323.5
971.822012121504 3329602.2
972.2339667945757 3290032.2
972.6461605300981 3783261.0
973.0585933280714 3976462.0
973.4712651884955 4273173.0
973.8841761113707 4372016.5
974.2973260966967 4831644.0
974.7107151444736 5894508.0
975.1243432547012 6023584.0
975.5382104273799 6026363.0
975.9523166625095 6644451.0
976.3666619600898 6095837.5
976.7812463201212 6301791.0
977.1960697426034 7365118.0
977.6111322275365 7719400.0
978.0264337749204 7896581.0
978.4419743847554 8483694.0
978.8577540570411 8942257.0
979.2737727917779 9217965.0
979.6900305889653 8036509.0
980.1065274486039 7507372.5
980.523263370693 6630957.0
980.9402383552333 5920040.0
981.3574524022245 6371363.0
981.7749055116664 7066557.5
982.1925976835594 7398589.5
982.6105289179031 7646830.5
983.0286992146978 7839997.0
983.4471085739433 7916248.0
983.8657569956398 9177859.0
984.2846444797872 9897536.0
984.7037710263854 10373334.0
985.1231366354345 11063501.0
985.5427413069345 11053256.0
985.9625850408854 10605935.0
986.3826678372873 11356731.0
986.8029896961399 12341522.0
987.2235506174435 12623889.0
987.6443506011979 12161991.0
988.0653896474032 12051224.0
988.4866677560595 12056146.0
988.9081849271665 11441949.0
989.3299411607247 10772636.0
989.7519364567336 10115787.0
990.1741708151934 9905559.0
990.5966442361041 9284029.0
991.0193567194657 9199132.0
991.4423082652781 9321414.0
991.8654988735416 9247399.0
992.2889285442558 8139319.0
992.712597277421 7370232.0
993.1365050730369 6646292.0
993.5606519311038 6540322.5
993.9850378516217 6222257.0
994.4096628345903 6138653.0
994.83452688001 6679643.0
995.2596299878804 7946364.5
995.6849721582018 8824358.0
996.110553390974 9269699.0
996.5363736861973 9548626.0
996.9624330438713 10531819.0
997.3887314639962 10760172.0
997.8152689465721 10759195.0
998.2420454915989 9816104.0
998.6690610990764 9696432.0
999.0963157690048 9503625.0
999.5238095013843 10360482.0
999.9515422962145 9922723.0
1000.3795141534958 9088367.0
1000.8077250732279 7638283.0
1001.2361750554107 6795501.0
1001.6648641000446 5733067.5
1002.0937922071294 5776566.0
1002.522959376665 5687542.5
1002.9523656086515 5307941.0
1003.3820109030889 4959771.0
1003.8118952599773 4945864.0
1004.2420186793163 5509871.0
1004.6723811611065 6323224.5
1005.1029827053474 6734269.5
1005.5338233120393 7252414.0
1005.9649029811819 8080610.5
1006.3962217127755 8882126.0
1006.8277795068202 10061399.0
1007.2595763633155 10893314.0
1007.6916122822619 11992275.0
1008.1238872636591 13742109.0
1008.5564013075071 15266891.0
1008.9891544138061 16455611.0
1009.422146582556 17005924.0
1009.8553778137567 17607306.0
1010.2888481074084 19544866.0
1010.7225574635108 20638654.0
1011.1565058820644 19840790.0
1011.5906933630686 20495870.0
1012.0251199065237 20994884.0
1012.45978551243 19428226.0
1012.8946901807869 17192728.0
1013.3298339115948 15605818.0
1013.7652167048535 11592979.0
1014.2008385605632 8430308.0
1014.6366994787238 7300686.0
1015.0727994593352 6639319.0
1015.5091385023975 5968233.0
1015.9457166079108 5534438.0
1016.3825337758749 5960744.5
1016.8195900062899 5928946.0
1017.2568852991558 6309587.0
1017.6944196544725 6916388.0
1018.1321930722402 8041307.0
1018.5702055524587 9301854.0
1019.0084570951283 10549352.0
1019.4469477002485 11084482.0
1019.8856773678198 11783506.0
1020.3246460978419 12528369.0
1020.763853890315 13249082.0
1021.2033007452387 13954920.0
1021.6429866626136 14996942.0
1022.0829116424393 16183692.0
1022.5230756847159 16850636.0
1022.9634787894433 16755539.0
1023.4041209566217 17523488.0
1023.8450021862509 16774140.0
1024.286122478331 14033114.0
1024.727481832862 11739782.0
1025.1690802498438 9425964.0
1025.6109177292767 6671943.0
1026.0529942711605 4500766.0
1026.495309875495 3244250.2
1026.9378645422805 3351640.2
1027.380658271517 3126916.2
1027.823691063204 2528287.5
1028.2669629173424 2052331.5
1028.7104738339312 1736782.8
1029.1542238129714 1644784.4
1029.598212854462 1298945.5
1030.0424409584039 1303839.8
1030.4869081247964 1494319.2
1030.9316143536398 1266663.6
1031.376559644934 1190323.5
1031.8217439986793 1164506.6
1032.2671674148755 1026692.2
1032.7128298935227 1087791.1
1033.1587314346207 922942.6
1033.6048720381693 1082118.4
1034.051251704169 1256682.8
1034.4978704326197 1351251.0
1034.9447282235212 1052171.0
1035.3918250768736 1013650.4
1035.8391609926769 1123292.0
1036.286735970931 881050.56
1036.734550011636 1355264.4
1037.182603114792 1201439.5
1037.6308952803988 803430.7
1038.0794265084567 816376.94
1038.5281967989652 1107088.0
1038.9772061519247 1287379.5
1039.426454567335 1187813.2
1039.8759420451966 1284716.8
1040.3256685855085 1160248.9
1040.7756341882716 1060862.6
1041.2258388534856 1271483.5
1041.6762825811506 1445653.5
1042.1269653712661 1658471.5
1042.577887223833 1729752.0
1043.0290481388504 1292275.0
1043.4804481163187 1569724.8
1043.9320871562381 1794004.0
1044.3839652586082 1751782.0
1044.8360824234294 1359142.5
1045.2884386507012 1566005.2
1045.7410339404241 1683117.2
1046.193868292598 1468738.6
1046.6469417072226 1840137.5
1047.1002541842981 1564541.5
1047.5538057238246 1483952.2
1048.0075963258018 1424720.0
1048.46162599023 1497812.6
1048.915894717109 1363573.2
1049.3704025064392 1360347.0
1049.82514935822 1510753.9
1050.2801352724516 1683338.2
1050.7353602491344 1763033.0
1051.1908242882678 1663939.8
1051.6465273898525 2278330.5
1052.1024695538877 2252052.5
1052.558650780374 2251376.0
1053.015071069311 1953111.2
1053.471730420699 1701639.4
1053.928628834538 1803829.8
1054.3857663108276 1621251.8
1054.8431428495683 1626980.2
1055.30075845076 2156697.0
1055.7586131144024 1933069.8
1056.2167068404956 1673166.0
1056.67503962904 1483253.0
1057.133611480035 1609357.8
1057.592422393481 1606189.5
1058.0514723693777 2166772.2
1058.5107614077258 2256724.2
1058.9702895085243 2388104.8
1059.4300566717739 1920606.5
1059.8900628974743 1799461.4
1060.3503081856259 2319794.8
1060.8107925362278 2328669.5
1061.2715159492811 2215123.0
1061.732478424785 997556.25
1062.1936799627401 -845820.9
1062.6551205631458 -2205348.5
1063.1168002260026 -3705548.5
1063.57871895131 -5034529.0
1064.0408767390686 -6730762.0
1064.503273589278 -8859548.0
1064.965909501938 -10973520.0
1065.4287844770492 -12542064.0
1065.8918985146113 -14325395.0
1066.3552516146242 -16150618.0
1066.818843777088 -18217652.0
1067.2826750020029 -20021484.0
1067.7467452893684 -21841438.0
1068.211054639185 -24051312.0
1068.6756030514523 -26087702.0
1069.1403905261704 -28346028.0
1069.6054170633397 -30100404.0
1070.0706826629596 0.0
1070.5361873250306 0.0
1071.0019310495525 0.0
1071.4679138365252 0.0
1071.9341356859486 0.0
