string
description: px_shifted, calibration parameter: [ 1.19531225e-04 -2.30194563e-02  6.18194146e+02]
converted file:R_100ms_Fe_S3_x_1_19_binned_y back: data/dark_100msRZP-structure:___RZP_S3100msRoi:[0, 1040, 2048, 2048]
eV counts/s
618.1712462133476 2085695.0
618.1485853507007 1943193.9
618.1261635505048 2126161.5
618.1039808127597 2111046.2
618.0820371374655 2571819.5
618.0603325246223 2457847.2
618.0388669742298 2635953.5
618.0176404862883 2529382.0
617.9966530607976 2456607.8
617.9759046977579 2380923.0
617.955395397169 2287687.2
617.9351251590311 2496926.8
617.9150939833439 2685839.0
617.8953018701078 2485488.0
617.8757488193226 2241269.5
617.8564348309881 2099789.8
617.8373599051046 2083872.4
617.8185240416719 2579950.2
617.7999272406903 2959065.2
617.7815695021593 2706084.0
617.7634508260794 2519739.0
617.7455712124504 2401384.8
617.7279306612722 2212667.0
617.7105291725449 2422710.5
617.6933667462686 2334407.0
617.676443382443 1983549.5
617.6597590810685 2053960.8
617.6433138421447 2080136.0
617.6271076656718 2432987.8
617.6111405516499 2469426.8
617.5954125000789 2426935.5
617.5799235109587 2420394.8
617.5646735842894 2292925.5
617.5496627200711 2056305.6
617.5348909183035 2263719.8
617.520358178987 2228152.0
617.5060645021213 2925579.0
617.4920098877064 2839230.5
617.4781943357425 2926291.2
617.4646178462295 2952603.0
617.4512804191673 3109593.0
617.4381820545561 3176648.0
617.4253227523957 3053646.2
617.4127025126862 3507386.2
617.4003213354276 4022182.0
617.3881792206199 3495472.0
617.3762761682632 2699436.5
617.3646121783572 1874219.0
617.3531872509022 1575840.8
617.342001385898 1716902.4
617.3310545833449 1820764.0
617.3203468432424 1905828.2
617.309878165591 1996778.2
617.2996485503904 2042408.2
617.2896579976408 2235718.2
617.2799065073419 2237502.2
617.270394079494 2063671.0
617.261120714097 1880548.6
617.2520864111508 2291606.5
617.2432911706557 2367140.2
617.2347349926113 3145257.0
617.2264178770179 3830624.5
617.2183398238752 4291882.5
617.2105008331837 4242702.5
617.2029009049428 3654737.0
617.195540039153 3476314.0
617.188418235814 2751143.8
617.1815354949258 2891412.5
617.1748918164886 3066023.8
617.1684872005023 2824016.0
617.1623216469668 2746653.5
617.1563951558823 3032908.0
617.1507077272486 2793098.0
617.1452593610658 3160221.2
617.140050057334 4081692.2
617.1350798160529 4227942.0
617.1303486372229 4143409.5
617.1258565208436 4348039.0
617.1216034669154 4321417.0
617.1175894754379 4668372.0
617.1138145464114 5219491.0
617.1102786798357 5471907.0
617.106981875711 5605800.5
617.1039241340371 5517861.0
617.1011054548142 4602663.0
617.0985258380421 4322354.5
617.0961852837207 3646206.2
617.0940837918505 3186456.5
617.092221362431 3340383.8
617.0905979954625 4189418.5
617.0892136909449 4540307.0
617.0880684488782 4032326.5
617.0871622692623 3530855.0
617.0864951520974 3389499.5
617.0860670973833 4942459.0
617.0858781051202 6492089.5
617.0859281753078 8953409.0
617.0862173079464 11839724.0
617.0867455030359 11255485.0
617.0875127605763 7141414.5
617.0885190805675 3388337.5
617.0897644630096 1755116.5
617.0912489079027 1810446.5
617.0929724152465 1463521.1
617.0949349850415 1575817.6
617.0971366172871 1561532.5
617.0995773119838 1513706.9
617.1022570691313 1693920.8
617.1051758887297 1788763.1
617.1083337707789 1812045.5
617.1117307152791 1803218.9
617.1153667222302 2242426.0
617.1192417916321 2170179.8
617.123355923485 2259610.8
617.1277091177888 2616331.0
617.1323013745433 2287076.5
617.1371326937488 2744497.8
617.1422030754052 3570717.5
617.1475125195125 4129178.5
617.1530610260706 4300509.5
617.1588485950797 4888451.0
617.1648752265397 5810674.0
617.1711409204505 6926266.0
617.1776456768123 9026114.0
617.1843894956249 9107524.0
617.1913723768885 8154357.5
617.1985943206029 6170300.0
617.2060553267681 6193455.0
617.2137553953843 6797705.5
617.2216945264513 8119929.5
617.2298727199694 9028511.0
617.2382899759382 7705981.0
617.246946294358 4285754.5
617.2558416752286 2520946.0
617.2649761185502 1896766.4
617.2743496243226 1662907.0
617.2839621925459 1696696.0
617.29381382322 1156745.0
617.3039045163453 1110061.8
617.3142342719211 1266679.1
617.3248030899481 1283971.1
617.3356109704258 945258.75
617.3466579133545 1212726.8
617.357943918734 868402.2
617.3694689865644 629080.56
617.3812331168458 894200.75
617.3932363095779 988137.0
617.4054785647611 761112.9
617.417959882395 650608.7
617.43068026248 679822.4
617.4436397050157 1194816.4
617.4568382100024 1122681.9
617.47027577744 1004772.6
617.4839524073284 1205423.8
617.4978680996677 1363862.5
617.512022854458 1924076.1
617.526416671699 3164664.8
617.5410495513911 5199709.0
617.555921493534 7663552.0
617.5710324981277 9680140.0
617.5863825651725 10055242.0
617.601971694668 8337579.5
617.6177998866144 5445732.5
617.6338671410118 3871237.2
617.6501734578601 2956265.5
617.6667188371591 3021991.0
617.6835032789093 3096894.5
617.70052678311 2707090.5
617.7177893497619 3221777.0
617.7352909788646 3610372.5
617.7530316704182 4593833.0
617.7710114244226 5511111.0
617.7892302408779 5330852.5
617.8076881197842 4470307.0
617.8263850611413 3494324.8
617.8453210649494 2623554.0
617.8644961312083 3276878.8
617.8839102599181 4983732.5
617.9035634510788 7905685.5
617.9234557046905 10323087.0
617.9435870207528 13421032.0
617.9639573992663 17181080.0
617.9845668402305 20341034.0
618.0054153436457 18411872.0
618.0265029095117 12379191.0
618.0478295378288 8386003.0
618.0693952285965 5711456.0
618.0911999818152 4237208.0
618.1132437974848 3800327.5
618.1355266756052 3547806.2
618.1580486161766 2537514.0
618.180809619199 2181380.2
618.2038096846721 1679308.9
618.2270488125961 1363490.0
618.2505270029711 823649.4
618.2742442557969 869085.1
618.2982005710737 858777.56
618.3223959488013 1132036.2
618.3468303889798 1113914.4
618.3715038916091 1533764.4
618.3964164566895 1091812.6
618.4215680842207 1182161.8
618.4469587742026 1000922.8
618.4725885266356 965513.44
618.4984573415195 1055284.0
618.5245652188543 1035415.1
618.5509121586398 998895.25
618.5774981608764 1366407.4
618.6043232255638 1760114.0
618.6313873527021 1474067.0
618.6586905422912 1369890.0
618.6862327943314 2079877.2
618.7140141088223 2048963.9
618.7420344857642 2075862.4
618.7702939251569 1799441.0
618.7987924270005 2911156.2
618.827529991295 4625567.0
618.8565066180404 7213754.5
618.8857223072368 10507465.0
618.915177058884 13445892.0
618.944870872982 13856225.0
618.974803749531 11437149.0
619.004975688531 8305837.0
619.0353866899817 5334220.5
619.0660367538834 4311174.0
619.0969258802359 3438249.8
619.1280540690393 2613935.0
619.1594213202936 2650301.5
619.1910276339989 2613080.2
619.2228730101549 2184750.5
619.2549574487618 1838256.9
619.2872809498198 1660638.0
619.3198435133286 1476612.5
619.3526451392883 1534468.8
619.3856858276988 1125621.1
619.4189655785602 1094253.8
619.4524843918725 1080001.5
619.4862422676358 1380110.6
619.5202392058499 1354168.0
619.5544752065149 1286272.8
619.5889502696308 1059171.1
619.6236643951976 1134549.6
619.6586175832152 1161580.8
619.6938098336839 1393780.6
619.7292411466033 1417579.4
619.7649115219735 1741129.4
619.8008209597948 2476856.5
619.8369694600669 3913978.5
619.8733570227901 4704715.5
619.9099836479638 5110412.5
619.9468493355887 6247733.0
619.9839540856643 7727147.0
620.0212978981909 9378410.0
620.0588807731684 9857982.0
620.0967027105968 7720559.5
620.134763710476 5587567.0
620.1730637728062 3906149.5
620.2116028975872 2641079.8
620.2503810848191 2280895.2
620.2893983345019 1902169.9
620.3286546466355 1654862.6
620.3681500212202 1847507.5
620.4078844582556 1345761.9
620.447857957742 1145357.0
620.4880705196792 1254331.4
620.5285221440674 1135241.0
620.5692128309064 936470.0
620.6101425801965 905993.75
620.6513113919372 535984.5
620.692719266129 897293.06
620.7343662027715 1256538.5
620.7762522018651 1074306.5
620.8183772634094 892473.2
620.8607413874046 860810.0
620.9033445738509 666017.0
620.9461868227478 687730.0
620.9892681340958 603499.75
621.0325885078946 910607.6
621.0761479441444 1021527.56
621.1199464428449 1049007.2
621.1639840039965 975435.06
621.2082606275989 1318644.2
621.2527763136521 1380995.6
621.2975310621563 1177635.9
621.3425248731114 1435363.6
621.3877577465173 1403188.1
621.4332296823742 1018360.1
621.478940680682 780912.5
621.5248907414405 955391.1
621.5710798646501 1225818.2
621.6175080503104 1455768.0
621.6641752984218 1088932.8
621.7110816089839 878616.4
621.758226981997 1330185.2
621.8056114174609 1156339.9
621.8532349153759 1008486.94
621.9010974757415 1080518.6
621.9491990985582 1418007.0
621.9975397838257 1251470.0
622.0461195315442 1101626.5
622.0949383417135 944973.44
622.1439962143336 1367449.4
622.1932931494047 1737166.9
622.2428291469266 2003059.9
622.2926042068996 1909623.6
622.3426183293233 1705820.8
622.392871514198 1469695.8
622.4433637615234 1531558.6
622.4940950713 1326157.5
622.5450654435272 1376767.2
622.5962748782055 1268951.5
622.6477233753345 993011.75
622.6994109349146 1158432.8
622.7513375569454 1586879.5
622.8035032414273 1222655.2
622.8559079883598 1342350.6
622.9085517977434 1705794.8
622.9614346695778 2412303.8
623.0145566038631 2786818.8
623.0679176005993 2979742.0
623.1215176597865 3156691.2
623.1753567814245 2967068.5
623.2294349655133 2621251.2
623.2837522120532 2558612.8
623.3383085210438 2312473.0
623.3931038924854 2226084.5
623.4481383263778 2417032.8
623.5034118227212 2768251.5
623.5589243815153 3533641.5
623.6146760027606 3659754.8
623.6706666864566 5126908.0
623.7268964326033 6488377.5
623.7833652412012 7626800.0
623.8400731122499 7533782.0
623.8970200457495 5786530.5
623.9542060416999 4426435.5
624.0116311001013 3432734.0
624.0692952209534 2956457.2
624.1271984042567 2515521.0
624.1853406500106 2044709.4
624.2437219582156 2445137.2
624.3023423288714 2005229.0
624.3612017619781 1651650.1
624.4203002575357 1607595.0
624.4796378155443 1864222.4
624.5392144360035 1800352.6
624.5990301189137 1232657.6
624.659084864275 1466431.8
624.7193786720869 1777268.6
624.7799115423499 1227965.1
624.8406834750637 1034844.75
624.9016944702284 1037588.6
624.962944527844 1039700.06
625.0244336479105 1073961.8
625.0861618304278 1345211.4
625.1481290753961 1054961.4
625.2103353828153 1363103.0
625.2727807526853 1671619.9
625.3354651850062 1907146.1
625.398388679778 1881847.5
625.4615512370008 2028935.8
625.5249528566744 1587423.0
625.5885935387989 1615051.8
625.6524732833743 2087928.8
625.7165920904006 2459923.0
625.7809499598777 3319953.8
625.8455468918058 3778471.0
625.9103828861847 4864460.5
625.9754579430146 5725498.0
626.0407720622953 5210056.0
626.106325244027 4215060.0
626.1721174882094 3036034.0
626.2381487948429 2367724.5
626.3044191639272 1784738.5
626.3709285954623 1358351.4
626.4376770894484 1432056.9
626.5046646458853 1587601.2
626.5718912647732 1229199.9
626.6393569461119 1550237.6
626.7070616899016 1847847.8
626.7750054961421 1896724.0
626.8431883648335 1765137.4
626.9116102959758 1484414.5
626.980271289569 1370552.2
627.0491713456131 1488173.9
627.1183104641082 1218818.2
627.1876886450539 1101851.2
627.2573058884507 937268.7
627.3271621942984 1003124.94
627.3972575625968 1384416.1
627.4675919933463 1531846.1
627.5381654865465 1606229.8
627.6089780421978 1663333.6
627.6800296602999 2222329.0
627.7513203408529 2833338.5
627.8228500838567 2566897.5
627.8946188893116 2283760.2
627.9666267572171 2954418.8
628.0388736875738 3119424.0
628.1113596803812 2753974.0
628.1840847356395 1999321.0
628.2570488533487 1712804.4
628.3302520335087 1911493.0
628.4036942761198 2369458.5
628.4773755811816 2378732.8
628.5512959486945 2361202.0
628.6254553786581 2725717.0
628.6998538710727 2846639.0
628.7744914259381 3373166.5
628.8493680432545 3818617.5
628.9244837230217 3461391.5
628.9998384652398 2460185.2
629.0754322699088 1983285.2
629.1512651370288 2345234.5
629.2273370665995 3063460.5
629.3036480586212 3541112.0
629.3801981130938 3289237.5
629.4569872300171 3620602.5
629.5340154093916 4017263.8
629.6112826512167 3761972.0
629.6887889554929 2972851.2
629.7665343222199 2374693.0
629.8445187513979 1642571.9
629.9227422430266 1618510.5
630.0012047971064 1496469.8
630.0799064136369 1292124.5
630.1588470926184 1368182.8
630.2380268340507 1265007.0
630.317445637934 1119417.8
630.3971035042681 1930078.8
630.4770004330533 2847224.5
630.5571364242891 2802949.0
630.6375114779759 2526203.5
630.7181255941136 2122417.2
630.7989787727022 1555321.1
630.8800710137417 1464141.4
630.961402317232 1647469.0
631.0429726831734 2106208.0
631.1247821115654 2162357.8
631.2068306024086 2043824.9
631.2891181557025 1706295.8
631.3716447714473 1242608.4
631.454410449643 1105779.9
631.5374151902896 1346825.2
631.6206589933871 1251896.8
631.7041418589355 1285832.4
631.7878637869347 1432656.2
631.8718247773849 1644400.1
631.956024830286 1667105.1
632.0404639456378 1823746.0
632.1251421234408 2162378.5
632.2100593636944 2395507.5
632.2952156663991 2469045.8
632.3806110315546 2095558.0
632.4662454591611 1605690.1
632.5521189492183 1791228.1
632.6382315017265 1866651.4
632.7245831166855 1743468.9
632.8111737940956 1426056.9
632.8980035339563 1355180.6
632.985072336268 1089525.1
633.0723802010307 1147014.8
633.1599271282441 1903012.4
633.2477131179087 2408863.8
633.3357381700239 2736010.0
633.4240022845902 3067107.8
633.5125054616071 2743638.8
633.6012477010752 2318098.5
633.690229002994 2225668.0
633.7794493673638 2149375.8
633.8689087941844 2008740.5
633.958607283456 1980521.2
634.0485448351784 2360234.5
634.1387214493517 2097489.0
634.2291371259759 2246444.8
634.3197918650509 1985260.2
634.4106856665769 1820684.9
634.5018185305538 1529669.9
634.5931904569816 1474781.2
634.6848014458602 1391725.5
634.7766514971898 1707376.0
634.8687406109701 1753017.2
634.9610687872016 1960654.5
635.0536360258837 1663340.2
635.1464423270169 1333693.9
635.2394876906009 986039.4
635.3327721166357 831000.5
635.4262956051215 1012982.1
635.5200581560582 953462.25
635.6140597694457 859905.06
635.7083004452841 816641.2
635.8027801835735 1058065.0
635.8974989843136 1076511.0
635.9924568475049 1205919.0
636.0876537731468 1164414.8
636.1830897612398 1076445.5
636.2787648117835 1122169.1
636.3746789247782 1333932.8
636.4708321002237 1640257.2
636.5672243381202 1542891.5
636.6638556384676 1622822.8
636.7607260012659 1971785.6
636.857835426515 1824465.6
636.9551839142149 1680257.4
637.0527714643658 2254675.5
637.1505980769675 2137481.0
637.2486637520203 2017553.1
637.3469684895239 1905295.5
637.4455122894784 1394867.4
637.5442951518837 1504261.9
637.64331707674 1374903.9
637.742578064047 1647246.8
637.8420781138052 2008018.5
637.941817226014 2041732.4
638.0417954006739 1878512.6
638.1420126377845 1518493.6
638.2424689373462 1221970.2
638.3431642993586 1147234.9
638.444098723822 1102626.6
638.5452722107362 960117.0
638.6466847601014 1048944.8
638.7483363719175 1190083.6
638.8502270461844 912300.1
638.9523567829023 1172424.5
639.0547255820709 1219472.6
639.1573334436905 931389.3
639.260180367761 1170739.1
639.3632663542825 1070704.8
639.4665914032546 1061929.4
639.5701555146778 1331583.5
639.6739586885519 1577901.8
639.7780009248769 1540411.9
639.8822822236526 1754413.1
639.9868025848793 1760729.8
640.091562008557 1997001.1
640.1965604946854 2261869.0
640.3017980432649 2369728.0
640.4072746542952 3458852.8
640.5129903277764 4084828.0
640.6189450637083 3593507.0
640.7251388620914 2736560.2
640.8315717229252 1886216.5
640.93824364621 1275267.9
641.0451546319456 1399992.6
641.1523046801321 1324441.1
641.2596937907695 1199532.1
641.3673219638578 1107670.6
641.4751891993969 1307584.0
641.583295497387 938094.4
641.691640857828 1119379.5
641.8002252807198 1648799.9
641.9090487660626 1401888.9
642.0181113138563 1081207.4
642.1274129241008 1618025.0
642.2369535967962 1369194.8
642.3467333319426 1674231.1
642.4567521295397 2242410.2
642.5670099895879 2439105.8
642.6775069120868 2369316.2
642.7882428970366 2416202.8
642.8992179444374 1740299.4
643.010432054289 1465831.2
643.1218852265915 1392545.6
643.2335774613449 1431364.8
643.3455087585494 1372530.0
643.4576791182045 1235049.2
643.5700885403106 1298309.8
643.6827370248676 1676259.2
643.7956245718756 1584871.4
643.9087511813342 1541496.8
644.0221168532439 1398985.8
644.1357215876045 1521651.2
644.249565384416 1521128.1
644.3636482436782 1773345.1
644.4779701653915 1651573.0
644.5925311495556 1273804.6
644.7073311961706 1144659.9
644.8223703052365 1145040.5
644.9376484767532 1239420.9
645.0531657107209 1923843.5
645.1689220071395 1955909.8
645.2849173660089 1777475.5
645.4011517873292 1477370.8
645.5176252711005 1636875.8
645.6343378173226 1650651.9
645.7512894259957 1739234.9
645.8684800971196 1541668.8
645.9859098306944 1506253.6
646.10357862672 1380861.2
646.2214864851966 1190837.1
646.3396334061241 1154960.8
646.4580193895024 1590979.5
646.5766444353317 1594034.4
646.6955085436118 1345521.9
646.8146117143428 1342759.2
646.9339539475247 1527266.1
647.0535352431576 1337327.2
647.1733556012413 1204456.6
647.2934150217759 1281657.4
647.4137135047613 937336.2
647.5342510501977 1157990.0
647.6550276580849 1258766.2
647.7760433284232 1096834.5
647.8972980612122 1168911.9
648.018791856452 1454579.0
648.1405247141429 1467140.0
648.2624966342845 1490970.2
648.3847076168772 1089935.1
648.5071576619206 1357495.6
648.629846769415 1604774.0
648.7527749393603 1641157.6
648.8759421717565 1610222.0
648.9993484666035 1936250.2
649.1229938239015 1429500.8
649.2468782436503 1225147.4
649.3710017258501 925195.25
649.4953642705007 827129.3
649.6199658776021 1111589.0
649.7448065471544 1220928.6
649.8698862791578 1255412.9
649.9952050736119 1253935.8
650.120762930517 1187718.9
650.2465598498729 1269239.8
650.3725958316797 1562126.0
650.4988708759375 1446083.5
650.6253849826461 1323736.8
650.7521381518056 984839.4
650.879130383416 1199183.6
651.0063616774773 1579037.5
651.1338320339895 1719036.0
651.2615414529527 1626861.4
651.3894899343666 1438731.9
651.5176774782313 1527064.2
651.6461040845472 1581356.4
651.7747697533138 1238557.6
651.9036744845314 869951.9
652.0328182781997 1172728.2
652.162201134319 1236520.5
652.2918230528892 1129228.0
652.4216840339103 1523462.4
652.5517840773823 1561516.5
652.6821231833052 1479136.9
652.8127013516789 1322153.1
652.9435185825037 1490590.8
653.074574875779 1476310.2
653.2058702315056 1467146.2
653.3374046496829 1403508.5
653.469178130311 1206101.4
653.6011906733902 1238070.2
653.73344227892 1325815.8
653.865932946901 1232295.2
653.9986626773327 1430410.8
654.1316314702154 1192976.6
654.2648393255489 1336155.1
654.3982862433335 1247237.6
654.5319722235687 1104448.2
654.665897266255 1081547.4
654.8000613713921 1154798.0
654.9344645389801 1303746.4
655.069106769019 1370204.9
655.2039880615088 1578569.5
655.3391084164494 1354846.9
655.4744678338409 1160066.5
655.6100663136834 1593372.8
655.7459038559767 1605791.0
655.881980460721 1644976.0
656.0182961279161 1456265.0
656.1548508575621 1060958.9
656.291644649659 1107213.2
656.4286775042068 1479320.1
656.5659494212055 1708652.4
656.7034604006551 1850592.8
656.8412104425555 1445210.5
656.9791995469069 1494008.9
657.117427713709 1423564.9
657.2558949429622 1567775.6
657.3946012346663 1710210.6
657.5335465888211 1469125.6
657.672731005427 1454908.5
657.8121544844836 1429126.4
657.9518170259913 999711.75
658.0917186299497 1094858.4
658.2318592963591 1352489.9
658.3722390252193 1420934.8
658.5128578165305 1450900.8
658.6537156702925 1133397.6
658.7948125865055 1575150.0
658.9361485651692 1573951.1
659.077723606284 1453780.5
659.2195377098495 1264963.6
659.361590875866 1292664.5
659.5038831043335 1158137.6
659.6464143952517 1196813.5
659.7891847486209 1373186.0
659.9321941644408 1284373.5
660.0754426427119 1189382.2
660.2189301834336 1384053.1
660.3626567866064 1404453.6
660.50662245223 1152206.8
660.6508271803045 1265495.5
660.7952709708298 1234423.6
660.9399538238061 758391.94
661.0848757392333 1106441.4
661.2300367171114 1354763.8
661.3754367574403 1102060.6
661.5210758602201 1061059.5
661.6669540254509 1180165.5
661.8130712531324 1288193.8
661.9594275432651 1005152.5
662.1060228958484 1247794.0
662.2528573108827 1197280.8
662.3999307883678 848624.5
662.5472433283039 772537.25
662.6947949306908 982364.5
662.8425855955288 1196366.8
662.9906153228175 1103625.5
663.1388841125572 1064234.5
663.2873919647476 1002648.5
663.436138879389 1388742.8
663.5851248564813 1285448.9
663.7343498960245 914677.56
663.8838139980186 812877.75
664.0335171624636 1051197.9
664.1834593893594 959891.1
664.3336406787062 992791.94
664.4840610305039 1276452.4
664.6347204447524 1248391.4
664.7856189214518 1371120.2
664.936756460602 1493651.5
665.0881330622034 1185898.6
665.2397487262554 1103424.2
665.3916034527584 915946.6
665.5436972417123 892733.6
665.6960300931171 1074595.5
665.8486020069727 1164339.5
666.0014129832791 1022720.1
666.1544630220367 1041025.3
666.3077521232449 1285128.2
666.4612802869042 985658.6
666.6150475130142 1145530.6
666.7690538015753 1179963.4
666.9232991525871 1193333.2
667.07778356605 1096371.1
667.2325070419636 1330434.2
667.3874695803282 1332050.2
667.5426711811436 1215920.1
667.69811184441 1138556.8
667.8537915701272 1097815.8
668.0097103582953 1600988.6
668.1658682089143 1704227.2
668.3222651219842 1717434.5
668.4789010975051 2097527.8
668.6357761354766 1890118.1
668.7928902358992 1443364.9
668.9502433987727 1384818.2
669.1078356240971 1445499.0
669.2656669118722 1342144.8
669.4237372620985 1047290.25
669.5820466747754 1325813.5
669.7405951499034 1219944.0
669.8993826874821 996244.0
670.0584092875117 1017482.2
670.2176749499924 1424981.4
670.3771796749238 1440802.5
670.5369234623063 1043264.9
670.6969063121394 915154.4
670.8571282244236 1150628.6
671.0175891991586 1089351.0
671.1782892363447 1306506.4
671.3392283359814 1593379.5
671.5004064980691 1469476.5
671.6618237226077 1316109.8
671.8234800095972 885778.9
671.9853753590376 1282552.8
672.1475097709289 1343893.5
672.309883245271 1397389.2
672.472495782064 1330586.9
672.635347381308 1197247.4
672.7984380430028 1517330.5
672.9617677671484 1697988.8
673.125336553745 1597526.4
673.2891444027925 1422110.6
673.453191314291 1330253.2
673.6174772882403 983923.0
673.7820023246404 1131549.8
673.9467664234915 1278299.8
674.1117695847934 1315300.2
674.2770118085463 1412213.5
674.4424930947499 1456868.0
674.6082134434046 1336376.5
674.7741728545101 1283636.8
674.9403713280664 1351197.5
675.1068088640737 1438724.0
675.2734854625319 1323605.6
675.440401123441 1633123.8
675.6075558468009 1980688.0
675.7749496326118 1803563.2
675.9425824808735 1902402.6
676.1104543915861 1860048.6
676.2785653647496 1760704.8
676.4469154003641 1638425.2
676.6155044984293 2046646.1
676.7843326589456 2049575.5
676.9533998819127 1747742.0
677.1227061673306 1727066.5
677.2922515151995 1590753.1
677.4620359255191 1443444.2
677.6320593982898 1422582.6
677.8023219335114 1501043.9
677.9728235311838 1514027.6
678.1435641913071 1256540.1
678.3145439138814 1361182.8
678.4857626989063 1176632.4
678.6572205463824 1252885.4
678.8289174563092 1333644.5
679.000853428687 1127186.6
679.1730284635156 1208061.4
679.3454425607953 1525344.8
679.5180957205256 1630766.4
679.690987942707 1371111.1
679.8641192273392 1557716.5
680.0374895744222 1386363.9
680.2110989839563 1611389.4
680.3849474559411 1753262.5
680.559034990377 1915389.0
680.7333615872635 2097154.8
680.9079272466012 1759128.1
681.0827319683896 1484359.0
681.257775752629 1382763.6
681.4330585993191 1380416.1
681.6085805084602 1674066.5
681.7843414800523 1492783.8
681.9603415140951 1144711.0
682.1365806105889 1084392.4
682.3130587695335 1196785.1
682.4897759909292 1227624.9
682.6667322747755 1204484.8
682.8439276210729 1120819.5
683.0213620298211 1072357.0
683.1990355010204 1181663.0
683.3769480346702 1161216.0
683.5550996307712 1259610.8
683.7334902893231 1014879.25
683.9121200103258 1226891.4
684.0909887937793 1301847.5
684.2700966396839 1300586.6
684.4494435480391 1655590.1
684.6290295188454 1670223.8
684.8088545521025 1366837.6
684.9889186478105 1207959.4
685.1692218059694 1009936.6
685.3497640265792 1152517.8
685.5305453096399 964556.4
685.7115656551515 1338303.1
685.8928250631141 1754707.6
686.0743235335274 1692821.2
686.2560610663917 1771864.9
686.4380376617067 1426968.1
686.6202533194729 1310717.1
686.8027080396897 1345291.2
686.9854018223576 1650529.5
687.1683346674763 1306369.2
687.351506575046 1305112.2
687.5349175450664 1175886.4
687.7185675775377 1385882.4
687.9024566724601 1557876.1
688.0865848298331 1634392.4
688.2709520496572 1382707.4
688.4555583319321 1080714.5
688.640403676658 1061484.8
688.8254880838347 1286570.8
689.0108115534624 1579602.4
689.1963740855408 1209948.2
689.3821756800703 1383222.4
689.5682163370506 1693287.8
689.7544960564818 1901826.5
689.9410148383638 1736197.2
690.1277726826967 1426766.4
690.3147695894805 1679916.2
690.5020055587153 1484251.1
690.689480590401 1638114.4
690.8771946845374 1419609.4
691.0651478411248 1509531.2
691.253340060163 1439361.2
691.4417713416524 1732553.5
691.6304416855924 1791888.9
691.8193510919834 1967867.4
692.0084995608252 2017139.0
692.197887092118 1876387.8
692.3875136858616 1928423.8
692.5773793420561 1625246.4
692.7674840607016 1987673.9
692.9578278417978 1767214.9
693.1484106853451 1720410.1
693.339232591343 1770093.2
693.5302935597921 1550044.9
693.7215935906919 1341302.4
693.9131326840427 1411666.0
694.1049108398444 1616821.2
694.2969280580969 1594284.5
694.4891843388003 1596765.0
694.6816796819547 1344932.2
694.8744140875599 1459131.5
695.067387555616 1444602.0
695.260600086123 1630937.2
695.4540516790809 1901336.0
695.6477423344896 1815555.2
695.8416720523492 2000461.0
696.0358408326598 1928913.1
696.2302486754212 2289466.0
696.4248955806336 2121209.5
696.6197815482967 2577894.8
696.814906578411 2642168.8
697.0102706709758 2472736.8
697.2058738259918 2028912.2
697.4017160434586 2178084.5
697.5977973233763 2340742.8
697.7941176657448 2325041.2
697.9906770705643 2518729.8
698.1874755378346 1972569.9
698.3845130675558 2016719.2
698.581789659728 2476653.2
698.779305314351 2131367.5
698.9770600314249 2197676.5
699.1750538109496 2274717.2
699.3732866529253 2535881.2
699.5717585573519 2671308.5
699.7704695242294 2968298.5
699.9694195535577 2728293.8
700.168608645337 2734236.5
700.3680367995671 2776501.5
700.5677040162482 2703159.0
700.7676102953801 2684001.2
700.9677556369629 2590311.2
701.1681400409966 3103481.5
701.368763507481 3221137.8
701.5696260364166 3246261.0
701.7707276278029 3364977.2
701.9720682816403 3046236.5
702.1736479979284 2810746.0
702.3754667766674 2565744.5
702.5775246178573 2604027.0
702.7798215214982 2522034.8
702.9823574875899 2362648.8
703.1851325161325 2920859.5
703.3881466071259 3421009.5
703.5913997605704 3331455.2
703.7948919764656 3075151.2
703.9986232548118 2843181.5
704.2025935956088 2789537.8
704.4068029988567 2500441.8
704.6112514645556 2731905.2
704.8159389927052 3044901.0
705.020865583306 3005141.2
705.2260312363574 3159554.0
705.4314359518598 2723612.5
705.6370797298131 2537833.2
705.8429625702173 2762092.0
706.0490844730723 3159107.2
706.2554454383783 2913032.8
706.4620454661351 3274875.2
706.6688845563428 3455981.2
706.8759627090014 3462792.5
707.0832799241109 3366357.8
707.2908362016714 3293667.5
707.4986315416826 3544736.5
707.7066659441448 3860489.8
707.9149394090579 3813939.8
708.1234519364218 4032213.5
708.3322035262366 4484415.0
708.5411941785025 4373826.0
708.750423893219 4028321.0
708.9598926703866 4153197.8
709.169600510005 4131314.5
709.3795474120743 4195366.0
709.5897333765945 4345459.0
709.8001584035657 4254107.0
710.0108224929876 4303566.0
710.2217256448604 4323396.5
710.4328678591842 4654414.5
710.6442491359588 4750324.0
710.8558694751844 5272804.5
711.0677288768608 5630104.5
711.2798273409882 6007162.0
711.4921648675663 7120015.0
711.7047414565955 8225145.0
711.9175571080754 9630980.0
712.1306118220064 10918482.0
712.343905598388 12100694.0
712.5574384372208 11836176.0
712.7712103385043 11182595.0
712.9852213022388 10723828.0
713.199471328424 9927554.0
713.4139604170601 9333754.0
713.6286885681474 8671918.0
713.8436557816852 8506536.0
714.0588620576742 8628428.0
714.274307396114 9196799.0
714.4899917970047 9310646.0
714.7059152603462 9029848.0
714.9220777861387 8904098.0
715.138479374382 9250916.0
715.3551200250763 9988059.0
715.5719997382214 10527524.0
715.7891185138174 11579509.0
716.0064763518642 12744692.0
716.224073252362 13834074.0
716.4419092153107 12847112.0
716.6599842407103 11533015.0
716.8782983285607 11301410.0
717.096851478862 11537080.0
717.3156436916144 10604219.0
717.5346749668174 9878489.0
717.7539453044715 9559374.0
717.9734547045764 8136038.0
718.1932031671322 7161504.0
718.4131906921389 6529379.0
718.6334172795965 5653300.0
718.853882929505 4949344.5
719.0745876418644 4606908.0
719.2955314166745 4276014.5
719.5167142539357 4037567.0
719.7381361536477 3891792.0
719.9597971158106 3965600.5
720.1816971404245 4128619.0
720.4038362274891 4042518.0
720.6262143770048 4028053.0
720.8488315889713 4084443.5
721.0716878633887 4321390.0
721.2947832002569 4839698.5
721.518117599576 5795043.0
721.741691061346 7212712.0
721.965503585567 9011879.0
722.1895551722389 10874430.0
722.4138458213616 12228150.0
722.6383755329352 12543978.0
722.8631443069596 13696888.0
723.0881521434351 14638532.0
723.3133990423613 15361554.0
723.5388850037385 15573649.0
723.7646100275665 14642879.0
723.9905741138455 13138654.0
724.2167772625753 12200026.0
724.4432194737561 12008766.0
724.6699007473876 12097520.0
724.8968210834703 12502765.0
725.1239804820036 13699439.0
725.3513789429879 14391204.0
725.579016466423 15022129.0
725.8068930523091 15086146.0
726.0350087006461 15687616.0
726.2633634114338 17329226.0
726.4919571846726 18189148.0
726.7207900203623 17450342.0
726.9498619185028 16465884.0
727.1791728790942 17594902.0
727.4087229021366 21003250.0
727.6385119876297 28599084.0
727.8685401355738 39777864.0
728.0988073459687 56384204.0
728.3293136188147 78063740.0
728.5600589541114 100726840.0
728.7910433518591 123630100.0
729.0222668120575 143464830.0
729.2537293347069 152554080.0
729.4854309198073 145476260.0
729.7173715673584 119352130.0
729.9495512773606 83135720.0
730.1819700498136 51944380.0
730.4146278847174 33382496.0
730.6475247820722 23283876.0
730.8806607418778 18801064.0
731.1140357641343 16228705.0
731.3476498488419 13181211.0
731.5815029960002 11916578.0
731.8155952056094 10772726.0
732.0499264776695 8703742.0
732.2844968121806 6684519.0
732.5193062091423 5746439.5
732.754354668555 5705530.5
732.9896421904187 5594573.0
733.2251687747333 5534937.5
733.4609344214988 5687777.5
733.6969391307151 5807035.5
733.9331829023823 5897582.5
734.1696657365004 6221783.0
734.4063876330695 7135827.5
734.6433485920893 7918590.0
734.8805486135602 7847192.5
735.1179876974818 8354567.0
735.3556658438545 9078781.0
735.5935830526778 8821663.0
735.8317393239522 8276444.5
736.0701346576775 8061169.0
736.3087690538534 7912879.5
736.5476425124806 7265329.5
736.7867550335584 6492983.0
737.0261066170873 6622340.5
737.265697263067 7008527.0
737.5055269714976 7232220.0
737.745595742379 8357235.0
737.9859035757114 10599089.0
738.2264504714947 13473701.0
738.4672364297288 18005912.0
738.7082614504138 25885972.0
738.9495255335498 37862040.0
739.1910286791365 53480904.0
739.4327708871742 73784150.0
739.6747521576629 96498130.0
739.9169724906022 114031420.0
740.1594318859927 126973770.0
740.4021303438338 131266920.0
740.6450678641261 119008050.0
740.8882444468691 91955570.0
741.131660092063 61771684.0
741.3753147997079 38075770.0
741.6192085698036 24574688.0
741.8633414023502 18338136.0
742.1077132973477 14799388.0
742.352324254796 12036578.0
742.5971742746954 10294675.0
742.8422633570456 8922932.0
743.0875915018465 7837216.0
743.3331587090985 6140763.0
743.5789649788013 4751891.0
743.8250103109551 4177673.5
744.0712947055597 3790528.8
744.3178181626151 2967371.0
744.5645806821216 2893355.2
744.8115822640789 2801445.0
745.058822908487 2662531.2
745.3063026153461 2534845.8
745.554021384656 2840927.2
745.801979216417 3377137.2
746.0501761106286 3610015.5
746.2986120672912 3526216.0
746.5472870864048 3950122.8
746.7962011679691 4104969.5
747.0453543119845 4339607.0
747.2947465184507 4563567.0
747.5443777873677 3577633.5
747.7942481187357 3172969.0
748.0443575125546 2986384.0
748.2947059688242 2496809.5
748.545293487545 2356207.5
748.7961200687164 2635809.0
749.0471857123389 2899991.5
749.2984904184123 2503951.8
749.5500341869365 2173590.5
749.8018170179115 2261437.0
750.0538389113375 2089185.2
750.3060998672144 1965786.5
750.558599885542 2102875.2
750.8113389663208 2127877.8
751.0643171095503 2015918.6
751.3175343152308 1934912.5
751.570990583362 1870735.6
751.8246859139442 1944538.1
752.0786203069773 1880107.6
752.3327937624614 1854252.0
752.5872062803962 1970261.5
752.841857860782 1984898.0
753.0967485036186 2259823.5
753.3518782089062 2521847.0
753.6072469766447 2845213.0
753.8628548068339 3038099.0
754.1187016994742 2782535.5
754.3747876545652 2581994.8
754.6311126721073 2676580.0
754.8876767521001 2782022.8
755.144479894544 2747531.2
755.4015220994386 3141687.5
755.6588033667842 3521498.8
755.9163236965807 3471776.0
756.1740830888281 3460262.5
756.4320815435262 3371009.5
756.6903190606754 3158655.2
756.9487956402754 2980450.2
757.2075112823263 3231014.5
757.4664659868281 3295737.8
757.7256597537807 3554193.5
757.9850925831844 3485116.5
758.2447644750388 3534377.5
758.5046754293442 3854131.5
758.7648254461004 4320519.0
759.0252145253075 4800230.0
759.2858426669656 5187957.5
759.5467098710745 5347762.0
759.8078161376343 5370275.0
760.069161466645 5957325.5
760.3307458581066 6128459.5
760.5925693120191 6246967.0
760.8546318283825 6255614.5
761.1169334071967 5665745.5
761.3794740484618 4983654.5
761.6422537521778 4553419.0
761.9052725183449 4182030.2
762.1685303469626 4187104.0
762.4320272380314 4263363.0
762.6957631915509 4425309.0
762.9597382075215 4526208.5
763.2239522859428 4486155.5
763.4884054268151 4388724.0
763.7530976301382 3806840.2
764.0180288959123 3889800.5
764.2831992241372 4095963.0
764.5486086148131 4091407.8
764.8142570679397 4163796.0
765.0801445835173 4453686.5
765.3462711615459 5008788.5
765.6126368020252 5876637.5
765.8792415049556 7051671.0
766.1460852703367 7907770.5
766.4131680981689 7617569.0
766.6804899884517 8262770.5
766.9480509411856 7996509.5
767.2158509563703 7824191.0
767.483890034006 6822774.0
767.7521681740925 5909370.5
768.0206853766299 5172901.0
768.2894416416182 4639808.0
768.5584369690574 4903457.0
768.8276713589474 4836310.5
769.0971448112883 5069339.5
769.3668573260802 5000236.0
769.636808903323 5737844.0
769.9069995430166 6438963.0
770.1774292451611 6441974.5
770.4480980097566 6921312.0
770.7190058368028 7747228.0
770.9901527263 7734623.0
771.2615386782481 8442648.0
771.5331636926471 9492998.0
771.805027769497 10280055.0
772.0771309087978 10791189.0
772.3494731105494 12820264.0
772.622054374752 15931204.0
772.8948747014053 19729312.0
773.1679340905096 22756108.0
773.4412325420649 25652600.0
773.714770056071 28110368.0
773.9885466325279 27887490.0
774.2625622714359 27067964.0
774.5368169727947 24946398.0
774.8113107366042 22280816.0
775.0860435628648 18666772.0
775.3610154515762 13153011.0
775.6362264027387 9396374.0
775.9116764163518 7774487.0
776.1873654924159 7079645.5
776.4632936309309 6911018.0
776.7394608318967 6859154.0
777.0158670953135 6014159.5
777.2925124211812 5791714.5
777.5693968094998 6525336.0
777.8465202602692 6811010.5
778.1238827734896 7076699.5
778.4014843491608 7079345.5
778.6793249872829 7723266.0
778.957404687856 10165811.0
779.23572345088 12149790.0
779.5142812763546 14197812.0
779.7930781642804 15423206.0
780.0721141146569 17563124.0
780.3513891274845 19143592.0
780.6309032027627 20521324.0
780.9106563404919 21798536.0
781.1906485406721 22694924.0
781.4708798033031 22169832.0
781.7513501283851 18897438.0
782.0320595159178 16726131.0
782.3130079659015 16719134.0
782.5941954783361 17895852.0
782.8756220532216 18373846.0
783.157287690558 18991266.0
783.4391923903453 17289254.0
783.7213361525834 14946452.0
784.0037189772725 12278779.0
784.2863408644123 11569960.0
784.5692018140032 12598834.0
784.8523018260448 14745760.0
785.1356409005374 15624258.0
785.419219037481 16413939.0
785.7030362368753 17068436.0
785.9870924987206 17066838.0
786.2713878230167 16926482.0
786.5559222097638 16200475.0
786.8406956589616 15324944.0
787.1257081706106 14377991.0
787.4109597447102 13484690.0
787.6964503812609 14111381.0
787.9821800802623 15148959.0
788.2681488417147 14389526.0
788.554356665618 15139371.0
788.8408035519722 15703495.0
789.1274895007773 15653528.0
789.4144145120331 16183836.0
789.70157858574 16490061.0
789.9889817218977 16920874.0
790.2766239205064 17907526.0
790.5645051815659 19639476.0
790.8526255050763 21025804.0
791.1409848910375 21461822.0
791.4295833394498 23944060.0
791.7184208503128 26433152.0
792.0074974236268 29466912.0
792.2968130593916 31141130.0
792.5863677576074 33478216.0
792.876161518274 36759664.0
793.1661943413915 38438036.0
793.45646622696 37611304.0
793.7469771749792 35559256.0
794.0377271854495 33417672.0
794.3287162583705 32064102.0
794.6199443937426 32973650.0
794.9114115915653 35088456.0
795.2031178518391 36292830.0
795.4950631745637 36478652.0
795.7872475597393 37948236.0
796.0796710073657 40728950.0
796.372333517443 42366990.0
796.6652350899712 41721990.0
796.9583757249504 42083340.0
797.2517554223803 42988704.0
797.5453741822612 44948660.0
797.839232004593 48998820.0
798.1333288893755 54453696.0
798.4276648366092 57076356.0
798.7222398462935 61071256.0
799.0170539184289 65644050.0
799.3121070530151 70575590.0
799.6073992500523 72213580.0
799.9029305095402 73150970.0
800.1987008314792 74097120.0
800.4947102158688 74260890.0
800.7909586627096 72467360.0
801.0874461720011 71784460.0
801.3841727437435 74242720.0
801.6811383779369 74745990.0
801.9783430745811 74364970.0
802.2757868336762 70479490.0
802.5734696552222 63831184.0
802.8713915392192 58741960.0
803.1695524856669 54350100.0
803.4679524945657 52916824.0
803.7665915659152 53393224.0
804.0654696997157 53833336.0
804.364586895967 53886910.0
804.6639431546693 56801656.0
804.9635384758224 58094636.0
805.2633728594265 59864260.0
805.5634463054813 60272570.0
805.863758813987 60825920.0
806.1643103849437 61944004.0
806.4651010183513 63686350.0
806.7661307142098 65919230.0
807.0673994725191 66663890.0
807.3689072932794 68845470.0
807.6706541764905 69605170.0
807.9726401221526 70805570.0
808.2748651302655 74239304.0
808.5773292008294 79842910.0
808.880032333844 86905080.0
809.1829745293097 98737890.0
809.4861557872262 117130900.0
809.7895761075936 137465070.0
810.0932354904118 158152480.0
810.3971339356808 179538940.0
810.701271443401 200637680.0
811.0056480135719 217044700.0
811.3102636461938 230637120.0
811.6151183412665 241294820.0
811.9202120987901 249191540.0
812.2255449187645 245968720.0
812.5311168011899 228253570.0
812.8369277460662 199938940.0
813.1429777533934 174676880.0
813.4492668231715 156477740.0
813.7557949554005 142887200.0
814.0625621500802 134995060.0
814.3695684072109 129045110.0
814.6768137267925 118429060.0
814.984298108825 109796810.0
815.2920215533085 102942860.0
815.5999840602427 98403580.0
815.908185629628 92148740.0
816.216626261464 84765640.0
816.5253059557509 79680030.0
816.8342247124888 72288160.0
817.1433825316776 64580196.0
817.4527794133171 57107816.0
817.7624153574077 49601140.0
818.072290363949 44562456.0
818.3824044329415 42256400.0
818.6927575643846 40912210.0
819.0033497582787 42311550.0
819.3141810146236 45744990.0
819.6252513334194 50787824.0
819.9365607146663 58154000.0
820.2481091583638 64313300.0
820.5598966645124 69927660.0
820.8719232331118 74690020.0
821.1841888641621 83023070.0
821.4966935576633 93842700.0
821.8094373136155 110656760.0
822.1224201320184 129059820.0
822.4356420128723 151516380.0
822.749102956177 177335500.0
823.0628029619327 202537300.0
823.3767420301392 226883280.0
823.6909201607966 253247650.0
824.005337353905 280363520.0
824.3199936094642 300820450.0
824.6348889274743 313594140.0
824.9500233079352 318352130.0
825.2653967508472 312018800.0
825.5810092562099 285834340.0
825.8968608240236 245631360.0
826.2129514542881 193491280.0
826.5292811470036 139852460.0
826.8458499021699 97326550.0
827.1626577197871 68624590.0
827.4797045998553 51793396.0
827.7969905423743 41940908.0
828.1145155473441 34854464.0
828.4322796147649 29564256.0
828.7502827446367 25692052.0
829.0685249369592 21857010.0
829.3870061917327 18888500.0
829.705726508957 15701529.0
830.0246858886322 13459840.0
830.3438843307583 12518442.0
830.6633218353354 12588506.0
830.9829984023633 11536181.0
831.3029140318422 11692669.0
831.6230687237718 10531508.0
831.9434624781525 9639149.0
832.2640952949838 10347143.0
832.5849671742662 11087292.0
832.9060781159994 10627331.0
833.2274281201835 11216436.0
833.5490171868187 11205505.0
833.8708453159045 11057376.0
834.1929125074414 11846099.0
834.515218761429 12090846.0
834.8377640778676 11694034.0
835.160548456757 11986879.0
835.4835718980975 13138805.0
835.8068344018886 13926812.0
836.1303359681309 14620222.0
836.4540765968239 15745270.0
836.778056287968 17201622.0
837.1022750415626 18963492.0
837.4267328576084 19659798.0
837.7514297361049 20461740.0
838.0763656770524 21082032.0
838.4015406804508 21078656.0
838.7269547463001 21975392.0
839.0526078746003 23191038.0
839.3785000653513 23663492.0
839.7046313185533 24588792.0
840.0310016342061 25538840.0
840.3576110123099 25666030.0
840.6844594528644 25525336.0
841.01154695587 24337110.0
841.3388735213264 22841576.0
841.6664391492336 22428724.0
841.9942438395917 23245398.0
842.3222875924008 24504520.0
842.6505704076608 24647450.0
842.9790922853716 25602590.0
843.3078532255333 26224870.0
843.636853228146 25769338.0
843.9660922932096 24397572.0
844.2955704207238 23020976.0
844.6252876106893 22496550.0
844.9552438631054 23273970.0
845.2854391779725 23619396.0
845.6158735552905 23862022.0
845.9465469950594 24012456.0
846.2774594972791 24683770.0
846.6086110619498 26531642.0
846.9400016890712 30444710.0
847.2716313786436 34103416.0
847.603500130667 38096764.0
847.9356079451411 43179630.0
848.2679548220663 46921724.0
848.6005407614422 51388204.0
848.9333657632692 54543096.0
849.2664298275467 58238516.0
849.5997329542755 59846896.0
849.933275143455 64466384.0
850.2670563950855 68302696.0
850.6010767091668 68227190.0
850.935336085699 66464570.0
851.2698345246821 64108336.0
851.6045720261161 59504076.0
851.939548590001 59136864.0
852.2747642163367 59429340.0
852.6102189051235 57388464.0
852.9459126563609 54156830.0
853.2818454700493 49863910.0
853.6180173461887 42775576.0
853.9544282847789 35037536.0
854.29107828582 30750410.0
854.627967349312 29458310.0
854.9650954752549 30128488.0
855.3024626636488 31972370.0
855.6400689144934 34342520.0
855.9779142277889 35477836.0
856.3159986035355 38173576.0
856.6543220417327 42523344.0
856.992884542381 44987240.0
857.33168610548 46669756.0
857.6707267310301 49309230.0
858.010006419031 52008120.0
858.3495251694828 54044130.0
858.6892829823855 55877430.0
859.0292798577391 59115444.0
859.3695157955435 65335480.0
859.709990795799 71547790.0
860.0507048585051 75121370.0
860.3916579836623 78448980.0
860.7328501712702 82375460.0
861.0742814213293 82573820.0
861.415951733839 83990080.0
861.7578611087997 88705050.0
862.1000095462114 90670490.0
862.4423970460737 90720950.0
862.7850236083872 92415610.0
863.1278892331513 87539030.0
863.4709939203666 77205370.0
863.8143376700325 66154096.0
864.1579204821496 57387844.0
864.5017423567174 49563320.0
864.845803293736 42151876.0
865.1901032932057 35022376.0
865.5346423551262 28793104.0
865.8794204794975 26070222.0
866.2244376663198 26701918.0
866.569693915593 27980744.0
866.9151892273169 29337584.0
867.2609236014919 31102798.0
867.6068970381177 34216970.0
867.9531095371945 39095656.0
868.299561098722 42289216.0
868.6462517227006 45644920.0
868.9931814091299 49926836.0
869.3403501580103 56231116.0
869.6877579693414 65648856.0
870.0354048431236 73614800.0
870.3832907793565 77595150.0
870.7314157780402 78613310.0
871.079779839175 80937500.0
871.4283829627606 84300420.0
871.7772251487971 86938550.0
872.1263063972845 89368040.0
872.4756267082229 93888360.0
872.825186081612 98352830.0
873.1749845174521 98547030.0
873.525022015743 92678610.0
873.875298576485 80970030.0
874.2258141996776 66685400.0
874.5765688853213 56051180.0
874.9275626334158 52319596.0
875.2787954439613 51104060.0
875.6302673169575 50209856.0
875.9819782524048 50149564.0
876.3339282503027 51562450.0
876.6861173106518 51509224.0
877.0385454334516 49492376.0
877.3912126187024 47547420.0
877.744118866404 46112520.0
878.0972641765566 42478590.0
878.45064854916 37235690.0
878.8042719842143 33190724.0
879.1581344817196 27685692.0
879.5122360416756 22531568.0
879.8665766640827 19615784.0
880.2211563489404 18488338.0
880.5759750962493 18110212.0
880.9310329060089 17869546.0
881.2863297782194 17726182.0
881.6418657128809 18620428.0
881.9976407099932 17804018.0
882.3536547695564 18084468.0
882.7099078915705 18572684.0
883.0664000760355 19013130.0
883.4231313229513 19513286.0
883.7801016323183 20105238.0
884.1373110041359 20169878.0
884.4947594384045 21057382.0
884.8524469351239 21090916.0
885.2103734942943 20183568.0
885.5685391159154 19820244.0
885.9269437999875 19392314.0
886.2855875465107 19028964.0
886.6444703554844 19381670.0
887.0035922269093 19499884.0
887.3629531607849 18838742.0
887.7225531571116 18798354.0
888.082392215889 19157806.0
888.4424703371174 20242914.0
888.8027875207965 23615888.0
889.1633437669268 25378658.0
889.5241390755077 26602976.0
889.8851734465397 27640262.0
890.2464468800224 28104772.0
890.6079593759562 28319308.0
890.9697109343408 31567748.0
891.3317015551763 33450850.0
891.6939312384626 35348800.0
892.0563999841997 39086564.0
892.419107792388 43352640.0
892.7820546630269 49491150.0
893.145240596117 54221996.0
893.5086655916577 57003216.0
893.8723296496495 60203684.0
894.2362327700921 61008250.0
894.6003749529856 62473656.0
894.96475619833 63500784.0
895.3293765061252 65321920.0
895.6942358763713 69768880.0
896.0593343090684 73832990.0
896.4246718042164 75996296.0
896.7902483618151 78834580.0
897.1560639818649 82542320.0
897.5221186643654 78965624.0
897.888412409317 70133100.0
898.2549452167193 57453520.0
898.6217170865726 43354044.0
898.9887280188768 30464630.0
899.3559780136319 23798132.0
899.7234670708378 20346436.0
900.0911951904947 17926692.0
900.4591623726023 18100658.0
900.827368617161 16383806.0
901.1958139241705 15378682.0
901.5644982936308 15687398.0
901.9334217255422 14925504.0
902.3025842199042 14820258.0
902.6719857767174 15241276.0
903.0416263959813 14822812.0
903.4115060776962 15054775.0
903.7816248218619 15016399.0
904.1519826284787 15720000.0
904.5225794975461 16335999.0
904.8934154290646 15429152.0
905.2644904230337 15218141.0
905.635804479454 15796735.0
906.0073575983251 15923559.0
906.3791497796472 14709791.0
906.7511810234199 13465010.0
907.1234513296438 14058674.0
907.4959606983184 13973660.0
907.8687091294438 12814794.0
908.2416966230203 13305205.0
908.6149231790475 12525509.0
908.9883887975259 11620956.0
909.3620934784549 10706411.0
909.736037221835 10807669.0
910.1102200276657 10650155.0
910.4846418959476 10805724.0
910.8593028266802 10433035.0
911.2342028198638 10834299.0
911.6093418754981 11575312.0
911.9847199935836 11472112.0
912.3603371741196 12897069.0
912.7361934171067 14163008.0
913.1122887225448 13833865.0
913.4886230904336 15353138.0
913.8651965207735 15432991.0
914.242009013564 15408474.0
914.6190605688057 16273731.0
914.996351186498 16917832.0
915.3738808666415 17926718.0
915.7516496092356 17404336.0
916.1296574142808 18288418.0
916.5079042817767 18718924.0
916.8863902117237 19381986.0
917.2651152041215 18829292.0
917.6440792589702 18887936.0
918.0232823762697 19539418.0
918.4027245560201 19647888.0
918.7824057982216 18771968.0
919.1623261028737 16741686.0
919.542485469977 16098910.0
919.9228838995309 16615100.0
920.3035213915359 17413678.0
920.6843979459916 16876292.0
921.0655135628983 16433776.0
921.446868242256 17138184.0
921.8284619840645 18102558.0
922.2102947883237 19607652.0
922.5923666550341 19989924.0
922.9746775841952 19951378.0
923.3572275758072 19882816.0
923.7400166298701 21770416.0
924.1230447463838 22539742.0
924.5063119253487 23610538.0
924.8898181667641 23670596.0
925.2735634706307 23860628.0
925.657547836948 23483524.0
926.0417712657163 21457228.0
926.4262337569354 21152130.0
926.8109353106056 21389510.0
927.1958759267263 19185608.0
927.5810556052983 18033562.0
927.966474346321 19243520.0
928.3521321497947 19496586.0
928.7380290157191 19202956.0
929.1241649440944 18124528.0
929.5105399349206 16942788.0
929.8971539881978 16095728.0
930.2840071039259 14977664.0
930.6710992821048 14232036.0
931.0584305227347 13367312.0
931.4460008258154 13601955.0
931.8338101913471 13630736.0
932.2218586193296 11784491.0
932.610146109763 9297958.0
932.9986726626472 7426440.5
933.3874382779825 5971869.5
933.7764429557685 4679628.5
934.1656866960054 3922860.0
934.5551694986933 3818348.5
934.9448913638321 3686247.8
935.3348522914216 3851559.0
935.7250522814621 3841200.2
936.1154913339535 3515026.0
936.5061694488959 3858203.8
936.8970866262891 3886010.2
937.288242866133 3998608.8
937.6796381684281 3925739.0
938.0712725331739 4258315.0
938.4631459603708 4407486.0
938.8552584500184 4783707.5
939.247610002117 5082661.0
939.6402006166663 5211088.0
940.0330302936667 5880335.0
940.4260990331178 6505871.0
940.8194068350199 6138561.0
941.212953699373 5751795.0
941.6067396261767 5650569.0
942.0007646154315 5631189.5
942.3950286671371 5193604.5
942.7895317812938 5830779.0
943.184273957901 5663845.0
943.5792551969595 5354541.0
943.9744754984687 5176443.0
944.3699348624289 4942460.5
944.7656332888398 4809327.5
945.1615707777016 4986100.5
945.5577473290144 5281535.0
945.9541629427781 4807228.0
946.3508176189927 4137033.5
946.7477113576581 4534884.5
947.1448441587745 5000054.5
947.5422160223416 5304915.0
947.9398269483597 5384555.0
948.3376769368288 5407827.5
948.7357659877487 5678500.5
949.1340941011194 5511755.0
949.5326612769411 6208034.0
949.9314675152136 7449607.5
950.3305128159373 7662460.5
950.7297971791115 6979917.0
951.1293206047367 7605565.0
951.5290830928128 7852824.0
951.9290846433399 7560982.0
952.3293252563178 7233631.0
952.7298049317465 7258670.0
953.1305236696262 7306629.0
953.5314814699568 7724089.5
953.9326783327383 7735477.0
954.3341142579707 7853603.0
954.7357892456539 7767277.5
955.137703295788 7405886.0
955.5398564083731 7433349.5
955.942248583409 6802730.0
956.3448798208958 5815497.5
956.7477501208334 6014024.5
957.1508594832221 6155143.0
957.5542079080615 5566765.5
957.9577953953519 5326187.5
958.3616219450932 5258059.5
958.7656875572852 5132846.0
959.1699922319283 5003480.0
959.5745359690222 5182165.0
959.979318768567 5621685.0
960.3843406305627 5520415.0
960.7896015550094 5555370.0
961.1951015419069 5914043.0
961.6008405912553 6793364.5
962.0068187030545 6415144.5
962.4130358773048 6441224.5
962.8194921140057 6280595.0
963.2261874131577 6392925.5
963.6331217747605 6562350.5
964.0402951988142 6934202.5
964.4477076853188 7038043.0
964.8553592342744 7187695.0
965.2632498456808 6516130.5
965.671379519538 6184592.0
966.0797482558462 6854223.0
966.4883560546052 6812400.0
966.8972029158153 6447572.0
967.3062888394761 5709784.0
967.7156138255879 5209298.0
968.1251778741505 5034622.0
968.534980985164 4821002.5
968.9450231586284 4885588.5
969.3553043945437 4833901.5
969.7658246929099 4669156.0
970.1765840537269 3885167.0
970.5875824769948 4115903.8
970.9988199627137 3833351.2
971.4102965108834 4046546.5
971.822012121504 4345022.5
972.2339667945757 4197027.0
972.6461605300981 4423457.0
973.0585933280714 5104473.5
973.4712651884955 5300178.0
973.8841761113707 5659107.0
974.2973260966967 6219704.5
974.7107151444736 6833208.0
975.1243432547012 7079975.5
975.5382104273799 7396977.5
975.9523166625095 7829195.0
976.3666619600898 8318827.0
976.7812463201212 7781297.5
977.1960697426034 7978097.0
977.6111322275365 8676521.0
978.0264337749204 8766054.0
978.4419743847554 9905179.0
978.8577540570411 10084924.0
979.2737727917779 9692091.0
979.6900305889653 8941899.0
980.1065274486039 7740353.0
980.523263370693 6583430.0
980.9402383552333 6779747.5
981.3574524022245 7130498.0
981.7749055116664 7355991.0
982.1925976835594 8361889.0
982.6105289179031 9102384.0
983.0286992146978 9278866.0
983.4471085739433 10286277.0
983.8657569956398 10979328.0
984.2846444797872 11447332.0
984.7037710263854 12413894.0
985.1231366354345 13339231.0
985.5427413069345 13861885.0
985.9625850408854 13619988.0
986.3826678372873 13159168.0
986.8029896961399 12805005.0
987.2235506174435 12454030.0
987.6443506011979 11690456.0
988.0653896474032 11207520.0
988.4866677560595 10557805.0
988.9081849271665 10278457.0
989.3299411607247 10598802.0
989.7519364567336 9864885.0
990.1741708151934 9208337.0
990.5966442361041 9253885.0
991.0193567194657 9478809.0
991.4423082652781 9282554.0
991.8654988735416 9152656.0
992.2889285442558 8192729.0
992.712597277421 7337363.0
993.1365050730369 7277801.0
993.5606519311038 7675229.0
993.9850378516217 7508992.5
994.4096628345903 8673615.0
994.83452688001 9763188.0
995.2596299878804 10278604.0
995.6849721582018 10032321.0
996.110553390974 9765931.0
996.5363736861973 10401454.0
996.9624330438713 10032775.0
997.3887314639962 10136068.0
997.8152689465721 11158585.0
998.2420454915989 11354926.0
998.6690610990764 10378275.0
999.0963157690048 10335633.0
999.5238095013843 8699252.0
999.9515422962145 8289344.5
1000.3795141534958 8159183.0
1000.8077250732279 6870777.5
1001.2361750554107 6589567.5
1001.6648641000446 6476244.0
1002.0937922071294 6200777.5
1002.522959376665 5600928.0
1002.9523656086515 4832362.5
1003.3820109030889 4628122.0
1003.8118952599773 5354114.0
1004.2420186793163 6281890.0
1004.6723811611065 7203637.0
1005.1029827053474 8218205.0
1005.5338233120393 9304278.0
1005.9649029811819 10609782.0
1006.3962217127755 11757279.0
1006.8277795068202 12299768.0
1007.2595763633155 13045690.0
1007.6916122822619 14017388.0
1008.1238872636591 15999270.0
1008.5564013075071 17097922.0
1008.9891544138061 18549848.0
1009.422146582556 19026966.0
1009.8553778137567 19819442.0
1010.2888481074084 22174460.0
1010.7225574635108 21693218.0
1011.1565058820644 21759650.0
1011.5906933630686 21405412.0
1012.0251199065237 20241398.0
1012.45978551243 17513406.0
1012.8946901807869 13207431.0
1013.3298339115948 9851879.0
1013.7652167048535 7622440.0
1014.2008385605632 6299166.0
1014.6366994787238 6187305.5
1015.0727994593352 5781520.5
1015.5091385023975 5826370.0
1015.9457166079108 6804625.0
1016.3825337758749 7505945.5
1016.8195900062899 8233569.5
1017.2568852991558 9201012.0
1017.6944196544725 9877124.0
1018.1321930722402 10526990.0
1018.5702055524587 11312780.0
1019.0084570951283 12363701.0
1019.4469477002485 12204191.0
1019.8856773678198 13848775.0
1020.3246460978419 14914332.0
1020.763853890315 15996401.0
1021.2033007452387 16541145.0
1021.6429866626136 18247768.0
1022.0829116424393 19136342.0
1022.5230756847159 19224962.0
1022.9634787894433 18908436.0
1023.4041209566217 17222974.0
1023.8450021862509 14561470.0
1024.286122478331 10344036.0
1024.727481832862 6038162.5
1025.1690802498438 4782217.5
1025.6109177292767 4127377.0
1026.0529942711605 2943425.0
1026.495309875495 2428029.5
1026.9378645422805 2202883.0
1027.380658271517 2308891.5
1027.823691063204 1540605.1
1028.2669629173424 1871913.1
1028.7104738339312 2118757.8
1029.1542238129714 1927848.2
1029.598212854462 1703766.9
1030.0424409584039 1315583.1
1030.4869081247964 1369964.0
1030.9316143536398 1572294.8
1031.376559644934 1774276.8
1031.8217439986793 1609930.5
1032.2671674148755 1302280.4
1032.7128298935227 1202323.6
1033.1587314346207 999773.25
1033.6048720381693 1270146.8
1034.051251704169 1293112.4
1034.4978704326197 1426421.8
1034.9447282235212 1146362.5
1035.3918250768736 989978.5
1035.8391609926769 1067722.6
1036.286735970931 1295190.1
1036.734550011636 1359762.6
1037.182603114792 1055510.1
1037.6308952803988 1537752.5
1038.0794265084567 1367999.8
1038.5281967989652 1844474.8
1038.9772061519247 1489280.0
1039.426454567335 1454210.0
1039.8759420451966 1602247.6
1040.3256685855085 1698158.5
1040.7756341882716 1698260.5
1041.2258388534856 1331682.2
1041.6762825811506 1140817.0
1042.1269653712661 1181148.8
1042.577887223833 1551962.2
1043.0290481388504 1802653.0
1043.4804481163187 1955232.5
1043.9320871562381 1904082.2
1044.3839652586082 1889902.0
1044.8360824234294 1863896.5
1045.2884386507012 1690494.8
1045.7410339404241 1492124.0
1046.193868292598 1715771.8
1046.6469417072226 2211062.5
1047.1002541842981 2459935.2
1047.5538057238246 2022577.2
1048.0075963258018 2105539.0
1048.46162599023 2063508.1
1048.915894717109 1939831.2
1049.3704025064392 1986853.1
1049.82514935822 1921191.0
1050.2801352724516 2218632.8
1050.7353602491344 1901043.2
1051.1908242882678 1908437.0
1051.6465273898525 2072914.2
1052.1024695538877 1986388.2
1052.558650780374 2081133.2
1053.015071069311 1605549.0
1053.471730420699 1476650.8
1053.928628834538 1614911.9
1054.3857663108276 2404435.2
1054.8431428495683 2335222.2
1055.30075845076 2503640.2
1055.7586131144024 2721828.8
1056.2167068404956 2443383.0
1056.67503962904 2574662.2
1057.133611480035 2838295.5
1057.592422393481 2327339.5
1058.0514723693777 2551626.5
1058.5107614077258 2487611.8
1058.9702895085243 2292007.2
1059.4300566717739 2213030.5
1059.8900628974743 2285492.8
1060.3503081856259 2084664.5
1060.8107925362278 1852795.0
1061.2715159492811 2446947.0
1061.732478424785 2215951.5
1062.1936799627401 2502234.8
1062.6551205631458 3032980.5
1063.1168002260026 3270742.0
1063.57871895131 1977754.9
1064.0408767390686 71755.305
1064.503273589278 -1425569.9
1064.965909501938 -2986907.0
1065.4287844770492 -4628707.0
1065.8918985146113 -6534013.0
1066.3552516146242 -7936759.0
1066.818843777088 -9169792.0
1067.2826750020029 -10974978.0
1067.7467452893684 -13257552.0
1068.211054639185 -14944611.0
1068.6756030514523 -17021358.0
1069.1403905261704 -19263308.0
1069.6054170633397 -21709498.0
1070.0706826629596 -23904648.0
1070.5361873250306 -25841328.0
1071.0019310495525 -28225308.0
1071.4679138365252 -30100404.0
1071.9341356859486 0.0
