string
description: px_shifted, calibration parameter: [ 1.19531225e-04 -2.30194563e-02  6.18194146e+02]
converted file:R_100ms_Fe_S3_x_2_19_binned_y back: data/dark_100msRZP-structure:___RZP_S3100msRoi:[0, 1040, 2048, 2048]
eV counts/s
618.1712462133476 2413855.5
618.1485853507007 2758222.0
618.1261635505048 3337377.8
618.1039808127597 2789014.0
618.0820371374655 2739026.2
618.0603325246223 2865106.5
618.0388669742298 2941209.8
618.0176404862883 2824888.0
617.9966530607976 2837100.0
617.9759046977579 2920996.0
617.955395397169 2420730.0
617.9351251590311 2373399.2
617.9150939833439 3240475.2
617.8953018701078 3444882.8
617.8757488193226 2929819.0
617.8564348309881 2827975.0
617.8373599051046 3054416.2
617.8185240416719 3158950.5
617.7999272406903 3451348.0
617.7815695021593 3307300.2
617.7634508260794 3320245.2
617.7455712124504 3029301.5
617.7279306612722 2427207.2
617.7105291725449 2827474.8
617.6933667462686 2508644.5
617.676443382443 2711424.5
617.6597590810685 2596287.2
617.6433138421447 2511538.5
617.6271076656718 2552770.0
617.6111405516499 2304212.2
617.5954125000789 2477759.0
617.5799235109587 2326111.5
617.5646735842894 2677298.0
617.5496627200711 3132923.0
617.5348909183035 3232825.2
617.520358178987 3123878.8
617.5060645021213 3091026.2
617.4920098877064 3399116.2
617.4781943357425 3268843.0
617.4646178462295 3430362.0
617.4512804191673 3699447.2
617.4381820545561 3889139.8
617.4253227523957 3371526.5
617.4127025126862 3499580.2
617.4003213354276 3307805.5
617.3881792206199 3474449.5
617.3762761682632 2952048.5
617.3646121783572 2315709.0
617.3531872509022 2461447.8
617.342001385898 2363863.5
617.3310545833449 2333200.5
617.3203468432424 1911908.9
617.309878165591 2321695.2
617.2996485503904 2338529.8
617.2896579976408 2334415.2
617.2799065073419 2423696.2
617.270394079494 2687823.0
617.261120714097 2874416.2
617.2520864111508 2987737.0
617.2432911706557 3839185.2
617.2347349926113 3972472.5
617.2264178770179 4729152.0
617.2183398238752 4520144.0
617.2105008331837 4594026.5
617.2029009049428 4364135.5
617.195540039153 3587748.0
617.188418235814 2879508.0
617.1815354949258 3359121.2
617.1748918164886 3502022.8
617.1684872005023 3554972.2
617.1623216469668 3501389.5
617.1563951558823 3661430.0
617.1507077272486 3818847.0
617.1452593610658 4388861.0
617.140050057334 4803529.0
617.1350798160529 4705474.5
617.1303486372229 4643725.0
617.1258565208436 4734572.5
617.1216034669154 4767355.5
617.1175894754379 5922295.5
617.1138145464114 5967950.5
617.1102786798357 5706076.0
617.106981875711 4955985.5
617.1039241340371 5428627.0
617.1011054548142 4771487.0
617.0985258380421 3854066.0
617.0961852837207 3996335.5
617.0940837918505 4037500.0
617.092221362431 4422173.0
617.0905979954625 4462621.5
617.0892136909449 4371561.0
617.0880684488782 4330633.5
617.0871622692623 4958500.5
617.0864951520974 5353397.0
617.0860670973833 6694805.0
617.0858781051202 7939825.0
617.0859281753078 9416857.0
617.0862173079464 9398448.0
617.0867455030359 7648839.5
617.0875127605763 6011821.0
617.0885190805675 4225599.5
617.0897644630096 2949056.2
617.0912489079027 2208734.0
617.0929724152465 1791505.5
617.0949349850415 1639039.2
617.0971366172871 1825227.5
617.0995773119838 1809680.6
617.1022570691313 2082370.6
617.1051758887297 2360003.0
617.1083337707789 1979867.2
617.1117307152791 2264137.5
617.1153667222302 2437877.0
617.1192417916321 2891627.2
617.123355923485 2572895.2
617.1277091177888 2897042.0
617.1323013745433 3663192.8
617.1371326937488 4247507.5
617.1422030754052 4410568.0
617.1475125195125 5053384.5
617.1530610260706 5752239.0
617.1588485950797 6508000.0
617.1648752265397 7047345.0
617.1711409204505 7609795.0
617.1776456768123 8293939.5
617.1843894956249 8618081.0
617.1913723768885 8339221.0
617.1985943206029 7826155.5
617.2060553267681 7668809.0
617.2137553953843 8319468.0
617.2216945264513 8409888.0
617.2298727199694 7744674.0
617.2382899759382 5856000.0
617.246946294358 4194172.5
617.2558416752286 3434940.0
617.2649761185502 2719290.2
617.2743496243226 1881458.5
617.2839621925459 1591884.4
617.29381382322 1422610.0
617.3039045163453 1174912.5
617.3142342719211 1110660.8
617.3248030899481 1266886.9
617.3356109704258 912582.56
617.3466579133545 737208.75
617.357943918734 683252.4
617.3694689865644 1265737.1
617.3812331168458 1181202.2
617.3932363095779 1025302.6
617.4054785647611 1457823.2
617.417959882395 1310551.9
617.43068026248 1351395.5
617.4436397050157 1224638.2
617.4568382100024 1339428.6
617.47027577744 1960392.4
617.4839524073284 2313554.0
617.4978680996677 3160829.5
617.512022854458 4248878.0
617.526416671699 5615003.0
617.5410495513911 7662855.5
617.555921493534 8962815.0
617.5710324981277 9688917.0
617.5863825651725 9422298.0
617.601971694668 6999294.0
617.6177998866144 5324060.5
617.6338671410118 4480691.0
617.6501734578601 3819833.0
617.6667188371591 3737733.5
617.6835032789093 3727845.2
617.70052678311 3692277.2
617.7177893497619 4805754.5
617.7352909788646 6315257.0
617.7530316704182 6447833.0
617.7710114244226 5995160.0
617.7892302408779 5905455.5
617.8076881197842 5335417.0
617.8263850611413 5336626.0
617.8453210649494 5811664.0
617.8644961312083 6480579.0
617.8839102599181 8742464.0
617.9035634510788 11284108.0
617.9234557046905 14759039.0
617.9435870207528 17770578.0
617.9639573992663 19014232.0
617.9845668402305 18209778.0
618.0054153436457 15192026.0
618.0265029095117 10665066.0
618.0478295378288 7804440.5
618.0693952285965 5329522.5
618.0911999818152 3726638.0
618.1132437974848 2951838.0
618.1355266756052 2639564.8
618.1580486161766 2544413.0
618.180809619199 2220556.5
618.2038096846721 1670405.0
618.2270488125961 1706374.8
618.2505270029711 1678432.6
618.2742442557969 1722581.1
618.2982005710737 1334451.9
618.3223959488013 1372613.2
618.3468303889798 1481312.8
618.3715038916091 1454894.4
618.3964164566895 1343024.0
618.4215680842207 1349928.0
618.4469587742026 1543124.4
618.4725885266356 1719857.4
618.4984573415195 1372548.8
618.5245652188543 1491987.2
618.5509121586398 1740754.5
618.5774981608764 1664152.6
618.6043232255638 1718441.5
618.6313873527021 1668913.1
618.6586905422912 1604499.0
618.6862327943314 2066345.0
618.7140141088223 3111622.0
618.7420344857642 3929309.8
618.7702939251569 5285784.0
618.7987924270005 6970798.0
618.827529991295 9038905.0
618.8565066180404 10826265.0
618.8857223072368 12828610.0
618.915177058884 13462638.0
618.944870872982 12995556.0
618.974803749531 10371996.0
619.004975688531 6648052.5
619.0353866899817 4750951.0
619.0660367538834 3914655.2
619.0969258802359 3267722.8
619.1280540690393 2550175.0
619.1594213202936 2757188.0
619.1910276339989 2739670.5
619.2228730101549 2411882.2
619.2549574487618 1720689.5
619.2872809498198 1659811.0
619.3198435133286 1953508.6
619.3526451392883 1872253.1
619.3856858276988 1754989.8
619.4189655785602 1634018.5
619.4524843918725 1522641.8
619.4862422676358 1652669.8
619.5202392058499 1663749.4
619.5544752065149 1539909.4
619.5889502696308 1412276.5
619.6236643951976 1548585.6
619.6586175832152 1681728.5
619.6938098336839 2228572.2
619.7292411466033 2676739.5
619.7649115219735 3155995.0
619.8008209597948 3996475.2
619.8369694600669 5583857.0
619.8733570227901 6346254.5
619.9099836479638 7908589.5
619.9468493355887 9864465.0
619.9839540856643 9636694.0
620.0212978981909 8740237.0
620.0588807731684 8924601.0
620.0967027105968 7829725.0
620.134763710476 5397078.0
620.1730637728062 3733942.0
620.2116028975872 2455761.0
620.2503810848191 2058881.9
620.2893983345019 1431480.0
620.3286546466355 1932940.6
620.3681500212202 1680512.5
620.4078844582556 1219825.1
620.447857957742 1540123.8
620.4880705196792 1459308.5
620.5285221440674 1301946.4
620.5692128309064 1422871.5
620.6101425801965 1152319.0
620.6513113919372 1190257.1
620.692719266129 1192619.8
620.7343662027715 1364309.0
620.7762522018651 1118018.5
620.8183772634094 825888.0
620.8607413874046 980457.44
620.9033445738509 996424.7
620.9461868227478 1099255.0
620.9892681340958 842976.2
621.0325885078946 842138.7
621.0761479441444 989973.9
621.1199464428449 1250409.0
621.1639840039965 1376340.0
621.2082606275989 1357905.0
621.2527763136521 1655401.1
621.2975310621563 1555308.5
621.3425248731114 1329298.2
621.3877577465173 1128423.2
621.4332296823742 1269915.8
621.478940680682 1750466.0
621.5248907414405 1668350.8
621.5710798646501 1555336.4
621.6175080503104 1546069.2
621.6641752984218 1592457.0
621.7110816089839 1261369.8
621.758226981997 1259126.4
621.8056114174609 1283863.2
621.8532349153759 1334609.0
621.9010974757415 1500536.9
621.9491990985582 2017210.1
621.9975397838257 1997964.2
622.0461195315442 1823900.8
622.0949383417135 1709635.8
622.1439962143336 1752888.9
622.1932931494047 1903477.5
622.2428291469266 2027407.5
622.2926042068996 2268772.2
622.3426183293233 2086420.8
622.392871514198 1768452.5
622.4433637615234 1574209.9
622.4940950713 1480694.4
622.5450654435272 1663000.6
622.5962748782055 1747855.0
622.6477233753345 1704125.2
622.6994109349146 1709092.0
622.7513375569454 1603361.9
622.8035032414273 1787111.1
622.8559079883598 2823147.2
622.9085517977434 3681581.2
622.9614346695778 3635962.8
623.0145566038631 4100491.5
623.0679176005993 4759986.5
623.1215176597865 5683176.0
623.1753567814245 6131392.0
623.2294349655133 6305695.0
623.2837522120532 5823136.0
623.3383085210438 5602668.0
623.3931038924854 5993298.0
623.4481383263778 5841752.0
623.5034118227212 5410535.5
623.5589243815153 5868664.5
623.6146760027606 6722750.0
623.6706666864566 8216897.0
623.7268964326033 9078596.0
623.7833652412012 9008218.0
623.8400731122499 8075142.5
623.8970200457495 5954147.5
623.9542060416999 4144589.5
624.0116311001013 3767770.0
624.0692952209534 3596572.2
624.1271984042567 3143174.5
624.1853406500106 2761815.2
624.2437219582156 2643034.8
624.3023423288714 2308382.2
624.3612017619781 2302507.8
624.4203002575357 2051755.5
624.4796378155443 2233875.5
624.5392144360035 1491428.8
624.5990301189137 1278589.0
624.659084864275 1437212.2
624.7193786720869 1533841.8
624.7799115423499 1538372.2
624.8406834750637 1277943.4
624.9016944702284 1410809.9
624.962944527844 1601746.1
625.0244336479105 1522489.8
625.0861618304278 1806845.8
625.1481290753961 1767772.6
625.2103353828153 1988211.8
625.2727807526853 2549055.5
625.3354651850062 2490101.5
625.398388679778 2308937.0
625.4615512370008 2548014.5
625.5249528566744 2598564.2
625.5885935387989 2594106.8
625.6524732833743 2687097.5
625.7165920904006 3222212.0
625.7809499598777 4366043.0
625.8455468918058 4863274.5
625.9103828861847 5192708.0
625.9754579430146 4256452.0
626.0407720622953 4601564.5
626.106325244027 4029923.0
626.1721174882094 3604632.0
626.2381487948429 3066825.5
626.3044191639272 2279217.8
626.3709285954623 1768373.8
626.4376770894484 1802227.4
626.5046646458853 1696374.5
626.5718912647732 1959851.9
626.6393569461119 2173353.5
626.7070616899016 2123428.0
626.7750054961421 1655611.8
626.8431883648335 1963839.0
626.9116102959758 1602914.8
626.980271289569 1769096.1
627.0491713456131 1586474.9
627.1183104641082 1731729.8
627.1876886450539 1619173.6
627.2573058884507 1513919.8
627.3271621942984 1448409.9
627.3972575625968 1822974.8
627.4675919933463 2086870.1
627.5381654865465 2488848.5
627.6089780421978 2519641.8
627.6800296602999 2804333.5
627.7513203408529 3329936.2
627.8228500838567 3030462.0
627.8946188893116 3586431.2
627.9666267572171 3370156.2
628.0388736875738 3140461.2
628.1113596803812 3019161.0
628.1840847356395 2372617.8
628.2570488533487 1934799.9
628.3302520335087 1712027.2
628.4036942761198 2361789.2
628.4773755811816 3032754.0
628.5512959486945 2913386.5
628.6254553786581 2977816.2
628.6998538710727 3069915.2
628.7744914259381 3440020.2
628.8493680432545 3564193.0
628.9244837230217 3342247.0
628.9998384652398 3029684.5
629.0754322699088 3209545.0
629.1512651370288 3847123.8
629.2273370665995 3983591.2
629.3036480586212 3916600.5
629.3801981130938 3785787.2
629.4569872300171 4551708.0
629.5340154093916 4164557.5
629.6112826512167 4050381.5
629.6887889554929 3294588.8
629.7665343222199 2703365.5
629.8445187513979 2536127.0
629.9227422430266 2288637.8
630.0012047971064 1964803.0
630.0799064136369 2255649.0
630.1588470926184 1915594.0
630.2380268340507 2468018.5
630.317445637934 2867620.0
630.3971035042681 2664162.0
630.4770004330533 2583971.0
630.5571364242891 2394959.2
630.6375114779759 2493399.2
630.7181255941136 2426976.5
630.7989787727022 2177115.8
630.8800710137417 1953057.6
630.961402317232 2182059.8
631.0429726831734 2707807.5
631.1247821115654 2296797.0
631.2068306024086 2455089.8
631.2891181557025 2073784.8
631.3716447714473 1735390.5
631.454410449643 1882615.1
631.5374151902896 1662906.2
631.6206589933871 1615690.8
631.7041418589355 1829618.2
631.7878637869347 1990186.2
631.8718247773849 2214868.2
631.956024830286 2254139.5
632.0404639456378 2622110.2
632.1251421234408 2826200.0
632.2100593636944 2574320.2
632.2952156663991 2139286.2
632.3806110315546 2326591.2
632.4662454591611 2080375.8
632.5521189492183 1616734.8
632.6382315017265 1506213.0
632.7245831166855 1939034.2
632.8111737940956 2142232.0
632.8980035339563 2172775.2
632.985072336268 2206709.8
633.0723802010307 2376550.5
633.1599271282441 3243067.2
633.2477131179087 3495596.5
633.3357381700239 3788979.5
633.4240022845902 3554290.0
633.5125054616071 3479946.2
633.6012477010752 2750649.8
633.690229002994 2614394.5
633.7794493673638 2950967.5
633.8689087941844 2901541.5
633.958607283456 2549581.0
634.0485448351784 2389310.2
634.1387214493517 2144455.8
634.2291371259759 2815547.0
634.3197918650509 2677879.5
634.4106856665769 2072943.0
634.5018185305538 1795719.0
634.5931904569816 1606293.9
634.6848014458602 1417901.5
634.7766514971898 1449609.0
634.8687406109701 1838101.5
634.9610687872016 1844341.1
635.0536360258837 1924504.4
635.1464423270169 1849651.9
635.2394876906009 1611925.8
635.3327721166357 1378001.0
635.4262956051215 1299758.9
635.5200581560582 987833.5
635.6140597694457 1025745.0
635.7083004452841 1178269.1
635.8027801835735 1207063.2
635.8974989843136 1449588.1
635.9924568475049 1512771.5
636.0876537731468 1752492.5
636.1830897612398 2006856.0
636.2787648117835 1686755.2
636.3746789247782 1754617.6
636.4708321002237 1915905.5
636.5672243381202 2104970.5
636.6638556384676 2063002.8
636.7607260012659 1976675.1
636.857835426515 2139056.8
636.9551839142149 2541691.5
637.0527714643658 2634416.2
637.1505980769675 2416207.8
637.2486637520203 2744236.5
637.3469684895239 2527883.8
637.4455122894784 2247002.2
637.5442951518837 1758452.4
637.64331707674 2120959.0
637.742578064047 2114965.5
637.8420781138052 1922505.6
637.941817226014 2104435.8
638.0417954006739 2485203.5
638.1420126377845 2034411.1
638.2424689373462 1624101.2
638.3431642993586 1398934.8
638.444098723822 1510352.6
638.5452722107362 1360680.6
638.6466847601014 1187769.5
638.7483363719175 1251675.1
638.8502270461844 1168169.0
638.9523567829023 1660063.5
639.0547255820709 1715042.4
639.1573334436905 2110822.2
639.260180367761 2278892.8
639.3632663542825 1892999.8
639.4665914032546 1961452.0
639.5701555146778 1603827.4
639.6739586885519 1998228.0
639.7780009248769 2237087.8
639.8822822236526 2256826.2
639.9868025848793 2347421.2
640.091562008557 2955459.5
640.1965604946854 2985655.5
640.3017980432649 3271301.0
640.4072746542952 3214484.5
640.5129903277764 3448053.0
640.6189450637083 3142682.0
640.7251388620914 2587088.0
640.8315717229252 2353074.8
640.93824364621 1733444.4
641.0451546319456 1988048.9
641.1523046801321 2235229.8
641.2596937907695 2319819.5
641.3673219638578 2032787.5
641.4751891993969 1717994.8
641.583295497387 1355774.4
641.691640857828 1852871.8
641.8002252807198 2098069.5
641.9090487660626 1958986.4
642.0181113138563 1852046.5
642.1274129241008 1533125.0
642.2369535967962 1991900.0
642.3467333319426 2556861.2
642.4567521295397 2558692.0
642.5670099895879 2534633.8
642.6775069120868 2373510.5
642.7882428970366 2544148.0
642.8992179444374 2178518.8
643.010432054289 2201188.5
643.1218852265915 2320800.2
643.2335774613449 2234435.8
643.3455087585494 1958784.9
643.4576791182045 1783671.2
643.5700885403106 1837797.8
643.6827370248676 1602004.9
643.7956245718756 1554823.0
643.9087511813342 1634264.2
644.0221168532439 1369150.2
644.1357215876045 1241281.0
644.249565384416 1416171.1
644.3636482436782 1947583.1
644.4779701653915 2108088.0
644.5925311495556 1979805.8
644.7073311961706 1838860.8
644.8223703052365 1874235.1
644.9376484767532 1912551.9
645.0531657107209 1814004.2
645.1689220071395 2001660.0
645.2849173660089 2406042.0
645.4011517873292 2264111.2
645.5176252711005 1666898.2
645.6343378173226 1811612.0
645.7512894259957 1875288.9
645.8684800971196 1709044.0
645.9859098306944 1833241.5
646.10357862672 1970060.1
646.2214864851966 2040815.5
646.3396334061241 1812268.1
646.4580193895024 1916285.2
646.5766444353317 1728256.1
646.6955085436118 1550165.5
646.8146117143428 1513829.5
646.9339539475247 1668526.0
647.0535352431576 1416664.2
647.1733556012413 1270911.4
647.2934150217759 1455689.4
647.4137135047613 1518239.4
647.5342510501977 2077399.8
647.6550276580849 2080636.8
647.7760433284232 2142935.5
647.8972980612122 2138234.0
648.018791856452 1983487.4
648.1405247141429 1523701.4
648.2624966342845 1467970.0
648.3847076168772 1801390.1
648.5071576619206 2016466.8
648.629846769415 1887096.9
648.7527749393603 1922358.5
648.8759421717565 1871646.4
648.9993484666035 2034408.2
649.1229938239015 1775453.5
649.2468782436503 1811434.2
649.3710017258501 1607548.8
649.4953642705007 1750729.5
649.6199658776021 1506565.6
649.7448065471544 1413832.8
649.8698862791578 1352856.8
649.9952050736119 1643978.9
650.120762930517 2206253.2
650.2465598498729 1932396.9
650.3725958316797 1777506.2
650.4988708759375 2002301.4
650.6253849826461 2195732.5
650.7521381518056 1806764.2
650.879130383416 1514955.5
651.0063616774773 1548798.0
651.1338320339895 1448721.0
651.2615414529527 1442578.2
651.3894899343666 1543609.4
651.5176774782313 1799359.0
651.6461040845472 1517331.4
651.7747697533138 1437177.5
651.9036744845314 1593147.2
652.0328182781997 1771254.0
652.162201134319 1738749.9
652.2918230528892 1997450.2
652.4216840339103 1608336.2
652.5517840773823 1636797.8
652.6821231833052 1368641.2
652.8127013516789 1368830.5
652.9435185825037 1520465.1
653.074574875779 1639944.9
653.2058702315056 1963811.8
653.3374046496829 2108645.5
653.469178130311 2288766.0
653.6011906733902 1768205.1
653.73344227892 1725717.2
653.865932946901 1835126.5
653.9986626773327 1471839.0
654.1316314702154 1352846.1
654.2648393255489 1496013.9
654.3982862433335 1649668.9
654.5319722235687 1685037.2
654.665897266255 1604795.8
654.8000613713921 1434862.5
654.9344645389801 1665860.6
655.069106769019 1850826.0
655.2039880615088 1568965.0
655.3391084164494 1402059.5
655.4744678338409 1620462.2
655.6100663136834 1807938.6
655.7459038559767 1971533.2
655.881980460721 1882691.9
656.0182961279161 1749160.8
656.1548508575621 2037597.6
656.291644649659 2133674.8
656.4286775042068 2077866.0
656.5659494212055 2026170.6
656.7034604006551 2086924.0
656.8412104425555 2116630.5
656.9791995469069 1967826.4
657.117427713709 1994611.1
657.2558949429622 2200318.2
657.3946012346663 1861430.8
657.5335465888211 1922884.8
657.672731005427 1648699.9
657.8121544844836 1619128.0
657.9518170259913 1742830.0
658.0917186299497 1543621.1
658.2318592963591 1821170.5
658.3722390252193 1572834.9
658.5128578165305 1590574.5
658.6537156702925 1575657.8
658.7948125865055 1692073.9
658.9361485651692 1793116.0
659.077723606284 1447734.4
659.2195377098495 1411921.4
659.361590875866 1519992.8
659.5038831043335 1564843.9
659.6464143952517 1541227.2
659.7891847486209 1471176.1
659.9321941644408 1728064.2
660.0754426427119 1505531.1
660.2189301834336 2047063.0
660.3626567866064 1964443.8
660.50662245223 1840791.2
660.6508271803045 1587399.0
660.7952709708298 1803125.2
660.9399538238061 1964853.1
661.0848757392333 1556341.8
661.2300367171114 1239013.8
661.3754367574403 1464081.0
661.5210758602201 1406645.8
661.6669540254509 1376487.5
661.8130712531324 1571663.6
661.9594275432651 1491857.4
662.1060228958484 1684545.5
662.2528573108827 1677883.8
662.3999307883678 1711909.5
662.5472433283039 1574111.5
662.6947949306908 1287789.1
662.8425855955288 1336397.8
662.9906153228175 1417156.5
663.1388841125572 1706257.5
663.2873919647476 1589660.6
663.436138879389 1730581.2
663.5851248564813 1886571.2
663.7343498960245 1444791.2
663.8838139980186 1604741.0
664.0335171624636 1825391.9
664.1834593893594 1294929.1
664.3336406787062 1125674.0
664.4840610305039 1446496.9
664.6347204447524 1485063.9
664.7856189214518 1328714.8
664.936756460602 1563709.2
665.0881330622034 1502411.2
665.2397487262554 1239725.0
665.3916034527584 1446187.4
665.5436972417123 1651119.0
665.6960300931171 1616090.1
665.8486020069727 1747303.2
666.0014129832791 1711902.4
666.1544630220367 1448671.5
666.3077521232449 1390384.5
666.4612802869042 1522330.2
666.6150475130142 1589479.2
666.7690538015753 1717607.2
666.9232991525871 2022347.4
667.07778356605 2412917.8
667.2325070419636 2805147.0
667.3874695803282 2775733.5
667.5426711811436 2926597.0
667.69811184441 2769080.5
667.8537915701272 2768156.2
668.0097103582953 2306289.5
668.1658682089143 2437810.8
668.3222651219842 2470466.2
668.4789010975051 1962291.0
668.6357761354766 1972244.8
668.7928902358992 1959673.8
668.9502433987727 1747473.1
669.1078356240971 1619271.1
669.2656669118722 1642071.8
669.4237372620985 1473363.1
669.5820466747754 1265024.5
669.7405951499034 1587464.5
669.8993826874821 1593140.5
670.0584092875117 1448779.8
670.2176749499924 1356896.4
670.3771796749238 1125659.4
670.5369234623063 1489936.2
670.6969063121394 1576490.2
670.8571282244236 1297899.5
671.0175891991586 1590123.0
671.1782892363447 1469292.6
671.3392283359814 1488849.4
671.5004064980691 1383896.9
671.6618237226077 1380646.8
671.8234800095972 1513480.8
671.9853753590376 1793359.0
672.1475097709289 1825637.0
672.309883245271 1605071.0
672.472495782064 1766662.0
672.635347381308 1894803.9
672.7984380430028 1566999.2
672.9617677671484 1710200.2
673.125336553745 1554191.2
673.2891444027925 1604463.5
673.453191314291 1640687.4
673.6174772882403 1386297.5
673.7820023246404 1520756.2
673.9467664234915 1537548.1
674.1117695847934 1654854.0
674.2770118085463 1860245.2
674.4424930947499 1809643.5
674.6082134434046 1632858.0
674.7741728545101 1706963.2
674.9403713280664 1770642.6
675.1068088640737 1724958.6
675.2734854625319 1840025.2
675.440401123441 2317146.2
675.6075558468009 2831817.0
675.7749496326118 2675964.5
675.9425824808735 2935633.5
676.1104543915861 3218155.2
676.2785653647496 3220514.8
676.4469154003641 3251656.2
676.6155044984293 3299023.0
676.7843326589456 3164646.5
676.9533998819127 2654749.8
677.1227061673306 2607777.8
677.2922515151995 2466952.2
677.4620359255191 2228403.2
677.6320593982898 1813934.2
677.8023219335114 1788594.5
677.9728235311838 1499487.0
678.1435641913071 1482270.8
678.3145439138814 1426365.2
678.4857626989063 1461916.1
678.6572205463824 1430280.8
678.8289174563092 1404807.5
679.000853428687 1428453.9
679.1730284635156 1535379.0
679.3454425607953 1485623.1
679.5180957205256 1885009.0
679.690987942707 2027195.0
679.8641192273392 1749169.4
680.0374895744222 1980649.0
680.2110989839563 2077803.6
680.3849474559411 1837086.1
680.559034990377 1697836.4
680.7333615872635 1989723.1
680.9079272466012 2011538.8
681.0827319683896 1551961.4
681.257775752629 1689045.2
681.4330585993191 1549694.8
681.6085805084602 1477485.2
681.7843414800523 1480769.4
681.9603415140951 1432756.5
682.1365806105889 1519451.2
682.3130587695335 1584074.0
682.4897759909292 1624700.1
682.6667322747755 1290749.2
682.8439276210729 1446091.2
683.0213620298211 1615728.2
683.1990355010204 1590516.4
683.3769480346702 1642820.1
683.5550996307712 1484614.8
683.7334902893231 1632057.0
683.9121200103258 1912070.0
684.0909887937793 1529976.5
684.2700966396839 1699436.5
684.4494435480391 1586096.0
684.6290295188454 1839531.5
684.8088545521025 2180897.2
684.9889186478105 2217541.2
685.1692218059694 2099285.2
685.3497640265792 1937148.1
685.5305453096399 1587697.0
685.7115656551515 1459080.2
685.8928250631141 1733079.2
686.0743235335274 1798908.6
686.2560610663917 1599572.2
686.4380376617067 1371696.4
686.6202533194729 1868550.8
686.8027080396897 2070307.0
686.9854018223576 1806962.4
687.1683346674763 1529967.0
687.351506575046 1891453.0
687.5349175450664 2027884.9
687.7185675775377 1803530.1
687.9024566724601 2141663.5
688.0865848298331 1801699.4
688.2709520496572 1791571.8
688.4555583319321 1845927.8
688.640403676658 1946496.5
688.8254880838347 1902916.9
689.0108115534624 1665367.6
689.1963740855408 1622236.5
689.3821756800703 1894430.1
689.5682163370506 2030004.0
689.7544960564818 1815809.5
689.9410148383638 1956970.2
690.1277726826967 1895041.5
690.3147695894805 2248804.5
690.5020055587153 2083908.6
690.689480590401 1699027.4
690.8771946845374 1622778.1
691.0651478411248 1967048.5
691.253340060163 2433593.0
691.4417713416524 2271775.8
691.6304416855924 2283054.5
691.8193510919834 1945155.1
692.0084995608252 1978119.5
692.197887092118 1878433.2
692.3875136858616 1835775.8
692.5773793420561 1931961.9
692.7674840607016 1929295.6
692.9578278417978 2126193.0
693.1484106853451 2377504.8
693.339232591343 2076854.4
693.5302935597921 1886181.9
693.7215935906919 2101971.2
693.9131326840427 1921751.8
694.1049108398444 1783697.2
694.2969280580969 1728756.0
694.4891843388003 2229306.0
694.6816796819547 2491091.2
694.8744140875599 2600162.2
695.067387555616 2518045.8
695.260600086123 2535689.5
695.4540516790809 2642295.0
695.6477423344896 2726697.5
695.8416720523492 2565807.0
696.0358408326598 2545942.5
696.2302486754212 2625696.0
696.4248955806336 2559593.0
696.6197815482967 2822061.2
696.814906578411 3135990.0
697.0102706709758 3210343.8
697.2058738259918 3014361.0
697.4017160434586 2785082.2
697.5977973233763 2866306.5
697.7941176657448 2942803.5
697.9906770705643 2640777.5
698.1874755378346 2853412.5
698.3845130675558 2904139.8
698.581789659728 2962917.8
698.779305314351 2861464.5
698.9770600314249 2815906.0
699.1750538109496 2824070.0
699.3732866529253 2761139.8
699.5717585573519 2667001.2
699.7704695242294 3048809.8
699.9694195535577 3271212.2
700.168608645337 3274937.2
700.3680367995671 3431921.0
700.5677040162482 3322766.0
700.7676102953801 3081446.5
700.9677556369629 3301036.5
701.1681400409966 3435625.5
701.368763507481 3734996.5
701.5696260364166 3608802.2
701.7707276278029 3458322.8
701.9720682816403 3303029.0
702.1736479979284 3379189.5
702.3754667766674 3922113.5
702.5775246178573 3796602.0
702.7798215214982 3177472.2
702.9823574875899 3377159.8
703.1851325161325 3686709.5
703.3881466071259 3548576.5
703.5913997605704 3443338.5
703.7948919764656 3408049.8
703.9986232548118 3665905.2
704.2025935956088 3156912.5
704.4068029988567 3154882.2
704.6112514645556 3385523.0
704.8159389927052 3138678.5
705.020865583306 2816801.5
705.2260312363574 3236624.0
705.4314359518598 3710310.5
705.6370797298131 3518002.0
705.8429625702173 3550967.8
706.0490844730723 3697468.0
706.2554454383783 3409837.2
706.4620454661351 3467610.2
706.6688845563428 3741238.5
706.8759627090014 3722655.2
707.0832799241109 4306815.0
707.2908362016714 4123566.2
707.4986315416826 3836260.2
707.7066659441448 3874128.5
707.9149394090579 3970754.5
708.1234519364218 4266327.0
708.3322035262366 4761758.0
708.5411941785025 4546728.5
708.750423893219 4578646.0
708.9598926703866 4749435.5
709.169600510005 5045803.0
709.3795474120743 4886863.5
709.5897333765945 5199113.5
709.8001584035657 5248893.0
710.0108224929876 5159541.0
710.2217256448604 5494081.0
710.4328678591842 5769965.5
710.6442491359588 5781654.5
710.8558694751844 5899880.0
711.0677288768608 7009424.0
711.2798273409882 8574928.0
711.4921648675663 9022478.0
711.7047414565955 9620781.0
711.9175571080754 11049999.0
712.1306118220064 12491636.0
712.343905598388 13094774.0
712.5574384372208 13104379.0
712.7712103385043 11685669.0
712.9852213022388 11276145.0
713.199471328424 10406566.0
713.4139604170601 10497404.0
713.6286885681474 10970680.0
713.8436557816852 10292544.0
714.0588620576742 9303067.0
714.274307396114 9989816.0
714.4899917970047 10592224.0
714.7059152603462 11107178.0
714.9220777861387 11109349.0
715.138479374382 11366970.0
715.3551200250763 11627434.0
715.5719997382214 11805828.0
715.7891185138174 12740306.0
716.0064763518642 13592534.0
716.224073252362 13917541.0
716.4419092153107 12937349.0
716.6599842407103 12047010.0
716.8782983285607 12150024.0
717.096851478862 12092818.0
717.3156436916144 10839780.0
717.5346749668174 9484496.0
717.7539453044715 8408131.0
717.9734547045764 7860186.0
718.1932031671322 7082159.5
718.4131906921389 5943884.0
718.6334172795965 5480578.0
718.853882929505 4995039.0
719.0745876418644 4461230.0
719.2955314166745 4624513.0
719.5167142539357 4930362.0
719.7381361536477 4586239.0
719.9597971158106 4093907.8
720.1816971404245 4009910.5
720.4038362274891 4570423.0
720.6262143770048 4825483.0
720.8488315889713 5252046.0
721.0716878633887 5702724.5
721.2947832002569 6511052.5
721.518117599576 7671779.0
721.741691061346 9532618.0
721.965503585567 10828178.0
722.1895551722389 11561481.0
722.4138458213616 12660061.0
722.6383755329352 14336832.0
722.8631443069596 15692121.0
723.0881521434351 16524942.0
723.3133990423613 16660611.0
723.5388850037385 16855514.0
723.7646100275665 16734552.0
723.9905741138455 14926704.0
724.2167772625753 14294591.0
724.4432194737561 14630974.0
724.6699007473876 14458141.0
724.8968210834703 14246311.0
725.1239804820036 14313891.0
725.3513789429879 15231710.0
725.579016466423 16731314.0
725.8068930523091 17838178.0
726.0350087006461 18526764.0
726.2633634114338 19166578.0
726.4919571846726 20494428.0
726.7207900203623 20720250.0
726.9498619185028 22189590.0
727.1791728790942 27075118.0
727.4087229021366 34476960.0
727.6385119876297 45757680.0
727.8685401355738 61211380.0
728.0988073459687 82395910.0
728.3293136188147 105500380.0
728.5600589541114 129151140.0
728.7910433518591 149871100.0
729.0222668120575 163362600.0
729.2537293347069 160915140.0
729.4854309198073 145167540.0
729.7173715673584 115582330.0
729.9495512773606 80936480.0
730.1819700498136 52150956.0
730.4146278847174 33247162.0
730.6475247820722 23703880.0
730.8806607418778 18472552.0
731.1140357641343 15567422.0
731.3476498488419 12945180.0
731.5815029960002 10645048.0
731.8155952056094 8611495.0
732.0499264776695 7108464.0
732.2844968121806 6556182.0
732.5193062091423 6256982.5
732.754354668555 5868962.5
732.9896421904187 5892156.0
733.2251687747333 6092255.0
733.4609344214988 5995916.0
733.6969391307151 6407137.5
733.9331829023823 7178334.0
734.1696657365004 7507134.5
734.4063876330695 7755385.5
734.6433485920893 7750239.5
734.8805486135602 8579719.0
735.1179876974818 9416972.0
735.3556658438545 9973133.0
735.5935830526778 10345588.0
735.8317393239522 9545232.0
736.0701346576775 8946234.0
736.3087690538534 8413849.0
736.5476425124806 8104188.0
736.7867550335584 7641322.5
737.0261066170873 8171102.5
737.265697263067 9105099.0
737.5055269714976 11110741.0
737.745595742379 13512162.0
737.9859035757114 16370788.0
738.2264504714947 23118722.0
738.4672364297288 33661570.0
738.7082614504138 46034830.0
738.9495255335498 60545344.0
739.1910286791365 79259300.0
739.4327708871742 100954900.0
739.6747521576629 120456520.0
739.9169724906022 136072640.0
740.1594318859927 142370600.0
740.4021303438338 136211540.0
740.6450678641261 117207960.0
740.8882444468691 88288250.0
741.131660092063 58578824.0
741.3753147997079 35433916.0
741.6192085698036 23492820.0
741.8633414023502 17043790.0
742.1077132973477 12941772.0
742.352324254796 10489630.0
742.5971742746954 8228260.5
742.8422633570456 6927947.5
743.0875915018465 5639565.0
743.3331587090985 4892676.0
743.5789649788013 4379742.0
743.8250103109551 3831526.5
744.0712947055597 3723441.0
744.3178181626151 3584856.5
744.5645806821216 3292076.2
744.8115822640789 3034984.0
745.058822908487 2899343.5
745.3063026153461 3150257.5
745.554021384656 3615167.8
745.801979216417 4009726.2
746.0501761106286 4634874.5
746.2986120672912 4595332.0
746.5472870864048 4986533.5
746.7962011679691 5399669.5
747.0453543119845 5850568.0
747.2947465184507 5429670.5
747.5443777873677 4580441.5
747.7942481187357 4243247.0
748.0443575125546 3493640.0
748.2947059688242 2892996.5
748.545293487545 2501504.8
748.7961200687164 2652975.2
749.0471857123389 2859885.2
749.2984904184123 2938907.8
749.5500341869365 2829137.0
749.8018170179115 2638583.8
750.0538389113375 2842914.5
750.3060998672144 2879135.2
750.558599885542 2665027.2
750.8113389663208 2697702.8
751.0643171095503 2650051.0
751.3175343152308 2340428.2
751.570990583362 2552624.8
751.8246859139442 2915965.5
752.0786203069773 3207973.0
752.3327937624614 2929729.0
752.5872062803962 2679156.2
752.841857860782 2966075.0
753.0967485036186 3116431.2
753.3518782089062 3087391.5
753.6072469766447 2882952.5
753.8628548068339 2875798.8
754.1187016994742 3069278.8
754.3747876545652 3227275.2
754.6311126721073 3225412.0
754.8876767521001 3549010.0
755.144479894544 3655156.5
755.4015220994386 3512591.0
755.6588033667842 3437353.0
755.9163236965807 2841167.8
756.1740830888281 2862112.2
756.4320815435262 3209197.8
756.6903190606754 3548148.0
756.9487956402754 3893970.2
757.2075112823263 3817079.5
757.4664659868281 3652688.0
757.7256597537807 3618197.0
757.9850925831844 3836937.5
758.2447644750388 4361491.0
758.5046754293442 4753304.0
758.7648254461004 5054014.5
759.0252145253075 5338203.0
759.2858426669656 5391937.5
759.5467098710745 6060475.5
759.8078161376343 6851792.5
760.069161466645 7119498.0
760.3307458581066 6785484.0
760.5925693120191 6538892.0
760.8546318283825 6503265.0
761.1169334071967 6489065.0
761.3794740484618 5867069.0
761.6422537521778 5296215.0
761.9052725183449 5066374.0
762.1685303469626 4448119.5
762.4320272380314 4759832.0
762.6957631915509 4634153.0
762.9597382075215 4507709.0
763.2239522859428 4774336.0
763.4884054268151 4372137.0
763.7530976301382 4506938.5
764.0180288959123 5341635.5
764.2831992241372 4986522.0
764.5486086148131 4776659.0
764.8142570679397 4813568.0
765.0801445835173 5799408.0
765.3462711615459 6837771.0
765.6126368020252 7582350.5
765.8792415049556 8370652.5
766.1460852703367 9080146.0
766.4131680981689 9567464.0
766.6804899884517 8703002.0
766.9480509411856 8659711.0
767.2158509563703 8128659.5
767.483890034006 7431282.0
767.7521681740925 5955099.0
768.0206853766299 5670594.5
768.2894416416182 5520070.5
768.5584369690574 5514687.5
768.8276713589474 6134832.5
769.0971448112883 6222298.0
769.3668573260802 6140407.5
769.636808903323 6926252.5
769.9069995430166 7308549.5
770.1774292451611 7709463.0
770.4480980097566 8457104.0
770.7190058368028 8649161.0
770.9901527263 9508550.0
771.2615386782481 10496556.0
771.5331636926471 11161754.0
771.805027769497 12265111.0
772.0771309087978 14059532.0
772.3494731105494 16291901.0
772.622054374752 19767402.0
772.8948747014053 23635924.0
773.1679340905096 27677398.0
773.4412325420649 30657624.0
773.714770056071 32044658.0
773.9885466325279 30530400.0
774.2625622714359 30634700.0
774.5368169727947 29218432.0
774.8113107366042 24262292.0
775.0860435628648 19308210.0
775.3610154515762 12738806.0
775.6362264027387 8794948.0
775.9116764163518 8224458.0
776.1873654924159 7857638.0
776.4632936309309 8000890.5
776.7394608318967 7677299.0
777.0158670953135 7206324.5
777.2925124211812 7161732.5
777.5693968094998 6997931.0
777.8465202602692 7620439.5
778.1238827734896 9159762.0
778.4014843491608 10010419.0
778.6793249872829 10090864.0
778.957404687856 11842021.0
779.23572345088 13559484.0
779.5142812763546 16088475.0
779.7930781642804 18558106.0
780.0721141146569 21210424.0
780.3513891274845 22803902.0
780.6309032027627 24794170.0
780.9106563404919 24729950.0
781.1906485406721 24128272.0
781.4708798033031 22626438.0
781.7513501283851 21164180.0
782.0320595159178 20861388.0
782.3130079659015 19638456.0
782.5941954783361 19569362.0
782.8756220532216 20299912.0
783.157287690558 19542996.0
783.4391923903453 18899452.0
783.7213361525834 16648919.0
784.0037189772725 15268779.0
784.2863408644123 14560399.0
784.5692018140032 14646452.0
784.8523018260448 16050945.0
785.1356409005374 17646204.0
785.419219037481 18619840.0
785.7030362368753 18325282.0
785.9870924987206 17824314.0
786.2713878230167 18660642.0
786.5559222097638 17732984.0
786.8406956589616 16613575.0
787.1257081706106 15579544.0
787.4109597447102 14696696.0
787.6964503812609 15042548.0
787.9821800802623 15777884.0
788.2681488417147 15389180.0
788.554356665618 15296005.0
788.8408035519722 16172590.0
789.1274895007773 17146242.0
789.4144145120331 17602068.0
789.70157858574 18279978.0
789.9889817218977 20126096.0
790.2766239205064 21166620.0
790.5645051815659 23203800.0
790.8526255050763 25017572.0
791.1409848910375 26467340.0
791.4295833394498 29283558.0
791.7184208503128 32187982.0
792.0074974236268 34370736.0
792.2968130593916 37231456.0
792.5863677576074 39863664.0
792.876161518274 41664584.0
793.1661943413915 42994680.0
793.45646622696 43343430.0
793.7469771749792 41320610.0
794.0377271854495 37557210.0
794.3287162583705 36957000.0
794.6199443937426 36842476.0
794.9114115915653 37319384.0
795.2031178518391 39521910.0
795.4950631745637 40784790.0
795.7872475597393 41350810.0
796.0796710073657 40802584.0
796.372333517443 41815456.0
796.6652350899712 44635936.0
796.9583757249504 47713116.0
797.2517554223803 48016880.0
797.5453741822612 51403960.0
797.839232004593 55775856.0
798.1333288893755 60693570.0
798.4276648366092 66208130.0
798.7222398462935 70998690.0
799.0170539184289 74326340.0
799.3121070530151 76273220.0
799.6073992500523 79523840.0
799.9029305095402 81306870.0
800.1987008314792 80722670.0
800.4947102158688 79497770.0
800.7909586627096 77944740.0
801.0874461720011 77573170.0
801.3841727437435 79093940.0
801.6811383779369 79801420.0
801.9783430745811 76874530.0
802.2757868336762 72907496.0
802.5734696552222 68097780.0
802.8713915392192 65296944.0
803.1695524856669 63589360.0
803.4679524945657 61357310.0
803.7665915659152 59561010.0
804.0654696997157 59859080.0
804.364586895967 61097496.0
804.6639431546693 63454460.0
804.9635384758224 63877460.0
805.2633728594265 65521396.0
805.5634463054813 66846704.0
805.863758813987 69209300.0
806.1643103849437 71696020.0
806.4651010183513 73265060.0
806.7661307142098 73410900.0
807.0673994725191 72686824.0
807.3689072932794 71935750.0
807.6706541764905 73916610.0
807.9726401221526 78069860.0
808.2748651302655 87105900.0
808.5773292008294 95926360.0
808.880032333844 106906370.0
809.1829745293097 122262400.0
809.4861557872262 143019740.0
809.7895761075936 166221280.0
810.0932354904118 189204860.0
810.3971339356808 212354860.0
810.701271443401 236351230.0
811.0056480135719 256027920.0
811.3102636461938 269719040.0
811.6151183412665 273216740.0
811.9202120987901 271422560.0
812.2255449187645 264406020.0
812.5311168011899 241659710.0
812.8369277460662 216709730.0
813.1429777533934 191144000.0
813.4492668231715 164538900.0
813.7557949554005 148422080.0
814.0625621500802 137952720.0
814.3695684072109 134059420.0
814.6768137267925 126983810.0
814.984298108825 118095540.0
815.2920215533085 110315030.0
815.5999840602427 101670290.0
815.908185629628 95517370.0
816.216626261464 88536410.0
816.5253059557509 80525690.0
816.8342247124888 72889220.0
817.1433825316776 65823960.0
817.4527794133171 58747056.0
817.7624153574077 51331130.0
818.072290363949 47885740.0
818.3824044329415 46909804.0
818.6927575643846 46657290.0
819.0033497582787 48913490.0
819.3141810146236 54435704.0
819.6252513334194 59609756.0
819.9365607146663 66119116.0
820.2481091583638 74414400.0
820.5598966645124 80851140.0
820.8719232331118 90650130.0
821.1841888641621 102539090.0
821.4966935576633 117358350.0
821.8094373136155 135880830.0
822.1224201320184 160935870.0
822.4356420128723 184393740.0
822.749102956177 208926880.0
823.0628029619327 239712640.0
823.3767420301392 268506500.0
823.6909201607966 295040400.0
824.005337353905 319920770.0
824.3199936094642 343696450.0
824.6348889274743 356474200.0
824.9500233079352 353783360.0
825.2653967508472 330260670.0
825.5810092562099 295412400.0
825.8968608240236 245533840.0
826.2129514542881 188309520.0
826.5292811470036 134537380.0
826.8458499021699 94301470.0
827.1626577197871 67934490.0
827.4797045998553 49934940.0
827.7969905423743 39835976.0
828.1145155473441 32645082.0
828.4322796147649 27712230.0
828.7502827446367 23320712.0
829.0685249369592 19383132.0
829.3870061917327 18018090.0
829.705726508957 15794385.0
830.0246858886322 14313646.0
830.3438843307583 13148995.0
830.6633218353354 12843536.0
830.9829984023633 12824256.0
831.3029140318422 11713314.0
831.6230687237718 10900939.0
831.9434624781525 11140146.0
832.2640952949838 11086279.0
832.5849671742662 11850924.0
832.9060781159994 11571965.0
833.2274281201835 11504576.0
833.5490171868187 11800315.0
833.8708453159045 12071639.0
834.1929125074414 12401002.0
834.515218761429 11825070.0
834.8377640778676 12713324.0
835.160548456757 14638349.0
835.4835718980975 16140632.0
835.8068344018886 16891370.0
836.1303359681309 18010568.0
836.4540765968239 19547350.0
836.778056287968 20461924.0
837.1022750415626 21497852.0
837.4267328576084 22902904.0
837.7514297361049 23141104.0
838.0763656770524 23003508.0
838.4015406804508 25619602.0
838.7269547463001 25743442.0
839.0526078746003 26647960.0
839.3785000653513 26615308.0
839.7046313185533 26909660.0
840.0310016342061 26599070.0
840.3576110123099 26627768.0
840.6844594528644 27034108.0
841.01154695587 26690312.0
841.3388735213264 24704144.0
841.6664391492336 24705778.0
841.9942438395917 25804828.0
842.3222875924008 27730538.0
842.6505704076608 27465702.0
842.9790922853716 27540062.0
843.3078532255333 27997496.0
843.636853228146 27348150.0
843.9660922932096 25825840.0
844.2955704207238 25282736.0
844.6252876106893 25047890.0
844.9552438631054 24395744.0
845.2854391779725 25189340.0
845.6158735552905 26274648.0
845.9465469950594 26618200.0
846.2774594972791 26826468.0
846.6086110619498 28577670.0
846.9400016890712 32536060.0
847.2716313786436 38546184.0
847.603500130667 44621080.0
847.9356079451411 50252180.0
848.2679548220663 54105936.0
848.6005407614422 59138270.0
848.9333657632692 64395596.0
849.2664298275467 68510020.0
849.5997329542755 71710770.0
849.933275143455 73558000.0
850.2670563950855 74468450.0
850.6010767091668 75173190.0
850.935336085699 74503620.0
851.2698345246821 73667500.0
851.6045720261161 70729810.0
851.939548590001 69124820.0
852.2747642163367 67424184.0
852.6102189051235 63350604.0
852.9459126563609 56162904.0
853.2818454700493 49277064.0
853.6180173461887 43833916.0
853.9544282847789 38166590.0
854.29107828582 34732596.0
854.627967349312 33824844.0
854.9650954752549 35063896.0
855.3024626636488 36969076.0
855.6400689144934 40331724.0
855.9779142277889 41443610.0
856.3159986035355 44953824.0
856.6543220417327 49207040.0
856.992884542381 52259036.0
857.33168610548 54073076.0
857.6707267310301 56135324.0
858.010006419031 58765630.0
858.3495251694828 61836084.0
858.6892829823855 64275270.0
859.0292798577391 67130910.0
859.3695157955435 74160750.0
859.709990795799 81262160.0
860.0507048585051 86281600.0
860.3916579836623 89249030.0
860.7328501712702 89406020.0
861.0742814213293 93115370.0
861.415951733839 97961070.0
861.7578611087997 101615510.0
862.1000095462114 102953940.0
862.4423970460737 101659440.0
862.7850236083872 98005980.0
863.1278892331513 90800740.0
863.4709939203666 80416530.0
863.8143376700325 70519620.0
864.1579204821496 59640276.0
864.5017423567174 48532610.0
864.845803293736 40164170.0
865.1901032932057 34376884.0
865.5346423551262 30908458.0
865.8794204794975 28586684.0
866.2244376663198 29503840.0
866.569693915593 33062622.0
866.9151892273169 36439452.0
867.2609236014919 36496710.0
867.6068970381177 36461172.0
867.9531095371945 42919604.0
868.299561098722 47093056.0
868.6462517227006 52180036.0
868.9931814091299 58616120.0
869.3403501580103 66041196.0
869.6877579693414 74028980.0
870.0354048431236 81496800.0
870.3832907793565 84724420.0
870.7314157780402 85362980.0
871.079779839175 89172920.0
871.4283829627606 93503980.0
871.7772251487971 98614190.0
872.1263063972845 102711930.0
872.4756267082229 107164070.0
872.825186081612 109779020.0
873.1749845174521 106769580.0
873.525022015743 98024880.0
873.875298576485 84554910.0
874.2258141996776 72046456.0
874.5765688853213 60718216.0
874.9275626334158 54606496.0
875.2787954439613 54965664.0
875.6302673169575 57739116.0
875.9819782524048 57649760.0
876.3339282503027 58796330.0
876.6861173106518 58128456.0
877.0385454334516 55159636.0
877.3912126187024 51631244.0
877.744118866404 50383844.0
878.0972641765566 45735084.0
878.45064854916 40967136.0
878.8042719842143 34338104.0
879.1581344817196 28407068.0
879.5122360416756 23097052.0
879.8665766640827 20580498.0
880.2211563489404 19731782.0
880.5759750962493 19346264.0
880.9310329060089 19889078.0
881.2863297782194 19937404.0
881.6418657128809 19887956.0
881.9976407099932 20513000.0
882.3536547695564 21022296.0
882.7099078915705 19890138.0
883.0664000760355 20815842.0
883.4231313229513 22120110.0
883.7801016323183 22654092.0
884.1373110041359 24183550.0
884.4947594384045 22680698.0
884.8524469351239 21033502.0
885.2103734942943 21001410.0
885.5685391159154 19915388.0
885.9269437999875 19800876.0
886.2855875465107 20508724.0
886.6444703554844 20541438.0
887.0035922269093 20421324.0
887.3629531607849 20501854.0
887.7225531571116 21353122.0
888.082392215889 21620656.0
888.4424703371174 23875750.0
888.8027875207965 25729524.0
889.1633437669268 26222902.0
889.5241390755077 27830012.0
889.8851734465397 30350984.0
890.2464468800224 31474352.0
890.6079593759562 35093164.0
890.9697109343408 38250836.0
891.3317015551763 40746310.0
891.6939312384626 44879340.0
892.0563999841997 48740480.0
892.419107792388 53626770.0
892.7820546630269 58133304.0
893.145240596117 60818736.0
893.5086655916577 64426370.0
893.8723296496495 66654216.0
894.2362327700921 69631850.0
894.6003749529856 70749010.0
894.96475619833 72795390.0
895.3293765061252 77601310.0
895.6942358763713 81382570.0
896.0593343090684 86656160.0
896.4246718042164 91098690.0
896.7902483618151 91575100.0
897.1560639818649 89860600.0
897.5221186643654 82507464.0
897.888412409317 71399230.0
898.2549452167193 55215930.0
898.6217170865726 40163444.0
898.9887280188768 29762950.0
899.3559780136319 24399944.0
899.7234670708378 20908508.0
900.0911951904947 18650712.0
900.4591623726023 16935192.0
900.827368617161 16273001.0
901.1958139241705 15429255.0
901.5644982936308 14730491.0
901.9334217255422 14618412.0
902.3025842199042 14765835.0
902.6719857767174 14996969.0
903.0416263959813 15170445.0
903.4115060776962 15912990.0
903.7816248218619 16404658.0
904.1519826284787 16152465.0
904.5225794975461 16543098.0
904.8934154290646 16076818.0
905.2644904230337 15442202.0
905.635804479454 15414749.0
906.0073575983251 14955676.0
906.3791497796472 14806658.0
906.7511810234199 14953996.0
907.1234513296438 14096414.0
907.4959606983184 14192462.0
907.8687091294438 14638852.0
908.2416966230203 14388175.0
908.6149231790475 13636176.0
908.9883887975259 13402950.0
909.3620934784549 12774842.0
909.736037221835 13411881.0
910.1102200276657 12855354.0
910.4846418959476 12764146.0
910.8593028266802 12741662.0
911.2342028198638 12195529.0
911.6093418754981 12760385.0
911.9847199935836 13380521.0
912.3603371741196 13010554.0
912.7361934171067 13219015.0
913.1122887225448 13813649.0
913.4886230904336 14845039.0
913.8651965207735 16375051.0
914.242009013564 15827949.0
914.6190605688057 16107470.0
914.996351186498 17541584.0
915.3738808666415 18243468.0
915.7516496092356 18735112.0
916.1296574142808 20441120.0
916.5079042817767 21050984.0
916.8863902117237 21300036.0
917.2651152041215 21673700.0
917.6440792589702 22079820.0
918.0232823762697 21210992.0
918.4027245560201 20084616.0
918.7824057982216 19216414.0
919.1623261028737 18584556.0
919.542485469977 18138360.0
919.9228838995309 16677419.0
920.3035213915359 17632540.0
920.6843979459916 20463988.0
921.0655135628983 21291708.0
921.446868242256 21377650.0
921.8284619840645 22268492.0
922.2102947883237 23024430.0
922.5923666550341 22051656.0
922.9746775841952 22020110.0
923.3572275758072 21793058.0
923.7400166298701 23094548.0
924.1230447463838 23665700.0
924.5063119253487 25088036.0
924.8898181667641 26462420.0
925.2735634706307 26015024.0
925.657547836948 25920430.0
926.0417712657163 25128164.0
926.4262337569354 23298408.0
926.8109353106056 22141980.0
927.1958759267263 20133928.0
927.5810556052983 20077558.0
927.966474346321 20938070.0
928.3521321497947 20545448.0
928.7380290157191 19554350.0
929.1241649440944 20267534.0
929.5105399349206 19416422.0
929.8971539881978 18718332.0
930.2840071039259 18394502.0
930.6710992821048 16476464.0
931.0584305227347 15784478.0
931.4460008258154 15704418.0
931.8338101913471 14969665.0
932.2218586193296 13061958.0
932.610146109763 10525200.0
932.9986726626472 8087683.0
933.3874382779825 6119015.5
933.7764429557685 4887967.0
934.1656866960054 4327884.0
934.5551694986933 3965320.2
934.9448913638321 3920028.0
935.3348522914216 3818659.0
935.7250522814621 3945165.5
936.1154913339535 3907245.0
936.5061694488959 4187266.2
936.8970866262891 4868432.5
937.288242866133 4981067.0
937.6796381684281 5097145.5
938.0712725331739 5352067.0
938.4631459603708 5854752.5
938.8552584500184 6219175.5
939.247610002117 5581279.0
939.6402006166663 5541879.5
940.0330302936667 6223610.0
940.4260990331178 6870975.5
940.8194068350199 6796889.0
941.212953699373 6115280.0
941.6067396261767 6192607.0
942.0007646154315 6263116.0
942.3950286671371 6346645.0
942.7895317812938 6368202.5
943.184273957901 6607907.0
943.5792551969595 5809125.0
943.9744754984687 5795713.0
944.3699348624289 5411777.0
944.7656332888398 5018195.5
945.1615707777016 4919563.0
945.5577473290144 4961366.0
945.9541629427781 4784339.0
946.3508176189927 5141978.0
946.7477113576581 5266527.0
947.1448441587745 5511373.0
947.5422160223416 5697375.5
947.9398269483597 6469492.5
948.3376769368288 6723275.0
948.7357659877487 7130373.0
949.1340941011194 7293402.5
949.5326612769411 7856829.5
949.9314675152136 8324933.0
950.3305128159373 9417692.0
950.7297971791115 9872031.0
951.1293206047367 9479554.0
951.5290830928128 8385188.0
951.9290846433399 7933753.0
952.3293252563178 7651407.5
952.7298049317465 7797677.0
953.1305236696262 7479600.0
953.5314814699568 7597469.0
953.9326783327383 7658549.5
954.3341142579707 7823624.5
954.7357892456539 7439521.0
955.137703295788 6949041.0
955.5398564083731 6228821.0
955.942248583409 6290924.0
956.3448798208958 6495663.0
956.7477501208334 6338421.0
957.1508594832221 5670092.5
957.5542079080615 6120074.0
957.9577953953519 5823925.0
958.3616219450932 5696040.5
958.7656875572852 6090733.0
959.1699922319283 6325286.0
959.5745359690222 6571225.5
959.979318768567 6170404.5
960.3843406305627 6052277.0
960.7896015550094 6480434.5
961.1951015419069 6515810.5
961.6008405912553 6952134.0
962.0068187030545 7091323.0
962.4130358773048 7753485.0
962.8194921140057 8251482.0
963.2261874131577 8450016.0
963.6331217747605 8151211.0
964.0402951988142 8615731.0
964.4477076853188 8235810.5
964.8553592342744 7788575.0
965.2632498456808 8181465.5
965.671379519538 8537368.0
966.0797482558462 8445546.0
966.4883560546052 8795257.0
966.8972029158153 8129209.0
967.3062888394761 7316118.0
967.7156138255879 6484634.5
968.1251778741505 5593502.5
968.534980985164 5029991.0
968.9450231586284 4825509.5
969.3553043945437 5155440.5
969.7658246929099 4750745.0
970.1765840537269 3993357.0
970.5875824769948 3718273.5
970.9988199627137 3811342.2
971.4102965108834 4323852.0
971.822012121504 4258860.5
972.2339667945757 4462392.5
972.6461605300981 5381868.0
973.0585933280714 5586122.0
973.4712651884955 6350304.5
973.8841761113707 6715195.5
974.2973260966967 6862295.5
974.7107151444736 7205405.0
975.1243432547012 7291851.0
975.5382104273799 7780627.0
975.9523166625095 8118057.5
976.3666619600898 8333752.5
976.7812463201212 8424300.0
977.1960697426034 9419759.0
977.6111322275365 10166434.0
978.0264337749204 10013576.0
978.4419743847554 10423615.0
978.8577540570411 10400342.0
979.2737727917779 9936470.0
979.6900305889653 8953906.0
980.1065274486039 7894155.5
980.523263370693 7158124.0
980.9402383552333 6740237.5
981.3574524022245 7401598.0
981.7749055116664 8787272.0
982.1925976835594 9594514.0
982.6105289179031 10821164.0
983.0286992146978 11754710.0
983.4471085739433 12641850.0
983.8657569956398 12669454.0
984.2846444797872 12907621.0
984.7037710263854 12772461.0
985.1231366354345 14011894.0
985.5427413069345 13308165.0
985.9625850408854 13497379.0
986.3826678372873 14010051.0
986.8029896961399 13767342.0
987.2235506174435 13472348.0
987.6443506011979 13657826.0
988.0653896474032 13267408.0
988.4866677560595 13349766.0
988.9081849271665 11993830.0
989.3299411607247 11695884.0
989.7519364567336 12067499.0
990.1741708151934 11328098.0
990.5966442361041 10282041.0
991.0193567194657 9155149.0
991.4423082652781 8329611.0
991.8654988735416 8409344.0
992.2889285442558 8469419.0
992.712597277421 8968202.0
993.1365050730369 9012666.0
993.5606519311038 8550763.0
993.9850378516217 8682604.0
994.4096628345903 8655945.0
994.83452688001 9984736.0
995.2596299878804 10824841.0
995.6849721582018 10535615.0
996.110553390974 11498004.0
996.5363736861973 12373774.0
996.9624330438713 11929781.0
997.3887314639962 11698512.0
997.8152689465721 11574459.0
998.2420454915989 11237980.0
998.6690610990764 10912021.0
999.0963157690048 10522144.0
999.5238095013843 10179666.0
999.9515422962145 9268446.0
1000.3795141534958 8786669.0
1000.8077250732279 8045397.0
1001.2361750554107 6947183.0
1001.6648641000446 6487832.0
1002.0937922071294 6233666.0
1002.522959376665 5494268.0
1002.9523656086515 5673809.5
1003.3820109030889 5991473.0
1003.8118952599773 5725202.0
1004.2420186793163 6294369.0
1004.6723811611065 6957024.5
1005.1029827053474 7650340.0
1005.5338233120393 8873946.0
1005.9649029811819 10773500.0
1006.3962217127755 13179199.0
1006.8277795068202 14592814.0
1007.2595763633155 15473431.0
1007.6916122822619 16477222.0
1008.1238872636591 18136342.0
1008.5564013075071 19372992.0
1008.9891544138061 20092716.0
1009.422146582556 21755732.0
1009.8553778137567 23052398.0
1010.2888481074084 23429068.0
1010.7225574635108 24241044.0
1011.1565058820644 23233704.0
1011.5906933630686 22755576.0
1012.0251199065237 22302820.0
1012.45978551243 18645092.0
1012.8946901807869 14257189.0
1013.3298339115948 11186619.0
1013.7652167048535 8354578.0
1014.2008385605632 6562541.0
1014.6366994787238 6160372.0
1015.0727994593352 5872929.5
1015.5091385023975 5874324.5
1015.9457166079108 6155657.0
1016.3825337758749 7737302.0
1016.8195900062899 8813706.0
1017.2568852991558 10264438.0
1017.6944196544725 11197894.0
1018.1321930722402 12297050.0
1018.5702055524587 12514562.0
1019.0084570951283 14212391.0
1019.4469477002485 15383278.0
1019.8856773678198 14876795.0
1020.3246460978419 15020952.0
1020.763853890315 17089104.0
1021.2033007452387 19565338.0
1021.6429866626136 22384452.0
1022.0829116424393 22221980.0
1022.5230756847159 22048922.0
1022.9634787894433 21250502.0
1023.4041209566217 18141582.0
1023.8450021862509 15243916.0
1024.286122478331 10667320.0
1024.727481832862 7874763.0
1025.1690802498438 5155856.0
1025.6109177292767 3756701.0
1026.0529942711605 3155481.0
1026.495309875495 2658937.5
1026.9378645422805 2071348.1
1027.380658271517 1903631.9
1027.823691063204 1800313.1
1028.2669629173424 1690384.8
1028.7104738339312 1740537.0
1029.1542238129714 1653500.5
1029.598212854462 1566959.2
1030.0424409584039 1492534.9
1030.4869081247964 1732215.2
1030.9316143536398 1727730.5
1031.376559644934 1576710.8
1031.8217439986793 1505261.8
1032.2671674148755 1590911.8
1032.7128298935227 1569268.0
1033.1587314346207 1412240.6
1033.6048720381693 1584592.2
1034.051251704169 1570342.4
1034.4978704326197 1496711.2
1034.9447282235212 1707612.5
1035.3918250768736 1230930.2
1035.8391609926769 1177743.5
1036.286735970931 1471600.0
1036.734550011636 1547360.0
1037.182603114792 1530477.6
1037.6308952803988 1481938.5
1038.0794265084567 1349639.5
1038.5281967989652 1431802.2
1038.9772061519247 1733727.0
1039.426454567335 1981430.2
1039.8759420451966 2068072.8
1040.3256685855085 1926653.6
1040.7756341882716 1845742.8
1041.2258388534856 1590702.2
1041.6762825811506 1751591.8
1042.1269653712661 1760946.5
1042.577887223833 2102344.8
1043.0290481388504 2060014.8
1043.4804481163187 2130662.2
1043.9320871562381 1920023.5
1044.3839652586082 2056825.6
1044.8360824234294 2882795.0
1045.2884386507012 2517499.0
1045.7410339404241 2295688.5
1046.193868292598 1962501.5
1046.6469417072226 2191692.8
1047.1002541842981 2651391.0
1047.5538057238246 2585762.8
1048.0075963258018 2057492.4
1048.46162599023 2453865.5
1048.915894717109 2630055.2
1049.3704025064392 2331538.5
1049.82514935822 2556213.0
1050.2801352724516 2360950.2
1050.7353602491344 2262440.5
1051.1908242882678 2412252.8
1051.6465273898525 2571896.0
1052.1024695538877 2047631.0
1052.558650780374 2143370.0
1053.015071069311 2122710.0
1053.471730420699 2205843.0
1053.928628834538 2243272.0
1054.3857663108276 2269146.5
1054.8431428495683 2134249.5
1055.30075845076 2190206.5
1055.7586131144024 2322002.2
1056.2167068404956 2263447.2
1056.67503962904 2264199.8
1057.133611480035 2555913.0
1057.592422393481 2534664.5
1058.0514723693777 3113419.5
1058.5107614077258 2900457.0
1058.9702895085243 2275721.5
1059.4300566717739 2322945.2
1059.8900628974743 2617270.0
1060.3503081856259 2988932.5
1060.8107925362278 2047004.9
1061.2715159492811 58776.56
1061.732478424785 -1786291.4
1062.1936799627401 -3377128.5
1062.6551205631458 -4709527.5
1063.1168002260026 -6288651.0
1063.57871895131 -7852569.5
1064.0408767390686 -9879892.0
1064.503273589278 -11145025.0
1064.965909501938 -13189584.0
1065.4287844770492 -15523640.0
1065.8918985146113 -17427970.0
1066.3552516146242 -19739488.0
1066.818843777088 -21843178.0
1067.2826750020029 -23674470.0
1067.7467452893684 -25698202.0
1068.211054639185 -28250700.0
1068.6756030514523 -30100404.0
1069.1403905261704 0.0
1069.6054170633397 0.0
1070.0706826629596 0.0
1070.5361873250306 0.0
1071.0019310495525 0.0
1071.4679138365252 0.0
1071.9341356859486 0.0
