string
description: px_shifted, calibration parameter: [ 1.19531225e-04 -2.30194563e-02  6.18194146e+02]
converted file:R_100ms_Fe_S3_x_1_56_binned_y back: data/dark_100msRZP-structure:___RZP_S3100msRoi:[0, 1040, 2048, 2048]
eV counts/s
618.1712462133476 1627273.6
618.1485853507007 1359155.2
618.1261635505048 1780823.5
618.1039808127597 1649383.5
618.0820371374655 1902354.9
618.0603325246223 2547771.5
618.0388669742298 2404137.0
618.0176404862883 2553602.2
617.9966530607976 2388812.0
617.9759046977579 2071496.0
617.955395397169 1768098.2
617.9351251590311 1927267.8
617.9150939833439 1769144.4
617.8953018701078 1884533.5
617.8757488193226 2179127.0
617.8564348309881 2430587.8
617.8373599051046 2307629.2
617.8185240416719 2550395.2
617.7999272406903 3064110.2
617.7815695021593 2685031.2
617.7634508260794 2719320.0
617.7455712124504 2261914.5
617.7279306612722 1836223.9
617.7105291725449 1830238.5
617.6933667462686 1725568.0
617.676443382443 1618895.0
617.6597590810685 2180454.2
617.6433138421447 2229582.8
617.6271076656718 2173336.5
617.6111405516499 2183779.8
617.5954125000789 2178163.0
617.5799235109587 2644729.0
617.5646735842894 2949916.2
617.5496627200711 2152088.5
617.5348909183035 2192339.5
617.520358178987 2473849.0
617.5060645021213 3064829.5
617.4920098877064 2994623.0
617.4781943357425 2895513.0
617.4646178462295 2788277.5
617.4512804191673 3288755.0
617.4381820545561 3333141.0
617.4253227523957 3194057.0
617.4127025126862 3246775.0
617.4003213354276 2733482.5
617.3881792206199 2319347.0
617.3762761682632 2409818.8
617.3646121783572 2349876.8
617.3531872509022 1977633.1
617.342001385898 2079393.0
617.3310545833449 2082086.2
617.3203468432424 1997158.2
617.309878165591 1907041.4
617.2996485503904 1892779.2
617.2896579976408 1923847.6
617.2799065073419 2179282.0
617.270394079494 2317032.2
617.261120714097 2631409.0
617.2520864111508 2680977.0
617.2432911706557 2936231.2
617.2347349926113 3269357.5
617.2264178770179 3210680.5
617.2183398238752 3036401.0
617.2105008331837 2405566.5
617.2029009049428 2355604.5
617.195540039153 3099432.0
617.188418235814 2989322.2
617.1815354949258 3068708.8
617.1748918164886 3148367.0
617.1684872005023 3234337.8
617.1623216469668 3545703.0
617.1563951558823 3818838.5
617.1507077272486 4140697.5
617.1452593610658 4377787.0
617.140050057334 3971136.2
617.1350798160529 3812910.0
617.1303486372229 4245363.0
617.1258565208436 3921441.5
617.1216034669154 3682731.2
617.1175894754379 3762824.8
617.1138145464114 4058376.2
617.1102786798357 4509320.5
617.106981875711 3942128.8
617.1039241340371 3251942.5
617.1011054548142 3403344.8
617.0985258380421 3760190.0
617.0961852837207 3804781.2
617.0940837918505 3352334.8
617.092221362431 3177077.8
617.0905979954625 3379525.0
617.0892136909449 4004192.2
617.0880684488782 4227587.0
617.0871622692623 4681828.0
617.0864951520974 5593462.0
617.0860670973833 7110509.0
617.0858781051202 7049828.0
617.0859281753078 6395452.0
617.0862173079464 5529457.0
617.0867455030359 4596424.5
617.0875127605763 3359105.5
617.0885190805675 2566747.2
617.0897644630096 2082164.8
617.0912489079027 1785494.2
617.0929724152465 1800812.5
617.0949349850415 1829736.1
617.0971366172871 1969193.6
617.0995773119838 1938383.0
617.1022570691313 1832834.2
617.1051758887297 1949532.8
617.1083337707789 1940263.2
617.1117307152791 1774785.5
617.1153667222302 1871038.1
617.1192417916321 2209225.2
617.123355923485 2385511.5
617.1277091177888 2528195.5
617.1323013745433 2898306.5
617.1371326937488 3260827.0
617.1422030754052 3756758.8
617.1475125195125 4865895.0
617.1530610260706 5886725.5
617.1588485950797 6498772.0
617.1648752265397 6800090.0
617.1711409204505 6834757.5
617.1776456768123 6326674.0
617.1843894956249 5954694.0
617.1913723768885 6351341.0
617.1985943206029 6867070.0
617.2060553267681 7524477.0
617.2137553953843 7172745.0
617.2216945264513 5944062.0
617.2298727199694 5253215.5
617.2382899759382 3650573.8
617.246946294358 2759388.5
617.2558416752286 1593871.1
617.2649761185502 1329492.8
617.2743496243226 1260564.0
617.2839621925459 1247091.8
617.29381382322 1641415.5
617.3039045163453 1332697.8
617.3142342719211 1070188.2
617.3248030899481 884542.4
617.3356109704258 793254.7
617.3466579133545 721789.1
617.357943918734 581216.7
617.3694689865644 641008.25
617.3812331168458 976848.1
617.3932363095779 984897.56
617.4054785647611 996476.0
617.417959882395 1119313.8
617.43068026248 913833.2
617.4436397050157 942283.7
617.4568382100024 1101596.0
617.47027577744 1833493.1
617.4839524073284 2679351.5
617.4978680996677 4029706.0
617.512022854458 5360160.0
617.526416671699 6414914.5
617.5410495513911 7376787.5
617.555921493534 8046797.5
617.5710324981277 7565822.5
617.5863825651725 6399465.0
617.601971694668 4866075.5
617.6177998866144 3961405.0
617.6338671410118 3445824.8
617.6501734578601 3433787.5
617.6667188371591 3564976.5
617.6835032789093 3016458.8
617.70052678311 2926304.0
617.7177893497619 3517233.0
617.7352909788646 4030038.5
617.7530316704182 4103208.8
617.7710114244226 3946986.2
617.7892302408779 3750843.8
617.8076881197842 3665470.2
617.8263850611413 4500389.5
617.8453210649494 5825672.5
617.8644961312083 7889302.0
617.8839102599181 10121015.0
617.9035634510788 12855020.0
617.9234557046905 14347568.0
617.9435870207528 14796079.0
617.9639573992663 14761026.0
617.9845668402305 12473546.0
618.0054153436457 10101682.0
618.0265029095117 6917352.5
618.0478295378288 4437659.5
618.0693952285965 3238507.2
618.0911999818152 2113224.5
618.1132437974848 2000036.0
618.1355266756052 1671217.4
618.1580486161766 1602044.0
618.180809619199 1604707.6
618.2038096846721 1221729.0
618.2270488125961 1256397.5
618.2505270029711 1318545.1
618.2742442557969 1197312.5
618.2982005710737 1069712.2
618.3223959488013 1666083.1
618.3468303889798 1379889.4
618.3715038916091 715683.06
618.3964164566895 750821.25
618.4215680842207 704231.25
618.4469587742026 776343.75
618.4725885266356 866965.7
618.4984573415195 1111941.4
618.5245652188543 1258874.0
618.5509121586398 1359223.1
618.5774981608764 1410189.4
618.6043232255638 1471094.4
618.6313873527021 1426602.4
618.6586905422912 1223269.9
618.6862327943314 1798739.9
618.7140141088223 2564315.2
618.7420344857642 3119982.2
618.7702939251569 5292189.0
618.7987924270005 7185157.5
618.827529991295 9151113.0
618.8565066180404 10561062.0
618.8857223072368 10026126.0
618.915177058884 9874264.0
618.944870872982 8080182.0
618.974803749531 5854939.5
619.004975688531 4185742.2
619.0353866899817 3012722.5
619.0660367538834 2835050.2
619.0969258802359 2647915.5
619.1280540690393 2201669.5
619.1594213202936 1820519.0
619.1910276339989 1942717.2
619.2228730101549 1805856.0
619.2549574487618 1638189.0
619.2872809498198 1229533.2
619.3198435133286 1058810.1
619.3526451392883 907272.25
619.3856858276988 825884.6
619.4189655785602 803888.7
619.4524843918725 866798.1
619.4862422676358 952179.75
619.5202392058499 978020.94
619.5544752065149 1337969.4
619.5889502696308 1215435.5
619.6236643951976 1409468.0
619.6586175832152 1241072.8
619.6938098336839 1473438.1
619.7292411466033 2134161.5
619.7649115219735 3177320.2
619.8008209597948 4593784.5
619.8369694600669 5545367.0
619.8733570227901 6233156.0
619.9099836479638 5944357.0
619.9468493355887 6048809.5
619.9839540856643 6555811.0
620.0212978981909 6862030.0
620.0588807731684 5399694.0
620.0967027105968 3975852.2
620.134763710476 2600130.2
620.1730637728062 2199026.8
620.2116028975872 1981720.8
620.2503810848191 1265499.4
620.2893983345019 933618.25
620.3286546466355 1193987.6
620.3681500212202 1277506.0
620.4078844582556 1181434.2
620.447857957742 1395403.9
620.4880705196792 754516.5
620.5285221440674 555768.6
620.5692128309064 414114.8
620.6101425801965 512728.38
620.6513113919372 736971.1
620.692719266129 641082.2
620.7343662027715 787001.75
620.7762522018651 791859.0
620.8183772634094 678218.06
620.8607413874046 879343.06
620.9033445738509 1000086.9
620.9461868227478 1100594.8
620.9892681340958 909878.75
621.0325885078946 1099476.4
621.0761479441444 918389.4
621.1199464428449 1149257.1
621.1639840039965 1163430.4
621.2082606275989 781726.0
621.2527763136521 841323.44
621.2975310621563 952769.3
621.3425248731114 908353.4
621.3877577465173 842790.1
621.4332296823742 747923.44
621.478940680682 735290.4
621.5248907414405 955875.56
621.5710798646501 777358.75
621.6175080503104 460026.56
621.6641752984218 707078.1
621.7110816089839 934982.44
621.758226981997 917011.9
621.8056114174609 957823.4
621.8532349153759 826050.25
621.9010974757415 757315.94
621.9491990985582 1126950.5
621.9975397838257 815064.4
622.0461195315442 1217007.4
622.0949383417135 1198582.8
622.1439962143336 1416212.2
622.1932931494047 1467650.8
622.2428291469266 1745357.5
622.2926042068996 1640931.4
622.3426183293233 1637842.8
622.392871514198 1124454.0
622.4433637615234 972185.7
622.4940950713 1313454.2
622.5450654435272 1186523.0
622.5962748782055 1002964.1
622.6477233753345 893085.4
622.6994109349146 1338833.8
622.7513375569454 1511867.0
622.8035032414273 1731480.1
622.8559079883598 1774083.2
622.9085517977434 2253782.0
622.9614346695778 2562236.0
623.0145566038631 2563713.8
623.0679176005993 2276505.8
623.1215176597865 2560302.0
623.1753567814245 2744182.2
623.2294349655133 2161586.2
623.2837522120532 2196388.8
623.3383085210438 2593448.2
623.3931038924854 2866147.2
623.4481383263778 3636304.5
623.5034118227212 3950724.0
623.5589243815153 5176417.0
623.6146760027606 5904268.0
623.6706666864566 6783143.0
623.7268964326033 7360129.5
623.7833652412012 6569192.0
623.8400731122499 5696758.0
623.8970200457495 4208342.0
623.9542060416999 2830289.8
624.0116311001013 2513183.0
624.0692952209534 1944062.8
624.1271984042567 1817854.2
624.1853406500106 1649241.1
624.2437219582156 1662125.8
624.3023423288714 1758678.8
624.3612017619781 1552835.5
624.4203002575357 1372472.4
624.4796378155443 1246641.5
624.5392144360035 1104529.6
624.5990301189137 975691.1
624.659084864275 926906.5
624.7193786720869 847982.75
624.7799115423499 854974.94
624.8406834750637 887636.6
624.9016944702284 1067697.6
624.962944527844 1358260.5
625.0244336479105 1152661.0
625.0861618304278 1276496.8
625.1481290753961 1460097.8
625.2103353828153 1407741.1
625.2727807526853 1915817.5
625.3354651850062 1885302.2
625.398388679778 1577780.0
625.4615512370008 1739507.4
625.5249528566744 1800507.8
625.5885935387989 2437735.0
625.6524732833743 3548670.5
625.7165920904006 4141901.5
625.7809499598777 3993950.5
625.8455468918058 4327471.5
625.9103828861847 4730851.0
625.9754579430146 3847229.8
626.0407720622953 3287119.8
626.106325244027 2347577.5
626.1721174882094 1725665.1
626.2381487948429 1869706.1
626.3044191639272 1673440.2
626.3709285954623 1689853.2
626.4376770894484 1673909.4
626.5046646458853 1528918.2
626.5718912647732 1235064.2
626.6393569461119 1392189.9
626.7070616899016 1553008.0
626.7750054961421 1379203.1
626.8431883648335 1366707.2
626.9116102959758 1424000.0
626.980271289569 1173024.4
627.0491713456131 1039973.25
627.1183104641082 1054339.0
627.1876886450539 1004562.44
627.2573058884507 1293802.4
627.3271621942984 1676669.4
627.3972575625968 1605070.1
627.4675919933463 1327766.2
627.5381654865465 1692088.6
627.6089780421978 1978332.2
627.6800296602999 1789264.8
627.7513203408529 2316815.5
627.8228500838567 2846966.5
627.8946188893116 2978380.2
627.9666267572171 2219773.0
628.0388736875738 1781427.2
628.1113596803812 1487960.8
628.1840847356395 1503337.5
628.2570488533487 1563362.0
628.3302520335087 1773492.8
628.4036942761198 1671762.8
628.4773755811816 1697281.2
628.5512959486945 2429209.8
628.6254553786581 2754238.0
628.6998538710727 2683092.2
628.7744914259381 2816718.8
628.8493680432545 2406287.2
628.9244837230217 2487677.0
628.9998384652398 2659446.2
629.0754322699088 2995444.5
629.1512651370288 2990519.0
629.2273370665995 2940973.8
629.3036480586212 3676197.0
629.3801981130938 3674508.0
629.4569872300171 3245852.0
629.5340154093916 2973909.0
629.6112826512167 2555768.2
629.6887889554929 2204468.0
629.7665343222199 1924305.1
629.8445187513979 1435305.8
629.9227422430266 1356358.0
630.0012047971064 1503500.6
630.0799064136369 1616785.2
630.1588470926184 1650095.2
630.2380268340507 1625643.0
630.317445637934 1910005.6
630.3971035042681 1874740.8
630.4770004330533 1875695.5
630.5571364242891 1806957.2
630.6375114779759 1759029.2
630.7181255941136 1692158.0
630.7989787727022 1668235.6
630.8800710137417 1612218.6
630.961402317232 1636550.1
631.0429726831734 1718158.1
631.1247821115654 1751711.4
631.2068306024086 1366368.6
631.2891181557025 1161127.0
631.3716447714473 1076530.2
631.454410449643 659035.5
631.5374151902896 860435.06
631.6206589933871 1390422.6
631.7041418589355 1362173.2
631.7878637869347 1724472.5
631.8718247773849 2144916.2
631.956024830286 2511849.8
632.0404639456378 2383380.5
632.1251421234408 2258338.0
632.2100593636944 2342895.2
632.2952156663991 2357930.5
632.3806110315546 2225720.5
632.4662454591611 1835514.4
632.5521189492183 1728518.2
632.6382315017265 1565204.0
632.7245831166855 1288919.8
632.8111737940956 1606075.8
632.8980035339563 1628599.9
632.985072336268 1491381.0
633.0723802010307 1723685.1
633.1599271282441 2096045.2
633.2477131179087 2417438.5
633.3357381700239 2214493.2
633.4240022845902 2304698.8
633.5125054616071 2053303.6
633.6012477010752 1943801.0
633.690229002994 2023729.8
633.7794493673638 2555962.2
633.8689087941844 2603931.2
633.958607283456 2799675.5
634.0485448351784 2352831.0
634.1387214493517 2287955.2
634.2291371259759 1779160.6
634.3197918650509 1881958.9
634.4106856665769 1543875.8
634.5018185305538 1128545.1
634.5931904569816 923779.75
634.6848014458602 1131873.2
634.7766514971898 1351747.5
634.8687406109701 1522241.9
634.9610687872016 1213192.9
635.0536360258837 1075916.1
635.1464423270169 1019836.5
635.2394876906009 1215916.2
635.3327721166357 1299754.5
635.4262956051215 1130370.0
635.5200581560582 721711.75
635.6140597694457 862085.06
635.7083004452841 1020057.6
635.8027801835735 1172633.1
635.8974989843136 1150465.1
635.9924568475049 1257256.9
636.0876537731468 1602718.1
636.1830897612398 1546633.0
636.2787648117835 1370092.4
636.3746789247782 1143143.0
636.4708321002237 1361199.9
636.5672243381202 1071816.5
636.6638556384676 1536875.6
636.7607260012659 2075175.8
636.857835426515 2565421.5
636.9551839142149 2205511.5
637.0527714643658 1744161.0
637.1505980769675 1882585.6
637.2486637520203 1960942.0
637.3469684895239 1712956.9
637.4455122894784 1547348.8
637.5442951518837 1659783.9
637.64331707674 1538699.0
637.742578064047 1441773.8
637.8420781138052 1361291.4
637.941817226014 1634152.5
638.0417954006739 1675563.1
638.1420126377845 1318570.0
638.2424689373462 1059910.8
638.3431642993586 879207.25
638.444098723822 1085097.6
638.5452722107362 1189519.2
638.6466847601014 964875.75
638.7483363719175 850039.3
638.8502270461844 1063118.2
638.9523567829023 1029885.94
639.0547255820709 1039817.75
639.1573334436905 1278352.9
639.260180367761 1299851.1
639.3632663542825 1321103.0
639.4665914032546 1097350.8
639.5701555146778 1385543.8
639.6739586885519 1624404.4
639.7780009248769 1601518.9
639.8822822236526 2306859.5
639.9868025848793 2960640.0
640.091562008557 2728638.8
640.1965604946854 2551485.5
640.3017980432649 2424985.2
640.4072746542952 2774114.0
640.5129903277764 2789652.5
640.6189450637083 2353535.8
640.7251388620914 2033516.2
640.8315717229252 1740914.4
640.93824364621 1399660.6
641.0451546319456 1018480.5
641.1523046801321 958345.25
641.2596937907695 866464.9
641.3673219638578 1110719.5
641.4751891993969 1219238.9
641.583295497387 1366849.4
641.691640857828 1554488.9
641.8002252807198 1172760.8
641.9090487660626 1358926.4
642.0181113138563 1443694.9
642.1274129241008 1396421.5
642.2369535967962 1394898.1
642.3467333319426 1289915.8
642.4567521295397 1206623.0
642.5670099895879 1470593.9
642.6775069120868 1356850.6
642.7882428970366 1603801.0
642.8992179444374 1713939.5
643.010432054289 1401753.5
643.1218852265915 1212662.6
643.2335774613449 1233095.2
643.3455087585494 1232480.4
643.4576791182045 1047066.56
643.5700885403106 946081.56
643.6827370248676 1491195.5
643.7956245718756 1271438.4
643.9087511813342 890753.25
644.0221168532439 843839.7
644.1357215876045 1283906.8
644.249565384416 1646062.0
644.3636482436782 1528349.5
644.4779701653915 1266913.6
644.5925311495556 1099821.0
644.7073311961706 1215098.9
644.8223703052365 1428685.5
644.9376484767532 1587447.2
645.0531657107209 1509866.2
645.1689220071395 1507396.8
645.2849173660089 1576424.9
645.4011517873292 1319759.9
645.5176252711005 1246966.0
645.6343378173226 1149804.5
645.7512894259957 1388390.6
645.8684800971196 1480039.0
645.9859098306944 1285969.6
646.10357862672 1480640.2
646.2214864851966 1359215.1
646.3396334061241 1432406.0
646.4580193895024 1693362.8
646.5766444353317 1580837.6
646.6955085436118 1105581.4
646.8146117143428 1120917.6
646.9339539475247 1186610.8
647.0535352431576 1241397.4
647.1733556012413 1137735.2
647.2934150217759 1261209.8
647.4137135047613 1051238.5
647.5342510501977 1008278.2
647.6550276580849 993022.0
647.7760433284232 1084706.0
647.8972980612122 1129119.4
648.018791856452 1050709.0
648.1405247141429 1296255.6
648.2624966342845 982633.7
648.3847076168772 760176.25
648.5071576619206 909469.4
648.629846769415 1183053.0
648.7527749393603 1338496.9
648.8759421717565 1409146.5
648.9993484666035 1285211.1
649.1229938239015 1299731.6
649.2468782436503 1202173.8
649.3710017258501 1471445.5
649.4953642705007 1280627.0
649.6199658776021 958991.9
649.7448065471544 956668.75
649.8698862791578 831419.25
649.9952050736119 1027638.2
650.120762930517 1123961.9
650.2465598498729 1493566.5
650.3725958316797 1308176.9
650.4988708759375 908114.94
650.6253849826461 967279.75
650.7521381518056 1107510.4
650.879130383416 959045.6
651.0063616774773 1112549.0
651.1338320339895 971971.8
651.2615414529527 911679.1
651.3894899343666 1132055.2
651.5176774782313 1097924.8
651.6461040845472 1213151.0
651.7747697533138 981095.6
651.9036744845314 1481905.1
652.0328182781997 1152477.6
652.162201134319 1126868.1
652.2918230528892 1308257.1
652.4216840339103 1414068.1
652.5517840773823 1457536.4
652.6821231833052 1228043.9
652.8127013516789 1254450.0
652.9435185825037 1431697.8
653.074574875779 1197006.5
653.2058702315056 803362.56
653.3374046496829 724620.3
653.469178130311 738786.25
653.6011906733902 929215.5
653.73344227892 740859.0
653.865932946901 658923.2
653.9986626773327 871210.4
654.1316314702154 1488812.0
654.2648393255489 1442302.8
654.3982862433335 1130060.1
654.5319722235687 1146298.9
654.665897266255 1268375.9
654.8000613713921 1258556.8
654.9344645389801 1050150.0
655.069106769019 1039505.25
655.2039880615088 1040838.9
655.3391084164494 998455.9
655.4744678338409 1089241.8
655.6100663136834 1258767.6
655.7459038559767 1241189.5
655.881980460721 1144044.5
656.0182961279161 1127701.5
656.1548508575621 1364047.6
656.291644649659 1753610.2
656.4286775042068 1696091.4
656.5659494212055 1822049.9
656.7034604006551 1514954.5
656.8412104425555 1825065.8
656.9791995469069 1685467.5
657.117427713709 1522753.2
657.2558949429622 1480916.2
657.3946012346663 1605674.8
657.5335465888211 1333971.4
657.672731005427 1085572.9
657.8121544844836 773643.7
657.9518170259913 855796.56
658.0917186299497 988426.94
658.2318592963591 910924.06
658.3722390252193 571381.6
658.5128578165305 1159071.4
658.6537156702925 1360374.4
658.7948125865055 1345331.5
658.9361485651692 1712928.5
659.077723606284 1387715.5
659.2195377098495 1261123.6
659.361590875866 1335852.4
659.5038831043335 1271843.5
659.6464143952517 1164960.1
659.7891847486209 1333986.2
659.9321941644408 1254558.0
660.0754426427119 1456283.9
660.2189301834336 1549838.2
660.3626567866064 1296237.0
660.50662245223 1102533.9
660.6508271803045 1179799.6
660.7952709708298 1540351.5
660.9399538238061 1170519.4
661.0848757392333 687577.75
661.2300367171114 724797.9
661.3754367574403 913707.9
661.5210758602201 1084251.4
661.6669540254509 1185871.2
661.8130712531324 1202632.2
661.9594275432651 1391541.9
662.1060228958484 1270169.9
662.2528573108827 1425951.5
662.3999307883678 1296938.9
662.5472433283039 1166754.5
662.6947949306908 930646.6
662.8425855955288 870793.6
662.9906153228175 792395.1
663.1388841125572 1124519.8
663.2873919647476 1269011.1
663.436138879389 1156255.5
663.5851248564813 838148.5
663.7343498960245 1023818.9
663.8838139980186 1152671.0
664.0335171624636 1115923.2
664.1834593893594 1270833.6
664.3336406787062 838141.0
664.4840610305039 794623.75
664.6347204447524 1041150.0
664.7856189214518 1211719.1
664.936756460602 1371787.2
665.0881330622034 1489067.0
665.2397487262554 1567748.6
665.3916034527584 1678326.5
665.5436972417123 960374.75
665.6960300931171 1213527.0
665.8486020069727 1100258.5
666.0014129832791 1268184.9
666.1544630220367 1210358.6
666.3077521232449 1174539.0
666.4612802869042 953905.3
666.6150475130142 995450.25
666.7690538015753 1398433.1
666.9232991525871 1244723.4
667.07778356605 1390323.1
667.2325070419636 1381862.4
667.3874695803282 1323431.4
667.5426711811436 1536243.1
667.69811184441 2150063.8
667.8537915701272 1653964.9
668.0097103582953 1424020.8
668.1658682089143 1416289.8
668.3222651219842 1562924.5
668.4789010975051 1262629.9
668.6357761354766 1297925.2
668.7928902358992 1600310.0
668.9502433987727 1706689.9
669.1078356240971 1551442.6
669.2656669118722 1119983.0
669.4237372620985 1560990.0
669.5820466747754 1331236.5
669.7405951499034 1039426.8
669.8993826874821 942540.56
670.0584092875117 1069239.6
670.2176749499924 865345.5
670.3771796749238 980320.9
670.5369234623063 1179084.1
670.6969063121394 1249673.5
670.8571282244236 1204279.5
671.0175891991586 1378570.0
671.1782892363447 1019260.7
671.3392283359814 1179042.8
671.5004064980691 1012067.25
671.6618237226077 1054526.8
671.8234800095972 1060096.8
671.9853753590376 971827.6
672.1475097709289 1264235.8
672.309883245271 972395.0
672.472495782064 967114.3
672.635347381308 1382238.0
672.7984380430028 1347962.6
672.9617677671484 1105963.1
673.125336553745 1197070.5
673.2891444027925 1305125.4
673.453191314291 1253284.8
673.6174772882403 1120016.0
673.7820023246404 825647.8
673.9467664234915 1156572.8
674.1117695847934 1169375.8
674.2770118085463 1102553.4
674.4424930947499 1192115.1
674.6082134434046 1087402.1
674.7741728545101 1199375.5
674.9403713280664 1306188.0
675.1068088640737 1105439.8
675.2734854625319 1207052.8
675.440401123441 1518462.4
675.6075558468009 1488085.1
675.7749496326118 1606294.2
675.9425824808735 1586448.0
676.1104543915861 1419880.5
676.2785653647496 1311155.2
676.4469154003641 1516946.4
676.6155044984293 1566860.5
676.7843326589456 1479257.8
676.9533998819127 1375643.9
677.1227061673306 1428040.2
677.2922515151995 1137552.6
677.4620359255191 1042268.7
677.6320593982898 1227993.2
677.8023219335114 861260.6
677.9728235311838 980218.7
678.1435641913071 1378263.2
678.3145439138814 1252476.4
678.4857626989063 1166746.1
678.6572205463824 982893.25
678.8289174563092 944310.9
679.000853428687 979132.6
679.1730284635156 1095125.1
679.3454425607953 1204234.6
679.5180957205256 1427134.8
679.690987942707 1357539.8
679.8641192273392 1095056.8
680.0374895744222 1269072.2
680.2110989839563 1414094.8
680.3849474559411 1568080.5
680.559034990377 1263879.2
680.7333615872635 1141611.2
680.9079272466012 1479538.0
681.0827319683896 1465766.8
681.257775752629 1464809.9
681.4330585993191 1456973.8
681.6085805084602 1123528.0
681.7843414800523 1172929.0
681.9603415140951 1162466.5
682.1365806105889 1319726.4
682.3130587695335 1338766.2
682.4897759909292 1060423.2
682.6667322747755 978978.5
682.8439276210729 791770.4
683.0213620298211 1268064.9
683.1990355010204 1320068.5
683.3769480346702 1081907.8
683.5550996307712 1179621.4
683.7334902893231 1285339.1
683.9121200103258 962658.5
684.0909887937793 976241.9
684.2700966396839 1025616.3
684.4494435480391 1252823.2
684.6290295188454 1176104.2
684.8088545521025 1330063.0
684.9889186478105 1530027.4
685.1692218059694 1531433.0
685.3497640265792 1520265.1
685.5305453096399 1352730.8
685.7115656551515 1475732.6
685.8928250631141 1232368.2
686.0743235335274 1379562.0
686.2560610663917 1525748.1
686.4380376617067 1378476.9
686.6202533194729 1408825.6
686.8027080396897 1512527.4
686.9854018223576 1399385.6
687.1683346674763 1241481.5
687.351506575046 1226463.0
687.5349175450664 1001989.6
687.7185675775377 1425391.5
687.9024566724601 1539061.0
688.0865848298331 1298002.9
688.2709520496572 1313189.8
688.4555583319321 1580017.0
688.640403676658 1506978.5
688.8254880838347 1457238.5
689.0108115534624 1532965.0
689.1963740855408 1577356.1
689.3821756800703 1516284.5
689.5682163370506 1425065.5
689.7544960564818 1472519.9
689.9410148383638 1122384.0
690.1277726826967 1086395.0
690.3147695894805 1318252.2
690.5020055587153 1567136.2
690.689480590401 1667211.9
690.8771946845374 1382904.2
691.0651478411248 1471896.2
691.253340060163 1352041.9
691.4417713416524 1724181.5
691.6304416855924 1565361.8
691.8193510919834 1554357.2
692.0084995608252 1723035.2
692.197887092118 1569104.8
692.3875136858616 1643101.0
692.5773793420561 1743213.5
692.7674840607016 2125716.0
692.9578278417978 1618078.6
693.1484106853451 1435082.8
693.339232591343 1365087.8
693.5302935597921 1405809.5
693.7215935906919 1418670.6
693.9131326840427 1620013.5
694.1049108398444 1774202.5
694.2969280580969 1963090.2
694.4891843388003 1953269.8
694.6816796819547 1609751.8
694.8744140875599 1545699.2
695.067387555616 1873842.4
695.260600086123 1834277.8
695.4540516790809 2339906.2
695.6477423344896 2291477.0
695.8416720523492 2145911.2
696.0358408326598 1721287.6
696.2302486754212 1552557.0
696.4248955806336 1739202.8
696.6197815482967 1582123.8
696.814906578411 1813098.9
697.0102706709758 2256770.8
697.2058738259918 2378512.0
697.4017160434586 2229760.5
697.5977973233763 2501948.2
697.7941176657448 2120737.0
697.9906770705643 2111795.2
698.1874755378346 2229257.2
698.3845130675558 2074250.0
698.581789659728 2233785.5
698.779305314351 2636073.8
698.9770600314249 2818167.2
699.1750538109496 2683404.0
699.3732866529253 2691461.0
699.5717585573519 2630811.0
699.7704695242294 2152870.0
699.9694195535577 2475792.8
700.168608645337 2575252.8
700.3680367995671 2610731.5
700.5677040162482 2584968.0
700.7676102953801 2631511.5
700.9677556369629 2848886.5
701.1681400409966 3180898.5
701.368763507481 2965660.2
701.5696260364166 3060454.0
701.7707276278029 3123732.5
701.9720682816403 2545702.8
702.1736479979284 2419923.5
702.3754667766674 2519836.0
702.5775246178573 2286942.0
702.7798215214982 2292937.0
702.9823574875899 2154919.0
703.1851325161325 2231381.8
703.3881466071259 2758927.8
703.5913997605704 3086906.2
703.7948919764656 2619017.8
703.9986232548118 2393610.2
704.2025935956088 2575869.0
704.4068029988567 2563176.8
704.6112514645556 2845784.5
704.8159389927052 2541041.8
705.020865583306 2519521.2
705.2260312363574 2669657.2
705.4314359518598 2959813.8
705.6370797298131 2690558.5
705.8429625702173 2941321.5
706.0490844730723 2968577.8
706.2554454383783 2898805.2
706.4620454661351 3032515.2
706.6688845563428 3187646.0
706.8759627090014 3017411.0
707.0832799241109 3112719.0
707.2908362016714 3104090.5
707.4986315416826 3192330.5
707.7066659441448 3322184.5
707.9149394090579 4171745.0
708.1234519364218 4391790.0
708.3322035262366 4347454.0
708.5411941785025 4517048.0
708.750423893219 4598523.5
708.9598926703866 4505826.0
709.169600510005 4725323.5
709.3795474120743 4661472.0
709.5897333765945 4468566.5
709.8001584035657 4111029.0
710.0108224929876 4228380.0
710.2217256448604 4268357.5
710.4328678591842 4694560.5
710.6442491359588 4787077.5
710.8558694751844 5424228.0
711.0677288768608 5836429.0
711.2798273409882 6825251.0
711.4921648675663 7910375.5
711.7047414565955 9046479.0
711.9175571080754 9773094.0
712.1306118220064 11314769.0
712.343905598388 11743709.0
712.5574384372208 12052606.0
712.7712103385043 11711325.0
712.9852213022388 10328688.0
713.199471328424 9158484.0
713.4139604170601 8779957.0
713.6286885681474 8985808.0
713.8436557816852 8984504.0
714.0588620576742 9725372.0
714.274307396114 9722432.0
714.4899917970047 8986804.0
714.7059152603462 8881599.0
714.9220777861387 9479946.0
715.138479374382 10211851.0
715.3551200250763 10665359.0
715.5719997382214 10798909.0
715.7891185138174 10690002.0
716.0064763518642 10943672.0
716.224073252362 10420599.0
716.4419092153107 10944790.0
716.6599842407103 11532868.0
716.8782983285607 11497650.0
717.096851478862 9980252.0
717.3156436916144 9139179.0
717.5346749668174 8753373.0
717.7539453044715 8058457.5
717.9734547045764 6994823.0
718.1932031671322 6606958.0
718.4131906921389 6473033.0
718.6334172795965 5773133.0
718.853882929505 4545819.5
719.0745876418644 4326425.0
719.2955314166745 4343506.0
719.5167142539357 3881727.5
719.7381361536477 4050195.2
719.9597971158106 3905490.0
720.1816971404245 3782170.5
720.4038362274891 3807042.2
720.6262143770048 3666691.2
720.8488315889713 4091774.0
721.0716878633887 4838668.0
721.2947832002569 5358596.0
721.518117599576 6453604.0
721.741691061346 7516294.0
721.965503585567 9134011.0
722.1895551722389 11062259.0
722.4138458213616 12406224.0
722.6383755329352 13589431.0
722.8631443069596 13956422.0
723.0881521434351 14511105.0
723.3133990423613 15087446.0
723.5388850037385 13984272.0
723.7646100275665 12440638.0
723.9905741138455 12302842.0
724.2167772625753 12417710.0
724.4432194737561 12557484.0
724.6699007473876 12955511.0
724.8968210834703 13680766.0
725.1239804820036 14321119.0
725.3513789429879 13946089.0
725.579016466423 14387172.0
725.8068930523091 15940665.0
726.0350087006461 16701008.0
726.2633634114338 16982992.0
726.4919571846726 16261512.0
726.7207900203623 16385168.0
726.9498619185028 17177338.0
727.1791728790942 19437858.0
727.4087229021366 25141842.0
727.6385119876297 34254220.0
727.8685401355738 46980340.0
728.0988073459687 63490456.0
728.3293136188147 83475940.0
728.5600589541114 108539950.0
728.7910433518591 129382790.0
729.0222668120575 137915070.0
729.2537293347069 137963680.0
729.4854309198073 121066140.0
729.7173715673584 92150340.0
729.9495512773606 62884884.0
730.1819700498136 42707204.0
730.4146278847174 30960396.0
730.6475247820722 23091684.0
730.8806607418778 18464472.0
731.1140357641343 15866441.0
731.3476498488419 14090619.0
731.5815029960002 11562278.0
731.8155952056094 8677669.0
732.0499264776695 7585907.5
732.2844968121806 6495269.0
732.5193062091423 5799287.0
732.754354668555 5665440.5
732.9896421904187 5297123.0
733.2251687747333 5195446.5
733.4609344214988 5475324.0
733.6969391307151 5842044.5
733.9331829023823 5477024.0
734.1696657365004 5703822.5
734.4063876330695 6030780.5
734.6433485920893 7117741.0
734.8805486135602 8008637.5
735.1179876974818 8183919.0
735.3556658438545 9108467.0
735.5935830526778 8817282.0
735.8317393239522 8341704.5
736.0701346576775 7964989.5
736.3087690538534 7738234.0
736.5476425124806 7050488.0
736.7867550335584 6806644.0
737.0261066170873 7016788.0
737.265697263067 7218601.0
737.5055269714976 8068342.0
737.745595742379 10105821.0
737.9859035757114 12388359.0
738.2264504714947 15435182.0
738.4672364297288 21432040.0
738.7082614504138 31152528.0
738.9495255335498 44134036.0
739.1910286791365 62240444.0
739.4327708871742 82104490.0
739.6747521576629 101473150.0
739.9169724906022 116312440.0
740.1594318859927 121226350.0
740.4021303438338 113470170.0
740.6450678641261 95198840.0
740.8882444468691 70519220.0
741.131660092063 47573496.0
741.3753147997079 31021288.0
741.6192085698036 21088588.0
741.8633414023502 16471488.0
742.1077132973477 13008654.0
742.352324254796 10680639.0
742.5971742746954 9089281.0
742.8422633570456 7927587.5
743.0875915018465 6318169.0
743.3331587090985 4570493.0
743.5789649788013 4054104.0
743.8250103109551 3501628.0
744.0712947055597 2836716.5
744.3178181626151 2684439.8
744.5645806821216 2621472.2
744.8115822640789 2531761.5
745.058822908487 2555941.2
745.3063026153461 2836716.5
745.554021384656 2744712.0
745.801979216417 2859856.5
746.0501761106286 3423674.8
746.2986120672912 4120877.8
746.5472870864048 4145059.0
746.7962011679691 4330702.5
747.0453543119845 4900214.0
747.2947465184507 4432183.5
747.5443777873677 3293934.8
747.7942481187357 3045192.2
748.0443575125546 3149971.0
748.2947059688242 2852311.2
748.545293487545 2584844.8
748.7961200687164 2314847.0
749.0471857123389 2293303.5
749.2984904184123 2514052.0
749.5500341869365 2307168.0
749.8018170179115 2276734.5
750.0538389113375 2087606.8
750.3060998672144 1812350.2
750.558599885542 1795961.8
750.8113389663208 1780708.6
751.0643171095503 1757930.2
751.3175343152308 2159954.0
751.570990583362 1931409.8
751.8246859139442 1783747.5
752.0786203069773 1842033.2
752.3327937624614 2361179.8
752.5872062803962 2596294.0
752.841857860782 2318124.5
753.0967485036186 2269313.0
753.3518782089062 2316576.0
753.6072469766447 2706517.5
753.8628548068339 2824537.8
754.1187016994742 2663660.5
754.3747876545652 2559454.5
754.6311126721073 2399186.2
754.8876767521001 2672827.0
755.144479894544 2489848.5
755.4015220994386 2351282.8
755.6588033667842 2512794.8
755.9163236965807 2837743.0
756.1740830888281 3016101.0
756.4320815435262 2749909.0
756.6903190606754 2971893.0
756.9487956402754 2848340.0
757.2075112823263 3088270.2
757.4664659868281 3215573.5
757.7256597537807 3238555.2
757.9850925831844 3673637.0
758.2447644750388 3733426.5
758.5046754293442 3882553.5
758.7648254461004 3856506.0
759.0252145253075 4200130.5
759.2858426669656 4689080.5
759.5467098710745 4529742.5
759.8078161376343 4709308.5
760.069161466645 5559213.0
760.3307458581066 5497615.0
760.5925693120191 5169848.5
760.8546318283825 4829812.5
761.1169334071967 4498613.0
761.3794740484618 4374429.5
761.6422537521778 4045588.8
761.9052725183449 4090487.0
762.1685303469626 4130049.5
762.4320272380314 4616608.5
762.6957631915509 4985096.0
762.9597382075215 4121266.5
763.2239522859428 3491771.0
763.4884054268151 3266625.2
763.7530976301382 3242140.2
764.0180288959123 3160933.0
764.2831992241372 3560497.5
764.5486086148131 3921396.5
764.8142570679397 4650676.0
765.0801445835173 4740139.0
765.3462711615459 4925943.5
765.6126368020252 5273791.0
765.8792415049556 5722939.5
766.1460852703367 6669784.0
766.4131680981689 7052932.5
766.6804899884517 7008291.0
766.9480509411856 7074194.5
767.2158509563703 6773202.0
767.483890034006 6318463.0
767.7521681740925 5258429.0
768.0206853766299 4893788.0
768.2894416416182 4924704.0
768.5584369690574 4772875.0
768.8276713589474 5106273.5
769.0971448112883 5927789.5
769.3668573260802 6067692.0
769.636808903323 6001227.5
769.9069995430166 5658852.0
770.1774292451611 5910149.5
770.4480980097566 5945974.0
770.7190058368028 6284992.5
770.9901527263 7053415.5
771.2615386782481 7614143.0
771.5331636926471 8138189.0
771.805027769497 9388806.0
772.0771309087978 10544412.0
772.3494731105494 12291229.0
772.622054374752 15200725.0
772.8948747014053 17214858.0
773.1679340905096 20288508.0
773.4412325420649 23920650.0
773.714770056071 26753824.0
773.9885466325279 26997780.0
774.2625622714359 25545008.0
774.5368169727947 22797236.0
774.8113107366042 19445972.0
775.0860435628648 15200356.0
775.3610154515762 10979151.0
775.6362264027387 8027822.0
775.9116764163518 6952724.0
776.1873654924159 6790142.5
776.4632936309309 6479625.5
776.7394608318967 6319097.5
777.0158670953135 6351549.5
777.2925124211812 6556177.0
777.5693968094998 6204956.0
777.8465202602692 6640716.0
778.1238827734896 6987518.0
778.4014843491608 6970932.0
778.6793249872829 8280114.0
778.957404687856 9728778.0
779.23572345088 10351141.0
779.5142812763546 11842711.0
779.7930781642804 14513558.0
780.0721141146569 17234830.0
780.3513891274845 19082356.0
780.6309032027627 20634802.0
780.9106563404919 21153000.0
781.1906485406721 19740278.0
781.4708798033031 17331092.0
781.7513501283851 14769974.0
782.0320595159178 15423891.0
782.3130079659015 17550218.0
782.5941954783361 17729944.0
782.8756220532216 17312592.0
783.157287690558 17304144.0
783.4391923903453 16067008.0
783.7213361525834 13625241.0
784.0037189772725 12315318.0
784.2863408644123 11956055.0
784.5692018140032 12639780.0
784.8523018260448 13160458.0
785.1356409005374 14308828.0
785.419219037481 15226954.0
785.7030362368753 15693148.0
785.9870924987206 16268788.0
786.2713878230167 15706138.0
786.5559222097638 15096821.0
786.8406956589616 14172794.0
787.1257081706106 13270545.0
787.4109597447102 13560805.0
787.6964503812609 13996648.0
787.9821800802623 13761118.0
788.2681488417147 14462282.0
788.554356665618 15529100.0
788.8408035519722 16137222.0
789.1274895007773 16179005.0
789.4144145120331 16702388.0
789.70157858574 17229122.0
789.9889817218977 17746872.0
790.2766239205064 17791184.0
790.5645051815659 18656860.0
790.8526255050763 20677868.0
791.1409848910375 23912604.0
791.4295833394498 25507538.0
791.7184208503128 27587704.0
792.0074974236268 30079584.0
792.2968130593916 32991670.0
792.5863677576074 34439804.0
792.876161518274 36736584.0
793.1661943413915 38421176.0
793.45646622696 37229010.0
793.7469771749792 35514884.0
794.0377271854495 33765360.0
794.3287162583705 33291636.0
794.6199443937426 33428142.0
794.9114115915653 33945710.0
795.2031178518391 34882200.0
795.4950631745637 36378656.0
795.7872475597393 37175708.0
796.0796710073657 38099370.0
796.372333517443 37813570.0
796.6652350899712 39202320.0
796.9583757249504 41756644.0
797.2517554223803 43728310.0
797.5453741822612 47807510.0
797.839232004593 51483630.0
798.1333288893755 55095256.0
798.4276648366092 57900904.0
798.7222398462935 62435130.0
799.0170539184289 65284684.0
799.3121070530151 65808004.0
799.6073992500523 69281590.0
799.9029305095402 71158660.0
800.1987008314792 68985690.0
800.4947102158688 70488860.0
800.7909586627096 72106640.0
801.0874461720011 72542910.0
801.3841727437435 73928856.0
801.6811383779369 71836220.0
801.9783430745811 68504830.0
802.2757868336762 65252296.0
802.5734696552222 63160650.0
802.8713915392192 59519040.0
803.1695524856669 55450230.0
803.4679524945657 55679136.0
803.7665915659152 54941770.0
804.0654696997157 54449740.0
804.364586895967 53662376.0
804.6639431546693 53005150.0
804.9635384758224 56074760.0
805.2633728594265 59266460.0
805.5634463054813 60283564.0
805.863758813987 63829810.0
806.1643103849437 66756836.0
806.4651010183513 68185190.0
806.7661307142098 68377890.0
807.0673994725191 68106570.0
807.3689072932794 67026836.0
807.6706541764905 67106064.0
807.9726401221526 68421820.0
808.2748651302655 69918950.0
808.5773292008294 76738780.0
808.880032333844 85247010.0
809.1829745293097 95852360.0
809.4861557872262 110254720.0
809.7895761075936 130234470.0
810.0932354904118 149308600.0
810.3971339356808 166763140.0
810.701271443401 187697660.0
811.0056480135719 210237520.0
811.3102636461938 226237300.0
811.6151183412665 237562940.0
811.9202120987901 242999620.0
812.2255449187645 231437730.0
812.5311168011899 213548770.0
812.8369277460662 189555780.0
813.1429777533934 167396600.0
813.4492668231715 149855200.0
813.7557949554005 138082100.0
814.0625621500802 130541610.0
814.3695684072109 121944650.0
814.6768137267925 116188630.0
814.984298108825 108014440.0
815.2920215533085 101660370.0
815.5999840602427 95091350.0
815.908185629628 88643410.0
816.216626261464 83987670.0
816.5253059557509 76776530.0
816.8342247124888 69936280.0
817.1433825316776 61987060.0
817.4527794133171 54423140.0
817.7624153574077 47442150.0
818.072290363949 43026504.0
818.3824044329415 41812436.0
818.6927575643846 41450236.0
819.0033497582787 43599950.0
819.3141810146236 46399090.0
819.6252513334194 49933910.0
819.9365607146663 53721020.0
820.2481091583638 58917580.0
820.5598966645124 65646770.0
820.8719232331118 75117610.0
821.1841888641621 84209620.0
821.4966935576633 93611420.0
821.8094373136155 105210060.0
822.1224201320184 123337390.0
822.4356420128723 141138110.0
822.749102956177 158173650.0
823.0628029619327 181176020.0
823.3767420301392 211692030.0
823.6909201607966 241974580.0
824.005337353905 269850340.0
824.3199936094642 292705150.0
824.6348889274743 310593150.0
824.9500233079352 315102080.0
825.2653967508472 297906340.0
825.5810092562099 267557100.0
825.8968608240236 223616770.0
826.2129514542881 172292300.0
826.5292811470036 125746060.0
826.8458499021699 88137010.0
827.1626577197871 65565250.0
827.4797045998553 51748070.0
827.7969905423743 43197990.0
828.1145155473441 35992970.0
828.4322796147649 29863802.0
828.7502827446367 24335582.0
829.0685249369592 20839576.0
829.3870061917327 17613656.0
829.705726508957 15355932.0
830.0246858886322 13573509.0
830.3438843307583 12781112.0
830.6633218353354 11422618.0
830.9829984023633 10544901.0
831.3029140318422 9977784.0
831.6230687237718 9846611.0
831.9434624781525 9944676.0
832.2640952949838 9652372.0
832.5849671742662 9279647.0
832.9060781159994 10004405.0
833.2274281201835 10371139.0
833.5490171868187 10972955.0
833.8708453159045 10578429.0
834.1929125074414 9897281.0
834.515218761429 10190804.0
834.8377640778676 11306769.0
835.160548456757 12026810.0
835.4835718980975 12421611.0
835.8068344018886 13346050.0
836.1303359681309 14462552.0
836.4540765968239 15526059.0
836.778056287968 16506275.0
837.1022750415626 17324106.0
837.4267328576084 18751416.0
837.7514297361049 18737052.0
838.0763656770524 19421054.0
838.4015406804508 20546478.0
838.7269547463001 20223912.0
839.0526078746003 20540066.0
839.3785000653513 21288770.0
839.7046313185533 22623542.0
840.0310016342061 23715684.0
840.3576110123099 23430840.0
840.6844594528644 21594742.0
841.01154695587 20714372.0
841.3388735213264 21017184.0
841.6664391492336 22400790.0
841.9942438395917 23441916.0
842.3222875924008 23616032.0
842.6505704076608 23673622.0
842.9790922853716 22969908.0
843.3078532255333 22652570.0
843.636853228146 22229824.0
843.9660922932096 21390744.0
844.2955704207238 21533272.0
844.6252876106893 22158822.0
844.9552438631054 22094210.0
845.2854391779725 21925700.0
845.6158735552905 20932034.0
845.9465469950594 19850410.0
846.2774594972791 20833876.0
846.6086110619498 22467798.0
846.9400016890712 25084784.0
847.2716313786436 29353452.0
847.603500130667 33254122.0
847.9356079451411 38539350.0
848.2679548220663 43254370.0
848.6005407614422 46875256.0
848.9333657632692 51315404.0
849.2664298275467 54941780.0
849.5997329542755 59335420.0
849.933275143455 62287264.0
850.2670563950855 62923710.0
850.6010767091668 62384640.0
850.935336085699 62581870.0
851.2698345246821 61824596.0
851.6045720261161 60254244.0
851.939548590001 59592604.0
852.2747642163367 59228730.0
852.6102189051235 56836110.0
852.9459126563609 51114960.0
853.2818454700493 43974476.0
853.6180173461887 35783470.0
853.9544282847789 30801828.0
854.29107828582 29736288.0
854.627967349312 28320856.0
854.9650954752549 28385312.0
855.3024626636488 29335350.0
855.6400689144934 31316348.0
855.9779142277889 33197784.0
856.3159986035355 34663570.0
856.6543220417327 36429030.0
856.992884542381 38794130.0
857.33168610548 42045280.0
857.6707267310301 44720836.0
858.010006419031 48689450.0
858.3495251694828 50655604.0
858.6892829823855 53073884.0
859.0292798577391 56514404.0
859.3695157955435 61222550.0
859.709990795799 63783030.0
860.0507048585051 65699760.0
860.3916579836623 67289870.0
860.7328501712702 69020730.0
861.0742814213293 73350970.0
861.415951733839 78376390.0
861.7578611087997 84455850.0
862.1000095462114 89183500.0
862.4423970460737 91127880.0
862.7850236083872 86626450.0
863.1278892331513 80688480.0
863.4709939203666 71559280.0
863.8143376700325 61800996.0
864.1579204821496 52667264.0
864.5017423567174 45151520.0
864.845803293736 37524256.0
865.1901032932057 30977376.0
865.5346423551262 26380078.0
865.8794204794975 23280244.0
866.2244376663198 22974182.0
866.569693915593 24410710.0
866.9151892273169 26998496.0
867.2609236014919 29422982.0
867.6068970381177 32207930.0
867.9531095371945 34547760.0
868.299561098722 36952132.0
868.6462517227006 39337336.0
868.9931814091299 43398316.0
869.3403501580103 47737780.0
869.6877579693414 53358110.0
870.0354048431236 59957150.0
870.3832907793565 64527850.0
870.7314157780402 68080690.0
871.079779839175 72239870.0
871.4283829627606 75729580.0
871.7772251487971 82201900.0
872.1263063972845 87779910.0
872.4756267082229 91978410.0
872.825186081612 93625650.0
873.1749845174521 89001550.0
873.525022015743 79123020.0
873.875298576485 69281420.0
874.2258141996776 57945920.0
874.5765688853213 47721380.0
874.9275626334158 42961110.0
875.2787954439613 42842824.0
875.6302673169575 44489170.0
875.9819782524048 46101844.0
876.3339282503027 47585620.0
876.6861173106518 47621050.0
877.0385454334516 45113410.0
877.3912126187024 43954780.0
877.744118866404 42427540.0
878.0972641765566 40561044.0
878.45064854916 37038836.0
878.8042719842143 30657380.0
879.1581344817196 24396204.0
879.5122360416756 20871740.0
879.8665766640827 17985976.0
880.2211563489404 16702778.0
880.5759750962493 16430364.0
880.9310329060089 16830398.0
881.2863297782194 17422580.0
881.6418657128809 17340456.0
881.9976407099932 17579566.0
882.3536547695564 18004110.0
882.7099078915705 18143324.0
883.0664000760355 17855022.0
883.4231313229513 18021722.0
883.7801016323183 19737348.0
884.1373110041359 20968814.0
884.4947594384045 20372884.0
884.8524469351239 19383980.0
885.2103734942943 17120832.0
885.5685391159154 16325132.0
885.9269437999875 16391532.0
886.2855875465107 16303198.0
886.6444703554844 15889412.0
887.0035922269093 16794760.0
887.3629531607849 16489528.0
887.7225531571116 16092182.0
888.082392215889 16215144.0
888.4424703371174 18174536.0
888.8027875207965 19039968.0
889.1633437669268 18988822.0
889.5241390755077 20300152.0
889.8851734465397 22828768.0
890.2464468800224 25115844.0
890.6079593759562 26415136.0
890.9697109343408 28357630.0
891.3317015551763 31980868.0
891.6939312384626 35194656.0
892.0563999841997 38467556.0
892.419107792388 42697884.0
892.7820546630269 47108930.0
893.145240596117 48876030.0
893.5086655916577 51077770.0
893.8723296496495 51597016.0
894.2362327700921 51999316.0
894.6003749529856 53949310.0
894.96475619833 57879576.0
895.3293765061252 62051696.0
895.6942358763713 68490970.0
896.0593343090684 75347464.0
896.4246718042164 77958230.0
896.7902483618151 78625830.0
897.1560639818649 76679050.0
897.5221186643654 73745304.0
897.888412409317 65087776.0
898.2549452167193 52176484.0
898.6217170865726 39680136.0
898.9887280188768 28414752.0
899.3559780136319 22945336.0
899.7234670708378 19651340.0
900.0911951904947 16744490.0
900.4591623726023 14410798.0
900.827368617161 13747856.0
901.1958139241705 13846412.0
901.5644982936308 14394966.0
901.9334217255422 13082749.0
902.3025842199042 12910101.0
902.6719857767174 12927941.0
903.0416263959813 12933855.0
903.4115060776962 13088924.0
903.7816248218619 13465482.0
904.1519826284787 13637028.0
904.5225794975461 13083922.0
904.8934154290646 13063664.0
905.2644904230337 13398054.0
905.635804479454 12739096.0
906.0073575983251 12372716.0
906.3791497796472 12797334.0
906.7511810234199 12295566.0
907.1234513296438 11952660.0
907.4959606983184 11540215.0
907.8687091294438 11019268.0
908.2416966230203 10848818.0
908.6149231790475 10574856.0
908.9883887975259 9882489.0
909.3620934784549 9951709.0
909.736037221835 10119929.0
910.1102200276657 10343489.0
910.4846418959476 10331070.0
910.8593028266802 10255531.0
911.2342028198638 9771502.0
911.6093418754981 9390207.0
911.9847199935836 9448442.0
912.3603371741196 9296574.0
912.7361934171067 10009045.0
913.1122887225448 10639650.0
913.4886230904336 10772605.0
913.8651965207735 11633892.0
914.242009013564 13012172.0
914.6190605688057 13795574.0
914.996351186498 13675431.0
915.3738808666415 14702345.0
915.7516496092356 16131369.0
916.1296574142808 15816805.0
916.5079042817767 16786456.0
916.8863902117237 17991302.0
917.2651152041215 18316366.0
917.6440792589702 17704578.0
918.0232823762697 17469820.0
918.4027245560201 16789588.0
918.7824057982216 16193996.0
919.1623261028737 14932934.0
919.542485469977 13991795.0
919.9228838995309 13058829.0
920.3035213915359 13872181.0
920.6843979459916 14088831.0
921.0655135628983 14554356.0
921.446868242256 15169346.0
921.8284619840645 15795220.0
922.2102947883237 15576504.0
922.5923666550341 15625120.0
922.9746775841952 16474315.0
923.3572275758072 17584434.0
923.7400166298701 18988670.0
924.1230447463838 20241370.0
924.5063119253487 21170650.0
924.8898181667641 20563202.0
925.2735634706307 20083814.0
925.657547836948 20336510.0
926.0417712657163 20213628.0
926.4262337569354 19294670.0
926.8109353106056 18044694.0
927.1958759267263 16523644.0
927.5810556052983 16144149.0
927.966474346321 16538410.0
928.3521321497947 16758771.0
928.7380290157191 16447912.0
929.1241649440944 15966281.0
929.5105399349206 15866386.0
929.8971539881978 15917714.0
930.2840071039259 15397026.0
930.6710992821048 13732522.0
931.0584305227347 12345086.0
931.4460008258154 12910870.0
931.8338101913471 13152785.0
932.2218586193296 11554604.0
932.610146109763 9392164.0
932.9986726626472 7700528.0
933.3874382779825 5163215.5
933.7764429557685 3831210.0
934.1656866960054 3346845.2
934.5551694986933 3271922.8
934.9448913638321 3265612.8
935.3348522914216 3222814.8
935.7250522814621 3354147.2
936.1154913339535 3170472.8
936.5061694488959 3292403.5
936.8970866262891 3587654.5
937.288242866133 3708690.5
937.6796381684281 3753085.5
938.0712725331739 3875248.5
938.4631459603708 3684763.8
938.8552584500184 3775396.2
939.247610002117 4112702.2
939.6402006166663 4617646.0
940.0330302936667 4833265.5
940.4260990331178 5218723.0
940.8194068350199 5937536.0
941.212953699373 5835819.5
941.6067396261767 5462332.0
942.0007646154315 4633808.0
942.3950286671371 4237613.0
942.7895317812938 4522818.0
943.184273957901 4930508.0
943.5792551969595 4371351.0
943.9744754984687 4711363.0
944.3699348624289 4576657.5
944.7656332888398 4124319.8
945.1615707777016 3671362.0
945.5577473290144 3616945.0
945.9541629427781 3624608.5
946.3508176189927 3588838.8
946.7477113576581 3877875.0
947.1448441587745 4227687.0
947.5422160223416 4068292.8
947.9398269483597 4454984.0
948.3376769368288 4826408.0
948.7357659877487 5139586.0
949.1340941011194 5454489.5
949.5326612769411 5847965.5
949.9314675152136 6374803.0
950.3305128159373 6328690.5
950.7297971791115 6323612.5
951.1293206047367 6874953.0
951.5290830928128 6828775.0
951.9290846433399 6086942.5
952.3293252563178 6065629.0
952.7298049317465 6269014.5
953.1305236696262 6901852.0
953.5314814699568 6945998.0
953.9326783327383 6911044.0
954.3341142579707 6463984.0
954.7357892456539 6451315.5
955.137703295788 5964204.0
955.5398564083731 5750469.0
955.942248583409 5504444.5
956.3448798208958 5069104.0
956.7477501208334 4890184.0
957.1508594832221 4185698.0
957.5542079080615 4085360.2
957.9577953953519 4547866.0
958.3616219450932 4470776.0
958.7656875572852 4258935.5
959.1699922319283 4778439.5
959.5745359690222 5017363.5
959.979318768567 4678342.5
960.3843406305627 4556809.0
960.7896015550094 5100442.0
961.1951015419069 5088822.5
961.6008405912553 5008049.0
962.0068187030545 5023889.5
962.4130358773048 5407098.0
962.8194921140057 5756294.0
963.2261874131577 6495153.0
963.6331217747605 6284988.0
964.0402951988142 6987472.5
964.4477076853188 6867199.0
964.8553592342744 6699667.0
965.2632498456808 6838774.0
965.671379519538 7136272.0
966.0797482558462 6617289.5
966.4883560546052 6361457.5
966.8972029158153 6064555.0
967.3062888394761 5567312.5
967.7156138255879 4945655.5
968.1251778741505 4521338.5
968.534980985164 4489995.5
968.9450231586284 4135508.8
969.3553043945437 4058518.5
969.7658246929099 3568304.0
970.1765840537269 3254222.5
970.5875824769948 2902996.2
970.9988199627137 3270506.0
971.4102965108834 2984038.5
971.822012121504 2707161.2
972.2339667945757 2779871.5
972.6461605300981 3600537.2
973.0585933280714 4030342.8
973.4712651884955 4626463.0
973.8841761113707 4764474.5
974.2973260966967 4681377.0
974.7107151444736 5203736.0
975.1243432547012 5919693.0
975.5382104273799 6062002.5
975.9523166625095 6138490.5
976.3666619600898 7298861.0
976.7812463201212 8055742.0
977.1960697426034 8010547.0
977.6111322275365 7370327.5
978.0264337749204 8500661.0
978.4419743847554 9110658.0
978.8577540570411 8985141.0
979.2737727917779 8387955.5
979.6900305889653 7866879.5
980.1065274486039 6810601.0
980.523263370693 6035887.5
980.9402383552333 5875606.0
981.3574524022245 6426386.0
981.7749055116664 6822157.5
982.1925976835594 7486902.0
982.6105289179031 7974319.0
983.0286992146978 8094138.0
983.4471085739433 8408118.0
983.8657569956398 9279765.0
984.2846444797872 10240995.0
984.7037710263854 11516480.0
985.1231366354345 12737758.0
985.5427413069345 13104166.0
985.9625850408854 13134146.0
986.3826678372873 14386224.0
986.8029896961399 14019550.0
987.2235506174435 12771548.0
987.6443506011979 12894274.0
988.0653896474032 12240969.0
988.4866677560595 11552151.0
988.9081849271665 10894578.0
989.3299411607247 10357436.0
989.7519364567336 10026897.0
990.1741708151934 9153879.0
990.5966442361041 8848766.0
991.0193567194657 9045015.0
991.4423082652781 8532861.0
991.8654988735416 7321781.0
992.2889285442558 6456736.0
992.712597277421 6086074.0
993.1365050730369 6553219.0
993.5606519311038 7116097.5
993.9850378516217 6958653.0
994.4096628345903 6842040.0
994.83452688001 7918880.0
995.2596299878804 8504391.0
995.6849721582018 9084826.0
996.110553390974 9820609.0
996.5363736861973 10265117.0
996.9624330438713 10541891.0
997.3887314639962 11086790.0
997.8152689465721 10818910.0
998.2420454915989 11182969.0
998.6690610990764 10418851.0
999.0963157690048 8964599.0
999.5238095013843 8514372.0
999.9515422962145 8221412.5
1000.3795141534958 7711284.5
1000.8077250732279 6959432.5
1001.2361750554107 6364066.0
1001.6648641000446 6256098.0
1002.0937922071294 5773867.5
1002.522959376665 5644945.0
1002.9523656086515 5576969.0
1003.3820109030889 5390402.5
1003.8118952599773 5235426.0
1004.2420186793163 5272194.0
1004.6723811611065 5705479.0
1005.1029827053474 5512077.5
1005.5338233120393 6436070.0
1005.9649029811819 7829229.0
1006.3962217127755 9261276.0
1006.8277795068202 10570376.0
1007.2595763633155 12016179.0
1007.6916122822619 13687294.0
1008.1238872636591 13916731.0
1008.5564013075071 14919046.0
1008.9891544138061 16318706.0
1009.422146582556 17704038.0
1009.8553778137567 19065482.0
1010.2888481074084 21161556.0
1010.7225574635108 22107030.0
1011.1565058820644 23968116.0
1011.5906933630686 23606248.0
1012.0251199065237 21237442.0
1012.45978551243 19054524.0
1012.8946901807869 15023666.0
1013.3298339115948 10547102.0
1013.7652167048535 8399666.0
1014.2008385605632 7642249.5
1014.6366994787238 6415696.0
1015.0727994593352 6304039.0
1015.5091385023975 5498643.0
1015.9457166079108 5111984.0
1016.3825337758749 5460639.5
1016.8195900062899 5713360.0
1017.2568852991558 6314015.5
1017.6944196544725 7121522.0
1018.1321930722402 8614196.0
1018.5702055524587 10243328.0
1019.0084570951283 10219564.0
1019.4469477002485 10775158.0
1019.8856773678198 11972078.0
1020.3246460978419 13262701.0
1020.763853890315 13976914.0
1021.2033007452387 16192925.0
1021.6429866626136 17927680.0
1022.0829116424393 19653898.0
1022.5230756847159 19497576.0
1022.9634787894433 17659060.0
1023.4041209566217 16480832.0
1023.8450021862509 14331308.0
1024.286122478331 11315729.0
1024.727481832862 8421875.0
1025.1690802498438 5882179.0
1025.6109177292767 3945740.5
1026.0529942711605 3539463.0
1026.495309875495 3374331.2
1026.9378645422805 2576753.2
1027.380658271517 2258817.8
1027.823691063204 1870871.9
1028.2669629173424 1859042.5
1028.7104738339312 1453502.4
1029.1542238129714 1337431.5
1029.598212854462 1508912.2
1030.0424409584039 1292100.4
1030.4869081247964 1196293.2
1030.9316143536398 1315259.4
1031.376559644934 1158080.4
1031.8217439986793 1256777.0
1032.2671674148755 1535968.1
1032.7128298935227 1294779.8
1033.1587314346207 1328432.2
1033.6048720381693 1327655.5
1034.051251704169 1251188.8
1034.4978704326197 1176582.2
1034.9447282235212 1096743.6
1035.3918250768736 1104713.6
1035.8391609926769 1061201.5
1036.286735970931 1164371.9
1036.734550011636 1050405.1
1037.182603114792 1331314.4
1037.6308952803988 1054253.9
1038.0794265084567 1043160.25
1038.5281967989652 1365692.8
1038.9772061519247 1696185.6
1039.426454567335 1257694.9
1039.8759420451966 923820.1
1040.3256685855085 1190286.4
1040.7756341882716 1076061.2
1041.2258388534856 1269223.2
1041.6762825811506 1081890.5
1042.1269653712661 1225063.5
1042.577887223833 1159694.9
1043.0290481388504 1408887.4
1043.4804481163187 1112495.5
1043.9320871562381 1562488.2
1044.3839652586082 1819292.0
1044.8360824234294 1592999.8
1045.2884386507012 1768851.1
1045.7410339404241 1930912.2
1046.193868292598 1775476.1
1046.6469417072226 1607671.0
1047.1002541842981 1697500.0
1047.5538057238246 2053940.0
1048.0075963258018 1943782.4
1048.46162599023 1697180.6
1048.915894717109 1674596.8
1049.3704025064392 1733909.8
1049.82514935822 1875955.6
1050.2801352724516 1739913.2
1050.7353602491344 1561937.8
1051.1908242882678 1414029.5
1051.6465273898525 2176923.8
1052.1024695538877 2131024.0
1052.558650780374 1994235.0
1053.015071069311 1622816.2
1053.471730420699 1528341.4
1053.928628834538 1683114.2
1054.3857663108276 1789378.9
1054.8431428495683 1910983.1
1055.30075845076 808596.4
1055.7586131144024 -1079530.8
1056.2167068404956 -2793419.0
1056.67503962904 -4407354.5
1057.133611480035 -5862397.5
1057.592422393481 -7383463.0
1058.0514723693777 -8923109.0
1058.5107614077258 -11133681.0
1058.9702895085243 -13103225.0
1059.4300566717739 -15092939.0
1059.8900628974743 -16701041.0
1060.3503081856259 -18482852.0
1060.8107925362278 -20292204.0
1061.2715159492811 -22040864.0
1061.732478424785 -24143124.0
1062.1936799627401 -26271752.0
1062.6551205631458 -28424250.0
1063.1168002260026 -30100404.0
1063.57871895131 0.0
1064.0408767390686 0.0
1064.503273589278 0.0
1064.965909501938 0.0
1065.4287844770492 0.0
1065.8918985146113 0.0
1066.3552516146242 0.0
1066.818843777088 0.0
1067.2826750020029 0.0
1067.7467452893684 0.0
1068.211054639185 0.0
1068.6756030514523 0.0
1069.1403905261704 0.0
1069.6054170633397 0.0
1070.0706826629596 0.0
1070.5361873250306 0.0
1071.0019310495525 0.0
1071.4679138365252 0.0
1071.9341356859486 0.0
