string
description: px_shifted, calibration parameter: [ 1.19531225e-04 -2.30194563e-02  6.18194146e+02]
converted file:R_100ms_Fe_S3_x_1_17_binned_y back: data/dark_100msRZP-structure:___RZP_S3100msRoi:[0, 1040, 2048, 2048]
eV counts/s
618.1712462133476 2053187.5
618.1485853507007 1782951.9
618.1261635505048 1960585.0
618.1039808127597 2119564.0
618.0820371374655 2503000.5
618.0603325246223 2506573.8
618.0388669742298 2969279.5
618.0176404862883 2968135.5
617.9966530607976 2716943.5
617.9759046977579 2759522.5
617.955395397169 3293427.2
617.9351251590311 3161584.0
617.9150939833439 2505764.8
617.8953018701078 2795636.5
617.8757488193226 2681039.0
617.8564348309881 3260758.0
617.8373599051046 2909190.0
617.8185240416719 2586986.0
617.7999272406903 2786779.0
617.7815695021593 3121139.5
617.7634508260794 2725525.2
617.7455712124504 2211804.2
617.7279306612722 2349367.2
617.7105291725449 2239121.8
617.6933667462686 1963674.9
617.676443382443 2147101.0
617.6597590810685 2536767.2
617.6433138421447 2663001.5
617.6271076656718 2368521.5
617.6111405516499 2651532.8
617.5954125000789 2697118.5
617.5799235109587 2581806.2
617.5646735842894 2249684.8
617.5496627200711 2122013.5
617.5348909183035 2064143.5
617.520358178987 2312446.5
617.5060645021213 2708321.0
617.4920098877064 3115866.0
617.4781943357425 3732690.5
617.4646178462295 3673781.2
617.4512804191673 3706709.5
617.4381820545561 3019834.5
617.4253227523957 2724125.5
617.4127025126862 3578878.0
617.4003213354276 3791967.0
617.3881792206199 4054626.2
617.3762761682632 3794703.0
617.3646121783572 3493481.2
617.3531872509022 2997697.2
617.342001385898 2174300.2
617.3310545833449 2096861.4
617.3203468432424 2004632.6
617.309878165591 1692814.4
617.2996485503904 1776228.2
617.2896579976408 1980258.0
617.2799065073419 1937868.0
617.270394079494 2048344.4
617.261120714097 2373243.5
617.2520864111508 2745922.5
617.2432911706557 2679947.5
617.2347349926113 3343415.5
617.2264178770179 3595962.2
617.2183398238752 4303547.5
617.2105008331837 4764854.0
617.2029009049428 4253982.0
617.195540039153 3698393.8
617.188418235814 3131087.5
617.1815354949258 2833935.2
617.1748918164886 2696314.5
617.1684872005023 3156692.5
617.1623216469668 2855644.5
617.1563951558823 2855116.0
617.1507077272486 2960773.5
617.1452593610658 2966357.5
617.140050057334 3433087.5
617.1350798160529 4128912.5
617.1303486372229 4215073.0
617.1258565208436 5272122.5
617.1216034669154 5116066.5
617.1175894754379 5359898.0
617.1138145464114 5322257.5
617.1102786798357 6041922.5
617.106981875711 6201020.5
617.1039241340371 5768357.5
617.1011054548142 5924879.5
617.0985258380421 5041691.0
617.0961852837207 4281033.5
617.0940837918505 3942044.5
617.092221362431 3821595.5
617.0905979954625 3822664.8
617.0892136909449 4779239.5
617.0880684488782 5225374.5
617.0871622692623 4477077.0
617.0864951520974 4034567.2
617.0860670973833 3780136.2
617.0858781051202 4147720.0
617.0859281753078 5532897.5
617.0862173079464 9818617.0
617.0867455030359 12634479.0
617.0875127605763 11401380.0
617.0885190805675 8137387.5
617.0897644630096 4985856.0
617.0912489079027 3269678.8
617.0929724152465 2185105.5
617.0949349850415 2049916.2
617.0971366172871 2060370.8
617.0995773119838 1603737.0
617.1022570691313 1628692.5
617.1051758887297 1683937.5
617.1083337707789 2040690.8
617.1117307152791 2099873.5
617.1153667222302 1765565.5
617.1192417916321 1678488.9
617.123355923485 1647597.5
617.1277091177888 1732170.0
617.1323013745433 2047980.6
617.1371326937488 2464922.2
617.1422030754052 2523255.8
617.1475125195125 3717513.5
617.1530610260706 4906027.5
617.1588485950797 5052727.0
617.1648752265397 4918747.5
617.1711409204505 5390149.5
617.1776456768123 7311324.5
617.1843894956249 9617237.0
617.1913723768885 10071072.0
617.1985943206029 8907956.0
617.2060553267681 6763797.5
617.2137553953843 5693599.5
617.2216945264513 7111624.0
617.2298727199694 8684819.0
617.2382899759382 9208882.0
617.246946294358 7443372.0
617.2558416752286 4814351.0
617.2649761185502 3166454.5
617.2743496243226 1937985.8
617.2839621925459 1530746.4
617.29381382322 1787497.0
617.3039045163453 1446196.2
617.3142342719211 1473725.0
617.3248030899481 1160941.9
617.3356109704258 610019.56
617.3466579133545 1022981.3
617.357943918734 1085508.5
617.3694689865644 1031856.3
617.3812331168458 890881.9
617.3932363095779 800570.75
617.4054785647611 953441.1
617.417959882395 900576.75
617.43068026248 946412.9
617.4436397050157 1164578.6
617.4568382100024 851612.6
617.47027577744 721076.8
617.4839524073284 671953.1
617.4978680996677 809774.06
617.512022854458 1300902.1
617.526416671699 1613281.9
617.5410495513911 2899376.5
617.555921493534 5305584.5
617.5710324981277 9714690.0
617.5863825651725 11605571.0
617.601971694668 10807958.0
617.6177998866144 7740356.0
617.6338671410118 5721394.5
617.6501734578601 4388439.0
617.6667188371591 4128287.8
617.6835032789093 4005655.5
617.70052678311 2960079.8
617.7177893497619 2857673.8
617.7352909788646 3298588.8
617.7530316704182 4327588.0
617.7710114244226 5558672.5
617.7892302408779 5444085.5
617.8076881197842 5398061.0
617.8263850611413 4653354.5
617.8453210649494 3790008.5
617.8644961312083 3913444.8
617.8839102599181 4167403.5
617.9035634510788 5315985.0
617.9234557046905 7331350.5
617.9435870207528 11330511.0
617.9639573992663 16368398.0
617.9845668402305 20302058.0
618.0054153436457 22049160.0
618.0265029095117 19155302.0
618.0478295378288 13453360.0
618.0693952285965 8613329.0
618.0911999818152 5511245.5
618.1132437974848 4063083.0
618.1355266756052 3615667.8
618.1580486161766 3008078.0
618.180809619199 2628595.0
618.2038096846721 1963494.9
618.2270488125961 1706400.0
618.2505270029711 1554289.2
618.2742442557969 2011549.8
618.2982005710737 1590919.4
618.3223959488013 1419197.0
618.3468303889798 1529088.0
618.3715038916091 1386246.2
618.3964164566895 1183133.9
618.4215680842207 1540054.8
618.4469587742026 1210332.1
618.4725885266356 1204221.4
618.4984573415195 810252.9
618.5245652188543 1055123.2
618.5509121586398 1385303.1
618.5774981608764 1450034.4
618.6043232255638 1212354.2
618.6313873527021 1180877.6
618.6586905422912 1439374.0
618.6862327943314 1701617.0
618.7140141088223 1503459.4
618.7420344857642 1980287.5
618.7702939251569 2350327.0
618.7987924270005 2867632.5
618.827529991295 3255291.0
618.8565066180404 5428221.0
618.8857223072368 9211255.0
618.915177058884 12005751.0
618.944870872982 16191056.0
618.974803749531 16535090.0
619.004975688531 13319185.0
619.0353866899817 8900552.0
619.0660367538834 5114830.0
619.0969258802359 3241872.5
619.1280540690393 3413935.2
619.1594213202936 2789129.8
619.1910276339989 2613345.0
619.2228730101549 2647241.0
619.2549574487618 2181510.2
619.2872809498198 2006750.1
619.3198435133286 2045517.5
619.3526451392883 1838308.6
619.3856858276988 1189312.2
619.4189655785602 865679.75
619.4524843918725 946009.6
619.4862422676358 1247982.6
619.5202392058499 1433270.1
619.5544752065149 1350120.2
619.5889502696308 1340788.0
619.6236643951976 1212772.4
619.6586175832152 1284920.6
619.6938098336839 1576008.5
619.7292411466033 1463851.1
619.7649115219735 1729519.8
619.8008209597948 2301109.2
619.8369694600669 2759412.2
619.8733570227901 4116747.8
619.9099836479638 5157051.5
619.9468493355887 5102718.5
619.9839540856643 5600883.0
620.0212978981909 7864055.0
620.0588807731684 10374365.0
620.0967027105968 11119748.0
620.134763710476 7779424.0
620.1730637728062 4346489.0
620.2116028975872 2595192.5
620.2503810848191 2471182.5
620.2893983345019 1946479.8
620.3286546466355 1803705.2
620.3681500212202 2252030.5
620.4078844582556 1705033.0
620.447857957742 1070198.0
620.4880705196792 945003.06
620.5285221440674 1022107.6
620.5692128309064 1223051.8
620.6101425801965 1299270.2
620.6513113919372 1268021.2
620.692719266129 996023.9
620.7343662027715 811035.06
620.7762522018651 818392.9
620.8183772634094 723838.4
620.8607413874046 837358.4
620.9033445738509 717973.2
620.9461868227478 613699.94
620.9892681340958 736747.0
621.0325885078946 995919.7
621.0761479441444 1034969.7
621.1199464428449 932837.5
621.1639840039965 1214297.6
621.2082606275989 1155256.2
621.2527763136521 1453814.2
621.2975310621563 1680824.2
621.3425248731114 1585105.2
621.3877577465173 1374415.2
621.4332296823742 1378383.0
621.478940680682 1407718.8
621.5248907414405 1152350.4
621.5710798646501 1001324.3
621.6175080503104 1247230.8
621.6641752984218 1161769.0
621.7110816089839 1296088.2
621.758226981997 1356453.5
621.8056114174609 1520346.1
621.8532349153759 1789705.6
621.9010974757415 1486049.5
621.9491990985582 1129546.8
621.9975397838257 1238449.2
622.0461195315442 1437137.4
622.0949383417135 1308689.9
622.1439962143336 1624566.1
622.1932931494047 1912923.6
622.2428291469266 1682759.8
622.2926042068996 1828926.1
622.3426183293233 1979309.9
622.392871514198 2209233.2
622.4433637615234 1906920.5
622.4940950713 1732946.4
622.5450654435272 2058618.6
622.5962748782055 2201097.5
622.6477233753345 1524797.2
622.6994109349146 1282671.8
622.7513375569454 1458130.8
622.8035032414273 1444542.8
622.8559079883598 1647159.9
622.9085517977434 1687834.0
622.9614346695778 1871621.9
623.0145566038631 1819724.8
623.0679176005993 2195745.0
623.1215176597865 2509730.5
623.1753567814245 3118582.0
623.2294349655133 3347572.5
623.2837522120532 2915929.0
623.3383085210438 2556190.2
623.3931038924854 2488661.5
623.4481383263778 2335783.8
623.5034118227212 2222493.8
623.5589243815153 3115894.5
623.6146760027606 3676310.2
623.6706666864566 4448531.5
623.7268964326033 6250144.5
623.7833652412012 8474259.0
623.8400731122499 10633050.0
623.8970200457495 9894773.0
623.9542060416999 7864052.0
624.0116311001013 4995681.0
624.0692952209534 3646246.2
624.1271984042567 3184833.5
624.1853406500106 2753056.0
624.2437219582156 2816591.2
624.3023423288714 2390610.2
624.3612017619781 1982836.0
624.4203002575357 1663779.0
624.4796378155443 1640499.9
624.5392144360035 1358264.8
624.5990301189137 1353852.4
624.659084864275 1685602.6
624.7193786720869 1433977.2
624.7799115423499 1609751.8
624.8406834750637 1422577.6
624.9016944702284 1246865.5
624.962944527844 1252644.8
625.0244336479105 1019938.25
625.0861618304278 1007340.1
625.1481290753961 1170272.4
625.2103353828153 1612561.4
625.2727807526853 1701062.5
625.3354651850062 2028784.5
625.398388679778 2233100.5
625.4615512370008 2288955.8
625.5249528566744 2666020.0
625.5885935387989 2400905.5
625.6524732833743 1951652.6
625.7165920904006 2145231.8
625.7809499598777 2227767.8
625.8455468918058 2727991.0
625.9103828861847 3919384.5
625.9754579430146 5597831.0
626.0407720622953 5783174.0
626.106325244027 5249248.0
626.1721174882094 3481139.5
626.2381487948429 2462549.8
626.3044191639272 1889190.2
626.3709285954623 1974307.4
626.4376770894484 1967589.4
626.5046646458853 1488191.1
626.5718912647732 1622277.5
626.6393569461119 1989932.2
626.7070616899016 1855030.0
626.7750054961421 1817696.4
626.8431883648335 1743177.8
626.9116102959758 1382885.2
626.980271289569 1441807.0
627.0491713456131 1583133.6
627.1183104641082 1884941.9
627.1876886450539 1753523.9
627.2573058884507 1395968.0
627.3271621942984 1219581.1
627.3972575625968 1752079.0
627.4675919933463 1479864.8
627.5381654865465 1530935.8
627.6089780421978 1676975.1
627.6800296602999 2205620.2
627.7513203408529 2261402.2
627.8228500838567 2280139.0
627.8946188893116 2676127.8
627.9666267572171 3303327.0
628.0388736875738 3665619.5
628.1113596803812 3854978.0
628.1840847356395 2763352.8
628.2570488533487 2069947.5
628.3302520335087 2270261.0
628.4036942761198 2048363.8
628.4773755811816 2105883.2
628.5512959486945 2172938.5
628.6254553786581 2336352.2
628.6998538710727 2590911.5
628.7744914259381 2785437.0
628.8493680432545 3190037.8
628.9244837230217 4330336.0
628.9998384652398 4044767.5
629.0754322699088 2913242.8
629.1512651370288 2582704.0
629.2273370665995 2869386.2
629.3036480586212 3102936.0
629.3801981130938 4107122.0
629.4569872300171 4632862.5
629.5340154093916 4363218.0
629.6112826512167 4454311.0
629.6887889554929 3795893.8
629.7665343222199 2979833.8
629.8445187513979 2839382.0
629.9227422430266 2300791.2
630.0012047971064 1872331.9
630.0799064136369 1880561.1
630.1588470926184 1369408.8
630.2380268340507 1091674.2
630.317445637934 1426192.8
630.3971035042681 1878696.0
630.4770004330533 2153596.5
630.5571364242891 2192988.5
630.6375114779759 2501482.2
630.7181255941136 2686189.8
630.7989787727022 1898163.8
630.8800710137417 1788806.9
630.961402317232 2070910.5
631.0429726831734 2222271.5
631.1247821115654 2629179.0
631.2068306024086 2600069.2
631.2891181557025 2276878.0
631.3716447714473 1645794.2
631.454410449643 1401055.5
631.5374151902896 1331468.0
631.6206589933871 1307010.2
631.7041418589355 1161886.8
631.7878637869347 1261406.8
631.8718247773849 1408652.4
631.956024830286 1208425.1
632.0404639456378 1609520.1
632.1251421234408 2299435.2
632.2100593636944 3192276.0
632.2952156663991 3557512.0
632.3806110315546 3067817.0
632.4662454591611 2620024.2
632.5521189492183 2446657.0
632.6382315017265 2281609.8
632.7245831166855 1820658.5
632.8111737940956 1816281.4
632.8980035339563 1760908.2
632.985072336268 1766106.9
633.0723802010307 1838581.0
633.1599271282441 2011165.1
633.2477131179087 2251366.0
633.3357381700239 2855131.0
633.4240022845902 3470771.2
633.5125054616071 3256150.0
633.6012477010752 2736307.8
633.690229002994 2790880.0
633.7794493673638 2520409.5
633.8689087941844 2526599.5
633.958607283456 2994045.2
634.0485448351784 3409990.0
634.1387214493517 3054439.5
634.2291371259759 2771533.8
634.3197918650509 2392509.5
634.4106856665769 2309084.8
634.5018185305538 2000210.6
634.5931904569816 1546076.1
634.6848014458602 1152831.1
634.7766514971898 1413940.6
634.8687406109701 1345485.1
634.9610687872016 1749785.6
635.0536360258837 1811017.2
635.1464423270169 1686184.5
635.2394876906009 1209969.5
635.3327721166357 1020543.06
635.4262956051215 1153320.2
635.5200581560582 932130.1
635.6140597694457 1010341.8
635.7083004452841 999202.1
635.8027801835735 1163574.2
635.8974989843136 1237062.5
635.9924568475049 1083494.9
636.0876537731468 904870.94
636.1830897612398 1020758.9
636.2787648117835 1122544.8
636.3746789247782 1235805.1
636.4708321002237 1132218.9
636.5672243381202 1282402.9
636.6638556384676 1516017.8
636.7607260012659 1254882.2
636.857835426515 1493062.8
636.9551839142149 1697167.2
637.0527714643658 1795635.2
637.1505980769675 2433797.8
637.2486637520203 3088934.0
637.3469684895239 2594551.5
637.4455122894784 2472093.2
637.5442951518837 2304034.5
637.64331707674 1755727.4
637.742578064047 2101421.2
637.8420781138052 1808434.5
637.941817226014 1891227.4
638.0417954006739 1674368.1
638.1420126377845 1393732.6
638.2424689373462 1602672.6
638.3431642993586 1724152.4
638.444098723822 1672669.2
638.5452722107362 1311835.1
638.6466847601014 1106516.4
638.7483363719175 1258816.4
638.8502270461844 1178854.0
638.9523567829023 1158633.0
639.0547255820709 1225741.0
639.1573334436905 1612365.6
639.260180367761 1647641.4
639.3632663542825 1459589.0
639.4665914032546 1556789.0
639.5701555146778 1546284.5
639.6739586885519 1365149.0
639.7780009248769 1786693.5
639.8822822236526 2040442.4
639.9868025848793 2252562.2
640.091562008557 2525841.0
640.1965604946854 2589579.2
640.3017980432649 2328002.8
640.4072746542952 2778518.0
640.5129903277764 3738187.2
640.6189450637083 4309592.0
640.7251388620914 4055317.5
640.8315717229252 2675618.8
640.93824364621 2035267.6
641.0451546319456 1655326.5
641.1523046801321 1736818.1
641.2596937907695 1618193.6
641.3673219638578 1380120.8
641.4751891993969 1344613.0
641.583295497387 1009909.25
641.691640857828 1283244.4
641.8002252807198 1543874.4
641.9090487660626 1564988.9
642.0181113138563 1422360.1
642.1274129241008 1473968.6
642.2369535967962 1622197.8
642.3467333319426 2582674.8
642.4567521295397 2341453.5
642.5670099895879 2252442.0
642.6775069120868 2480061.0
642.7882428970366 2851656.2
642.8992179444374 2802186.0
643.010432054289 2508313.5
643.1218852265915 1814409.4
643.2335774613449 1468291.2
643.3455087585494 1362185.6
643.4576791182045 1655514.4
643.5700885403106 1520159.4
643.6827370248676 1452168.6
643.7956245718756 1571439.4
643.9087511813342 1825079.5
644.0221168532439 1607411.4
644.1357215876045 1447306.8
644.249565384416 1139465.5
644.3636482436782 1199991.4
644.4779701653915 1635848.1
644.5925311495556 1931835.1
644.7073311961706 1688562.6
644.8223703052365 1716994.5
644.9376484767532 1715581.0
645.0531657107209 1849291.0
645.1689220071395 1928139.2
645.2849173660089 2074242.5
645.4011517873292 2086388.1
645.5176252711005 1868405.8
645.6343378173226 1669940.8
645.7512894259957 1841335.1
645.8684800971196 1675711.9
645.9859098306944 1631135.5
646.10357862672 1713928.5
646.2214864851966 1432633.0
646.3396334061241 1254749.8
646.4580193895024 1468896.8
646.5766444353317 1682112.0
646.6955085436118 1749949.2
646.8146117143428 1417834.0
646.9339539475247 1064471.1
647.0535352431576 884039.25
647.1733556012413 1142925.8
647.2934150217759 1124107.9
647.4137135047613 1323156.2
647.5342510501977 1507146.8
647.6550276580849 1310374.6
647.7760433284232 1302939.8
647.8972980612122 1383475.6
648.018791856452 1133403.9
648.1405247141429 1403050.2
648.2624966342845 1414919.8
648.3847076168772 1321449.4
648.5071576619206 1726170.6
648.629846769415 1326224.9
648.7527749393603 1372626.2
648.8759421717565 1610553.8
648.9993484666035 1476237.0
649.1229938239015 1463181.4
649.2468782436503 1608370.0
649.3710017258501 1806599.5
649.4953642705007 1616317.4
649.6199658776021 1203295.2
649.7448065471544 1474488.5
649.8698862791578 1527336.8
649.9952050736119 1455947.6
650.120762930517 1512403.8
650.2465598498729 1254806.0
650.3725958316797 1169748.8
650.4988708759375 1321519.9
650.6253849826461 1285896.0
650.7521381518056 1409853.1
650.879130383416 1417446.4
651.0063616774773 1622928.6
651.1338320339895 1464723.9
651.2615414529527 1577326.9
651.3894899343666 1336646.5
651.5176774782313 1440540.8
651.6461040845472 1256381.4
651.7747697533138 1178143.5
651.9036744845314 1204794.9
652.0328182781997 1385007.4
652.162201134319 1624041.2
652.2918230528892 1631748.0
652.4216840339103 1494660.2
652.5517840773823 1525898.5
652.6821231833052 1303802.5
652.8127013516789 1371526.5
652.9435185825037 1741186.9
653.074574875779 1827125.0
653.2058702315056 2091559.2
653.3374046496829 2171470.5
653.469178130311 1290576.9
653.6011906733902 1316958.5
653.73344227892 1349601.5
653.865932946901 1421450.5
653.9986626773327 1337555.1
654.1316314702154 1153655.4
654.2648393255489 1600061.1
654.3982862433335 1741385.2
654.5319722235687 1812296.1
654.665897266255 1564545.8
654.8000613713921 1761787.5
654.9344645389801 1372667.2
655.069106769019 1283619.0
655.2039880615088 1378537.0
655.3391084164494 1499464.9
655.4744678338409 1725218.6
655.6100663136834 1724687.5
655.7459038559767 1564915.8
655.881980460721 1425203.1
656.0182961279161 1339510.6
656.1548508575621 1553006.5
656.291644649659 1991685.0
656.4286775042068 1856018.2
656.5659494212055 1825642.8
656.7034604006551 1829368.9
656.8412104425555 1920911.8
656.9791995469069 1819541.9
657.117427713709 2055530.8
657.2558949429622 2446688.5
657.3946012346663 1817694.2
657.5335465888211 1768156.2
657.672731005427 1886370.6
657.8121544844836 1875374.4
657.9518170259913 1528079.0
658.0917186299497 1470275.8
658.2318592963591 1316652.0
658.3722390252193 1311337.4
658.5128578165305 1059799.2
658.6537156702925 1220254.2
658.7948125865055 1225061.4
658.9361485651692 1164717.4
659.077723606284 1436169.8
659.2195377098495 1771861.4
659.361590875866 1680570.1
659.5038831043335 1289674.0
659.6464143952517 1263484.5
659.7891847486209 1482707.8
659.9321941644408 1283763.9
660.0754426427119 1381176.5
660.2189301834336 1998703.5
660.3626567866064 1502161.4
660.50662245223 1503183.1
660.6508271803045 1588053.6
660.7952709708298 1404197.8
660.9399538238061 1051466.8
661.0848757392333 1127914.4
661.2300367171114 993111.8
661.3754367574403 1370403.2
661.5210758602201 1473174.8
661.6669540254509 1665670.8
661.8130712531324 1426369.0
661.9594275432651 1179335.9
662.1060228958484 1461192.8
662.2528573108827 1498441.8
662.3999307883678 1319904.0
662.5472433283039 1286561.1
662.6947949306908 1599106.0
662.8425855955288 1587937.5
662.9906153228175 1569383.6
663.1388841125572 1459997.6
663.2873919647476 1265636.5
663.436138879389 1326753.9
663.5851248564813 1119918.5
663.7343498960245 1122032.8
663.8838139980186 1366659.2
664.0335171624636 1172117.4
664.1834593893594 1017298.06
664.3336406787062 1238657.8
664.4840610305039 1235811.0
664.6347204447524 1368041.9
664.7856189214518 1367552.8
664.936756460602 1291721.5
665.0881330622034 1227779.8
665.2397487262554 1539261.5
665.3916034527584 1705258.9
665.5436972417123 1544924.4
665.6960300931171 1410356.9
665.8486020069727 1316323.2
666.0014129832791 1095335.1
666.1544630220367 1191849.9
666.3077521232449 1303240.8
666.4612802869042 939085.5
666.6150475130142 983538.7
666.7690538015753 1326118.8
666.9232991525871 1679980.2
667.07778356605 1732033.9
667.2325070419636 1671703.9
667.3874695803282 1498501.0
667.5426711811436 1503424.9
667.69811184441 1570550.0
667.8537915701272 1463569.9
668.0097103582953 1741536.9
668.1658682089143 2204478.2
668.3222651219842 2353017.8
668.4789010975051 2248097.2
668.6357761354766 2126635.2
668.7928902358992 2112877.5
668.9502433987727 1619629.0
669.1078356240971 1715804.5
669.2656669118722 1728689.5
669.4237372620985 1659879.8
669.5820466747754 1562185.5
669.7405951499034 1221541.4
669.8993826874821 1172953.6
670.0584092875117 1226853.6
670.2176749499924 1519543.5
670.3771796749238 1611031.4
670.5369234623063 1425491.5
670.6969063121394 1224292.0
670.8571282244236 1015245.5
671.0175891991586 1084594.0
671.1782892363447 1301569.6
671.3392283359814 1187711.1
671.5004064980691 1180317.4
671.6618237226077 1060829.2
671.8234800095972 1162466.4
671.9853753590376 1449719.8
672.1475097709289 1395709.5
672.309883245271 1542183.0
672.472495782064 1486153.1
672.635347381308 1517608.6
672.7984380430028 1478676.5
672.9617677671484 1739256.4
673.125336553745 1552120.1
673.2891444027925 1282509.8
673.453191314291 1270486.0
673.6174772882403 1500090.2
673.7820023246404 1609983.6
673.9467664234915 1360093.9
674.1117695847934 1250568.6
674.2770118085463 1325748.8
674.4424930947499 1334930.6
674.6082134434046 1301124.5
674.7741728545101 1410808.6
674.9403713280664 1388136.9
675.1068088640737 1442596.9
675.2734854625319 1257746.9
675.440401123441 1474864.0
675.6075558468009 1730985.6
675.7749496326118 1921164.0
675.9425824808735 1978238.2
676.1104543915861 1753373.6
676.2785653647496 1722212.4
676.4469154003641 1670148.9
676.6155044984293 1754774.8
676.7843326589456 1636815.2
676.9533998819127 1750707.0
677.1227061673306 1249328.2
677.2922515151995 1239652.5
677.4620359255191 1464906.5
677.6320593982898 1726663.1
677.8023219335114 1766064.9
677.9728235311838 1588341.1
678.1435641913071 1361874.2
678.3145439138814 1298227.4
678.4857626989063 1389269.4
678.6572205463824 1373092.2
678.8289174563092 1371352.4
679.000853428687 1355305.1
679.1730284635156 1418394.9
679.3454425607953 1302197.2
679.5180957205256 1313211.4
679.690987942707 1559365.8
679.8641192273392 1780836.1
680.0374895744222 1574680.8
680.2110989839563 1753786.9
680.3849474559411 1331743.9
680.559034990377 1443119.0
680.7333615872635 1308962.8
680.9079272466012 1648738.8
681.0827319683896 1913064.8
681.257775752629 1747839.0
681.4330585993191 1675709.0
681.6085805084602 1403023.2
681.7843414800523 1369876.1
681.9603415140951 1504736.1
682.1365806105889 1577713.8
682.3130587695335 1456479.5
682.4897759909292 1172562.5
682.6667322747755 1349945.2
682.8439276210729 1326293.8
683.0213620298211 1386105.0
683.1990355010204 1393589.4
683.3769480346702 1483236.2
683.5550996307712 1436342.2
683.7334902893231 1331404.4
683.9121200103258 1362120.5
684.0909887937793 1088499.0
684.2700966396839 1394611.2
684.4494435480391 1450878.0
684.6290295188454 1513646.9
684.8088545521025 1639490.1
684.9889186478105 1784142.8
685.1692218059694 1816536.4
685.3497640265792 1637309.0
685.5305453096399 1489396.5
685.7115656551515 1509346.5
685.8928250631141 1406895.6
686.0743235335274 1607871.9
686.2560610663917 1699607.6
686.4380376617067 1627250.6
686.6202533194729 1878545.5
686.8027080396897 1870417.8
686.9854018223576 1676418.0
687.1683346674763 1606630.2
687.351506575046 1733349.5
687.5349175450664 1689559.5
687.7185675775377 1571812.5
687.9024566724601 1601907.4
688.0865848298331 1857030.8
688.2709520496572 1899817.4
688.4555583319321 1818662.6
688.640403676658 1557387.0
688.8254880838347 1745783.0
689.0108115534624 1723975.8
689.1963740855408 1605730.8
689.3821756800703 1779923.6
689.5682163370506 1493829.8
689.7544960564818 1509452.0
689.9410148383638 1641898.1
690.1277726826967 1492167.2
690.3147695894805 1669046.9
690.5020055587153 2005886.8
690.689480590401 1795586.2
690.8771946845374 1531731.1
691.0651478411248 2036424.4
691.253340060163 1803489.2
691.4417713416524 2071200.6
691.6304416855924 2125430.0
691.8193510919834 2215854.5
692.0084995608252 1870348.2
692.197887092118 1881937.0
692.3875136858616 1630088.5
692.5773793420561 1758207.8
692.7674840607016 1897883.5
692.9578278417978 1749196.4
693.1484106853451 1850144.2
693.339232591343 1751445.1
693.5302935597921 1792820.1
693.7215935906919 1816993.6
693.9131326840427 1723245.5
694.1049108398444 1712081.5
694.2969280580969 1829905.6
694.4891843388003 1941052.8
694.6816796819547 1744735.1
694.8744140875599 1525796.0
695.067387555616 1620021.0
695.260600086123 1984551.5
695.4540516790809 2087772.6
695.6477423344896 2038138.1
695.8416720523492 2230596.0
696.0358408326598 2321246.0
696.2302486754212 2455301.0
696.4248955806336 2255603.0
696.6197815482967 2068205.1
696.814906578411 1904309.5
697.0102706709758 2256264.0
697.2058738259918 2639199.0
697.4017160434586 2673976.2
697.5977973233763 2177812.5
697.7941176657448 2404584.0
697.9906770705643 2266442.5
698.1874755378346 2394570.5
698.3845130675558 2717950.0
698.581789659728 2460200.5
698.779305314351 2480289.0
698.9770600314249 2814933.5
699.1750538109496 2628147.5
699.3732866529253 2758954.8
699.5717585573519 2777746.5
699.7704695242294 2808392.0
699.9694195535577 3016920.2
700.168608645337 3031737.2
700.3680367995671 2737033.5
700.5677040162482 2751467.2
700.7676102953801 3369609.8
700.9677556369629 3424518.5
701.1681400409966 3081612.0
701.368763507481 3250560.2
701.5696260364166 3637271.5
701.7707276278029 2901127.2
701.9720682816403 3015241.5
702.1736479979284 3127776.0
702.3754667766674 2725784.0
702.5775246178573 2892326.0
702.7798215214982 2821716.2
702.9823574875899 2752416.5
703.1851325161325 2953274.8
703.3881466071259 3110779.8
703.5913997605704 3190620.0
703.7948919764656 2999218.5
703.9986232548118 3014934.8
704.2025935956088 3051241.2
704.4068029988567 2911401.0
704.6112514645556 2909339.0
704.8159389927052 2998139.5
705.020865583306 3502206.0
705.2260312363574 3267169.8
705.4314359518598 2896461.0
705.6370797298131 2866885.2
705.8429625702173 2774893.8
706.0490844730723 3007132.2
706.2554454383783 2935073.8
706.4620454661351 3363697.2
706.6688845563428 3508580.2
706.8759627090014 3437144.5
707.0832799241109 3281500.0
707.2908362016714 3527182.0
707.4986315416826 3690098.5
707.7066659441448 3885777.0
707.9149394090579 3759336.0
708.1234519364218 3587641.0
708.3322035262366 3861549.0
708.5411941785025 4210203.5
708.750423893219 4416934.5
708.9598926703866 4595266.0
709.169600510005 4536562.0
709.3795474120743 4583917.0
709.5897333765945 4169695.0
709.8001584035657 4336387.5
710.0108224929876 4706288.5
710.2217256448604 4789118.5
710.4328678591842 4611176.0
710.6442491359588 4724675.5
710.8558694751844 4784293.5
711.0677288768608 4926353.5
711.2798273409882 5358814.0
711.4921648675663 6125494.5
711.7047414565955 7209568.0
711.9175571080754 8364583.0
712.1306118220064 10260118.0
712.343905598388 12340452.0
712.5574384372208 12966484.0
712.7712103385043 13411714.0
712.9852213022388 12860502.0
713.199471328424 12007306.0
713.4139604170601 11065505.0
713.6286885681474 10043661.0
713.8436557816852 9441854.0
714.0588620576742 9790064.0
714.274307396114 10733469.0
714.4899917970047 10510024.0
714.7059152603462 10419159.0
714.9220777861387 9454365.0
715.138479374382 9698088.0
715.3551200250763 10583254.0
715.5719997382214 10667509.0
715.7891185138174 11405006.0
716.0064763518642 11969672.0
716.224073252362 13216308.0
716.4419092153107 13112824.0
716.6599842407103 12946438.0
716.8782983285607 12765644.0
717.096851478862 11915612.0
717.3156436916144 11613358.0
717.5346749668174 10776242.0
717.7539453044715 9273558.0
717.9734547045764 8804389.0
718.1932031671322 8788342.0
718.4131906921389 7199765.0
718.6334172795965 5828516.0
718.853882929505 5020744.0
719.0745876418644 4773559.0
719.2955314166745 4645055.5
719.5167142539357 4452497.0
719.7381361536477 4040764.8
719.9597971158106 4098567.5
720.1816971404245 3870382.5
720.4038362274891 3841650.5
720.6262143770048 4381340.5
720.8488315889713 4197659.0
721.0716878633887 4584194.5
721.2947832002569 5183191.5
721.518117599576 6181907.0
721.741691061346 6832201.0
721.965503585567 7876660.0
722.1895551722389 9251680.0
722.4138458213616 10755388.0
722.6383755329352 12533819.0
722.8631443069596 14425762.0
723.0881521434351 16018395.0
723.3133990423613 16939706.0
723.5388850037385 17282254.0
723.7646100275665 16331192.0
723.9905741138455 13901839.0
724.2167772625753 13839531.0
724.4432194737561 13679775.0
724.6699007473876 13650695.0
724.8968210834703 13263285.0
725.1239804820036 13324085.0
725.3513789429879 13843020.0
725.579016466423 15614414.0
725.8068930523091 16571435.0
726.0350087006461 16149376.0
726.2633634114338 17261802.0
726.4919571846726 19418508.0
726.7207900203623 19548548.0
726.9498619185028 18349610.0
727.1791728790942 17621602.0
727.4087229021366 19286716.0
727.6385119876297 23681988.0
727.8685401355738 31722022.0
728.0988073459687 43404390.0
728.3293136188147 61771516.0
728.5600589541114 85346610.0
728.7910433518591 110961010.0
729.0222668120575 134906910.0
729.2537293347069 154708420.0
729.4854309198073 160180340.0
729.7173715673584 147793150.0
729.9495512773606 118718040.0
730.1819700498136 82038100.0
730.4146278847174 51117736.0
730.6475247820722 33336788.0
730.8806607418778 23401340.0
731.1140357641343 16918506.0
731.3476498488419 14772506.0
731.5815029960002 12590508.0
731.8155952056094 10431086.0
732.0499264776695 9333846.0
732.2844968121806 9026082.0
732.5193062091423 7782269.0
732.754354668555 7017909.5
732.9896421904187 7005891.0
733.2251687747333 6471464.5
733.4609344214988 5867184.0
733.6969391307151 5639798.0
733.9331829023823 5863447.5
734.1696657365004 6118979.0
734.4063876330695 6242243.0
734.6433485920893 6809327.0
734.8805486135602 7360486.0
735.1179876974818 7973939.0
735.3556658438545 8880423.0
735.5935830526778 9185257.0
735.8317393239522 8987412.0
736.0701346576775 8753722.0
736.3087690538534 8710282.0
736.5476425124806 7636289.5
736.7867550335584 7003750.0
737.0261066170873 7214488.0
737.265697263067 6824723.0
737.5055269714976 6835100.0
737.745595742379 7605157.5
737.9859035757114 9491663.0
738.2264504714947 11820016.0
738.4672364297288 15127995.0
738.7082614504138 21357620.0
738.9495255335498 31256532.0
739.1910286791365 42967670.0
739.4327708871742 59217970.0
739.6747521576629 79458530.0
739.9169724906022 103239880.0
740.1594318859927 124049330.0
740.4021303438338 134937360.0
740.6450678641261 134248850.0
740.8882444468691 118061560.0
741.131660092063 90016870.0
741.3753147997079 59308196.0
741.6192085698036 36826390.0
741.8633414023502 24376128.0
742.1077132973477 18067278.0
742.352324254796 13873596.0
742.5971742746954 10968612.0
742.8422633570456 9357058.0
743.0875915018465 7936252.5
743.3331587090985 6323450.5
743.5789649788013 5343717.5
743.8250103109551 4818606.0
744.0712947055597 4671101.0
744.3178181626151 4457053.5
744.5645806821216 3649768.8
744.8115822640789 3103161.5
745.058822908487 2808174.0
745.3063026153461 2752215.0
745.554021384656 2790370.2
745.801979216417 3062435.2
746.0501761106286 3934271.0
746.2986120672912 4407095.5
746.5472870864048 4589027.0
746.7962011679691 4207846.0
747.0453543119845 4134972.2
747.2947465184507 4837449.0
747.5443777873677 4715146.5
747.7942481187357 3684957.0
748.0443575125546 2980792.8
748.2947059688242 3146669.0
748.545293487545 2923824.8
748.7961200687164 2722169.5
749.0471857123389 2443117.0
749.2984904184123 2283378.5
749.5500341869365 2356172.5
749.8018170179115 2431152.0
750.0538389113375 2234420.5
750.3060998672144 2176496.5
750.558599885542 2224165.0
750.8113389663208 2177046.2
751.0643171095503 2111045.2
751.3175343152308 2258487.0
751.570990583362 2249789.0
751.8246859139442 2057032.2
752.0786203069773 2040495.6
752.3327937624614 2178138.5
752.5872062803962 2309067.8
752.841857860782 2421392.2
753.0967485036186 2463632.2
753.3518782089062 2626589.0
753.6072469766447 3046598.0
753.8628548068339 2981636.5
754.1187016994742 3145966.2
754.3747876545652 2813399.8
754.6311126721073 2865325.5
754.8876767521001 3135326.2
755.144479894544 3135021.2
755.4015220994386 3068952.2
755.6588033667842 2867052.5
755.9163236965807 3061808.0
756.1740830888281 3228790.0
756.4320815435262 3530874.8
756.6903190606754 3485733.0
756.9487956402754 3617469.5
757.2075112823263 3449116.5
757.4664659868281 3272540.2
757.7256597537807 3531643.8
757.9850925831844 3655377.2
758.2447644750388 3877845.2
758.5046754293442 3863676.5
758.7648254461004 3945697.5
759.0252145253075 4322221.0
759.2858426669656 4590499.0
759.5467098710745 5045630.5
759.8078161376343 5742909.0
760.069161466645 6498226.0
760.3307458581066 7057688.0
760.5925693120191 7355454.5
760.8546318283825 7139177.0
761.1169334071967 6928406.0
761.3794740484618 6376074.5
761.6422537521778 5667335.5
761.9052725183449 5262234.0
762.1685303469626 4614399.5
762.4320272380314 4563751.0
762.6957631915509 4885204.0
762.9597382075215 4696131.5
763.2239522859428 4609097.5
763.4884054268151 4401458.5
763.7530976301382 4148214.8
764.0180288959123 4260154.0
764.2831992241372 3794580.2
764.5486086148131 4162350.5
764.8142570679397 4262414.0
765.0801445835173 4528258.0
765.3462711615459 5135076.0
765.6126368020252 6077034.0
765.8792415049556 6526198.0
766.1460852703367 7535194.0
766.4131680981689 7823641.0
766.6804899884517 8304650.5
766.9480509411856 8948007.0
767.2158509563703 9383671.0
767.483890034006 8221189.5
767.7521681740925 7558969.5
768.0206853766299 6848354.0
768.2894416416182 6010350.0
768.5584369690574 5533044.0
768.8276713589474 5378094.5
769.0971448112883 5246849.5
769.3668573260802 5547894.0
769.636808903323 6106549.5
769.9069995430166 6074999.0
770.1774292451611 6344257.5
770.4480980097566 6675335.5
770.7190058368028 7002456.0
770.9901527263 7731451.0
771.2615386782481 8187827.5
771.5331636926471 8448472.0
771.805027769497 9644748.0
772.0771309087978 10544800.0
772.3494731105494 11422378.0
772.622054374752 14519735.0
772.8948747014053 17545894.0
773.1679340905096 20648790.0
773.4412325420649 25292828.0
773.714770056071 28581188.0
773.9885466325279 30281210.0
774.2625622714359 30530902.0
774.5368169727947 29600700.0
774.8113107366042 27685418.0
775.0860435628648 23914864.0
775.3610154515762 17582672.0
775.6362264027387 12519271.0
775.9116764163518 8788696.0
776.1873654924159 7344559.0
776.4632936309309 7274087.5
776.7394608318967 7202665.5
777.0158670953135 7151699.5
777.2925124211812 7083856.0
777.5693968094998 6436419.0
777.8465202602692 6603594.0
778.1238827734896 7087615.0
778.4014843491608 7036451.0
778.6793249872829 7408418.0
778.957404687856 8543099.0
779.23572345088 10372819.0
779.5142812763546 12657490.0
779.7930781642804 14321089.0
780.0721141146569 16454665.0
780.3513891274845 19515976.0
780.6309032027627 21487570.0
780.9106563404919 23455880.0
781.1906485406721 24963398.0
781.4708798033031 25155250.0
781.7513501283851 23715296.0
782.0320595159178 21397388.0
782.3130079659015 19664048.0
782.5941954783361 18318522.0
782.8756220532216 18943142.0
783.157287690558 19354016.0
783.4391923903453 19592578.0
783.7213361525834 18854406.0
784.0037189772725 16906796.0
784.2863408644123 14414016.0
784.5692018140032 13383019.0
784.8523018260448 13665495.0
785.1356409005374 14670945.0
785.419219037481 16129134.0
785.7030362368753 17655608.0
785.9870924987206 18315458.0
786.2713878230167 19184128.0
786.5559222097638 19030324.0
786.8406956589616 17853782.0
787.1257081706106 16393859.0
787.4109597447102 15588116.0
787.6964503812609 15430360.0
787.9821800802623 14779184.0
788.2681488417147 15362108.0
788.554356665618 15289749.0
788.8408035519722 15467554.0
789.1274895007773 15775261.0
789.4144145120331 16274302.0
789.70157858574 17550098.0
789.9889817218977 18168548.0
790.2766239205064 19032200.0
790.5645051815659 20044478.0
790.8526255050763 21972164.0
791.1409848910375 23045536.0
791.4295833394498 25460656.0
791.7184208503128 28312650.0
792.0074974236268 30280410.0
792.2968130593916 33333292.0
792.5863677576074 35429424.0
792.876161518274 37993972.0
793.1661943413915 41152930.0
793.45646622696 41081490.0
793.7469771749792 39819630.0
794.0377271854495 37905740.0
794.3287162583705 35406012.0
794.6199443937426 34102770.0
794.9114115915653 35910224.0
795.2031178518391 37175736.0
795.4950631745637 37457584.0
795.7872475597393 38473644.0
796.0796710073657 39477640.0
796.372333517443 40928730.0
796.6652350899712 40533664.0
796.9583757249504 40878976.0
797.2517554223803 43907496.0
797.5453741822612 47312324.0
797.839232004593 49389690.0
798.1333288893755 53294656.0
798.4276648366092 57352616.0
798.7222398462935 60829396.0
799.0170539184289 65334996.0
799.3121070530151 69907310.0
799.6073992500523 73509190.0
799.9029305095402 76701336.0
800.1987008314792 76999630.0
800.4947102158688 77961660.0
800.7909586627096 78305080.0
801.0874461720011 76809010.0
801.3841727437435 75247940.0
801.6811383779369 74853864.0
801.9783430745811 75904090.0
802.2757868336762 75379030.0
802.5734696552222 72143170.0
802.8713915392192 66922524.0
803.1695524856669 62974990.0
803.4679524945657 58573240.0
803.7665915659152 57175596.0
804.0654696997157 57239960.0
804.364586895967 56900896.0
804.6639431546693 57947516.0
804.9635384758224 58222476.0
805.2633728594265 60449616.0
805.5634463054813 64922240.0
805.863758813987 67320610.0
806.1643103849437 67930330.0
806.4651010183513 69244590.0
806.7661307142098 70125144.0
807.0673994725191 68987360.0
807.3689072932794 70923230.0
807.6706541764905 70558920.0
807.9726401221526 68978660.0
808.2748651302655 71407900.0
808.5773292008294 75742830.0
808.880032333844 83042170.0
809.1829745293097 92631330.0
809.4861557872262 107304450.0
809.7895761075936 125105670.0
810.0932354904118 143472820.0
810.3971339356808 166456380.0
810.701271443401 186808460.0
811.0056480135719 205479020.0
811.3102636461938 222719700.0
811.6151183412665 241721340.0
811.9202120987901 250495710.0
812.2255449187645 252411330.0
812.5311168011899 252126600.0
812.8369277460662 235519100.0
813.1429777533934 202723600.0
813.4492668231715 173608740.0
813.7557949554005 157788020.0
814.0625621500802 145734540.0
814.3695684072109 135173170.0
814.6768137267925 125293250.0
814.984298108825 119027090.0
815.2920215533085 111376130.0
815.5999840602427 105008560.0
815.908185629628 100322240.0
816.216626261464 93752670.0
816.5253059557509 86455660.0
816.8342247124888 78868830.0
817.1433825316776 72436500.0
817.4527794133171 64614320.0
817.7624153574077 58532904.0
818.072290363949 52558836.0
818.3824044329415 46029264.0
818.6927575643846 45405604.0
819.0033497582787 47014250.0
819.3141810146236 47242500.0
819.6252513334194 48447050.0
819.9365607146663 53841640.0
820.2481091583638 60220876.0
820.5598966645124 68003590.0
820.8719232331118 74574220.0
821.1841888641621 81058590.0
821.4966935576633 90201490.0
821.8094373136155 103960900.0
822.1224201320184 120699940.0
822.4356420128723 141649330.0
822.749102956177 164756620.0
823.0628029619327 188197140.0
823.3767420301392 211958750.0
823.6909201607966 240726000.0
824.005337353905 267993980.0
824.3199936094642 291044770.0
824.6348889274743 308522720.0
824.9500233079352 321225120.0
825.2653967508472 322541660.0
825.5810092562099 317732000.0
825.8968608240236 290540030.0
826.2129514542881 242084300.0
826.5292811470036 185749040.0
826.8458499021699 130181550.0
827.1626577197871 89311100.0
827.4797045998553 64206650.0
827.7969905423743 48263670.0
828.1145155473441 39000508.0
828.4322796147649 32971168.0
828.7502827446367 28893470.0
829.0685249369592 24660932.0
829.3870061917327 21626782.0
829.705726508957 18214112.0
830.0246858886322 16570776.0
830.3438843307583 16257718.0
830.6633218353354 15116782.0
830.9829984023633 13542760.0
831.3029140318422 11815986.0
831.6230687237718 11526800.0
831.9434624781525 11518120.0
832.2640952949838 10784178.0
832.5849671742662 11047868.0
832.9060781159994 11164385.0
833.2274281201835 11625639.0
833.5490171868187 11207744.0
833.8708453159045 11207455.0
834.1929125074414 11527775.0
834.515218761429 12211780.0
834.8377640778676 13193860.0
835.160548456757 13390822.0
835.4835718980975 13290002.0
835.8068344018886 13358928.0
836.1303359681309 14595629.0
836.4540765968239 16391829.0
836.778056287968 18969402.0
837.1022750415626 19963330.0
837.4267328576084 20829710.0
837.7514297361049 22842696.0
838.0763656770524 23742360.0
838.4015406804508 23509802.0
838.7269547463001 23872742.0
839.0526078746003 25116300.0
839.3785000653513 25718398.0
839.7046313185533 26783584.0
840.0310016342061 28584230.0
840.3576110123099 28120350.0
840.6844594528644 28078500.0
841.01154695587 27253396.0
841.3388735213264 25750968.0
841.6664391492336 24542292.0
841.9942438395917 23865628.0
842.3222875924008 24185730.0
842.6505704076608 25953596.0
842.9790922853716 26550080.0
843.3078532255333 27788292.0
843.636853228146 28488390.0
843.9660922932096 27780398.0
844.2955704207238 26278936.0
844.6252876106893 23891328.0
844.9552438631054 23680228.0
845.2854391779725 25912304.0
845.6158735552905 27170848.0
845.9465469950594 26029558.0
846.2774594972791 25277742.0
846.6086110619498 25746960.0
846.9400016890712 27666092.0
847.2716313786436 30792204.0
847.603500130667 36121390.0
847.9356079451411 41513424.0
848.2679548220663 45893896.0
848.6005407614422 50432420.0
848.9333657632692 53447004.0
849.2664298275467 57386016.0
849.5997329542755 62497364.0
849.933275143455 67032970.0
850.2670563950855 70220110.0
850.6010767091668 73772770.0
850.935336085699 74225200.0
851.2698345246821 71560420.0
851.6045720261161 67664150.0
851.939548590001 63631320.0
852.2747642163367 64805596.0
852.6102189051235 65383290.0
852.9459126563609 65198570.0
853.2818454700493 60792150.0
853.6180173461887 53123964.0
853.9544282847789 44500950.0
854.29107828582 37542060.0
854.627967349312 33513916.0
854.9650954752549 33739450.0
855.3024626636488 33999256.0
855.6400689144934 35201950.0
855.9779142277889 37439810.0
856.3159986035355 40424384.0
856.6543220417327 42582090.0
856.992884542381 44085624.0
857.33168610548 45868040.0
857.6707267310301 48853060.0
858.010006419031 51788336.0
858.3495251694828 53533764.0
858.6892829823855 57005576.0
859.0292798577391 61356850.0
859.3695157955435 67321710.0
859.709990795799 73493040.0
860.0507048585051 79098430.0
860.3916579836623 83769520.0
860.7328501712702 86955710.0
861.0742814213293 86352350.0
861.415951733839 87318120.0
861.7578611087997 90348330.0
862.1000095462114 93745960.0
862.4423970460737 96115360.0
862.7850236083872 96809680.0
863.1278892331513 94136320.0
863.4709939203666 88099190.0
863.8143376700325 80062540.0
864.1579204821496 68783060.0
864.5017423567174 58506096.0
864.845803293736 49218390.0
865.1901032932057 40601536.0
865.5346423551262 32975500.0
865.8794204794975 27604518.0
866.2244376663198 26746298.0
866.569693915593 29083938.0
866.9151892273169 31282656.0
867.2609236014919 32101644.0
867.6068970381177 34139760.0
867.9531095371945 35803164.0
868.299561098722 38359348.0
868.6462517227006 42995064.0
868.9931814091299 48775644.0
869.3403501580103 55726516.0
869.6877579693414 62573140.0
870.0354048431236 69824990.0
870.3832907793565 76252330.0
870.7314157780402 79198900.0
871.079779839175 80883370.0
871.4283829627606 83658770.0
871.7772251487971 85632820.0
872.1263063972845 88631640.0
872.4756267082229 93894500.0
872.825186081612 99833570.0
873.1749845174521 100638090.0
873.525022015743 96253260.0
873.875298576485 88453010.0
874.2258141996776 78452136.0
874.5765688853213 66744800.0
874.9275626334158 58537140.0
875.2787954439613 54156600.0
875.6302673169575 53521324.0
875.9819782524048 52102764.0
876.3339282503027 50750516.0
876.6861173106518 52462470.0
877.0385454334516 52849064.0
877.3912126187024 51101500.0
877.744118866404 47003490.0
878.0972641765566 45100664.0
878.45064854916 44587200.0
878.8042719842143 40836690.0
879.1581344817196 35869536.0
879.5122360416756 29670984.0
879.8665766640827 22953428.0
880.2211563489404 19350912.0
880.5759750962493 18646786.0
880.9310329060089 18063790.0
881.2863297782194 17810778.0
881.6418657128809 18267656.0
881.9976407099932 19634842.0
882.3536547695564 20870042.0
882.7099078915705 20567076.0
883.0664000760355 20231380.0
883.4231313229513 21515632.0
883.7801016323183 21267358.0
884.1373110041359 20520024.0
884.4947594384045 21430032.0
884.8524469351239 22213142.0
885.2103734942943 22061192.0
885.5685391159154 21661502.0
885.9269437999875 20472658.0
886.2855875465107 18730862.0
886.6444703554844 17835186.0
887.0035922269093 19011198.0
887.3629531607849 19641820.0
887.7225531571116 19746664.0
888.082392215889 20332490.0
888.4424703371174 21490228.0
888.8027875207965 22395998.0
889.1633437669268 24366064.0
889.5241390755077 27199758.0
889.8851734465397 28798264.0
890.2464468800224 28897572.0
890.6079593759562 29942238.0
890.9697109343408 32215670.0
891.3317015551763 34651930.0
891.6939312384626 35174532.0
892.0563999841997 38501584.0
892.419107792388 43988864.0
892.7820546630269 49792644.0
893.145240596117 53310284.0
893.5086655916577 56703020.0
893.8723296496495 58998824.0
894.2362327700921 62029596.0
894.6003749529856 63749176.0
894.96475619833 63891720.0
895.3293765061252 67274780.0
895.6942358763713 69597864.0
896.0593343090684 72211500.0
896.4246718042164 75954550.0
896.7902483618151 79496850.0
897.1560639818649 83888160.0
897.5221186643654 84381790.0
897.888412409317 78670010.0
898.2549452167193 68596470.0
898.6217170865726 52225190.0
898.9887280188768 39578892.0
899.3559780136319 32220192.0
899.7234670708378 26093218.0
900.0911951904947 21705648.0
900.4591623726023 19126702.0
900.827368617161 16625229.0
901.1958139241705 16131922.0
901.5644982936308 15473304.0
901.9334217255422 15929692.0
902.3025842199042 16396368.0
902.6719857767174 16252868.0
903.0416263959813 16116975.0
903.4115060776962 16340252.0
903.7816248218619 16299371.0
904.1519826284787 16755546.0
904.5225794975461 16818754.0
904.8934154290646 16582251.0
905.2644904230337 16767771.0
905.635804479454 16252791.0
906.0073575983251 15859512.0
906.3791497796472 16553815.0
906.7511810234199 16613938.0
907.1234513296438 15482574.0
907.4959606983184 15142862.0
907.8687091294438 14613336.0
908.2416966230203 14997062.0
908.6149231790475 13925250.0
908.9883887975259 12693550.0
909.3620934784549 12731789.0
909.736037221835 13432435.0
910.1102200276657 13397114.0
910.4846418959476 12645295.0
910.8593028266802 11979955.0
911.2342028198638 12080146.0
911.6093418754981 12034888.0
911.9847199935836 12172405.0
912.3603371741196 11833341.0
912.7361934171067 13379051.0
913.1122887225448 13640472.0
913.4886230904336 13862725.0
913.8651965207735 13853246.0
914.242009013564 15493296.0
914.6190605688057 17093120.0
914.996351186498 17144676.0
915.3738808666415 16496720.0
915.7516496092356 16911832.0
916.1296574142808 18358088.0
916.5079042817767 19473454.0
916.8863902117237 19841480.0
917.2651152041215 20229736.0
917.6440792589702 20857858.0
918.0232823762697 21326472.0
918.4027245560201 21057002.0
918.7824057982216 21566900.0
919.1623261028737 20406428.0
919.542485469977 17703512.0
919.9228838995309 17460738.0
920.3035213915359 17134162.0
920.6843979459916 17203712.0
921.0655135628983 19061506.0
921.446868242256 20296124.0
921.8284619840645 21903712.0
922.2102947883237 22667848.0
922.5923666550341 23126392.0
922.9746775841952 21676860.0
923.3572275758072 20550648.0
923.7400166298701 21006450.0
924.1230447463838 22427578.0
924.5063119253487 23476868.0
924.8898181667641 25313182.0
925.2735634706307 26408628.0
925.657547836948 25939676.0
926.0417712657163 26250152.0
926.4262337569354 24746330.0
926.8109353106056 24347850.0
927.1958759267263 22598552.0
927.5810556052983 20127256.0
927.966474346321 18964308.0
928.3521321497947 19793722.0
928.7380290157191 21014364.0
929.1241649440944 20491868.0
929.5105399349206 19134376.0
929.8971539881978 18285052.0
930.2840071039259 17966848.0
930.6710992821048 16945608.0
931.0584305227347 15808756.0
931.4460008258154 15582769.0
931.8338101913471 14514825.0
932.2218586193296 13781715.0
932.610146109763 12530329.0
932.9986726626472 9968443.0
933.3874382779825 7737379.0
933.7764429557685 5643855.5
934.1656866960054 4319031.0
934.5551694986933 4004379.0
934.9448913638321 4150290.5
935.3348522914216 3606169.8
935.7250522814621 3324988.5
936.1154913339535 3466697.8
936.5061694488959 3823670.2
936.8970866262891 4293178.5
937.288242866133 4211564.5
937.6796381684281 4221150.5
938.0712725331739 4524878.0
938.4631459603708 4744648.5
938.8552584500184 4967196.0
939.247610002117 5729620.0
939.6402006166663 5551220.0
940.0330302936667 5673660.0
940.4260990331178 6174404.5
940.8194068350199 6616776.0
941.212953699373 6794751.0
941.6067396261767 7321854.0
942.0007646154315 7308074.5
942.3950286671371 6877177.0
942.7895317812938 5804531.0
943.184273957901 5454974.0
943.5792551969595 5667490.0
943.9744754984687 5542303.0
944.3699348624289 5618828.0
944.7656332888398 5470792.0
945.1615707777016 5106690.5
945.5577473290144 4989007.0
945.9541629427781 5221390.5
946.3508176189927 4978127.5
946.7477113576581 5047957.5
947.1448441587745 5385951.0
947.5422160223416 5678633.0
947.9398269483597 6025121.0
948.3376769368288 6033574.5
948.7357659877487 6358027.0
949.1340941011194 6520387.5
949.5326612769411 6900487.5
949.9314675152136 6568945.5
950.3305128159373 7531839.5
950.7297971791115 8183699.0
951.1293206047367 8952681.0
951.5290830928128 8683856.0
951.9290846433399 8010607.0
952.3293252563178 7902174.5
952.7298049317465 7863821.0
953.1305236696262 7766404.0
953.5314814699568 7749019.5
953.9326783327383 7463870.0
954.3341142579707 7448919.0
954.7357892456539 7712258.0
955.137703295788 7223534.0
955.5398564083731 6684797.5
955.942248583409 6877047.0
956.3448798208958 7108100.0
956.7477501208334 6406298.0
957.1508594832221 6360219.0
957.5542079080615 6185252.5
957.9577953953519 6081675.0
958.3616219450932 5617226.0
958.7656875572852 5508099.5
959.1699922319283 5444220.5
959.5745359690222 5273180.5
959.979318768567 5564629.0
960.3843406305627 5692354.0
960.7896015550094 6210073.0
961.1951015419069 6668894.0
961.6008405912553 6366720.0
962.0068187030545 6616484.5
962.4130358773048 7745934.5
962.8194921140057 8141837.0
963.2261874131577 8469523.0
963.6331217747605 8263151.0
964.0402951988142 8521974.0
964.4477076853188 8118591.0
964.8553592342744 7107784.5
965.2632498456808 6986563.0
965.671379519538 7773884.0
966.0797482558462 8378673.0
966.4883560546052 7743538.0
966.8972029158153 7134282.5
967.3062888394761 7341762.0
967.7156138255879 6939480.0
968.1251778741505 5734773.0
968.534980985164 5181017.5
968.9450231586284 5070843.0
969.3553043945437 4772283.0
969.7658246929099 4874739.0
970.1765840537269 4214551.5
970.5875824769948 4067974.8
970.9988199627137 4047368.8
971.4102965108834 4531844.0
971.822012121504 4130221.2
972.2339667945757 4584578.5
972.6461605300981 4710602.5
973.0585933280714 4405746.0
973.4712651884955 4885635.5
973.8841761113707 5302922.5
974.2973260966967 5855968.0
974.7107151444736 6505907.0
975.1243432547012 7118211.0
975.5382104273799 7280798.0
975.9523166625095 7269874.5
976.3666619600898 7439017.5
976.7812463201212 7877816.0
977.1960697426034 9223722.0
977.6111322275365 9512616.0
978.0264337749204 9528118.0
978.4419743847554 9658721.0
978.8577540570411 9930622.0
979.2737727917779 10841536.0
979.6900305889653 11076369.0
980.1065274486039 9184982.0
980.523263370693 7672051.0
980.9402383552333 7292933.0
981.3574524022245 6957202.5
981.7749055116664 6897617.5
982.1925976835594 8026788.0
982.6105289179031 9256578.0
983.0286992146978 10615914.0
983.4471085739433 11506855.0
983.8657569956398 11392226.0
984.2846444797872 12013158.0
984.7037710263854 13484071.0
985.1231366354345 13871689.0
985.5427413069345 12855655.0
985.9625850408854 13350331.0
986.3826678372873 14343262.0
986.8029896961399 14527578.0
987.2235506174435 14303706.0
987.6443506011979 13009195.0
988.0653896474032 12997330.0
988.4866677560595 13262760.0
988.9081849271665 12590444.0
989.3299411607247 11411761.0
989.7519364567336 12240182.0
990.1741708151934 11917624.0
990.5966442361041 10893876.0
991.0193567194657 10567942.0
991.4423082652781 10169704.0
991.8654988735416 9415748.0
992.2889285442558 8612485.0
992.712597277421 8159263.0
993.1365050730369 7019305.5
993.5606519311038 7099664.0
993.9850378516217 8090093.0
994.4096628345903 8301450.0
994.83452688001 8910578.0
995.2596299878804 9444044.0
995.6849721582018 9890819.0
996.110553390974 10249375.0
996.5363736861973 10069410.0
996.9624330438713 10108122.0
997.3887314639962 10639058.0
997.8152689465721 11118746.0
998.2420454915989 11701489.0
998.6690610990764 11659325.0
999.0963157690048 10665196.0
999.5238095013843 9230174.0
999.9515422962145 8291420.5
1000.3795141534958 8858735.0
1000.8077250732279 9024514.0
1001.2361750554107 8069441.0
1001.6648641000446 7511207.0
1002.0937922071294 6225834.5
1002.522959376665 5902894.0
1002.9523656086515 5651617.0
1003.3820109030889 6248868.0
1003.8118952599773 5957169.5
1004.2420186793163 5591627.5
1004.6723811611065 6176625.5
1005.1029827053474 7235954.0
1005.5338233120393 8238957.5
1005.9649029811819 10139726.0
1006.3962217127755 11888439.0
1006.8277795068202 13363808.0
1007.2595763633155 14297901.0
1007.6916122822619 15909662.0
1008.1238872636591 17329432.0
1008.5564013075071 17114436.0
1008.9891544138061 18359298.0
1009.422146582556 20034950.0
1009.8553778137567 21764164.0
1010.2888481074084 23047336.0
1010.7225574635108 22572572.0
1011.1565058820644 23486148.0
1011.5906933630686 23642622.0
1012.0251199065237 22748542.0
1012.45978551243 21373140.0
1012.8946901807869 17734078.0
1013.3298339115948 12926012.0
1013.7652167048535 9534630.0
1014.2008385605632 7514658.0
1014.6366994787238 6931989.5
1015.0727994593352 6293797.5
1015.5091385023975 5942994.0
1015.9457166079108 6143142.0
1016.3825337758749 7004888.0
1016.8195900062899 7662137.5
1017.2568852991558 8351277.5
1017.6944196544725 9333160.0
1018.1321930722402 10622655.0
1018.5702055524587 10988914.0
1019.0084570951283 12005149.0
1019.4469477002485 13318538.0
1019.8856773678198 14916468.0
1020.3246460978419 14438070.0
1020.763853890315 15517821.0
1021.2033007452387 16078925.0
1021.6429866626136 17296504.0
1022.0829116424393 17264224.0
1022.5230756847159 18786310.0
1022.9634787894433 19958572.0
1023.4041209566217 19629576.0
1023.8450021862509 17196918.0
1024.286122478331 14408134.0
1024.727481832862 9754087.0
1025.1690802498438 6574469.5
1025.6109177292767 4387347.0
1026.0529942711605 3476255.5
1026.495309875495 2998428.8
1026.9378645422805 2517527.2
1027.380658271517 2940091.5
1027.823691063204 2300782.8
1028.2669629173424 2145792.0
1028.7104738339312 1841974.5
1029.1542238129714 2057693.1
1029.598212854462 1905178.1
1030.0424409584039 1630778.6
1030.4869081247964 1541497.2
1030.9316143536398 1590822.2
1031.376559644934 1499963.8
1031.8217439986793 1488124.8
1032.2671674148755 1615346.4
1032.7128298935227 1486100.5
1033.1587314346207 1646299.9
1033.6048720381693 1479684.9
1034.051251704169 1287133.2
1034.4978704326197 1770450.1
1034.9447282235212 1540681.4
1035.3918250768736 1320951.2
1035.8391609926769 1198202.5
1036.286735970931 1181748.5
1036.734550011636 1175482.6
1037.182603114792 1540952.2
1037.6308952803988 1665843.0
1038.0794265084567 1249020.1
1038.5281967989652 1268622.0
1038.9772061519247 1305910.2
1039.426454567335 1505234.8
1039.8759420451966 1485610.6
1040.3256685855085 1639940.2
1040.7756341882716 1457907.0
1041.2258388534856 1764368.1
1041.6762825811506 1549460.5
1042.1269653712661 1169213.5
1042.577887223833 1517186.8
1043.0290481388504 1689578.8
1043.4804481163187 2056203.1
1043.9320871562381 2175933.2
1044.3839652586082 2338302.8
1044.8360824234294 2292302.0
1045.2884386507012 1990981.4
1045.7410339404241 1937026.0
1046.193868292598 2276233.5
1046.6469417072226 1726584.4
1047.1002541842981 1831172.4
1047.5538057238246 1708433.5
1048.0075963258018 1934265.6
1048.46162599023 2138916.5
1048.915894717109 1893429.2
1049.3704025064392 1940768.1
1049.82514935822 1924171.5
1050.2801352724516 2125963.0
1050.7353602491344 1650240.6
1051.1908242882678 1676682.6
1051.6465273898525 1748473.2
1052.1024695538877 1999207.0
1052.558650780374 2018803.9
1053.015071069311 2130688.5
1053.471730420699 2358352.8
1053.928628834538 1947610.0
1054.3857663108276 2046220.1
1054.8431428495683 2504203.5
1055.30075845076 2848614.0
1055.7586131144024 2312962.5
1056.2167068404956 2207320.0
1056.67503962904 2595179.5
1057.133611480035 2519233.0
1057.592422393481 2671873.0
1058.0514723693777 3007665.5
1058.5107614077258 2606240.0
1058.9702895085243 2245536.2
1059.4300566717739 2620821.2
1059.8900628974743 2958297.2
1060.3503081856259 2995449.8
1060.8107925362278 3293095.5
1061.2715159492811 2821522.5
1061.732478424785 2720878.0
1062.1936799627401 2797047.0
1062.6551205631458 3201479.5
1063.1168002260026 3389824.5
1063.57871895131 2946670.0
1064.0408767390686 2983132.0
1064.503273589278 1862364.2
1064.965909501938 407066.0
1065.4287844770492 -488600.2
1065.8918985146113 -2219448.0
1066.3552516146242 -4431725.5
1066.818843777088 -6030591.0
1067.2826750020029 -7353559.0
1067.7467452893684 -9054721.0
1068.211054639185 -11149334.0
1068.6756030514523 -13266254.0
1069.1403905261704 -14936151.0
1069.6054170633397 -17011648.0
1070.0706826629596 -19298968.0
1070.5361873250306 -21634358.0
1071.0019310495525 -23908598.0
1071.4679138365252 -25962284.0
1071.9341356859486 -28370798.0
