string
description: px_shifted, calibration parameter: [ 1.19531225e-04 -2.30194563e-02  6.18194146e+02]
converted file:R_100ms_Fe_S3_x_1_54_binned_y back: data/dark_100msRZP-structure:___RZP_S3100msRoi:[0, 1040, 2048, 2048]
eV counts/s
618.1712462133476 1976026.5
618.1485853507007 1976343.6
618.1261635505048 2510948.2
618.1039808127597 2852544.0
618.0820371374655 2859326.2
618.0603325246223 2771686.0
618.0388669742298 2618390.2
618.0176404862883 2590878.0
617.9966530607976 2680510.0
617.9759046977579 2673344.8
617.955395397169 2590129.8
617.9351251590311 2512890.2
617.9150939833439 2471604.0
617.8953018701078 2183924.8
617.8757488193226 2833709.8
617.8564348309881 2716595.0
617.8373599051046 2595585.8
617.8185240416719 2792601.2
617.7999272406903 2657717.0
617.7815695021593 3257400.2
617.7634508260794 3105344.8
617.7455712124504 3129952.2
617.7279306612722 2934599.0
617.7105291725449 2986276.5
617.6933667462686 2803346.2
617.676443382443 2571244.0
617.6597590810685 2233105.5
617.6433138421447 2156495.2
617.6271076656718 2520770.5
617.6111405516499 2881265.2
617.5954125000789 3419820.5
617.5799235109587 3202109.5
617.5646735842894 2944770.5
617.5496627200711 2731422.5
617.5348909183035 2484955.0
617.520358178987 2799278.0
617.5060645021213 3058646.2
617.4920098877064 2920163.8
617.4781943357425 3106373.8
617.4646178462295 2667092.0
617.4512804191673 3200677.2
617.4381820545561 3602797.8
617.4253227523957 3529526.5
617.4127025126862 3593349.8
617.4003213354276 3430136.2
617.3881792206199 3468678.0
617.3762761682632 3284627.8
617.3646121783572 2401250.2
617.3531872509022 2417018.5
617.342001385898 2340723.5
617.3310545833449 2454460.2
617.3203468432424 2196507.8
617.309878165591 2580575.2
617.2996485503904 1938667.0
617.2896579976408 1697114.5
617.2799065073419 2443975.5
617.270394079494 3041772.0
617.261120714097 2759635.5
617.2520864111508 2318410.8
617.2432911706557 2663526.5
617.2347349926113 3341633.0
617.2264178770179 3951902.5
617.2183398238752 4204094.5
617.2105008331837 4359956.0
617.2029009049428 3764283.5
617.195540039153 3512688.8
617.188418235814 3008887.5
617.1815354949258 2796152.0
617.1748918164886 3045582.8
617.1684872005023 3227929.8
617.1623216469668 3026227.5
617.1563951558823 3168040.0
617.1507077272486 3103277.0
617.1452593610658 3279430.5
617.140050057334 3758581.5
617.1350798160529 4466205.0
617.1303486372229 5026170.5
617.1258565208436 4970854.0
617.1216034669154 5581582.0
617.1175894754379 6413256.0
617.1138145464114 6337840.5
617.1102786798357 5608875.0
617.106981875711 5098793.5
617.1039241340371 5235025.5
617.1011054548142 4606796.0
617.0985258380421 4184556.5
617.0961852837207 4315796.0
617.0940837918505 3780489.5
617.092221362431 3260435.5
617.0905979954625 3585132.2
617.0892136909449 4106922.0
617.0880684488782 4330914.0
617.0871622692623 5016228.0
617.0864951520974 5369006.0
617.0860670973833 6176137.5
617.0858781051202 7304131.0
617.0859281753078 8231338.0
617.0862173079464 8927979.0
617.0867455030359 8769811.0
617.0875127605763 7559430.5
617.0885190805675 5802323.0
617.0897644630096 3900827.5
617.0912489079027 2808022.2
617.0929724152465 2031175.5
617.0949349850415 1701749.5
617.0971366172871 1571997.2
617.0995773119838 1250421.1
617.1022570691313 1504250.2
617.1051758887297 1553151.9
617.1083337707789 1918117.2
617.1117307152791 2176237.8
617.1153667222302 2245447.8
617.1192417916321 2191554.0
617.123355923485 2125715.0
617.1277091177888 2317683.5
617.1323013745433 2812622.8
617.1371326937488 3186747.0
617.1422030754052 3735156.2
617.1475125195125 4320095.0
617.1530610260706 4839097.5
617.1588485950797 5064715.5
617.1648752265397 6208075.0
617.1711409204505 7295275.0
617.1776456768123 7780630.5
617.1843894956249 8332870.5
617.1913723768885 8700341.0
617.1985943206029 8105595.5
617.2060553267681 8044372.0
617.2137553953843 7262120.5
617.2216945264513 7245739.5
617.2298727199694 7093643.0
617.2382899759382 6157297.0
617.246946294358 5556691.0
617.2558416752286 4144138.8
617.2649761185502 2889191.0
617.2743496243226 2196508.2
617.2839621925459 1645795.0
617.29381382322 1258490.2
617.3039045163453 1204502.8
617.3142342719211 902560.75
617.3248030899481 749496.5
617.3356109704258 850743.06
617.3466579133545 905638.25
617.357943918734 1007881.1
617.3694689865644 1097316.6
617.3812331168458 1042941.5
617.3932363095779 1115822.8
617.4054785647611 834271.6
617.417959882395 740382.25
617.43068026248 812987.1
617.4436397050157 908345.9
617.4568382100024 1154748.1
617.47027577744 1000533.25
617.4839524073284 1178795.2
617.4978680996677 1790308.2
617.512022854458 2942919.0
617.526416671699 4039748.0
617.5410495513911 5813864.5
617.555921493534 8363140.0
617.5710324981277 9288679.0
617.5863825651725 9538917.0
617.601971694668 9120358.0
617.6177998866144 7647235.0
617.6338671410118 5548674.0
617.6501734578601 3988103.0
617.6667188371591 3755293.5
617.6835032789093 3929726.0
617.70052678311 3881407.8
617.7177893497619 4050164.8
617.7352909788646 4529653.5
617.7530316704182 4923171.0
617.7710114244226 5296949.0
617.7892302408779 5237316.0
617.8076881197842 4582555.0
617.8263850611413 4780145.0
617.8453210649494 5023075.5
617.8644961312083 5758929.5
617.8839102599181 7588484.5
617.9035634510788 8914080.0
617.9234557046905 11387912.0
617.9435870207528 13374009.0
617.9639573992663 16418675.0
617.9845668402305 17608794.0
618.0054153436457 17823476.0
618.0265029095117 15498811.0
618.0478295378288 12131408.0
618.0693952285965 8092969.0
618.0911999818152 5886053.0
618.1132437974848 4567287.0
618.1355266756052 3421096.0
618.1580486161766 3187005.5
618.180809619199 2575884.8
618.2038096846721 1991695.6
618.2270488125961 1792744.8
618.2505270029711 1587402.4
618.2742442557969 1864030.5
618.2982005710737 1707062.8
618.3223959488013 1276062.9
618.3468303889798 1240653.5
618.3715038916091 1156784.8
618.3964164566895 979174.6
618.4215680842207 981358.06
618.4469587742026 1172814.8
618.4725885266356 1278007.4
618.4984573415195 1287769.8
618.5245652188543 1361197.5
618.5509121586398 1404635.1
618.5774981608764 1551471.8
618.6043232255638 1401471.5
618.6313873527021 1600593.1
618.6586905422912 1710399.0
618.6862327943314 1815804.8
618.7140141088223 2122311.5
618.7420344857642 2453589.0
618.7702939251569 3148924.5
618.7987924270005 4652195.5
618.827529991295 6133655.0
618.8565066180404 8792438.0
618.8857223072368 11087525.0
618.915177058884 12690772.0
618.944870872982 12814965.0
618.974803749531 12182724.0
619.004975688531 10543726.0
619.0353866899817 8363005.5
619.0660367538834 5275025.5
619.0969258802359 3947601.0
619.1280540690393 2770654.8
619.1594213202936 2617448.2
619.1910276339989 2655050.0
619.2228730101549 2828421.5
619.2549574487618 2516238.0
619.2872809498198 2104260.5
619.3198435133286 1797778.2
619.3526451392883 1355012.8
619.3856858276988 1273939.8
619.4189655785602 1333628.5
619.4524843918725 1141740.2
619.4862422676358 1181880.5
619.5202392058499 1081289.9
619.5544752065149 885849.25
619.5889502696308 1107928.2
619.6236643951976 1453705.2
619.6586175832152 1252099.5
619.6938098336839 1323332.5
619.7292411466033 1773690.1
619.7649115219735 1914551.1
619.8008209597948 2720083.5
619.8369694600669 3818377.2
619.8733570227901 4799078.0
619.9099836479638 5570331.0
619.9468493355887 6479380.0
619.9839540856643 7792255.0
620.0212978981909 9564847.0
620.0588807731684 9361663.0
620.0967027105968 7893505.5
620.134763710476 5927992.5
620.1730637728062 4239062.0
620.2116028975872 3171818.5
620.2503810848191 2320971.2
620.2893983345019 1566909.8
620.3286546466355 1707721.2
620.3681500212202 2045402.8
620.4078844582556 1956165.0
620.447857957742 1772923.5
620.4880705196792 1247848.5
620.5285221440674 1088816.5
620.5692128309064 870242.9
620.6101425801965 915180.0
620.6513113919372 891336.9
620.692719266129 1042280.0
620.7343662027715 969189.4
620.7762522018651 962297.6
620.8183772634094 957138.06
620.8607413874046 724247.2
620.9033445738509 656304.3
620.9461868227478 1121624.4
620.9892681340958 1078906.2
621.0325885078946 916809.0
621.0761479441444 827935.06
621.1199464428449 1062078.4
621.1639840039965 1015460.5
621.2082606275989 938752.8
621.2527763136521 1273282.0
621.2975310621563 1435227.8
621.3425248731114 1611588.2
621.3877577465173 1525512.8
621.4332296823742 1828876.8
621.478940680682 1597086.0
621.5248907414405 1456540.1
621.5710798646501 1499886.4
621.6175080503104 1396938.9
621.6641752984218 1110757.1
621.7110816089839 1162500.1
621.758226981997 1325936.8
621.8056114174609 1425593.6
621.8532349153759 1366139.4
621.9010974757415 1233155.4
621.9491990985582 1343120.1
621.9975397838257 1273313.5
622.0461195315442 1186390.1
622.0949383417135 1185576.1
622.1439962143336 1811688.2
622.1932931494047 2086227.5
622.2428291469266 1950387.5
622.2926042068996 1991702.4
622.3426183293233 2139140.8
622.392871514198 1961452.8
622.4433637615234 1966490.1
622.4940950713 1658114.8
622.5450654435272 1940341.2
622.5962748782055 1656785.2
622.6477233753345 1455345.2
622.6994109349146 1362012.0
622.7513375569454 1249151.4
622.8035032414273 1312420.8
622.8559079883598 1713997.8
622.9085517977434 2182311.0
622.9614346695778 2646022.8
623.0145566038631 2552162.2
623.0679176005993 2797206.5
623.1215176597865 3577373.0
623.1753567814245 3285550.0
623.2294349655133 3284021.5
623.2837522120532 3569484.8
623.3383085210438 3866645.2
623.3931038924854 3428459.0
623.4481383263778 3281729.5
623.5034118227212 3450513.5
623.5589243815153 4213921.5
623.6146760027606 5322248.0
623.6706666864566 6446150.0
623.7268964326033 6943746.0
623.7833652412012 8098388.0
623.8400731122499 8534462.0
623.8970200457495 7782377.0
623.9542060416999 6641788.0
624.0116311001013 5059854.5
624.0692952209534 3275293.5
624.1271984042567 2570404.0
624.1853406500106 2736534.0
624.2437219582156 2563484.0
624.3023423288714 2382574.0
624.3612017619781 2325439.2
624.4203002575357 1741805.1
624.4796378155443 1387444.2
624.5392144360035 1354809.0
624.5990301189137 1385098.8
624.659084864275 1215802.4
624.7193786720869 1421801.4
624.7799115423499 1393711.5
624.8406834750637 1238373.5
624.9016944702284 1394189.9
624.962944527844 1523746.4
625.0244336479105 1188239.8
625.0861618304278 1177373.6
625.1481290753961 1364292.6
625.2103353828153 1511201.8
625.2727807526853 1780468.8
625.3354651850062 1352042.6
625.398388679778 1769366.9
625.4615512370008 2246803.5
625.5249528566744 2589513.0
625.5885935387989 2909007.5
625.6524732833743 2712168.0
625.7165920904006 3001490.0
625.7809499598777 3600343.5
625.8455468918058 3797704.5
625.9103828861847 3648298.8
625.9754579430146 4442342.5
626.0407720622953 5367647.0
626.106325244027 5027045.5
626.1721174882094 4043942.5
626.2381487948429 3090305.5
626.3044191639272 2722885.5
626.3709285954623 2560344.8
626.4376770894484 2206757.0
626.5046646458853 1566424.5
626.5718912647732 1613721.9
626.6393569461119 1569763.9
626.7070616899016 1770268.0
626.7750054961421 1764411.8
626.8431883648335 1688288.8
626.9116102959758 1644215.2
626.980271289569 1816315.5
627.0491713456131 1193315.8
627.1183104641082 1452899.0
627.1876886450539 1545593.9
627.2573058884507 1544699.8
627.3271621942984 1735408.2
627.3972575625968 1690725.2
627.4675919933463 1537760.5
627.5381654865465 1904018.2
627.6089780421978 2454951.8
627.6800296602999 2808473.5
627.7513203408529 2670870.0
627.8228500838567 3067612.5
627.8946188893116 3448692.5
627.9666267572171 2848347.0
628.0388736875738 3099430.5
628.1113596803812 3229101.5
628.1840847356395 2542768.2
628.2570488533487 2159219.0
628.3302520335087 2023656.9
628.4036942761198 2316398.2
628.4773755811816 2319352.0
628.5512959486945 2320076.5
628.6254553786581 2741996.2
628.6998538710727 2715856.0
628.7744914259381 3278330.5
628.8493680432545 3354152.0
628.9244837230217 3513717.5
628.9998384652398 3758501.2
629.0754322699088 3370125.5
629.1512651370288 2980804.5
629.2273370665995 3112321.2
629.3036480586212 3895182.5
629.3801981130938 4185817.2
629.4569872300171 4238667.5
629.5340154093916 4373207.5
629.6112826512167 3902541.5
629.6887889554929 3714508.0
629.7665343222199 3113955.0
629.8445187513979 2317647.2
629.9227422430266 1498788.5
630.0012047971064 1447163.2
630.0799064136369 1700269.4
630.1588470926184 1486824.0
630.2380268340507 1344477.5
630.317445637934 1427090.1
630.3971035042681 1989802.0
630.4770004330533 2515149.2
630.5571364242891 2399499.8
630.6375114779759 1873477.6
630.7181255941136 2082963.9
630.7989787727022 2452135.5
630.8800710137417 2377478.0
630.961402317232 2371250.5
631.0429726831734 2286546.0
631.1247821115654 2470055.2
631.2068306024086 2563948.5
631.2891181557025 2483663.8
631.3716447714473 1858290.1
631.454410449643 1567405.1
631.5374151902896 1423786.5
631.6206589933871 1448569.9
631.7041418589355 1427968.6
631.7878637869347 1451116.5
631.8718247773849 1518448.0
631.956024830286 1391749.9
632.0404639456378 2322328.8
632.1251421234408 2821500.0
632.2100593636944 2354528.2
632.2952156663991 2023696.5
632.3806110315546 2636495.5
632.4662454591611 2815733.8
632.5521189492183 2219205.5
632.6382315017265 1821162.4
632.7245831166855 1780783.0
632.8111737940956 2220491.5
632.8980035339563 2495026.5
632.985072336268 1930400.5
633.0723802010307 2123598.0
633.1599271282441 2864309.0
633.2477131179087 2897194.8
633.3357381700239 3016310.5
633.4240022845902 2775209.5
633.5125054616071 3308326.2
633.6012477010752 3117537.8
633.690229002994 2961017.5
633.7794493673638 2646418.0
633.8689087941844 2222284.5
633.958607283456 2490919.0
634.0485448351784 2478581.2
634.1387214493517 1881155.8
634.2291371259759 2146575.2
634.3197918650509 2313618.0
634.4106856665769 2285243.2
634.5018185305538 2012788.8
634.5931904569816 1508033.9
634.6848014458602 1564611.5
634.7766514971898 1476149.4
634.8687406109701 1468561.9
634.9610687872016 1394112.0
635.0536360258837 1316364.4
635.1464423270169 1304022.1
635.2394876906009 1886805.1
635.3327721166357 1426070.0
635.4262956051215 1149209.2
635.5200581560582 1051023.6
635.6140597694457 940705.1
635.7083004452841 825729.6
635.8027801835735 1027872.4
635.8974989843136 914598.25
635.9924568475049 974742.44
636.0876537731468 1008861.9
636.1830897612398 1266986.0
636.2787648117835 1104236.0
636.3746789247782 1042376.5
636.4708321002237 1167674.0
636.5672243381202 1259360.0
636.6638556384676 1350732.5
636.7607260012659 1739234.5
636.857835426515 1507067.6
636.9551839142149 2163102.0
637.0527714643658 2614794.8
637.1505980769675 2723209.5
637.2486637520203 2032838.1
637.3469684895239 1861922.4
637.4455122894784 1974092.4
637.5442951518837 1890062.4
637.64331707674 2153489.2
637.742578064047 2095285.1
637.8420781138052 1784846.2
637.941817226014 1720976.1
638.0417954006739 1530164.4
638.1420126377845 1657032.0
638.2424689373462 1654851.5
638.3431642993586 1334114.8
638.444098723822 1100402.9
638.5452722107362 1020429.1
638.6466847601014 1498278.8
638.7483363719175 1401763.9
638.8502270461844 969099.5
638.9523567829023 1264913.5
639.0547255820709 1309901.1
639.1573334436905 1432912.2
639.260180367761 1525983.1
639.3632663542825 1603720.2
639.4665914032546 1617491.1
639.5701555146778 1453597.0
639.6739586885519 1463137.4
639.7780009248769 1650168.0
639.8822822236526 2172666.0
639.9868025848793 2422510.0
640.091562008557 2514079.0
640.1965604946854 2532226.8
640.3017980432649 2599029.8
640.4072746542952 2951705.5
640.5129903277764 3467584.5
640.6189450637083 3392050.0
640.7251388620914 2952422.0
640.8315717229252 2642786.5
640.93824364621 2299033.5
641.0451546319456 1736209.2
641.1523046801321 1411870.1
641.2596937907695 1172378.4
641.3673219638578 917237.0
641.4751891993969 1522984.4
641.583295497387 1814463.1
641.691640857828 1774901.8
641.8002252807198 1826039.8
641.9090487660626 1577386.4
642.0181113138563 1372805.2
642.1274129241008 1619585.2
642.2369535967962 2065489.4
642.3467333319426 2126371.5
642.4567521295397 1991204.0
642.5670099895879 1768384.4
642.6775069120868 1913620.0
642.7882428970366 2030769.9
642.8992179444374 1978219.4
643.010432054289 1889248.6
643.1218852265915 1793921.4
643.2335774613449 1894815.1
643.3455087585494 1530885.1
643.4576791182045 1318821.9
643.5700885403106 1472587.8
643.6827370248676 1375815.8
643.7956245718756 1371503.0
643.9087511813342 1766803.0
644.0221168532439 1578531.2
644.1357215876045 1249360.2
644.249565384416 1448801.1
644.3636482436782 1715634.4
644.4779701653915 1480410.0
644.5925311495556 1679265.1
644.7073311961706 1856480.5
644.8223703052365 1638476.4
644.9376484767532 1358312.2
645.0531657107209 1498635.1
645.1689220071395 2225939.5
645.2849173660089 2234832.0
645.4011517873292 1741531.0
645.5176252711005 1817178.0
645.6343378173226 1609492.0
645.7512894259957 1563978.9
645.8684800971196 1491944.4
645.9859098306944 1553991.5
646.10357862672 1319659.5
646.2214864851966 1250825.8
646.3396334061241 1445037.5
646.4580193895024 1336776.5
646.5766444353317 1154497.0
646.6955085436118 1128874.9
646.8146117143428 1408089.5
646.9339539475247 1403316.0
647.0535352431576 1260003.9
647.1733556012413 1217011.2
647.2934150217759 1556898.8
647.4137135047613 1401099.4
647.5342510501977 1667050.0
647.6550276580849 1648466.8
647.7760433284232 1392406.0
647.8972980612122 1452494.4
648.018791856452 1346326.4
648.1405247141429 1270451.4
648.2624966342845 1460579.8
648.3847076168772 1386500.5
648.5071576619206 1226727.4
648.629846769415 1334005.2
648.7527749393603 1774618.1
648.8759421717565 1681356.4
648.9993484666035 1941197.6
649.1229938239015 2229893.0
649.2468782436503 1798424.9
649.3710017258501 1633438.8
649.4953642705007 1700778.9
649.6199658776021 1559416.2
649.7448065471544 1434093.1
649.8698862791578 1168246.4
649.9952050736119 1447458.6
650.120762930517 1372813.9
650.2465598498729 1523287.2
650.3725958316797 1976216.5
650.4988708759375 1914961.1
650.6253849826461 1461101.5
650.7521381518056 1309464.5
650.879130383416 1469865.5
651.0063616774773 1302207.4
651.1338320339895 1321371.2
651.2615414529527 1441328.2
651.3894899343666 1699961.0
651.5176774782313 1822478.8
651.6461040845472 1684880.8
651.7747697533138 1350736.9
651.9036744845314 1450376.9
652.0328182781997 1152773.2
652.162201134319 1405450.5
652.2918230528892 1226029.5
652.4216840339103 1189056.4
652.5517840773823 1098959.0
652.6821231833052 1248020.8
652.8127013516789 1698210.2
652.9435185825037 1711155.5
653.074574875779 1800065.5
653.2058702315056 1768411.8
653.3374046496829 1530515.0
653.469178130311 1703615.8
653.6011906733902 1615505.5
653.73344227892 1503577.8
653.865932946901 1350746.9
653.9986626773327 1193418.0
654.1316314702154 1329745.8
654.2648393255489 1538794.5
654.3982862433335 1432709.9
654.5319722235687 1217467.9
654.665897266255 1147686.9
654.8000613713921 1238143.1
654.9344645389801 1394751.0
655.069106769019 1548826.9
655.2039880615088 1568175.0
655.3391084164494 1388869.5
655.4744678338409 1313933.2
655.6100663136834 1656898.2
655.7459038559767 1306152.2
655.881980460721 1463781.9
656.0182961279161 1758571.1
656.1548508575621 1701968.0
656.291644649659 1713474.9
656.4286775042068 1855746.0
656.5659494212055 1583790.2
656.7034604006551 1544206.0
656.8412104425555 1514468.1
656.9791995469069 1752535.8
657.117427713709 1737421.8
657.2558949429622 2128598.5
657.3946012346663 2040001.4
657.5335465888211 1543674.8
657.672731005427 1325821.2
657.8121544844836 1196407.8
657.9518170259913 1360490.0
658.0917186299497 1131970.1
658.2318592963591 1120660.1
658.3722390252193 1126974.0
658.5128578165305 1267644.1
658.6537156702925 1527957.8
658.7948125865055 1507064.5
658.9361485651692 1447295.6
659.077723606284 1216262.9
659.2195377098495 1469212.0
659.361590875866 1770463.1
659.5038831043335 1641963.9
659.6464143952517 1454987.2
659.7891847486209 1611506.4
659.9321941644408 1927603.6
660.0754426427119 1224681.8
660.2189301834336 1359183.2
660.3626567866064 1195503.6
660.50662245223 1369801.1
660.6508271803045 1285539.0
660.7952709708298 1350165.2
660.9399538238061 1292872.8
661.0848757392333 1073932.0
661.2300367171114 1066084.4
661.3754367574403 957989.94
661.5210758602201 873094.5
661.6669540254509 1170107.5
661.8130712531324 1274834.0
661.9594275432651 1305757.0
662.1060228958484 1522396.4
662.2528573108827 1629773.8
662.3999307883678 1487669.2
662.5472433283039 1307703.4
662.6947949306908 969939.94
662.8425855955288 735257.9
662.9906153228175 1100078.0
663.1388841125572 1446568.8
663.2873919647476 1498172.2
663.436138879389 1512821.9
663.5851248564813 1544843.1
663.7343498960245 1421931.9
663.8838139980186 1133759.8
664.0335171624636 1245161.4
664.1834593893594 1012688.7
664.3336406787062 1105534.0
664.4840610305039 1134297.0
664.6347204447524 989563.44
664.7856189214518 1195395.4
664.936756460602 1404419.2
665.0881330622034 1544390.8
665.2397487262554 1400344.8
665.3916034527584 1360298.0
665.5436972417123 1195698.9
665.6960300931171 1378870.5
665.8486020069727 1602083.2
666.0014129832791 1740813.6
666.1544630220367 1305781.5
666.3077521232449 1125223.5
666.4612802869042 1202550.6
666.6150475130142 1158829.9
666.7690538015753 1102046.5
666.9232991525871 1264516.6
667.07778356605 1593008.6
667.2325070419636 2007837.2
667.3874695803282 1679494.2
667.5426711811436 1918546.5
667.69811184441 2115538.8
667.8537915701272 2198224.5
668.0097103582953 2123040.5
668.1658682089143 1906829.4
668.3222651219842 1820116.0
668.4789010975051 1763920.6
668.6357761354766 1941704.4
668.7928902358992 1789003.5
668.9502433987727 1488663.1
669.1078356240971 1503712.0
669.2656669118722 1423971.9
669.4237372620985 1187932.2
669.5820466747754 903295.1
669.7405951499034 888944.4
669.8993826874821 1087989.5
670.0584092875117 1317191.0
670.2176749499924 1616085.5
670.3771796749238 1237189.9
670.5369234623063 1185306.4
670.6969063121394 1253669.5
670.8571282244236 1104468.6
671.0175891991586 1194964.1
671.1782892363447 1333083.5
671.3392283359814 1304319.9
671.5004064980691 1284596.5
671.6618237226077 1213617.1
671.8234800095972 1385820.5
671.9853753590376 1483629.0
672.1475097709289 1443136.2
672.309883245271 1337230.5
672.472495782064 1478412.6
672.635347381308 1370443.9
672.7984380430028 1105639.5
672.9617677671484 1205129.9
673.125336553745 1115140.9
673.2891444027925 1391714.4
673.453191314291 1256038.6
673.6174772882403 1181716.5
673.7820023246404 1034766.5
673.9467664234915 995437.8
674.1117695847934 1288155.5
674.2770118085463 1475395.2
674.4424930947499 1385303.8
674.6082134434046 1310127.4
674.7741728545101 1485552.6
674.9403713280664 1495512.4
675.1068088640737 1582588.6
675.2734854625319 1724606.0
675.440401123441 1763435.6
675.6075558468009 1794086.8
675.7749496326118 1672606.4
675.9425824808735 1995112.4
676.1104543915861 2095726.0
676.2785653647496 2162343.8
676.4469154003641 1896915.1
676.6155044984293 1805581.8
676.7843326589456 1514573.6
676.9533998819127 1625957.6
677.1227061673306 1784799.4
677.2922515151995 1530472.4
677.4620359255191 1538083.0
677.6320593982898 1561774.9
677.8023219335114 1610794.9
677.9728235311838 1428407.4
678.1435641913071 1395611.4
678.3145439138814 1618965.0
678.4857626989063 1501417.0
678.6572205463824 1169791.4
678.8289174563092 1429128.1
679.000853428687 1553553.9
679.1730284635156 1526219.0
679.3454425607953 1290702.4
679.5180957205256 1377749.4
679.690987942707 1490503.8
679.8641192273392 1448209.0
680.0374895744222 1721559.0
680.2110989839563 1853433.2
680.3849474559411 1627766.4
680.559034990377 1587526.0
680.7333615872635 1513033.5
680.9079272466012 1714638.8
681.0827319683896 1612281.1
681.257775752629 1394555.2
681.4330585993191 1210174.8
681.6085805084602 1276804.8
681.7843414800523 1514769.8
681.9603415140951 1607816.9
682.1365806105889 1769359.8
682.3130587695335 1435274.4
682.4897759909292 1301430.4
682.6667322747755 969559.5
682.8439276210729 1016501.75
683.0213620298211 1247447.5
683.1990355010204 1473046.8
683.3769480346702 1563690.1
683.5550996307712 1595313.8
683.7334902893231 1568787.4
683.9121200103258 1604709.8
684.0909887937793 1345366.9
684.2700966396839 1543436.2
684.4494435480391 1337166.0
684.6290295188454 1244893.2
684.8088545521025 1374178.2
684.9889186478105 1136041.0
685.1692218059694 1128215.2
685.3497640265792 1482668.1
685.5305453096399 1446157.4
685.7115656551515 1377711.4
685.8928250631141 1451689.5
686.0743235335274 1532418.9
686.2560610663917 1424332.5
686.4380376617067 1237886.6
686.6202533194729 1637341.4
686.8027080396897 1906946.8
686.9854018223576 1609132.4
687.1683346674763 1477187.6
687.351506575046 1536143.2
687.5349175450664 1572535.5
687.7185675775377 1604670.5
687.9024566724601 1816603.2
688.0865848298331 1467828.8
688.2709520496572 1221231.2
688.4555583319321 1450208.1
688.640403676658 1475527.5
688.8254880838347 1501765.6
689.0108115534624 1524577.0
689.1963740855408 1736996.2
689.3821756800703 1368431.8
689.5682163370506 1726924.8
689.7544960564818 1889469.5
689.9410148383638 1803230.2
690.1277726826967 1813010.2
690.3147695894805 1847234.4
690.5020055587153 1945768.0
690.689480590401 1933607.6
690.8771946845374 1700368.8
691.0651478411248 1482277.8
691.253340060163 1429084.8
691.4417713416524 1541306.8
691.6304416855924 1891754.2
691.8193510919834 1832984.9
692.0084995608252 2015480.1
692.197887092118 1882502.6
692.3875136858616 1665284.9
692.5773793420561 1344762.0
692.7674840607016 1463506.0
692.9578278417978 1428151.5
693.1484106853451 1293973.5
693.339232591343 1528175.0
693.5302935597921 1865391.9
693.7215935906919 1902011.0
693.9131326840427 2052552.6
694.1049108398444 2146007.8
694.2969280580969 2104765.5
694.4891843388003 2273776.0
694.6816796819547 1918650.6
694.8744140875599 2073333.1
695.067387555616 2586585.5
695.260600086123 2300379.8
695.4540516790809 2267804.5
695.6477423344896 1989606.9
695.8416720523492 1689078.9
696.0358408326598 1644520.6
696.2302486754212 2165443.8
696.4248955806336 2182832.5
696.6197815482967 1932390.6
696.814906578411 2413299.5
697.0102706709758 2424519.8
697.2058738259918 2227638.2
697.4017160434586 2560372.8
697.5977973233763 2763586.5
697.7941176657448 3014565.2
697.9906770705643 3060166.5
698.1874755378346 2878592.0
698.3845130675558 2648019.0
698.581789659728 2858576.5
698.779305314351 2675755.0
698.9770600314249 2935227.2
699.1750538109496 3293169.8
699.3732866529253 3316719.8
699.5717585573519 2843541.2
699.7704695242294 2598441.8
699.9694195535577 3209772.2
700.168608645337 3173937.2
700.3680367995671 2978101.0
700.5677040162482 3015726.5
700.7676102953801 2950086.0
700.9677556369629 3395495.2
701.1681400409966 3521176.2
701.368763507481 3509887.2
701.5696260364166 3547031.5
701.7707276278029 3625042.8
701.9720682816403 3361719.8
702.1736479979284 2888437.0
702.3754667766674 3172834.8
702.5775246178573 3349051.2
702.7798215214982 3140731.0
702.9823574875899 2932458.5
703.1851325161325 2709031.2
703.3881466071259 2704605.2
703.5913997605704 2951410.2
703.7948919764656 2789592.0
703.9986232548118 3069086.0
704.2025935956088 3243102.5
704.4068029988567 3172781.5
704.6112514645556 3337802.5
704.8159389927052 2976488.5
705.020865583306 3179401.5
705.2260312363574 3324795.2
705.4314359518598 3089458.8
705.6370797298131 3027693.8
705.8429625702173 3198287.8
706.0490844730723 3410798.0
706.2554454383783 3337956.0
706.4620454661351 3477820.2
706.6688845563428 3384089.5
706.8759627090014 2950845.2
707.0832799241109 3575024.5
707.2908362016714 3862645.5
707.4986315416826 3682721.0
707.7066659441448 3896759.8
707.9149394090579 3870244.5
708.1234519364218 3909265.0
708.3322035262366 4688548.5
708.5411941785025 4623219.0
708.750423893219 4842156.0
708.9598926703866 5208015.5
709.169600510005 4949453.5
709.3795474120743 5025253.5
709.5897333765945 4871044.0
709.8001584035657 4863463.0
710.0108224929876 4519231.0
710.2217256448604 4473066.0
710.4328678591842 5249306.0
710.6442491359588 5644632.0
710.8558694751844 5720240.0
711.0677288768608 5815993.0
711.2798273409882 5882684.0
711.4921648675663 6705565.0
711.7047414565955 8658981.0
711.9175571080754 9709032.0
712.1306118220064 10631184.0
712.343905598388 11689458.0
712.5574384372208 12832458.0
712.7712103385043 12970868.0
712.9852213022388 13922765.0
713.199471328424 13258851.0
713.4139604170601 11421485.0
713.6286885681474 10355916.0
713.8436557816852 9589936.0
714.0588620576742 10282069.0
714.274307396114 10565882.0
714.4899917970047 10053594.0
714.7059152603462 9908489.0
714.9220777861387 10135605.0
715.138479374382 11323450.0
715.3551200250763 11812666.0
715.5719997382214 11795569.0
715.7891185138174 12087218.0
716.0064763518642 12717619.0
716.224073252362 13407985.0
716.4419092153107 14092649.0
716.6599842407103 13977339.0
716.8782983285607 12388192.0
717.096851478862 11534490.0
717.3156436916144 11398201.0
717.5346749668174 11703721.0
717.7539453044715 10891585.0
717.9734547045764 9280601.0
718.1932031671322 8096788.0
718.4131906921389 7673999.0
718.6334172795965 6964043.0
718.853882929505 6306900.0
719.0745876418644 5536615.5
719.2955314166745 5283952.0
719.5167142539357 5415252.5
719.7381361536477 5377517.5
719.9597971158106 4668637.0
720.1816971404245 4492862.0
720.4038362274891 4868833.5
720.6262143770048 4731543.0
720.8488315889713 4732468.5
721.0716878633887 4480344.5
721.2947832002569 5405912.0
721.518117599576 6408104.0
721.741691061346 7543532.0
721.965503585567 9059229.0
722.1895551722389 10745339.0
722.4138458213616 12568112.0
722.6383755329352 13224008.0
722.8631443069596 14406864.0
723.0881521434351 15952312.0
723.3133990423613 16373532.0
723.5388850037385 16363628.0
723.7646100275665 16452171.0
723.9905741138455 16056428.0
724.2167772625753 15265329.0
724.4432194737561 13895402.0
724.6699007473876 13814782.0
724.8968210834703 13671638.0
725.1239804820036 13743462.0
725.3513789429879 14319060.0
725.579016466423 14799232.0
725.8068930523091 16195036.0
726.0350087006461 18102778.0
726.2633634114338 18566386.0
726.4919571846726 18601872.0
726.7207900203623 18511752.0
726.9498619185028 19667542.0
727.1791728790942 21749902.0
727.4087229021366 24416688.0
727.6385119876297 30817252.0
727.8685401355738 41311864.0
728.0988073459687 55242324.0
728.3293136188147 73058420.0
728.5600589541114 95677940.0
728.7910433518591 121552720.0
729.0222668120575 140535070.0
729.2537293347069 149492020.0
729.4854309198073 151254060.0
729.7173715673584 139199900.0
729.9495512773606 116456930.0
730.1819700498136 86953310.0
730.4146278847174 59084556.0
730.6475247820722 39037520.0
730.8806607418778 26370398.0
731.1140357641343 19950676.0
731.3476498488419 17091932.0
731.5815029960002 14911870.0
731.8155952056094 14092930.0
732.0499264776695 11718732.0
732.2844968121806 10023786.0
732.5193062091423 9247213.0
732.754354668555 7816564.0
732.9896421904187 6615747.0
733.2251687747333 6278135.0
733.4609344214988 5996576.0
733.6969391307151 5833856.0
733.9331829023823 6519894.0
734.1696657365004 6455476.0
734.4063876330695 6431657.5
734.6433485920893 7064739.5
734.8805486135602 7606729.0
735.1179876974818 7797580.5
735.3556658438545 8764574.0
735.5935830526778 9419336.0
735.8317393239522 9416269.0
736.0701346576775 9122904.0
736.3087690538534 8609459.0
736.5476425124806 8518672.0
736.7867550335584 7667442.5
737.0261066170873 7227624.0
737.265697263067 6853201.0
737.5055269714976 7661399.5
737.745595742379 9575620.0
737.9859035757114 11904548.0
738.2264504714947 15255500.0
738.4672364297288 20313996.0
738.7082614504138 28303416.0
738.9495255335498 38702730.0
739.1910286791365 52677390.0
739.4327708871742 71030900.0
739.6747521576629 90150210.0
739.9169724906022 111011940.0
740.1594318859927 124746170.0
740.4021303438338 131176220.0
740.6450678641261 127909660.0
740.8882444468691 115251600.0
741.131660092063 92971690.0
741.3753147997079 65646804.0
741.6192085698036 43409770.0
741.8633414023502 28206528.0
742.1077132973477 19673780.0
742.352324254796 15370982.0
742.5971742746954 12234392.0
742.8422633570456 10130646.0
743.0875915018465 8978462.0
743.3331587090985 8224236.0
743.5789649788013 7366875.5
743.8250103109551 6356134.0
744.0712947055597 5017511.5
744.3178181626151 4291226.5
744.5645806821216 3280237.0
744.8115822640789 2460442.8
745.058822908487 2314432.8
745.3063026153461 2748917.0
745.554021384656 3116917.2
745.801979216417 3832928.0
746.0501761106286 4086932.8
746.2986120672912 4506671.0
746.5472870864048 4821943.5
746.7962011679691 4903639.5
747.0453543119845 4719006.5
747.2947465184507 4971479.5
747.5443777873677 5155551.5
747.7942481187357 4280198.0
748.0443575125546 3700800.0
748.2947059688242 3624557.8
748.545293487545 2884202.5
748.7961200687164 2390396.5
749.0471857123389 2554246.0
749.2984904184123 2865627.8
749.5500341869365 2195379.5
749.8018170179115 1751541.9
750.0538389113375 2181565.5
750.3060998672144 2152938.5
750.558599885542 2182787.8
750.8113389663208 2346812.2
751.0643171095503 2653281.5
751.3175343152308 2610178.5
751.570990583362 2342414.5
751.8246859139442 2342997.8
752.0786203069773 2403323.8
752.3327937624614 2663149.0
752.5872062803962 2768786.2
752.841857860782 2898804.5
753.0967485036186 2655520.0
753.3518782089062 2334800.5
753.6072469766447 2523481.8
753.8628548068339 2750208.8
754.1187016994742 2867528.0
754.3747876545652 2800533.5
754.6311126721073 2512429.8
754.8876767521001 2650278.8
755.144479894544 3042145.2
755.4015220994386 3162241.5
755.6588033667842 2991283.8
755.9163236965807 2855857.2
756.1740830888281 2887431.5
756.4320815435262 3136767.8
756.6903190606754 3512518.0
756.9487956402754 3585429.0
757.2075112823263 3713280.0
757.4664659868281 3546228.0
757.7256597537807 3816687.5
757.9850925831844 3961217.0
758.2447644750388 3885951.5
758.5046754293442 4076384.5
758.7648254461004 4543555.5
759.0252145253075 4915690.5
759.2858426669656 5216112.0
759.5467098710745 5727355.5
759.8078161376343 5831782.0
760.069161466645 5531960.0
760.3307458581066 5574164.0
760.5925693120191 5786744.0
760.8546318283825 5534860.0
761.1169334071967 6150829.0
761.3794740484618 6196505.5
761.6422537521778 5479935.0
761.9052725183449 5483075.5
762.1685303469626 5128748.5
762.4320272380314 5138601.0
762.6957631915509 5047562.0
762.9597382075215 4934078.0
763.2239522859428 5019538.0
763.4884054268151 4779575.5
763.7530976301382 4135159.0
764.0180288959123 4252442.0
764.2831992241372 4419922.0
764.5486086148131 4429639.0
764.8142570679397 4673578.0
765.0801445835173 5185777.5
765.3462711615459 5404152.5
765.6126368020252 6047462.0
765.8792415049556 6884754.0
766.1460852703367 7626565.5
766.4131680981689 7945504.5
766.6804899884517 8589964.0
766.9480509411856 8559349.0
767.2158509563703 8928460.0
767.483890034006 8618323.0
767.7521681740925 7275475.5
768.0206853766299 5814215.5
768.2894416416182 5409129.5
768.5584369690574 5488817.5
768.8276713589474 5255720.0
769.0971448112883 5186724.0
769.3668573260802 5470585.5
769.636808903323 6054484.5
769.9069995430166 6402165.5
770.1774292451611 6798012.0
770.4480980097566 7226911.0
770.7190058368028 7903031.0
770.9901527263 8564149.0
771.2615386782481 9406967.0
771.5331636926471 10343829.0
771.805027769497 10981091.0
772.0771309087978 12007110.0
772.3494731105494 14114386.0
772.622054374752 16000369.0
772.8948747014053 18796178.0
773.1679340905096 22813952.0
773.4412325420649 26838268.0
773.714770056071 28847180.0
773.9885466325279 31205704.0
774.2625622714359 32327080.0
774.5368169727947 30323488.0
774.8113107366042 27096418.0
775.0860435628648 23881248.0
775.3610154515762 18549648.0
775.6362264027387 13219200.0
775.9116764163518 9223709.0
776.1873654924159 7460678.0
776.4632936309309 7988330.5
776.7394608318967 7553199.0
777.0158670953135 7376905.5
777.2925124211812 8339173.0
777.5693968094998 8145143.0
777.8465202602692 7514569.5
778.1238827734896 7583796.0
778.4014843491608 7938600.0
778.6793249872829 8912405.0
778.957404687856 10306616.0
779.23572345088 12372080.0
779.5142812763546 14663582.0
779.7930781642804 16190454.0
780.0721141146569 17781492.0
780.3513891274845 20555192.0
780.6309032027627 22385322.0
780.9106563404919 23434282.0
781.1906485406721 24356362.0
781.4708798033031 25052340.0
781.7513501283851 22513264.0
782.0320595159178 20556118.0
782.3130079659015 20376594.0
782.5941954783361 21102152.0
782.8756220532216 20225156.0
783.157287690558 19997808.0
783.4391923903453 19538682.0
783.7213361525834 18610920.0
784.0037189772725 17255696.0
784.2863408644123 15858249.0
784.5692018140032 14379620.0
784.8523018260448 14594771.0
785.1356409005374 15622532.0
785.419219037481 16736351.0
785.7030362368753 17833268.0
785.9870924987206 17847968.0
786.2713878230167 17361862.0
786.5559222097638 16779982.0
786.8406956589616 17033634.0
787.1257081706106 15910672.0
787.4109597447102 15496678.0
787.6964503812609 16010678.0
787.9821800802623 16269890.0
788.2681488417147 16617872.0
788.554356665618 16176831.0
788.8408035519722 16184021.0
789.1274895007773 17289734.0
789.4144145120331 18483798.0
789.70157858574 18733168.0
789.9889817218977 19208204.0
790.2766239205064 19702570.0
790.5645051815659 20477410.0
790.8526255050763 21860776.0
791.1409848910375 23905664.0
791.4295833394498 26955288.0
791.7184208503128 28655298.0
792.0074974236268 30649524.0
792.2968130593916 35079144.0
792.5863677576074 38223904.0
792.876161518274 40907136.0
793.1661943413915 42225076.0
793.45646622696 42852440.0
793.7469771749792 42247024.0
794.0377271854495 40549156.0
794.3287162583705 40585956.0
794.6199443937426 39525628.0
794.9114115915653 38674170.0
795.2031178518391 39122924.0
795.4950631745637 40433336.0
795.7872475597393 40082980.0
796.0796710073657 41796400.0
796.372333517443 43501036.0
796.6652350899712 43906804.0
796.9583757249504 45431530.0
797.2517554223803 47282524.0
797.5453741822612 49969460.0
797.839232004593 53079676.0
798.1333288893755 56110776.0
798.4276648366092 60659620.0
798.7222398462935 65756050.0
799.0170539184289 70561670.0
799.3121070530151 73755940.0
799.6073992500523 76937110.0
799.9029305095402 79860680.0
800.1987008314792 81268050.0
800.4947102158688 82503576.0
800.7909586627096 81817500.0
801.0874461720011 81275550.0
801.3841727437435 80457064.0
801.6811383779369 82502230.0
801.9783430745811 81510070.0
802.2757868336762 80632530.0
802.5734696552222 78956530.0
802.8713915392192 74484940.0
803.1695524856669 69206160.0
803.4679524945657 64711440.0
803.7665915659152 62518820.0
804.0654696997157 60330180.0
804.364586895967 61325656.0
804.6639431546693 62134510.0
804.9635384758224 62750304.0
805.2633728594265 65941130.0
805.5634463054813 68092010.0
805.863758813987 69476800.0
806.1643103849437 70572420.0
806.4651010183513 70971940.0
806.7661307142098 74422230.0
807.0673994725191 74989910.0
807.3689072932794 72782744.0
807.6706541764905 73877200.0
807.9726401221526 75875090.0
808.2748651302655 78549130.0
808.5773292008294 84000790.0
808.880032333844 92678630.0
809.1829745293097 104196230.0
809.4861557872262 119310350.0
809.7895761075936 139807260.0
810.0932354904118 160072290.0
810.3971339356808 180815820.0
810.701271443401 201673980.0
811.0056480135719 222510020.0
811.3102636461938 245811800.0
811.6151183412665 265759300.0
811.9202120987901 273238750.0
812.2255449187645 271052380.0
812.5311168011899 259241200.0
812.8369277460662 240833680.0
813.1429777533934 218029220.0
813.4492668231715 193941980.0
813.7557949554005 171724130.0
814.0625621500802 157856340.0
814.3695684072109 147920900.0
814.6768137267925 138434190.0
814.984298108825 129360940.0
815.2920215533085 120143580.0
815.5999840602427 114046630.0
815.908185629628 107374540.0
816.216626261464 99795230.0
816.5253059557509 92164490.0
816.8342247124888 83176140.0
817.1433825316776 76097490.0
817.4527794133171 70073170.0
817.7624153574077 64403530.0
818.072290363949 57412156.0
818.3824044329415 52004484.0
818.6927575643846 48625796.0
819.0033497582787 48993524.0
819.3141810146236 51507276.0
819.6252513334194 56734780.0
819.9365607146663 61478056.0
820.2481091583638 65211870.0
820.5598966645124 72715270.0
820.8719232331118 80341780.0
821.1841888641621 89813310.0
821.4966935576633 102282450.0
821.8094373136155 115672420.0
822.1224201320184 133571490.0
822.4356420128723 155107300.0
822.749102956177 173877470.0
823.0628029619327 200033540.0
823.3767420301392 229946060.0
823.6909201607966 257047220.0
824.005337353905 286844100.0
824.3199936094642 312222270.0
824.6348889274743 334043300.0
824.9500233079352 346556930.0
825.2653967508472 341395360.0
825.5810092562099 322799140.0
825.8968608240236 295700130.0
826.2129514542881 255634180.0
826.5292811470036 204111180.0
826.8458499021699 149412350.0
827.1626577197871 107025520.0
827.4797045998553 77800150.0
827.7969905423743 59026650.0
828.1145155473441 48456436.0
828.4322796147649 40278476.0
828.7502827446367 34907364.0
829.0685249369592 29996572.0
829.3870061917327 25530050.0
829.705726508957 22772442.0
830.0246858886322 20199960.0
830.3438843307583 17970708.0
830.6633218353354 15547964.0
830.9829984023633 14177241.0
831.3029140318422 12699045.0
831.6230687237718 11854804.0
831.9434624781525 11333996.0
832.2640952949838 11900281.0
832.5849671742662 12291876.0
832.9060781159994 11694056.0
833.2274281201835 11307426.0
833.5490171868187 11334476.0
833.8708453159045 11772756.0
834.1929125074414 12088775.0
834.515218761429 11332301.0
834.8377640778676 12143886.0
835.160548456757 12876186.0
835.4835718980975 13660136.0
835.8068344018886 15657921.0
836.1303359681309 16803604.0
836.4540765968239 17818396.0
836.778056287968 19130492.0
837.1022750415626 20567496.0
837.4267328576084 21156058.0
837.7514297361049 21803270.0
838.0763656770524 22981336.0
838.4015406804508 24035068.0
838.7269547463001 24363190.0
839.0526078746003 24864298.0
839.3785000653513 25575592.0
839.7046313185533 26554630.0
840.0310016342061 28210432.0
840.3576110123099 27900310.0
840.6844594528644 27255658.0
841.01154695587 26647764.0
841.3388735213264 26085016.0
841.6664391492336 26121352.0
841.9942438395917 26279692.0
842.3222875924008 26928432.0
842.6505704076608 28168030.0
842.9790922853716 28522924.0
843.3078532255333 28615624.0
843.636853228146 29378280.0
843.9660922932096 28265358.0
844.2955704207238 26969836.0
844.6252876106893 26241430.0
844.9552438631054 25446070.0
845.2854391779725 25612562.0
845.6158735552905 26391084.0
845.9465469950594 27108072.0
846.2774594972791 26486124.0
846.6086110619498 27330722.0
846.9400016890712 29400682.0
847.2716313786436 33699656.0
847.603500130667 36770410.0
847.9356079451411 40847024.0
848.2679548220663 46291180.0
848.6005407614422 50922124.0
848.9333657632692 54898210.0
849.2664298275467 60919320.0
849.5997329542755 67701780.0
849.933275143455 73789050.0
850.2670563950855 76218210.0
850.6010767091668 75102824.0
850.935336085699 74817650.0
851.2698345246821 73662590.0
851.6045720261161 71275850.0
851.939548590001 68547270.0
852.2747642163367 66210976.0
852.6102189051235 64271270.0
852.9459126563609 61372216.0
853.2818454700493 54694890.0
853.6180173461887 49147870.0
853.9544282847789 44845390.0
854.29107828582 41081084.0
854.627967349312 37989350.0
854.9650954752549 36320600.0
855.3024626636488 36642556.0
855.6400689144934 37439584.0
855.9779142277889 37637536.0
856.3159986035355 40213916.0
856.6543220417327 44202424.0
856.992884542381 46679436.0
857.33168610548 49593364.0
857.6707267310301 52295210.0
858.010006419031 54796780.0
858.3495251694828 57531364.0
858.6892829823855 60898104.0
859.0292798577391 65640216.0
859.3695157955435 68749070.0
859.709990795799 71507170.0
860.0507048585051 77875730.0
860.3916579836623 84307980.0
860.7328501712702 86832130.0
861.0742814213293 88384230.0
861.415951733839 90636510.0
861.7578611087997 93565030.0
862.1000095462114 95918990.0
862.4423970460737 96197130.0
862.7850236083872 95944660.0
863.1278892331513 95029290.0
863.4709939203666 90683680.0
863.8143376700325 82090100.0
864.1579204821496 72170930.0
864.5017423567174 61584184.0
864.845803293736 50103276.0
865.1901032932057 43198110.0
865.5346423551262 37709790.0
865.8794204794975 32266056.0
866.2244376663198 29480656.0
866.569693915593 29692644.0
866.9151892273169 32280400.0
867.2609236014919 35179496.0
867.6068970381177 38623640.0
867.9531095371945 40555610.0
868.299561098722 43461364.0
868.6462517227006 48172980.0
868.9931814091299 51567130.0
869.3403501580103 56680536.0
869.6877579693414 63331640.0
870.0354048431236 70849140.0
870.3832907793565 76108220.0
870.7314157780402 81420320.0
871.079779839175 84598930.0
871.4283829627606 86706420.0
871.7772251487971 90269010.0
872.1263063972845 95785860.0
872.4756267082229 100156450.0
872.825186081612 102136420.0
873.1749845174521 104375670.0
873.525022015743 100759770.0
873.875298576485 92586560.0
874.2258141996776 81081030.0
874.5765688853213 70959390.0
874.9275626334158 60512750.0
875.2787954439613 54374950.0
875.6302673169575 54840820.0
875.9819782524048 56080316.0
876.3339282503027 55541216.0
876.6861173106518 54693556.0
877.0385454334516 54860350.0
877.3912126187024 54019570.0
877.744118866404 50364420.0
878.0972641765566 45645616.0
878.45064854916 42904430.0
878.8042719842143 40296176.0
879.1581344817196 36334576.0
879.5122360416756 31027050.0
879.8665766640827 24789076.0
880.2211563489404 21542804.0
880.5759750962493 20797602.0
880.9310329060089 20405502.0
881.2863297782194 19166246.0
881.6418657128809 19296376.0
881.9976407099932 20112112.0
882.3536547695564 20567702.0
882.7099078915705 20515420.0
883.0664000760355 20861016.0
883.4231313229513 22265336.0
883.7801016323183 22886042.0
884.1373110041359 22368962.0
884.4947594384045 22450498.0
884.8524469351239 21829048.0
885.2103734942943 20835532.0
885.5685391159154 21335270.0
885.9269437999875 20955664.0
886.2855875465107 19711556.0
886.6444703554844 20158806.0
887.0035922269093 20542428.0
887.3629531607849 21819188.0
887.7225531571116 21492404.0
888.082392215889 20863532.0
888.4424703371174 20956554.0
888.8027875207965 21771884.0
889.1633437669268 24303712.0
889.5241390755077 26521972.0
889.8851734465397 27514548.0
890.2464468800224 28403090.0
890.6079593759562 30031524.0
890.9697109343408 31397590.0
891.3317015551763 34766370.0
891.6939312384626 37540188.0
892.0563999841997 41283950.0
892.419107792388 46057550.0
892.7820546630269 51370270.0
893.145240596117 55819140.0
893.5086655916577 59983440.0
893.8723296496495 61310120.0
894.2362327700921 63418084.0
894.6003749529856 63944504.0
894.96475619833 66185880.0
895.3293765061252 70207220.0
895.6942358763713 75943860.0
896.0593343090684 81999550.0
896.4246718042164 85268440.0
896.7902483618151 85544500.0
897.1560639818649 87599840.0
897.5221186643654 87798120.0
897.888412409317 81888710.0
898.2549452167193 72157330.0
898.6217170865726 59032850.0
898.9887280188768 45399864.0
899.3559780136319 36019384.0
899.7234670708378 28447664.0
900.0911951904947 22411956.0
900.4591623726023 19121572.0
900.827368617161 17534364.0
901.1958139241705 16728225.0
901.5644982936308 15305381.0
901.9334217255422 15489102.0
902.3025842199042 15682832.0
902.6719857767174 15721966.0
903.0416263959813 15994621.0
903.4115060776962 15941291.0
903.7816248218619 17056868.0
904.1519826284787 17193232.0
904.5225794975461 17139808.0
904.8934154290646 17417398.0
905.2644904230337 17541886.0
905.635804479454 16897890.0
906.0073575983251 17327202.0
906.3791497796472 16316539.0
906.7511810234199 14557805.0
907.1234513296438 14238708.0
907.4959606983184 15038421.0
907.8687091294438 14924671.0
908.2416966230203 14538100.0
908.6149231790475 13844344.0
908.9883887975259 13459720.0
909.3620934784549 12846442.0
909.736037221835 12286002.0
910.1102200276657 12440148.0
910.4846418959476 12139270.0
910.8593028266802 12658631.0
911.2342028198638 12750425.0
911.6093418754981 12270694.0
911.9847199935836 12051212.0
912.3603371741196 12291898.0
912.7361934171067 12712754.0
913.1122887225448 12694386.0
913.4886230904336 13956961.0
913.8651965207735 16369411.0
914.242009013564 16765599.0
914.6190605688057 17344578.0
914.996351186498 18356152.0
915.3738808666415 18514728.0
915.7516496092356 19478782.0
916.1296574142808 20002942.0
916.5079042817767 20133664.0
916.8863902117237 20023428.0
917.2651152041215 20635434.0
917.6440792589702 22016542.0
918.0232823762697 22233042.0
918.4027245560201 20989718.0
918.7824057982216 19540772.0
919.1623261028737 18316306.0
919.542485469977 17685948.0
919.9228838995309 17287288.0
920.3035213915359 16488541.0
920.6843979459916 17141406.0
921.0655135628983 17534176.0
921.446868242256 18933092.0
921.8284619840645 19398108.0
922.2102947883237 20082252.0
922.5923666550341 21563560.0
922.9746775841952 22488670.0
923.3572275758072 21581022.0
923.7400166298701 22817064.0
924.1230447463838 24224676.0
924.5063119253487 25411516.0
924.8898181667641 25526952.0
925.2735634706307 26687444.0
925.657547836948 26470824.0
926.0417712657163 25825256.0
926.4262337569354 24364076.0
926.8109353106056 23023948.0
927.1958759267263 22766044.0
927.5810556052983 21736916.0
927.966474346321 19621498.0
928.3521321497947 18608390.0
928.7380290157191 20440400.0
929.1241649440944 20597118.0
929.5105399349206 19731302.0
929.8971539881978 19390836.0
930.2840071039259 18307144.0
930.6710992821048 17427898.0
931.0584305227347 17294884.0
931.4460008258154 16423242.0
931.8338101913471 15493025.0
932.2218586193296 15064472.0
932.610146109763 12827435.0
932.9986726626472 10816936.0
933.3874382779825 7997130.0
933.7764429557685 6375035.5
934.1656866960054 5449161.0
934.5551694986933 4717479.0
934.9448913638321 4058418.0
935.3348522914216 3997609.0
935.7250522814621 4183126.2
936.1154913339535 4068325.0
936.5061694488959 3586396.2
936.8970866262891 4174252.0
937.288242866133 4074967.2
937.6796381684281 4799915.5
938.0712725331739 5073496.0
938.4631459603708 4903660.0
938.8552584500184 4691004.5
939.247610002117 5231636.5
939.6402006166663 5577719.5
940.0330302936667 6095450.5
940.4260990331178 6109799.5
940.8194068350199 6522937.5
941.212953699373 6848387.5
941.6067396261767 7076586.0
942.0007646154315 7050026.0
942.3950286671371 7077775.5
942.7895317812938 5879733.0
943.184273957901 5548275.0
943.5792551969595 5492725.0
943.9744754984687 5974044.0
944.3699348624289 5921795.0
944.7656332888398 5993962.0
945.1615707777016 5391434.5
945.5577473290144 4962448.0
945.9541629427781 5239150.0
946.3508176189927 5132047.5
946.7477113576581 4502429.5
947.1448441587745 4505184.5
947.5422160223416 5001458.0
947.9398269483597 5697727.5
948.3376769368288 5941172.0
948.7357659877487 5866349.0
949.1340941011194 6113721.0
949.5326612769411 6379092.5
949.9314675152136 6672508.0
950.3305128159373 7368060.0
950.7297971791115 8092400.0
951.1293206047367 8012918.0
951.5290830928128 8487807.0
951.9290846433399 8484984.0
952.3293252563178 7935559.0
952.7298049317465 8029577.5
953.1305236696262 7800869.5
953.5314814699568 7518770.0
953.9326783327383 7463929.0
954.3341142579707 7474654.5
954.7357892456539 7437060.5
955.137703295788 8060900.0
955.5398564083731 8217872.0
955.942248583409 7466273.0
956.3448798208958 6452105.0
956.7477501208334 6356002.0
957.1508594832221 5762150.5
957.5542079080615 5622026.0
957.9577953953519 5403355.5
958.3616219450932 5497339.5
958.7656875572852 5385367.0
959.1699922319283 5349891.0
959.5745359690222 5402017.5
959.979318768567 5646733.0
960.3843406305627 5603217.0
960.7896015550094 5681204.5
961.1951015419069 6120281.0
961.6008405912553 6483372.5
962.0068187030545 5976234.0
962.4130358773048 6566954.5
962.8194921140057 7014954.0
963.2261874131577 7146257.0
963.6331217747605 7691462.0
964.0402951988142 7734030.5
964.4477076853188 7698710.5
964.8553592342744 8094575.5
965.2632498456808 8242868.0
965.671379519538 8021279.0
966.0797482558462 7881637.0
966.4883560546052 8355357.0
966.8972029158153 7881799.0
967.3062888394761 7535689.5
967.7156138255879 6713405.0
968.1251778741505 6893622.0
968.534980985164 5780500.5
968.9450231586284 4852639.0
969.3553043945437 4151803.0
969.7658246929099 4641305.0
970.1765840537269 4915517.0
970.5875824769948 3945303.5
970.9988199627137 3686012.8
971.4102965108834 3695082.2
971.822012121504 4214801.5
972.2339667945757 4854692.0
972.6461605300981 4467143.0
973.0585933280714 4363946.5
973.4712651884955 4844954.0
973.8841761113707 5513979.0
974.2973260966967 6534033.0
974.7107151444736 6735514.5
975.1243432547012 7036340.0
975.5382104273799 7719817.0
975.9523166625095 8324197.5
976.3666619600898 8411412.0
976.7812463201212 8154960.5
977.1960697426034 8309681.0
977.6111322275365 9082584.0
978.0264337749204 9570666.0
978.4419743847554 10920121.0
978.8577540570411 11460582.0
979.2737727917779 10734492.0
979.6900305889653 9827506.0
980.1065274486039 9450237.0
980.523263370693 7505469.0
980.9402383552333 7089136.0
981.3574524022245 7484460.5
981.7749055116664 7825689.5
982.1925976835594 8712177.0
982.6105289179031 9511067.0
983.0286992146978 10755419.0
983.4471085739433 11468220.0
983.8657569956398 11628876.0
984.2846444797872 11655909.0
984.7037710263854 12909071.0
985.1231366354345 13890161.0
985.5427413069345 14508822.0
985.9625850408854 14504471.0
986.3826678372873 14764471.0
986.8029896961399 14310780.0
987.2235506174435 13820195.0
987.6443506011979 14004052.0
988.0653896474032 13676919.0
988.4866677560595 12525779.0
988.9081849271665 11851020.0
989.3299411607247 11998059.0
989.7519364567336 12452154.0
990.1741708151934 12343725.0
990.5966442361041 11429716.0
991.0193567194657 10934312.0
991.4423082652781 11470596.0
991.8654988735416 10012016.0
992.2889285442558 8808808.0
992.712597277421 8067692.0
993.1365050730369 8044818.0
993.5606519311038 8144783.0
993.9850378516217 8259874.5
994.4096628345903 8459746.0
994.83452688001 8529651.0
995.2596299878804 9036368.0
995.6849721582018 10809755.0
996.110553390974 11905971.0
996.5363736861973 11548181.0
996.9624330438713 11496050.0
997.3887314639962 11769030.0
997.8152689465721 12308208.0
998.2420454915989 12519552.0
998.6690610990764 12561351.0
999.0963157690048 11711931.0
999.5238095013843 10859744.0
999.9515422962145 10394638.0
1000.3795141534958 9508139.0
1000.8077250732279 8425888.0
1001.2361750554107 8032170.5
1001.6648641000446 7541835.0
1002.0937922071294 7918909.0
1002.522959376665 7672036.0
1002.9523656086515 5870280.0
1003.3820109030889 4893940.5
1003.8118952599773 5769922.0
1004.2420186793163 6135769.0
1004.6723811611065 6741706.0
1005.1029827053474 7050631.0
1005.5338233120393 8250025.5
1005.9649029811819 9877901.0
1006.3962217127755 11091148.0
1006.8277795068202 12448638.0
1007.2595763633155 13285309.0
1007.6916122822619 15187961.0
1008.1238872636591 17763532.0
1008.5564013075071 18096402.0
1008.9891544138061 19003736.0
1009.422146582556 20682006.0
1009.8553778137567 22420120.0
1010.2888481074084 23533544.0
1010.7225574635108 24878632.0
1011.1565058820644 26408616.0
1011.5906933630686 27087836.0
1012.0251199065237 25009824.0
1012.45978551243 22534684.0
1012.8946901807869 18670132.0
1013.3298339115948 14784056.0
1013.7652167048535 12660585.0
1014.2008385605632 10042688.0
1014.6366994787238 7879501.0
1015.0727994593352 6534408.0
1015.5091385023975 6794715.0
1015.9457166079108 6614919.0
1016.3825337758749 7095653.0
1016.8195900062899 7388438.0
1017.2568852991558 7895237.0
1017.6944196544725 9043884.0
1018.1321930722402 10834136.0
1018.5702055524587 11977232.0
1019.0084570951283 13047710.0
1019.4469477002485 13376782.0
1019.8856773678198 13660239.0
1020.3246460978419 14400899.0
1020.763853890315 15942832.0
1021.2033007452387 16972452.0
1021.6429866626136 17767976.0
1022.0829116424393 19921932.0
1022.5230756847159 20978496.0
1022.9634787894433 19255618.0
1023.4041209566217 18067804.0
1023.8450021862509 17365238.0
1024.286122478331 15861196.0
1024.727481832862 12874142.0
1025.1690802498438 8060077.5
1025.6109177292767 5862586.0
1026.0529942711605 4485021.5
1026.495309875495 3693616.2
1026.9378645422805 3044427.0
1027.380658271517 2919102.8
1027.823691063204 2776852.2
1028.2669629173424 2072255.0
1028.7104738339312 2018065.8
1029.1542238129714 2156139.8
1029.598212854462 1897499.5
1030.0424409584039 1788674.2
1030.4869081247964 1489475.6
1030.9316143536398 1505620.1
1031.376559644934 1398651.1
1031.8217439986793 1545320.8
1032.2671674148755 1439292.0
1032.7128298935227 1426518.2
1033.1587314346207 1316862.4
1033.6048720381693 1364121.9
1034.051251704169 1419212.4
1034.4978704326197 1636401.5
1034.9447282235212 1862232.5
1035.3918250768736 1771698.8
1035.8391609926769 1484114.4
1036.286735970931 1472440.0
1036.734550011636 1307500.5
1037.182603114792 1234806.8
1037.6308952803988 1550048.1
1038.0794265084567 1397490.5
1038.5281967989652 1333942.2
1038.9772061519247 1213096.9
1039.426454567335 1481059.4
1039.8759420451966 1313122.2
1040.3256685855085 1524102.6
1040.7756341882716 1906932.8
1041.2258388534856 1497832.5
1041.6762825811506 1382743.2
1042.1269653712661 1630456.2
1042.577887223833 2197383.8
1043.0290481388504 1761074.8
1043.4804481163187 1623840.8
1043.9320871562381 1831813.1
1044.3839652586082 1854265.6
1044.8360824234294 2073997.2
1045.2884386507012 2287039.0
1045.7410339404241 2406729.5
1046.193868292598 1898062.2
1046.6469417072226 1973823.5
1047.1002541842981 1912271.0
1047.5538057238246 2062832.6
1048.0075963258018 2068273.0
1048.46162599023 2123796.5
1048.915894717109 1981333.9
1049.3704025064392 1945038.2
1049.82514935822 2082193.2
1050.2801352724516 1963429.4
1050.7353602491344 2469270.8
1051.1908242882678 2450572.8
1051.6465273898525 2096296.4
1052.1024695538877 1915031.0
1052.558650780374 1730390.0
1053.015071069311 1933180.0
1053.471730420699 2334653.0
1053.928628834538 2410551.2
1054.3857663108276 2457777.0
1054.8431428495683 2197829.5
1055.30075845076 1895705.2
1055.7586131144024 2221392.2
1056.2167068404956 2477597.2
1056.67503962904 2018369.5
1057.133611480035 2048273.5
1057.592422393481 2617335.2
1058.0514723693777 2637167.0
1058.5107614077258 2662986.2
1058.9702895085243 2918559.5
1059.4300566717739 2998965.5
1059.8900628974743 3597788.0
1060.3503081856259 2994852.0
1060.8107925362278 1100156.2
1061.2715159492811 -894970.56
1061.732478424785 -2222678.2
1062.1936799627401 -3797366.0
1062.6551205631458 -5261297.5
1063.1168002260026 -6994022.0
1063.57871895131 -8609208.0
1064.0408767390686 -9879312.0
1064.503273589278 -11768466.0
1064.965909501938 -13738202.0
1065.4287844770492 -15636751.0
1065.8918985146113 -18251132.0
1066.3552516146242 -20137006.0
1066.818843777088 -21730718.0
1067.2826750020029 -23653568.0
1067.7467452893684 -25856168.0
1068.211054639185 -28274468.0
1068.6756030514523 -30100404.0
1069.1403905261704 0.0
1069.6054170633397 0.0
1070.0706826629596 0.0
1070.5361873250306 0.0
1071.0019310495525 0.0
1071.4679138365252 0.0
1071.9341356859486 0.0
