string
description: px_shifted, calibration parameter: [ 1.19531225e-04 -2.30194563e-02  6.18194146e+02]
converted file:R_100ms_Fe_S3_x_2_44_binned_y back: data/dark_100msRZP-structure:___RZP_S3100msRoi:[0, 1040, 2048, 2048]
eV counts/s
618.1712462133476 2329734.8
618.1485853507007 2101834.2
618.1261635505048 2327968.2
618.1039808127597 2326743.5
618.0820371374655 2027714.8
618.0603325246223 2493767.2
618.0388669742298 2904010.2
618.0176404862883 3492777.5
617.9966530607976 3242140.0
617.9759046977579 2765356.0
617.955395397169 2947039.0
617.9351251590311 3026970.0
617.9150939833439 2828845.2
617.8953018701078 2583874.2
617.8757488193226 2502157.8
617.8564348309881 2427893.2
617.8373599051046 2959777.0
617.8185240416719 2911461.2
617.7999272406903 2828937.5
617.7815695021593 2774391.5
617.7634508260794 2536833.2
617.7455712124504 2395972.2
617.7279306612722 2588687.8
617.7105291725449 2489756.0
617.6933667462686 2083444.8
617.676443382443 2256055.5
617.6597590810685 1992594.0
617.6433138421447 1918956.0
617.6271076656718 2588461.0
617.6111405516499 3042726.0
617.5954125000789 2924370.0
617.5799235109587 2542660.5
617.5646735842894 2243899.8
617.5496627200711 2449684.8
617.5348909183035 2620695.2
617.520358178987 2967228.0
617.5060645021213 3064595.5
617.4920098877064 3652595.5
617.4781943357425 4067862.5
617.4646178462295 3295610.5
617.4512804191673 3662246.5
617.4381820545561 4402868.5
617.4253227523957 3819196.5
617.4127025126862 3742820.2
617.4003213354276 3878087.0
617.3881792206199 3625478.0
617.3762761682632 3288107.8
617.3646121783572 2818551.0
617.3531872509022 2531539.2
617.342001385898 2116044.5
617.3310545833449 2369940.5
617.3203468432424 2034168.0
617.309878165591 1957426.0
617.2996485503904 2100437.2
617.2896579976408 2421674.0
617.2799065073419 2503285.8
617.270394079494 2494233.8
617.261120714097 2905465.5
617.2520864111508 3251898.8
617.2432911706557 3421096.5
617.2347349926113 3415783.0
617.2264178770179 3779042.0
617.2183398238752 3512083.0
617.2105008331837 3704176.0
617.2029009049428 3529984.8
617.195540039153 3265428.8
617.188418235814 3481728.0
617.1815354949258 3645302.0
617.1748918164886 3571902.2
617.1684872005023 3237877.8
617.1623216469668 2970457.0
617.1563951558823 3248191.2
617.1507077272486 3930487.5
617.1452593610658 3845260.5
617.140050057334 3814581.5
617.1350798160529 4427195.0
617.1303486372229 4522294.0
617.1258565208436 5172671.5
617.1216034669154 5274601.0
617.1175894754379 5900204.0
617.1138145464114 5911571.0
617.1102786798357 5087754.5
617.106981875711 5346693.0
617.1039241340371 5395216.0
617.1011054548142 4223477.0
617.0985258380421 4136606.5
617.0961852837207 4073576.2
617.0940837918505 3616559.5
617.092221362431 3905344.5
617.0905979954625 4608871.0
617.0892136909449 5279405.0
617.0880684488782 5065605.5
617.0871622692623 5024801.5
617.0864951520974 5878877.0
617.0860670973833 7658768.0
617.0858781051202 9189724.0
617.0859281753078 9523298.0
617.0862173079464 9335539.0
617.0867455030359 9014919.0
617.0875127605763 7134889.5
617.0885190805675 4518189.5
617.0897644630096 2829736.2
617.0912489079027 2078783.8
617.0929724152465 2087315.5
617.0949349850415 1934998.9
617.0971366172871 1648157.2
617.0995773119838 1992899.4
617.1022570691313 1939051.9
617.1051758887297 2224242.2
617.1083337707789 2076497.2
617.1117307152791 2208368.2
617.1153667222302 2343067.0
617.1192417916321 2402318.2
617.123355923485 2330785.8
617.1277091177888 3042942.0
617.1323013745433 3540702.8
617.1371326937488 4109237.5
617.1422030754052 4920507.0
617.1475125195125 5577315.0
617.1530610260706 5846577.5
617.1588485950797 6449590.5
617.1648752265397 8009084.0
617.1711409204505 8461669.0
617.1776456768123 8059269.5
617.1843894956249 8230031.0
617.1913723768885 7646021.0
617.1985943206029 7080984.0
617.2060553267681 7194170.0
617.2137553953843 7587119.5
617.2216945264513 7718067.0
617.2298727199694 7826204.5
617.2382899759382 6751709.5
617.246946294358 5052302.0
617.2558416752286 3188040.0
617.2649761185502 2081331.4
617.2743496243226 1630648.5
617.2839621925459 1132696.8
617.29381382322 1066401.2
617.3039045163453 1431923.8
617.3142342719211 1666571.9
617.3248030899481 1569816.8
617.3356109704258 1342932.4
617.3466579133545 1400399.0
617.357943918734 1299231.2
617.3694689865644 1551987.6
617.3812331168458 1422542.0
617.3932363095779 1122292.5
617.4054785647611 1118851.8
617.417959882395 1196952.2
617.43068026248 878636.94
617.4436397050157 981906.8
617.4568382100024 1099648.6
617.47027577744 1101472.6
617.4839524073284 1702375.1
617.4978680996677 2687219.5
617.512022854458 4079877.2
617.526416671699 5517173.0
617.5410495513911 6870096.0
617.555921493534 7807759.0
617.5710324981277 9126979.0
617.5863825651725 8685496.0
617.601971694668 7692044.5
617.6177998866144 5845297.5
617.6338671410118 4096821.2
617.6501734578601 3652762.0
617.6667188371591 3650964.0
617.6835032789093 3990186.0
617.70052678311 3370676.5
617.7177893497619 3336324.0
617.7352909788646 4408443.0
617.7530316704182 5946823.0
617.7710114244226 5887957.5
617.7892302408779 5054575.5
617.8076881197842 4978694.5
617.8263850611413 4818156.0
617.8453210649494 5822324.5
617.8644961312083 6968347.0
617.8839102599181 9431483.0
617.9035634510788 10940129.0
617.9234557046905 13679900.0
617.9435870207528 14977782.0
617.9639573992663 15822192.0
617.9845668402305 16745845.0
618.0054153436457 14982148.0
618.0265029095117 12962835.0
618.0478295378288 9222621.0
618.0693952285965 6317987.0
618.0911999818152 4797817.0
618.1132437974848 3804287.0
618.1355266756052 3102616.0
618.1580486161766 2352903.0
618.180809619199 1635866.5
618.2038096846721 1595685.6
618.2270488125961 1784964.8
618.2505270029711 1662083.0
618.2742442557969 1659581.8
618.2982005710737 1536862.8
618.3223959488013 1639373.6
618.3468303889798 1922772.2
618.3715038916091 1986584.0
618.3964164566895 1533404.8
618.4215680842207 1234258.0
618.4469587742026 1256004.8
618.4725885266356 1263227.6
618.4984573415195 993879.75
618.5245652188543 1527627.2
618.5509121586398 1510084.9
618.5774981608764 1791262.0
618.6043232255638 2021121.2
618.6313873527021 2118323.5
618.6586905422912 2100259.8
618.6862327943314 2012785.0
618.7140141088223 2486500.2
618.7420344857642 3335788.5
618.7702939251569 4889534.5
618.7987924270005 6492827.5
618.827529991295 8015194.5
618.8565066180404 10119763.0
618.8857223072368 11421228.0
618.915177058884 11781295.0
618.944870872982 11531056.0
618.974803749531 9612868.0
619.004975688531 7943852.5
619.0353866899817 6412798.0
619.0660367538834 4671294.5
619.0969258802359 2931912.8
619.1280540690393 1958613.1
619.1594213202936 2361466.8
619.1910276339989 2226913.0
619.2228730101549 2059982.5
619.2549574487618 1819029.2
619.2872809498198 1407369.8
619.3198435133286 1323318.2
619.3526451392883 1350453.1
619.3856858276988 1286270.0
619.4189655785602 1469728.5
619.4524843918725 1191900.8
619.4862422676358 1474270.0
619.5202392058499 1327169.4
619.5544752065149 1172338.9
619.5889502696308 1275117.1
619.6236643951976 1522956.0
619.6586175832152 1564558.5
619.6938098336839 1809583.1
619.7292411466033 2284880.2
619.7649115219735 2626654.5
619.8008209597948 3128483.5
619.8369694600669 4380368.5
619.8733570227901 5892546.0
619.9099836479638 6723456.0
619.9468493355887 7610572.5
619.9839540856643 8390144.0
620.0212978981909 9064936.0
620.0588807731684 8986790.0
620.0967027105968 7810685.0
620.134763710476 5232129.0
620.1730637728062 3147952.0
620.2116028975872 2325740.0
620.2503810848191 2144982.0
620.2893983345019 1917980.0
620.3286546466355 1616271.2
620.3681500212202 1743352.2
620.4078844582556 1745835.0
620.447857957742 1472923.8
620.4880705196792 1388948.5
620.5285221440674 1155256.6
620.5692128309064 1287571.2
620.6101425801965 1358501.1
620.6513113919372 1067226.5
620.692719266129 937760.0
620.7343662027715 1008689.1
620.7762522018651 1289558.4
620.8183772634094 1097617.5
620.8607413874046 820767.4
620.9033445738509 836704.3
620.9461868227478 1233584.2
620.9892681340958 1187456.4
621.0325885078946 1246216.2
621.0761479441444 1239163.2
621.1199464428449 1386928.5
621.1639840039965 1518879.8
621.2082606275989 1769205.2
621.2527763136521 1577351.1
621.2975310621563 1392727.8
621.3425248731114 1354678.2
621.3877577465173 1232333.1
621.4332296823742 1069916.4
621.478940680682 1227255.1
621.5248907414405 1194420.1
621.5710798646501 1189955.5
621.6175080503104 1122338.6
621.6641752984218 1464787.4
621.7110816089839 1389779.8
621.758226981997 1111576.9
621.8056114174609 1365774.2
621.8532349153759 1609129.4
621.9010974757415 1603616.9
621.9491990985582 1703909.9
621.9975397838257 1741504.5
622.0461195315442 1598330.1
622.0949383417135 1460055.8
622.1439962143336 1555238.6
622.1932931494047 1972227.5
622.2428291469266 2090717.8
622.2926042068996 2053292.0
622.3426183293233 1999580.5
622.392871514198 1856572.8
622.4433637615234 1736930.1
622.4940950713 1350484.4
622.5450654435272 1624251.9
622.5962748782055 1685605.0
622.6477233753345 1589474.8
622.6994109349146 1480421.8
622.7513375569454 1699612.2
622.8035032414273 2140170.5
622.8559079883598 2233837.5
622.9085517977434 2613468.0
622.9614346695778 2593352.8
623.0145566038631 3288451.5
623.0679176005993 3208776.0
623.1215176597865 3469582.5
623.1753567814245 3362281.0
623.2294349655133 3373551.5
623.2837522120532 3140033.5
623.3383085210438 3177597.2
623.3931038924854 3408069.0
623.4481383263778 3336319.5
623.5034118227212 3798203.5
623.5589243815153 4670751.0
623.6146760027606 6191709.5
623.6706666864566 7366547.5
623.7268964326033 8092244.0
623.7833652412012 9222908.0
623.8400731122499 8628661.0
623.8970200457495 7252467.0
623.9542060416999 5753707.5
624.0116311001013 4302950.0
624.0692952209534 3074229.8
624.1271984042567 1828722.6
624.1853406500106 2031612.6
624.2437219582156 2066526.5
624.3023423288714 2025712.0
624.3612017619781 1908098.2
624.4203002575357 2038005.5
624.4796378155443 2075674.5
624.5392144360035 1817369.8
624.5990301189137 1600268.8
624.659084864275 1227492.4
624.7193786720869 1159691.8
624.7799115423499 1020361.4
624.8406834750637 1049353.4
624.9016944702284 1360970.1
624.962944527844 1822495.5
625.0244336479105 1548379.0
625.0861618304278 1619195.5
625.1481290753961 1599712.6
625.2103353828153 1944411.1
625.2727807526853 1822048.5
625.3354651850062 1527872.0
625.398388679778 1995266.5
625.4615512370008 2237933.5
625.5249528566744 2508294.8
625.5885935387989 3396106.2
625.6524732833743 3661249.5
625.7165920904006 3367240.5
625.7809499598777 3695412.8
625.8455468918058 4435345.0
625.9103828861847 4585749.0
625.9754579430146 4370242.0
626.0407720622953 4550544.5
626.106325244027 3657202.5
626.1721174882094 2545060.5
626.2381487948429 2195997.2
626.3044191639272 2178097.8
626.3709285954623 2050303.8
626.4376770894484 2059227.4
626.5046646458853 2125504.0
626.5718912647732 2084981.9
626.6393569461119 2104783.0
626.7070616899016 1661718.0
626.7750054961421 1445021.8
626.8431883648335 1390928.5
626.9116102959758 1474604.8
626.980271289569 1541715.8
627.0491713456131 1388745.5
627.1183104641082 1654539.4
627.1876886450539 1476893.6
627.2573058884507 1387519.8
627.3271621942984 1799099.2
627.3972575625968 1868835.2
627.4675919933463 1789520.1
627.5381654865465 2152968.2
627.6089780421978 2003843.1
627.6800296602999 2389055.0
627.7513203408529 2824750.0
627.8228500838567 3165902.5
627.8946188893116 3161322.0
627.9666267572171 3420337.0
628.0388736875738 3047261.2
628.1113596803812 2847901.5
628.1840847356395 2498316.8
628.2570488533487 2191219.0
628.3302520335087 1914797.2
628.4036942761198 2104448.2
628.4773755811816 2681002.8
628.5512959486945 2816014.8
628.6254553786581 2883135.5
628.6998538710727 3471564.0
628.7744914259381 3667432.5
628.8493680432545 3941162.5
628.9244837230217 3570887.5
628.9998384652398 3260283.8
629.0754322699088 3499064.5
629.1512651370288 3264673.8
629.2273370665995 2991161.2
629.3036480586212 3401133.0
629.3801981130938 4194226.5
629.4569872300171 4794948.0
629.5340154093916 4451728.0
629.6112826512167 3868381.5
629.6887889554929 3190578.8
629.7665343222199 2592996.2
629.8445187513979 1889046.5
629.9227422430266 1627279.0
630.0012047971064 1691233.0
630.0799064136369 2179709.0
630.1588470926184 2267603.8
630.2380268340507 2370217.2
630.317445637934 2099220.8
630.3971035042681 2090931.8
630.4770004330533 2453689.8
630.5571364242891 2737028.5
630.6375114779759 2580678.5
630.7181255941136 2303614.8
630.7989787727022 2322606.0
630.8800710137417 2469468.0
630.961402317232 2397450.8
631.0429726831734 2181515.5
631.1247821115654 2412225.2
631.2068306024086 2334402.0
631.2891181557025 2290765.2
631.3716447714473 1832910.1
631.454410449643 1704395.1
631.5374151902896 1496046.5
631.6206589933871 1497520.5
631.7041418589355 1287038.0
631.7878637869347 1429566.5
631.8718247773849 1817498.6
631.956024830286 2121190.5
632.0404639456378 2509810.2
632.1251421234408 3080099.5
632.2100593636944 2529929.0
632.2952156663991 2197967.0
632.3806110315546 2548714.5
632.4662454591611 2096075.1
632.5521189492183 1778076.2
632.6382315017265 1587402.0
632.7245831166855 1538742.4
632.8111737940956 1651002.2
632.8980035339563 1868426.5
632.985072336268 2156569.8
633.0723802010307 2379299.2
633.1599271282441 2176228.5
633.2477131179087 2306566.0
633.3357381700239 3102310.5
633.4240022845902 2946969.5
633.5125054616071 3281023.8
633.6012477010752 3170287.8
633.690229002994 2777767.5
633.7794493673638 2627318.8
633.8689087941844 2496832.5
633.958607283456 2530659.8
634.0485448351784 2417530.8
634.1387214493517 2102305.8
634.2291371259759 1893865.6
634.3197918650509 1801207.8
634.4106856665769 1915433.6
634.5018185305538 1930308.8
634.5931904569816 2000783.6
634.6848014458602 1883021.0
634.7766514971898 1875699.4
634.8687406109701 1503341.9
634.9610687872016 1447351.8
635.0536360258837 1417873.8
635.1464423270169 1303522.1
635.2394876906009 1550516.1
635.3327721166357 1301911.0
635.4262956051215 1121628.6
635.5200581560582 838313.4
635.6140597694457 821705.0
635.7083004452841 913969.94
635.8027801835735 1202863.2
635.8974989843136 817968.44
635.9924568475049 1009732.56
636.0876537731468 1170572.9
636.1830897612398 1373156.5
636.2787648117835 1350905.2
636.3746789247782 1541877.6
636.4708321002237 1941545.8
636.5672243381202 1947140.6
636.6638556384676 1621233.5
636.7607260012659 1704905.1
636.857835426515 2161246.5
636.9551839142149 2385411.5
637.0527714643658 2132944.5
637.1505980769675 1907256.4
637.2486637520203 2370547.0
637.3469684895239 2465452.8
637.4455122894784 2536421.5
637.5442951518837 2486683.2
637.64331707674 2178109.2
637.742578064047 1908955.1
637.8420781138052 1566936.0
637.941817226014 1714796.4
638.0417954006739 2152642.2
638.1420126377845 1655831.1
638.2424689373462 1438101.2
638.3431642993586 1477674.8
638.444098723822 1263162.9
638.5452722107362 1238919.9
638.6466847601014 1502639.0
638.7483363719175 1482564.5
638.8502270461844 1598328.5
638.9523567829023 1532343.5
639.0547255820709 1605921.4
639.1573334436905 1580692.2
639.260180367761 1805023.5
639.3632663542825 1494779.8
639.4665914032546 1571770.8
639.5701555146778 1582877.4
639.6739586885519 1991508.0
639.7780009248769 2341358.5
639.8822822236526 2325376.2
639.9868025848793 2286621.0
640.091562008557 2477408.0
640.1965604946854 2704104.5
640.3017980432649 2939571.0
640.4072746542952 3093674.5
640.5129903277764 3162283.8
640.6189450637083 3224492.0
640.7251388620914 2768610.5
640.8315717229252 2241334.8
640.93824364621 1804034.0
641.0451546319456 1833348.6
641.1523046801321 1775860.5
641.2596937907695 1596449.5
641.3673219638578 1476837.2
641.4751891993969 1824744.0
641.583295497387 1555395.0
641.691640857828 1413501.1
641.8002252807198 1556159.4
641.9090487660626 1589836.4
642.0181113138563 1343735.2
642.1274129241008 1506474.8
642.2369535967962 1613880.6
642.3467333319426 1848561.9
642.4567521295397 2087623.8
642.5670099895879 2110064.5
642.6775069120868 2131070.0
642.7882428970366 2191899.2
642.8992179444374 2015838.8
643.010432054289 2185758.5
643.1218852265915 1827950.8
643.2335774613449 1581995.5
643.3455087585494 1194915.1
643.4576791182045 1331211.5
643.5700885403106 1833337.8
643.6827370248676 1887325.8
643.7956245718756 1870603.2
643.9087511813342 1515914.2
644.0221168532439 1424860.6
644.1357215876045 1699850.6
644.249565384416 1743990.1
644.3636482436782 1826353.1
644.4779701653915 1545760.6
644.5925311495556 1574725.1
644.7073311961706 1524070.5
644.8223703052365 1388326.4
644.9376484767532 1732632.2
645.0531657107209 1558604.5
645.1689220071395 1500319.0
645.2849173660089 1560863.6
645.4011517873292 1869871.0
645.5176252711005 1497836.8
645.6343378173226 1409761.4
645.7512894259957 1629559.2
645.8684800971196 1587104.0
645.9859098306944 1745421.5
646.10357862672 1703930.1
646.2214864851966 1798905.8
646.3396334061241 1801828.5
646.4580193895024 1992266.2
646.5766444353317 2029736.1
646.6955085436118 1680695.1
646.8146117143428 1557109.9
646.9339539475247 1502186.0
647.0535352431576 1463133.9
647.1733556012413 1671511.0
647.2934150217759 1737038.8
647.4137135047613 1213558.9
647.5342510501977 1360489.8
647.6550276580849 1358705.1
647.7760433284232 1295296.2
647.8972980612122 1238674.1
648.018791856452 1272526.1
648.1405247141429 1133941.4
648.2624966342845 1324629.0
648.3847076168772 1342910.8
648.5071576619206 1496916.8
648.629846769415 1688966.5
648.7527749393603 2116598.0
648.8759421717565 1974006.8
648.9993484666035 1861647.6
649.1229938239015 1479583.1
649.2468782436503 1505335.1
649.3710017258501 1496628.2
649.4953642705007 1347959.9
649.6199658776021 1163216.0
649.7448065471544 1170973.5
649.8698862791578 1241876.5
649.9952050736119 1530248.9
650.120762930517 1787453.0
650.2465598498729 2096538.5
650.3725958316797 1817236.2
650.4988708759375 1775441.4
650.6253849826461 1699381.9
650.7521381518056 1687714.2
650.879130383416 1772656.8
651.0063616774773 2127477.8
651.1338320339895 1746130.6
651.2615414529527 1487337.6
651.3894899343666 1409659.8
651.5176774782313 1779728.5
651.6461040845472 1822700.5
651.7747697533138 1803526.5
651.9036744845314 1921286.2
652.0328182781997 1946725.2
652.162201134319 1811948.6
652.2918230528892 1381120.2
652.4216840339103 1328567.2
652.5517840773823 1316268.1
652.6821231833052 992111.6
652.8127013516789 1324850.5
652.9435185825037 1518935.1
653.074574875779 1440774.9
653.2058702315056 1789361.4
653.3374046496829 1569186.0
653.469178130311 1451824.9
653.6011906733902 1071607.6
653.73344227892 1053138.0
653.865932946901 1033037.0
653.9986626773327 1041867.6
654.1316314702154 1191506.1
654.2648393255489 1431504.5
654.3982862433335 1725858.6
654.5319722235687 1867706.5
654.665897266255 1574735.8
654.8000613713921 1067882.9
654.9344645389801 936850.0
655.069106769019 1056806.1
655.2039880615088 1226956.5
655.3391084164494 1444068.0
655.4744678338409 1582502.2
655.6100663136834 1815429.2
655.7459038559767 1627992.4
655.881980460721 1775741.9
656.0182961279161 1627039.5
656.1548508575621 1700067.6
656.291644649659 1514285.8
656.4286775042068 1643416.2
656.5659494212055 2019920.6
656.7034604006551 1787794.8
656.8412104425555 1753780.2
656.9791995469069 1949146.4
657.117427713709 1620831.8
657.2558949429622 1764647.6
657.3946012346663 1694211.1
657.5335465888211 1594154.8
657.672731005427 1386290.6
657.8121544844836 1307997.9
657.9518170259913 1463609.4
658.0917186299497 1233491.2
658.2318592963591 1442160.1
658.3722390252193 1568444.9
658.5128578165305 1355103.9
658.6537156702925 1300078.1
658.7948125865055 1482093.9
658.9361485651692 1688065.6
659.077723606284 1577094.0
659.2195377098495 1637262.0
659.361590875866 1903413.1
659.5038831043335 1649922.6
659.6464143952517 1536126.9
659.7891847486209 1385735.8
659.9321941644408 1474133.2
660.0754426427119 1392301.4
660.2189301834336 1615373.2
660.3626567866064 1449224.0
660.50662245223 1240751.8
660.6508271803045 1376629.2
660.7952709708298 1590785.2
660.9399538238061 1416033.1
661.0848757392333 1427991.1
661.2300367171114 1416064.2
661.3754367574403 1334281.2
661.5210758602201 1245715.6
661.6669540254509 1202577.4
661.8130712531324 1250944.4
661.9594275432651 1130846.8
662.1060228958484 1192426.0
662.2528573108827 1470523.8
662.3999307883678 1327759.5
662.5472433283039 1458842.5
662.6947949306908 1425729.2
662.8425855955288 1506486.9
662.9906153228175 1587157.2
663.1388841125572 1646769.0
663.2873919647476 1250791.4
663.436138879389 1118991.8
663.5851248564813 1552553.1
663.7343498960245 1389821.2
663.8838139980186 1298539.8
664.0335171624636 1695062.2
664.1834593893594 1314148.9
664.3336406787062 1026414.06
664.4840610305039 1409606.5
664.6347204447524 1626584.2
664.7856189214518 1702206.0
664.936756460602 1588520.1
665.0881330622034 1381280.1
665.2397487262554 1539615.0
665.3916034527584 1496247.0
665.5436972417123 1305339.2
665.6960300931171 1522610.1
665.8486020069727 1541523.6
666.0014129832791 1402623.9
666.1544630220367 1189141.1
666.3077521232449 1737445.8
666.4612802869042 1602310.6
666.6150475130142 1283079.5
666.7690538015753 1223266.6
666.9232991525871 1406896.4
667.07778356605 1838247.6
667.2325070419636 2197297.0
667.3874695803282 2237144.8
667.5426711811436 2427127.5
667.69811184441 1855077.8
667.8537915701272 2155594.8
668.0097103582953 2159990.5
668.1658682089143 2247559.5
668.3222651219842 2285136.2
668.4789010975051 1704981.0
668.6357761354766 1749423.8
668.7928902358992 1802793.8
668.9502433987727 1820252.8
669.1078356240971 1969811.1
669.2656669118722 1894932.0
669.4237372620985 1874913.1
669.5820466747754 1496994.0
669.7405951499034 1483294.5
669.8993826874821 1517100.8
670.0584092875117 1387460.2
670.2176749499924 1561675.6
670.3771796749238 1556169.9
670.5369234623063 1353795.2
670.6969063121394 1171698.5
670.8571282244236 900258.9
671.0175891991586 1545643.0
671.1782892363447 1711562.6
671.3392283359814 1318369.8
671.5004064980691 1164287.5
671.6618237226077 1176767.0
671.8234800095972 1380910.5
671.9853753590376 1223919.0
672.1475097709289 1415516.2
672.309883245271 1784981.2
672.472495782064 2077642.6
672.635347381308 1572733.9
672.7984380430028 1103939.5
672.9617677671484 1223229.2
673.125336553745 1334831.2
673.2891444027925 1456354.0
673.453191314291 1479297.6
673.6174772882403 1294546.5
673.7820023246404 1477596.2
673.9467664234915 1374758.1
674.1117695847934 1548644.0
674.2770118085463 1542355.0
674.4424930947499 1253394.5
674.6082134434046 1436178.6
674.7741728545101 1902373.2
674.9403713280664 1864692.4
675.1068088640737 1474428.9
675.2734854625319 1346606.0
675.440401123441 1451825.0
675.6075558468009 1842447.0
675.7749496326118 2147825.8
675.9425824808735 2315162.2
676.1104543915861 2054466.0
676.2785653647496 1950273.8
676.4469154003641 2096555.1
676.6155044984293 2010731.4
676.7843326589456 1837783.2
676.9533998819127 1946508.0
677.1227061673306 2001599.4
677.2922515151995 1963413.0
677.4620359255191 1859063.2
677.6320593982898 1549484.9
677.8023219335114 1323214.2
677.9728235311838 1216086.9
678.1435641913071 1450471.1
678.3145439138814 1710174.8
678.4857626989063 1781056.1
678.6572205463824 1405510.8
678.8289174563092 1219187.5
679.000853428687 1317763.6
679.1730284635156 1604879.8
679.3454425607953 1671703.1
679.5180957205256 1773108.8
679.690987942707 2085034.8
679.8641192273392 1918679.4
680.0374895744222 1758368.8
680.2110989839563 1969563.6
680.3849474559411 1901336.4
680.559034990377 2147476.0
680.7333615872635 1971813.5
680.9079272466012 2011979.0
681.0827319683896 2031972.0
681.257775752629 1661935.6
681.4330585993191 1324053.9
681.6085805084602 1691825.0
681.7843414800523 1514789.4
681.9603415140951 1368116.5
682.1365806105889 1634471.5
682.3130587695335 1754083.5
682.4897759909292 1961809.5
682.6667322747755 1621509.2
682.8439276210729 1410881.0
683.0213620298211 1451647.8
683.1990355010204 1381166.5
683.3769480346702 1376449.2
683.5550996307712 1498954.4
683.7334902893231 1418397.4
683.9121200103258 1532219.4
684.0909887937793 1647866.2
684.2700966396839 1855155.6
684.4494435480391 1463406.0
684.6290295188454 1417732.5
684.8088545521025 1539698.0
684.9889186478105 1085930.4
685.1692218059694 1166255.2
685.3497640265792 1401887.8
685.5305453096399 1458467.4
685.7115656551515 1557620.0
685.8928250631141 2005239.9
686.0743235335274 1868938.9
686.2560610663917 2032432.2
686.4380376617067 1578236.4
686.6202533194729 1758711.4
686.8027080396897 1781766.8
686.9854018223576 1535562.0
687.1683346674763 1355466.8
687.351506575046 1199254.2
687.5349175450664 1660615.5
687.7185675775377 1717200.5
687.9024566724601 1814843.2
688.0865848298331 1628400.0
688.2709520496572 1850992.4
688.4555583319321 1960247.2
688.640403676658 1715456.2
688.8254880838347 1713926.5
689.0108115534624 1536216.8
689.1963740855408 1399786.0
689.3821756800703 1484271.1
689.5682163370506 1574204.4
689.7544960564818 1436719.9
689.9410148383638 1556270.2
690.1277726826967 1684171.9
690.3147695894805 2183994.5
690.5020055587153 1924788.2
690.689480590401 1858847.4
690.8771946845374 1819778.5
691.0651478411248 1816147.5
691.253340060163 1825485.2
691.4417713416524 1860175.8
691.6304416855924 1658373.9
691.8193510919834 1458455.1
692.0084995608252 1492700.8
692.197887092118 1917323.6
692.3875136858616 2096705.8
692.5773793420561 1949051.5
692.7674840607016 1693175.6
692.9578278417978 1763192.8
693.1484106853451 1634684.2
693.339232591343 1555326.2
693.5302935597921 1706551.5
693.7215935906919 2270141.5
693.9131326840427 2291433.0
694.1049108398444 1962197.8
694.2969280580969 1968855.2
694.4891843388003 2367176.0
694.6816796819547 2252821.2
694.8744140875599 2251482.8
695.067387555616 2558335.5
695.260600086123 2063189.9
695.4540516790809 2269614.0
695.6477423344896 2513747.8
695.8416720523492 2754827.0
696.0358408326598 2574212.8
696.2302486754212 2389703.8
696.4248955806336 2246523.0
696.6197815482967 2100051.0
696.814906578411 2409688.8
697.0102706709758 2446439.8
697.2058738259918 2617637.8
697.4017160434586 2470462.8
697.5977973233763 2468888.0
697.7941176657448 2709006.0
697.9906770705643 2466777.2
698.1874755378346 2735902.0
698.3845130675558 2651419.0
698.581789659728 2337738.0
698.779305314351 2170773.8
698.9770600314249 2468223.5
699.1750538109496 2653170.5
699.3732866529253 2869099.0
699.5717585573519 2790800.0
699.7704695242294 2867641.0
699.9694195535577 3039791.5
700.168608645337 2967467.8
700.3680367995671 3119621.0
700.5677040162482 3625737.8
700.7676102953801 3376166.5
700.9677556369629 3700516.5
701.1681400409966 3879267.0
701.368763507481 3881447.2
701.5696260364166 3185722.8
701.7707276278029 3106701.5
701.9720682816403 3137059.8
702.1736479979284 3056787.5
702.3754667766674 3103804.0
702.5775246178573 3290401.2
702.7798215214982 3350931.5
702.9823574875899 3409150.2
703.1851325161325 3171510.0
703.3881466071259 3308856.5
703.5913997605704 3175718.5
703.7948919764656 3156441.0
703.9986232548118 3274614.0
704.2025935956088 3192062.5
704.4068029988567 3328113.5
704.6112514645556 3541143.0
704.8159389927052 3199078.5
705.020865583306 2963203.5
705.2260312363574 2845556.5
705.4314359518598 2839429.5
705.6370797298131 3326662.5
705.8429625702173 3477607.8
706.0490844730723 3096567.5
706.2554454383783 3147776.0
706.4620454661351 3330411.0
706.6688845563428 3669089.0
706.8759627090014 3488404.8
707.0832799241109 3447255.0
707.2908362016714 3563935.5
707.4986315416826 3681500.2
707.7066659441448 3889567.2
707.9149394090579 4334905.0
708.1234519364218 4507167.5
708.3322035262366 4766948.0
708.5411941785025 4506228.5
708.750423893219 4526534.5
708.9598926703866 4784346.0
709.169600510005 5022164.0
709.3795474120743 4844313.5
709.5897333765945 4994613.5
709.8001584035657 5304013.0
710.0108224929876 5192901.0
710.2217256448604 4664355.0
710.4328678591842 4805875.0
710.6442491359588 5096470.0
710.8558694751844 5756750.0
711.0677288768608 6820084.0
711.2798273409882 7202670.5
711.4921648675663 8180175.5
711.7047414565955 9578764.0
711.9175571080754 10248014.0
712.1306118220064 11875610.0
712.343905598388 13235414.0
712.5574384372208 13632126.0
712.7712103385043 13169410.0
712.9852213022388 12239950.0
713.199471328424 10856819.0
713.4139604170601 10171008.0
713.6286885681474 9998569.0
713.8436557816852 10444945.0
714.0588620576742 9984959.0
714.274307396114 9725147.0
714.4899917970047 11281249.0
714.7059152603462 11130006.0
714.9220777861387 10559245.0
715.138479374382 10684315.0
715.3551200250763 11132928.0
715.5719997382214 11971479.0
715.7891185138174 13277830.0
716.0064763518642 13695802.0
716.224073252362 12905308.0
716.4419092153107 12879299.0
716.6599842407103 12669929.0
716.8782983285607 11429285.0
717.096851478862 10924490.0
717.3156436916144 10876730.0
717.5346749668174 10182106.0
717.7539453044715 9106691.0
717.9734547045764 8683869.0
718.1932031671322 7910617.0
718.4131906921389 6849035.5
718.6334172795965 6579972.5
718.853882929505 5812471.0
719.0745876418644 5130820.0
719.2955314166745 4762242.5
719.5167142539357 4743522.0
719.7381361536477 4602339.0
719.9597971158106 4588798.0
720.1816971404245 4786812.0
720.4038362274891 4710272.0
720.6262143770048 4604532.0
720.8488315889713 5207398.5
721.0716878633887 5866087.0
721.2947832002569 6174642.0
721.518117599576 6999115.0
721.741691061346 8577570.0
721.965503585567 10019948.0
722.1895551722389 11208719.0
722.4138458213616 12838600.0
722.6383755329352 14405451.0
722.8631443069596 15706780.0
723.0881521434351 16714732.0
723.3133990423613 17560160.0
723.5388850037385 16989256.0
723.7646100275665 15747228.0
723.9905741138455 14772165.0
724.2167772625753 13889461.0
724.4432194737561 13492220.0
724.6699007473876 13768702.0
724.8968210834703 14559302.0
725.1239804820036 14898542.0
725.3513789429879 15658929.0
725.579016466423 16602092.0
725.8068930523091 17846400.0
726.0350087006461 18474932.0
726.2633634114338 18802358.0
726.4919571846726 19363288.0
726.7207900203623 20389376.0
726.9498619185028 21705216.0
727.1791728790942 25190516.0
727.4087229021366 32273320.0
727.6385119876297 42875904.0
727.8685401355738 57925936.0
728.0988073459687 77756930.0
728.3293136188147 100307220.0
728.5600589541114 122787060.0
728.7910433518591 141828110.0
729.0222668120575 153987280.0
729.2537293347069 155391140.0
729.4854309198073 143173680.0
729.7173715673584 118293580.0
729.9495512773606 86842090.0
730.1819700498136 56916290.0
730.4146278847174 36703144.0
730.6475247820722 26061836.0
730.8806607418778 19952944.0
731.1140357641343 16547052.0
731.3476498488419 14384485.0
731.5815029960002 11765446.0
731.8155952056094 10428714.0
732.0499264776695 8780772.0
732.2844968121806 8043883.0
732.5193062091423 7414062.5
732.754354668555 6599757.0
732.9896421904187 5679917.5
733.2251687747333 5525556.0
733.4609344214988 5542496.0
733.6969391307151 5916916.0
733.9331829023823 6479233.0
734.1696657365004 7035454.5
734.4063876330695 8155275.0
734.6433485920893 8403219.0
734.8805486135602 8069480.5
735.1179876974818 8846792.0
735.3556658438545 9670054.0
735.5935830526778 9205887.0
735.8317393239522 8757469.0
736.0701346576775 9119242.0
736.3087690538534 8756269.0
736.5476425124806 7944248.0
736.7867550335584 7826683.0
737.0261066170873 7859394.5
737.265697263067 8560789.0
737.5055269714976 10014479.0
737.745595742379 12211482.0
737.9859035757114 15459158.0
738.2264504714947 19925884.0
738.4672364297288 27632596.0
738.7082614504138 38540756.0
738.9495255335498 51548316.0
739.1910286791365 68731470.0
739.4327708871742 89169270.0
739.6747521576629 107858210.0
739.9169724906022 123389070.0
740.1594318859927 133138810.0
740.4021303438338 133161160.0
740.6450678641261 119988240.0
740.8882444468691 97317610.0
741.131660092063 68174310.0
741.3753147997079 45389100.0
741.6192085698036 28978202.0
741.8633414023502 19165440.0
742.1077132973477 14654565.0
742.352324254796 11980556.0
742.5971742746954 9779071.0
742.8422633570456 8557294.0
743.0875915018465 7223855.0
743.3331587090985 5984839.0
743.5789649788013 4826552.0
743.8250103109551 4507296.5
744.0712947055597 3836092.2
744.3178181626151 3235407.2
744.5645806821216 3133325.5
744.8115822640789 3231276.5
745.058822908487 3546112.2
745.3063026153461 3444198.0
745.554021384656 3019607.2
745.801979216417 3736517.5
746.0501761106286 4303694.0
746.2986120672912 4480993.0
746.5472870864048 4911913.5
746.7962011679691 4939259.5
747.0453543119845 4789207.0
747.2947465184507 4385949.0
747.5443777873677 4136991.0
747.7942481187357 3778788.5
748.0443575125546 3149988.8
748.2947059688242 2644325.5
748.545293487545 2531133.8
748.7961200687164 2443066.5
749.0471857123389 2325985.5
749.2984904184123 2340628.0
749.5500341869365 2091178.6
749.8018170179115 2063542.5
750.0538389113375 2172786.0
750.3060998672144 2504598.0
750.558599885542 2334587.8
750.8113389663208 2045882.0
751.0643171095503 2293742.2
751.3175343152308 2406208.2
751.570990583362 2852126.5
751.8246859139442 2624557.2
752.0786203069773 2663713.0
752.3327937624614 2568751.5
752.5872062803962 2469138.0
752.841857860782 2637085.2
753.0967485036186 2910931.0
753.3518782089062 2979671.5
753.6072469766447 3035723.0
753.8628548068339 3107278.0
754.1187016994742 2991618.8
754.3747876545652 3457935.2
754.6311126721073 3520342.0
754.8876767521001 3625990.0
755.144479894544 3285296.5
755.4015220994386 3129960.2
755.6588033667842 3389233.8
755.9163236965807 3030177.8
756.1740830888281 2997891.5
756.4320815435262 3441657.2
756.6903190606754 3421337.5
756.9487956402754 3573689.8
757.2075112823263 3392120.0
757.4664659868281 3888358.8
757.7256597537807 3915047.0
757.9850925831844 4020377.5
758.2447644750388 4394361.5
758.5046754293442 4759493.0
758.7648254461004 5665298.0
759.0252145253075 5462075.0
759.2858426669656 5238721.5
759.5467098710745 4844319.0
759.8078161376343 5290714.5
760.069161466645 5737950.0
760.3307458581066 6571534.5
760.5925693120191 6804831.0
760.8546318283825 6354684.5
761.1169334071967 6115317.5
761.3794740484618 5686267.0
761.6422537521778 5426415.5
761.9052725183449 5383415.0
762.1685303469626 4944870.5
762.4320272380314 4786681.0
762.6957631915509 4956892.5
762.9597382075215 4675909.0
763.2239522859428 4429475.5
763.4884054268151 4813216.0
763.7530976301382 4552309.0
764.0180288959123 4377382.5
764.2831992241372 4180081.5
764.5486086148131 4663129.0
764.8142570679397 5096678.0
765.0801445835173 5404859.5
765.3462711615459 5678940.5
765.6126368020252 6670061.0
765.8792415049556 7738512.0
766.1460852703367 8687846.0
766.4131680981689 8674894.0
766.6804899884517 8776351.0
766.9480509411856 8943050.0
767.2158509563703 8321729.5
767.483890034006 7135842.0
767.7521681740925 6008080.0
768.0206853766299 5532355.0
768.2894416416182 5627210.0
768.5584369690574 5885438.0
768.8276713589474 5987451.0
769.0971448112883 6245759.0
769.3668573260802 6180118.0
769.636808903323 6804786.0
769.9069995430166 7270407.5
770.1774292451611 7533622.5
770.4480980097566 7997833.0
770.7190058368028 8752850.0
770.9901527263 8975291.0
771.2615386782481 9369028.0
771.5331636926471 11116456.0
771.805027769497 12609631.0
772.0771309087978 13939771.0
772.3494731105494 15872101.0
772.622054374752 18997262.0
772.8948747014053 22775322.0
773.1679340905096 26085192.0
773.4412325420649 28564544.0
773.714770056071 29539380.0
773.9885466325279 30066660.0
774.2625622714359 29696248.0
774.5368169727947 27086412.0
774.8113107366042 22819748.0
775.0860435628648 18135230.0
775.3610154515762 13391729.0
775.6362264027387 9489008.0
775.9116764163518 7762088.0
776.1873654924159 7522220.0
776.4632936309309 7250248.0
776.7394608318967 6578652.0
777.0158670953135 6922445.5
777.2925124211812 7535842.0
777.5693968094998 7015272.0
777.8465202602692 7002369.5
778.1238827734896 7462617.5
778.4014843491608 8732538.0
778.6793249872829 9905804.0
778.957404687856 11685711.0
779.23572345088 13478964.0
779.5142812763546 15283514.0
779.7930781642804 17915436.0
780.0721141146569 20177300.0
780.3513891274845 22103704.0
780.6309032027627 24120930.0
780.9106563404919 24606210.0
781.1906485406721 24758532.0
781.4708798033031 22912656.0
781.7513501283851 20394568.0
782.0320595159178 17832710.0
782.3130079659015 17715076.0
782.5941954783361 18798626.0
782.8756220532216 20661838.0
783.157287690558 20982150.0
783.4391923903453 18756470.0
783.7213361525834 16635168.0
784.0037189772725 15941876.0
784.2863408644123 15238351.0
784.5692018140032 14908456.0
784.8523018260448 16036928.0
785.1356409005374 17346348.0
785.419219037481 17719432.0
785.7030362368753 18381692.0
785.9870924987206 19101860.0
786.2713878230167 18545812.0
786.5559222097638 17071814.0
786.8406956589616 16621134.0
787.1257081706106 15968992.0
787.4109597447102 15756508.0
787.6964503812609 15542676.0
787.9821800802623 15266502.0
788.2681488417147 15715688.0
788.554356665618 16808452.0
788.8408035519722 18528152.0
789.1274895007773 19095092.0
789.4144145120331 18827398.0
789.70157858574 19068318.0
789.9889817218977 21012470.0
790.2766239205064 21906780.0
790.5645051815659 21586470.0
790.8526255050763 23418120.0
791.1409848910375 24988584.0
791.4295833394498 27594932.0
791.7184208503128 31368342.0
792.0074974236268 35629144.0
792.2968130593916 37248716.0
792.5863677576074 39048812.0
792.876161518274 40470132.0
793.1661943413915 42148520.0
793.45646622696 42321516.0
793.7469771749792 40546270.0
794.0377271854495 37475444.0
794.3287162583705 37363584.0
794.6199443937426 39001210.0
794.9114115915653 41083136.0
795.2031178518391 41346230.0
795.4950631745637 42017904.0
795.7872475597393 43047296.0
796.0796710073657 42718720.0
796.372333517443 43360224.0
796.6652350899712 45258890.0
796.9583757249504 45888556.0
797.2517554223803 47608744.0
797.5453741822612 53358580.0
797.839232004593 57648810.0
798.1333288893755 61091370.0
798.4276648366092 63981356.0
798.7222398462935 68635384.0
799.0170539184289 75075940.0
799.3121070530151 78453130.0
799.6073992500523 80434296.0
799.9029305095402 80058650.0
800.1987008314792 79989970.0
800.4947102158688 81496470.0
800.7909586627096 84343270.0
801.0874461720011 84203940.0
801.3841727437435 82648990.0
801.6811383779369 81523530.0
801.9783430745811 78244860.0
802.2757868336762 73459820.0
802.5734696552222 69650340.0
802.8713915392192 66052170.0
803.1695524856669 62630120.0
803.4679524945657 60137020.0
803.7665915659152 60057316.0
804.0654696997157 59637560.0
804.364586895967 58726070.0
804.6639431546693 61262540.0
804.9635384758224 63497020.0
805.2633728594265 64593396.0
805.5634463054813 66541584.0
805.863758813987 69700720.0
806.1643103849437 72518600.0
806.4651010183513 73727260.0
806.7661307142098 73287540.0
807.0673994725191 72604180.0
807.3689072932794 75035270.0
807.6706541764905 77930870.0
807.9726401221526 78348870.0
808.2748651302655 84201600.0
808.5773292008294 93317290.0
808.880032333844 105388700.0
809.1829745293097 120521300.0
809.4861557872262 138075150.0
809.7895761075936 158053060.0
810.0932354904118 178479700.0
810.3971339356808 203172620.0
810.701271443401 225320780.0
811.0056480135719 241333100.0
811.3102636461938 257197920.0
811.6151183412665 268120880.0
811.9202120987901 271816540.0
812.2255449187645 262452060.0
812.5311168011899 242355070.0
812.8369277460662 219274540.0
813.1429777533934 193338540.0
813.4492668231715 169579550.0
813.7557949554005 153861040.0
814.0625621500802 144558450.0
814.3695684072109 133266390.0
814.6768137267925 127001760.0
814.984298108825 119856640.0
815.2920215533085 110251380.0
815.5999840602427 104400980.0
815.908185629628 98219420.0
816.216626261464 89674440.0
816.5253059557509 84382600.0
816.8342247124888 76107830.0
817.1433825316776 67649970.0
817.4527794133171 59326156.0
817.7624153574077 53111090.0
818.072290363949 49819760.0
818.3824044329415 49120824.0
818.6927575643846 48471156.0
819.0033497582787 50403810.0
819.3141810146236 52168680.0
819.6252513334194 58102796.0
819.9365607146663 65147080.0
820.2481091583638 71698850.0
820.5598966645124 77652340.0
820.8719232331118 88822490.0
821.1841888641621 102419320.0
821.4966935576633 114951540.0
821.8094373136155 128955680.0
822.1224201320184 149260020.0
822.4356420128723 174262400.0
822.749102956177 202369570.0
823.0628029619327 233737680.0
823.3767420301392 262094690.0
823.6909201607966 286737660.0
824.005337353905 313402240.0
824.3199936094642 333977540.0
824.6348889274743 344993860.0
824.9500233079352 343659500.0
825.2653967508472 330929800.0
825.5810092562099 301188670.0
825.8968608240236 257742380.0
826.2129514542881 205889980.0
826.5292811470036 150204420.0
826.8458499021699 105640010.0
827.1626577197871 75570970.0
827.4797045998553 57183656.0
827.7969905423743 45555960.0
828.1145155473441 37487096.0
828.4322796147649 31416328.0
828.7502827446367 26452400.0
829.0685249369592 23744288.0
829.3870061917327 20864212.0
829.705726508957 18921588.0
830.0246858886322 16662072.0
830.3438843307583 14819205.0
830.6633218353354 13601998.0
830.9829984023633 12888990.0
831.3029140318422 12414176.0
831.6230687237718 12330516.0
831.9434624781525 12313490.0
832.2640952949838 12129308.0
832.5849671742662 11974198.0
832.9060781159994 11745122.0
833.2274281201835 12575264.0
833.5490171868187 13256984.0
833.8708453159045 12393869.0
834.1929125074414 12275416.0
834.515218761429 11948930.0
834.8377640778676 12265245.0
835.160548456757 14306721.0
835.4835718980975 15857194.0
835.8068344018886 16525751.0
836.1303359681309 16751194.0
836.4540765968239 17383114.0
836.778056287968 18193868.0
837.1022750415626 20373460.0
837.4267328576084 22629582.0
837.7514297361049 23274230.0
838.0763656770524 23151584.0
838.4015406804508 24155808.0
838.7269547463001 25691696.0
839.0526078746003 26001096.0
839.3785000653513 26132224.0
839.7046313185533 25292900.0
840.0310016342061 24796392.0
840.3576110123099 26016762.0
840.6844594528644 27863652.0
841.01154695587 26962384.0
841.3388735213264 26177998.0
841.6664391492336 25644204.0
841.9942438395917 26658678.0
842.3222875924008 27008952.0
842.6505704076608 27675528.0
842.9790922853716 28605600.0
843.3078532255333 29383576.0
843.636853228146 26711278.0
843.9660922932096 24952830.0
844.2955704207238 24854638.0
844.6252876106893 24549816.0
844.9552438631054 25150450.0
845.2854391779725 25473464.0
845.6158735552905 25485548.0
845.9465469950594 26044284.0
846.2774594972791 26369496.0
846.6086110619498 28854916.0
846.9400016890712 32683276.0
847.2716313786436 37984930.0
847.603500130667 43786576.0
847.9356079451411 48649036.0
848.2679548220663 54323460.0
848.6005407614422 57244880.0
848.9333657632692 63068044.0
849.2664298275467 68422590.0
849.5997329542755 70773620.0
849.933275143455 75059176.0
850.2670563950855 78405030.0
850.6010767091668 77108110.0
850.935336085699 74024740.0
851.2698345246821 70042100.0
851.6045720261161 67225790.0
851.939548590001 67023504.0
852.2747642163367 67495624.0
852.6102189051235 64346164.0
852.9459126563609 60085144.0
853.2818454700493 54044930.0
853.6180173461887 45729156.0
853.9544282847789 40218750.0
854.29107828582 37332680.0
854.627967349312 35068764.0
854.9650954752549 34514050.0
855.3024626636488 36656844.0
855.6400689144934 37894390.0
855.9779142277889 38740344.0
856.3159986035355 41619790.0
856.6543220417327 43959336.0
856.992884542381 48154970.0
857.33168610548 50338936.0
857.6707267310301 52713736.0
858.010006419031 56166384.0
858.3495251694828 61317880.0
858.6892829823855 63792400.0
859.0292798577391 68458990.0
859.3695157955435 73468456.0
859.709990795799 79929660.0
860.0507048585051 85798830.0
860.3916579836623 88784840.0
860.7328501712702 89496610.0
861.0742814213293 93444180.0
861.415951733839 97900100.0
861.7578611087997 100602170.0
862.1000095462114 101164750.0
862.4423970460737 99495750.0
862.7850236083872 96209690.0
863.1278892331513 91922450.0
863.4709939203666 83352590.0
863.8143376700325 72386070.0
864.1579204821496 64841804.0
864.5017423567174 54634610.0
864.845803293736 44179190.0
865.1901032932057 36123332.0
865.5346423551262 32562348.0
865.8794204794975 30328856.0
866.2244376663198 29414944.0
866.569693915593 30104090.0
866.9151892273169 32775270.0
867.2609236014919 36554530.0
867.6068970381177 39050864.0
867.9531095371945 40602016.0
868.299561098722 46315270.0
868.6462517227006 51924240.0
868.9931814091299 57694130.0
869.3403501580103 63503964.0
869.6877579693414 71962660.0
870.0354048431236 80178490.0
870.3832907793565 84360140.0
870.7314157780402 86270010.0
871.079779839175 87350570.0
871.4283829627606 93497390.0
871.7772251487971 101288340.0
872.1263063972845 103949780.0
872.4756267082229 104511750.0
872.825186081612 101284580.0
873.1749845174521 99358730.0
873.525022015743 93917510.0
873.875298576485 82868910.0
874.2258141996776 70737336.0
874.5765688853213 61355236.0
874.9275626334158 56054736.0
875.2787954439613 53536960.0
875.6302673169575 52678110.0
875.9819782524048 54219020.0
876.3339282503027 55871170.0
876.6861173106518 55317756.0
877.0385454334516 52983570.0
877.3912126187024 49483600.0
877.744118866404 47138216.0
878.0972641765566 44305040.0
878.45064854916 40067236.0
878.8042719842143 35908664.0
879.1581344817196 30527520.0
879.5122360416756 25656482.0
879.8665766640827 21769452.0
880.2211563489404 19627688.0
880.5759750962493 18939866.0
880.9310329060089 19515032.0
881.2863297782194 20403316.0
881.6418657128809 20403638.0
881.9976407099932 20836732.0
882.3536547695564 21251242.0
882.7099078915705 20518842.0
883.0664000760355 21743648.0
883.4231313229513 21823330.0
883.7801016323183 23402178.0
884.1373110041359 24418016.0
884.4947594384045 24483422.0
884.8524469351239 23894444.0
885.2103734942943 22137628.0
885.5685391159154 21318250.0
885.9269437999875 19810494.0
886.2855875465107 18436706.0
886.6444703554844 19201230.0
887.0035922269093 20871696.0
887.3629531607849 21607728.0
887.7225531571116 21768618.0
888.082392215889 22149928.0
888.4424703371174 22494942.0
888.8027875207965 24071060.0
889.1633437669268 25632164.0
889.5241390755077 27307042.0
889.8851734465397 28529242.0
890.2464468800224 29420968.0
890.6079593759562 32146816.0
890.9697109343408 36362628.0
891.3317015551763 39981196.0
891.6939312384626 43021176.0
892.0563999841997 47247060.0
892.419107792388 50715080.0
892.7820546630269 55501120.0
893.145240596117 58800456.0
893.5086655916577 61836620.0
893.8723296496495 64707250.0
894.2362327700921 67239270.0
894.6003749529856 68590696.0
894.96475619833 71104480.0
895.3293765061252 74008950.0
895.6942358763713 78650780.0
896.0593343090684 84150910.0
896.4246718042164 87413740.0
896.7902483618151 88765550.0
897.1560639818649 88450600.0
897.5221186643654 82532240.0
897.888412409317 72559930.0
898.2549452167193 60039444.0
898.6217170865726 44494280.0
898.9887280188768 33052208.0
899.3559780136319 26040162.0
899.7234670708378 21570578.0
900.0911951904947 19202976.0
900.4591623726023 17660992.0
900.827368617161 15862441.0
901.1958139241705 15633135.0
901.5644982936308 16078531.0
901.9334217255422 15790622.0
902.3025842199042 14786744.0
902.6719857767174 14663844.0
903.0416263959813 14841865.0
903.4115060776962 14986419.0
903.7816248218619 15955276.0
904.1519826284787 15381682.0
904.5225794975461 16144501.0
904.8934154290646 15979409.0
905.2644904230337 15740841.0
905.635804479454 15917018.0
906.0073575983251 15072555.0
906.3791497796472 14011960.0
906.7511810234199 14317876.0
907.1234513296438 14709022.0
907.4959606983184 14773671.0
907.8687091294438 13847315.0
908.2416966230203 12770505.0
908.6149231790475 12237849.0
908.9883887975259 12487685.0
909.3620934784549 11637481.0
909.736037221835 11475254.0
910.1102200276657 11993729.0
910.4846418959476 11846941.0
910.8593028266802 11104412.0
911.2342028198638 10964539.0
911.6093418754981 11113961.0
911.9847199935836 11911085.0
912.3603371741196 11786424.0
912.7361934171067 12216088.0
913.1122887225448 13505548.0
913.4886230904336 14652352.0
913.8651965207735 16020731.0
914.242009013564 16416850.0
914.6190605688057 16478339.0
914.996351186498 17230552.0
915.3738808666415 18014860.0
915.7516496092356 20000448.0
916.1296574142808 20401758.0
916.5079042817767 19981482.0
916.8863902117237 20083118.0
917.2651152041215 21207560.0
917.6440792589702 21853348.0
918.0232823762697 21041636.0
918.4027245560201 20651378.0
918.7824057982216 18698836.0
919.1623261028737 16994164.0
919.542485469977 16527449.0
919.9228838995309 17289742.0
920.3035213915359 17357010.0
920.6843979459916 17597962.0
921.0655135628983 18929806.0
921.446868242256 19822664.0
921.8284619840645 20644678.0
922.2102947883237 22276978.0
922.5923666550341 22124138.0
922.9746775841952 21856824.0
923.3572275758072 23002264.0
923.7400166298701 25132052.0
924.1230447463838 25110520.0
924.5063119253487 26296790.0
924.8898181667641 26813790.0
925.2735634706307 26707038.0
925.657547836948 25332562.0
926.0417712657163 24521216.0
926.4262337569354 23250192.0
926.8109353106056 22371984.0
927.1958759267263 21128732.0
927.5810556052983 19837818.0
927.966474346321 20322500.0
928.3521321497947 21496904.0
928.7380290157191 20903360.0
929.1241649440944 19276480.0
929.5105399349206 18533290.0
929.8971539881978 17899584.0
930.2840071039259 17276088.0
930.6710992821048 15734176.0
931.0584305227347 14743759.0
931.4460008258154 15513718.0
931.8338101913471 14981374.0
932.2218586193296 13527439.0
932.610146109763 11601918.0
932.9986726626472 9587895.0
933.3874382779825 7356869.0
933.7764429557685 5606078.0
934.1656866960054 4357214.5
934.5551694986933 3926120.2
934.9448913638321 3849248.0
935.3348522914216 3759989.0
935.7250522814621 3804097.5
936.1154913339535 4206375.5
936.5061694488959 4675876.0
936.8970866262891 4664132.0
937.288242866133 4757756.5
937.6796381684281 5756015.0
938.0712725331739 5474127.0
938.4631459603708 5308832.0
938.8552584500184 5607683.0
939.247610002117 5625089.0
939.6402006166663 6150910.0
940.0330302936667 6092511.0
940.4260990331178 6610264.5
940.8194068350199 6821409.0
941.212953699373 6717018.0
941.6067396261767 6907727.0
942.0007646154315 6695626.0
942.3950286671371 5777450.0
942.7895317812938 5812494.5
943.184273957901 5829417.5
943.5792551969595 5816574.5
943.9744754984687 6161092.5
944.3699348624289 6185423.0
944.7656332888398 5893510.5
945.1615707777016 5056603.0
945.5577473290144 5050846.0
945.9541629427781 4945329.5
946.3508176189927 4805278.0
946.7477113576581 5067878.0
947.1448441587745 5159163.0
947.5422160223416 5616116.0
947.9398269483597 6019366.0
948.3376769368288 6840195.0
948.7357659877487 7886385.5
949.1340941011194 7972644.5
949.5326612769411 7933401.0
949.9314675152136 8169584.5
950.3305128159373 8472040.0
950.7297971791115 8743479.0
951.1293206047367 8330009.0
951.5290830928128 7853706.0
951.9290846433399 7486953.0
952.3293252563178 6522447.0
952.7298049317465 6747367.0
953.1305236696262 6964137.0
953.5314814699568 7282728.0
953.9326783327383 7959639.5
954.3341142579707 8022075.0
954.7357892456539 7850670.0
955.137703295788 7741920.0
955.5398564083731 7674742.0
955.942248583409 7443972.5
956.3448798208958 6954134.0
956.7477501208334 6043431.0
957.1508594832221 5201943.0
957.5542079080615 5393855.0
957.9577953953519 5336565.0
958.3616219450932 5138577.0
958.7656875572852 5188435.5
959.1699922319283 5547572.0
959.5745359690222 5779246.0
959.979318768567 6095443.0
960.3843406305627 5879377.0
960.7896015550094 5791373.0
961.1951015419069 5648765.0
961.6008405912553 6681444.5
962.0068187030545 7458829.5
962.4130358773048 7697094.5
962.8194921140057 7605784.0
963.2261874131577 7800148.0
963.6331217747605 7848202.5
964.0402951988142 8294832.5
964.4477076853188 8447879.0
964.8553592342744 8204304.0
965.2632498456808 6849522.5
965.671379519538 6435097.5
966.0797482558462 6553397.0
966.4883560546052 7091849.0
966.8972029158153 7050718.0
967.3062888394761 6982759.0
967.7156138255879 5861074.5
968.1251778741505 5347631.0
968.534980985164 4533351.0
968.9450231586284 4659939.0
969.3553043945437 4899401.0
969.7658246929099 4591945.5
970.1765840537269 4309405.0
970.5875824769948 4382013.5
970.9988199627137 4600383.0
971.4102965108834 4104491.5
971.822012121504 4304482.0
972.2339667945757 4577422.0
972.6461605300981 4467633.5
973.0585933280714 5136668.5
973.4712651884955 5884306.0
973.8841761113707 6294406.0
974.2973260966967 7356146.0
974.7107151444736 8044856.0
975.1243432547012 8011850.5
975.5382104273799 7282337.0
975.9523166625095 8135107.5
976.3666619600898 8197544.5
976.7812463201212 8499950.0
977.1960697426034 9455410.0
977.6111322275365 9889945.0
978.0264337749204 10370726.0
978.4419743847554 10859752.0
978.8577540570411 10579086.0
979.2737727917779 9794610.0
979.6900305889653 8914068.0
980.1065274486039 8930486.0
980.523263370693 8091719.0
980.9402383552333 8001907.5
981.3574524022245 8869726.0
981.7749055116664 8734562.0
982.1925976835594 8588108.0
982.6105289179031 9151348.0
983.0286992146978 10020473.0
983.4471085739433 11219612.0
983.8657569956398 12458905.0
984.2846444797872 13178131.0
984.7037710263854 14616469.0
985.1231366354345 15335886.0
985.5427413069345 14448520.0
985.9625850408854 13389251.0
986.3826678372873 13674951.0
986.8029896961399 14273030.0
987.2235506174435 14581285.0
987.6443506011979 14134909.0
988.0653896474032 13791879.0
988.4866677560595 13407355.0
988.9081849271665 12994111.0
989.3299411607247 12145068.0
989.7519364567336 11555419.0
990.1741708151934 11059712.0
990.5966442361041 9949502.0
991.0193567194657 9822739.0
991.4423082652781 10198958.0
991.8654988735416 9282604.0
992.2889285442558 8526597.0
992.712597277421 7983732.0
993.1365050730369 7500530.0
993.5606519311038 7527014.0
993.9850378516217 8094214.0
994.4096628345903 8009934.0
994.83452688001 8641601.0
995.2596299878804 10509995.0
995.6849721582018 11240318.0
996.110553390974 11367216.0
996.5363736861973 12337652.0
996.9624330438713 12478810.0
997.3887314639962 11812719.0
997.8152689465721 11315551.0
998.2420454915989 11532189.0
998.6690610990764 10640254.0
999.0963157690048 9838403.0
999.5238095013843 9875877.0
999.9515422962145 9382101.0
1000.3795141534958 9418236.0
1000.8077250732279 8452118.0
1001.2361750554107 8069610.0
1001.6648641000446 7252926.0
1002.0937922071294 6425375.5
1002.522959376665 6090139.5
1002.9523656086515 5728140.0
1003.3820109030889 6042261.0
1003.8118952599773 6494903.0
1004.2420186793163 6678829.5
1004.6723811611065 7154264.5
1005.1029827053474 8822132.0
1005.5338233120393 9830333.0
1005.9649029811819 10621872.0
1006.3962217127755 12570252.0
1006.8277795068202 13479326.0
1007.2595763633155 14720724.0
1007.6916122822619 15918442.0
1008.1238872636591 17661438.0
1008.5564013075071 19204452.0
1008.9891544138061 20861334.0
1009.422146582556 21786624.0
1009.8553778137567 23079328.0
1010.2888481074084 23363378.0
1010.7225574635108 23341782.0
1011.1565058820644 25210542.0
1011.5906933630686 24447442.0
1012.0251199065237 22175944.0
1012.45978551243 20660024.0
1012.8946901807869 16716739.0
1013.3298339115948 12658110.0
1013.7652167048535 9645408.0
1014.2008385605632 7893009.5
1014.6366994787238 6735434.5
1015.0727994593352 6192308.0
1015.5091385023975 6230925.0
1015.9457166079108 6910810.5
1016.3825337758749 7959729.5
1016.8195900062899 8557368.0
1017.2568852991558 9321738.0
1017.6944196544725 10247443.0
1018.1321930722402 12138300.0
1018.5702055524587 12294352.0
1019.0084570951283 13839931.0
1019.4469477002485 15985589.0
1019.8856773678198 16338951.0
1020.3246460978419 16425568.0
1020.763853890315 16835640.0
1021.2033007452387 18651280.0
1021.6429866626136 19438564.0
1022.0829116424393 19831432.0
1022.5230756847159 20467866.0
1022.9634787894433 20835064.0
1023.4041209566217 19626656.0
1023.8450021862509 16808406.0
1024.286122478331 12225749.0
1024.727481832862 8348943.0
1025.1690802498438 5460857.0
1025.6109177292767 4361861.5
1026.0529942711605 3963001.5
1026.495309875495 3306985.5
1026.9378645422805 2934677.0
1027.380658271517 2878582.8
1027.823691063204 2668851.5
1028.2669629173424 2008585.0
1028.7104738339312 1633296.4
1029.1542238129714 2036300.5
1029.598212854462 2069658.9
1030.0424409584039 1630474.5
1030.4869081247964 1539735.2
1030.9316143536398 1498349.5
1031.376559644934 1294072.5
1031.8217439986793 1332511.4
1032.2671674148755 1105242.6
1032.7128298935227 1553128.6
1033.1587314346207 1678391.0
1033.6048720381693 1726512.2
1034.051251704169 1610442.6
1034.4978704326197 1162310.2
1034.9447282235212 1540631.9
1035.3918250768736 1474769.8
1035.8391609926769 1447634.4
1036.286735970931 1375599.4
1036.734550011636 1342740.8
1037.182603114792 1426196.8
1037.6308952803988 1502468.5
1038.0794265084567 1525610.1
1038.5281967989652 1305633.2
1038.9772061519247 1592446.8
1039.426454567335 1734949.8
1039.8759420451966 1646992.2
1040.3256685855085 1455532.0
1040.7756341882716 1679492.8
1041.2258388534856 1944671.9
1041.6762825811506 1931732.4
1042.1269653712661 1760606.0
1042.577887223833 1889384.4
1043.0290481388504 1983124.4
1043.4804481163187 2319602.2
1043.9320871562381 2601942.0
1044.3839652586082 2361795.5
1044.8360824234294 1962257.2
1045.2884386507012 1815708.9
1045.7410339404241 1779207.5
1046.193868292598 1754101.5
1046.6469417072226 1753292.2
1047.1002541842981 1990911.0
1047.5538057238246 2641981.2
1048.0075963258018 2379243.0
1048.46162599023 2128237.2
1048.915894717109 2093833.9
1049.3704025064392 1877748.6
1049.82514935822 1655581.8
1050.2801352724516 1815349.4
1050.7353602491344 2327900.2
1051.1908242882678 2343533.0
1051.6465273898525 2391795.8
1052.1024695538877 2094691.5
1052.558650780374 2087210.0
1053.015071069311 2281350.0
1053.471730420699 2327443.0
1053.928628834538 2370261.5
1054.3857663108276 2440836.5
1054.8431428495683 2198999.8
1055.30075845076 2518595.5
1055.7586131144024 2322852.2
1056.2167068404956 2567117.8
1056.67503962904 2483789.8
1057.133611480035 2656313.8
1057.592422393481 2581104.5
1058.0514723693777 2435875.2
1058.5107614077258 2303787.0
1058.9702895085243 2620501.0
1059.4300566717739 2695965.5
1059.8900628974743 2866860.5
1060.3503081856259 2483103.0
1060.8107925362278 1552784.9
1061.2715159492811 -19194.725
1061.732478424785 -1241619.6
1062.1936799627401 -3326166.5
1062.6551205631458 -4718858.0
1063.1168002260026 -6229649.5
1063.57871895131 -8121769.5
1064.0408767390686 -9510052.0
1064.503273589278 -11512618.0
1064.965909501938 -13399204.0
1065.4287844770492 -15764951.0
1065.8918985146113 -17426930.0
1066.3552516146242 -19459696.0
1066.818843777088 -21680398.0
1067.2826750020029 -23571480.0
1067.7467452893684 -25655736.0
1068.211054639185 -28264840.0
1068.6756030514523 -30100404.0
1069.1403905261704 0.0
1069.6054170633397 0.0
1070.0706826629596 0.0
1070.5361873250306 0.0
1071.0019310495525 0.0
1071.4679138365252 0.0
1071.9341356859486 0.0
