string
description: px_shifted, calibration parameter: [ 1.19531225e-04 -2.30194563e-02  6.18194146e+02]
converted file:R_100ms_Fe_S3_x_1_41_binned_y back: data/dark_100msRZP-structure:___RZP_S3100msRoi:[0, 1040, 2048, 2048]
eV counts/s
618.1712462133476 1651618.9
618.1485853507007 1265775.2
618.1261635505048 1368464.5
618.1039808127597 1465035.8
618.0820371374655 2214223.0
618.0603325246223 2247566.8
618.0388669742298 2252139.0
618.0176404862883 2047128.8
617.9966530607976 2168741.0
617.9759046977579 1830817.2
617.955395397169 1802880.0
617.9351251590311 1811822.0
617.9150939833439 2088390.2
617.8953018701078 2001542.6
617.8757488193226 1710655.2
617.8564348309881 1772813.5
617.8373599051046 1698263.5
617.8185240416719 1879845.8
617.7999272406903 2208380.5
617.7815695021593 2065217.4
617.7634508260794 2193091.5
617.7455712124504 1800310.5
617.7279306612722 1668255.6
617.7105291725449 1443048.2
617.6933667462686 1869119.8
617.676443382443 1861484.4
617.6597590810685 1857053.8
617.6433138421447 1929113.8
617.6271076656718 1831895.6
617.6111405516499 2182508.5
617.5954125000789 1833818.6
617.5799235109587 2326478.0
617.5646735842894 2247101.2
617.5496627200711 2081567.6
617.5348909183035 1726034.0
617.520358178987 1448645.1
617.5060645021213 1987019.8
617.4920098877064 2276678.0
617.4781943357425 2164617.2
617.4646178462295 2200764.8
617.4512804191673 2020534.2
617.4381820545561 2312746.2
617.4253227523957 2432878.8
617.4127025126862 2336245.5
617.4003213354276 2160531.0
617.3881792206199 2042614.4
617.3762761682632 2082888.2
617.3646121783572 2178219.5
617.3531872509022 2128817.8
617.342001385898 1814633.8
617.3310545833449 1443144.8
617.3203468432424 1677730.6
617.309878165591 1303768.5
617.2996485503904 1218676.1
617.2896579976408 1638917.0
617.2799065073419 1988324.5
617.270394079494 1835272.8
617.261120714097 1548703.6
617.2520864111508 1607155.8
617.2432911706557 2412277.5
617.2347349926113 3283376.5
617.2264178770179 2841993.8
617.2183398238752 2972682.5
617.2105008331837 3368293.8
617.2029009049428 2896046.5
617.195540039153 2346332.2
617.188418235814 2352638.0
617.1815354949258 2072588.2
617.1748918164886 1855912.2
617.1684872005023 2101452.8
617.1623216469668 2872548.5
617.1563951558823 3128097.5
617.1507077272486 2872480.5
617.1452593610658 3014848.8
617.140050057334 3459090.0
617.1350798160529 3479581.0
617.1303486372229 3566855.0
617.1258565208436 3841443.8
617.1216034669154 4193592.0
617.1175894754379 4174724.0
617.1138145464114 4395455.0
617.1102786798357 4420446.0
617.106981875711 4023676.0
617.1039241340371 3307372.5
617.1011054548142 3423169.0
617.0985258380421 3078477.5
617.0961852837207 2958287.2
617.0940837918505 2743992.0
617.092221362431 2774410.5
617.0905979954625 3391414.5
617.0892136909449 3787971.0
617.0880684488782 3973941.2
617.0871622692623 3436144.8
617.0864951520974 3666835.5
617.0860670973833 3841210.2
617.0858781051202 4305659.0
617.0859281753078 5171069.5
617.0862173079464 5619088.0
617.0867455030359 5676279.5
617.0875127605763 4202712.5
617.0885190805675 3124694.0
617.0897644630096 2308618.5
617.0912489079027 1715940.1
617.0929724152465 1363754.4
617.0949349850415 1025806.1
617.0971366172871 1056318.8
617.0995773119838 1428767.2
617.1022570691313 1295251.5
617.1051758887297 1110990.8
617.1083337707789 1814612.2
617.1117307152791 2003067.8
617.1153667222302 2297957.5
617.1192417916321 1787117.0
617.123355923485 1380763.2
617.1277091177888 1562625.2
617.1323013745433 2166234.5
617.1371326937488 2821412.8
617.1422030754052 2922356.2
617.1475125195125 2927637.0
617.1530610260706 3389425.5
617.1588485950797 4085845.2
617.1648752265397 4712550.5
617.1711409204505 5232776.0
617.1776456768123 5826413.0
617.1843894956249 6298760.0
617.1913723768885 6624817.5
617.1985943206029 6218434.0
617.2060553267681 5845969.5
617.2137553953843 5528065.0
617.2216945264513 5561060.0
617.2298727199694 5474328.0
617.2382899759382 4697835.5
617.246946294358 3734225.5
617.2558416752286 2927402.5
617.2649761185502 2203289.8
617.2743496243226 1404801.4
617.2839621925459 1152517.8
617.29381382322 833937.44
617.3039045163453 559711.9
617.3142342719211 631020.75
617.3248030899481 1047810.75
617.3356109704258 1082696.8
617.3466579133545 617632.8
617.357943918734 552588.56
617.3694689865644 649212.44
617.3812331168458 876066.8
617.3932363095779 630282.8
617.4054785647611 709054.4
617.417959882395 688601.2
617.43068026248 625172.56
617.4436397050157 741036.94
617.4568382100024 722605.7
617.47027577744 903699.9
617.4839524073284 1264282.6
617.4978680996677 1596285.1
617.512022854458 2488869.5
617.526416671699 3091688.5
617.5410495513911 3891799.5
617.555921493534 4824326.5
617.5710324981277 5509250.0
617.5863825651725 6625280.5
617.601971694668 6209675.5
617.6177998866144 4555390.5
617.6338671410118 4007591.2
617.6501734578601 3233563.0
617.6667188371591 2401833.5
617.6835032789093 2192261.5
617.70052678311 2534935.0
617.7177893497619 2727657.2
617.7352909788646 3036633.5
617.7530316704182 3795464.0
617.7710114244226 3567738.8
617.7892302408779 3289914.8
617.8076881197842 3227049.8
617.8263850611413 3965285.5
617.8453210649494 4332317.0
617.8644961312083 4278014.5
617.8839102599181 4998605.0
617.9035634510788 6388953.0
617.9234557046905 8896559.0
617.9435870207528 10610431.0
617.9639573992663 12251868.0
617.9845668402305 12601178.0
618.0054153436457 11696734.0
618.0265029095117 9825569.0
618.0478295378288 8275445.5
618.0693952285965 6183218.0
618.0911999818152 4224789.5
618.1132437974848 2990418.0
618.1355266756052 2471250.2
618.1580486161766 2017146.8
618.180809619199 2000775.8
618.2038096846721 1815946.9
618.2270488125961 1306135.2
618.2505270029711 1319764.4
618.2742442557969 1088312.2
618.2982005710737 1012931.25
618.3223959488013 845163.4
618.3468303889798 807274.0
618.3715038916091 894394.25
618.3964164566895 886484.4
618.4215680842207 670677.2
618.4469587742026 837039.0
618.4725885266356 1103174.9
618.4984573415195 1001028.25
618.5245652188543 966679.4
618.5509121586398 1181907.2
618.5774981608764 764945.5
618.6043232255638 928363.9
618.6313873527021 1301341.8
618.6586905422912 1652823.1
618.6862327943314 1949588.8
618.7140141088223 2165074.8
618.7420344857642 2378689.8
618.7702939251569 3065098.5
618.7987924270005 3635193.8
618.827529991295 5071414.0
618.8565066180404 7480105.0
618.8857223072368 7932497.0
618.915177058884 8684701.0
618.944870872982 9519199.0
618.974803749531 8718854.0
619.004975688531 7380269.0
619.0353866899817 5388942.0
619.0660367538834 3192099.5
619.0969258802359 2567395.2
619.1280540690393 2142918.5
619.1594213202936 1584013.5
619.1910276339989 1584078.5
619.2228730101549 1530152.4
619.2549574487618 1561072.5
619.2872809498198 1464970.8
619.3198435133286 1115980.5
619.3526451392883 985209.3
619.3856858276988 924351.25
619.4189655785602 642610.75
619.4524843918725 910049.94
619.4862422676358 745289.44
619.5202392058499 1041170.56
619.5544752065149 735099.5
619.5889502696308 645868.75
619.6236643951976 812319.06
619.6586175832152 1082475.5
619.6938098336839 1028498.25
619.7292411466033 1235843.2
619.7649115219735 1648730.1
619.8008209597948 1828521.4
619.8369694600669 2612814.0
619.8733570227901 3801318.5
619.9099836479638 4794789.5
619.9468493355887 5954548.0
619.9839540856643 6058490.5
620.0212978981909 5760102.5
620.0588807731684 6391900.5
620.0967027105968 6395940.0
620.134763710476 4913225.0
620.1730637728062 3007819.5
620.2116028975872 2260772.8
620.2503810848191 1485807.8
620.2893983345019 1743341.2
620.3286546466355 1378160.6
620.3681500212202 1184381.2
620.4078844582556 1156523.2
620.447857957742 946855.3
620.4880705196792 996663.5
620.5285221440674 754688.4
620.5692128309064 664327.56
620.6101425801965 911723.2
620.6513113919372 911850.0
620.692719266129 585617.1
620.7343662027715 599820.06
620.7762522018651 530539.3
620.8183772634094 636377.44
620.8607413874046 464577.97
620.9033445738509 638007.4
620.9461868227478 697454.3
620.9892681340958 802575.3
621.0325885078946 699336.94
621.0761479441444 701958.5
621.1199464428449 715764.44
621.1639840039965 995518.25
621.2082606275989 1016690.5
621.2527763136521 745742.4
621.2975310621563 1000270.25
621.3425248731114 1091148.9
621.3877577465173 1112588.0
621.4332296823742 994673.06
621.478940680682 827266.25
621.5248907414405 886374.6
621.5710798646501 877818.44
621.6175080503104 1022686.3
621.6641752984218 994168.25
621.7110816089839 883378.06
621.758226981997 945799.94
621.8056114174609 1156086.8
621.8532349153759 1471293.2
621.9010974757415 1478249.8
621.9491990985582 1389665.6
621.9975397838257 1321860.8
622.0461195315442 1161293.5
622.0949383417135 1432930.8
622.1439962143336 1185686.4
622.1932931494047 1306508.9
622.2428291469266 1631007.5
622.2926042068996 1565187.2
622.3426183293233 1287041.1
622.392871514198 1112661.1
622.4433637615234 1539442.8
622.4940950713 1579749.2
622.5450654435272 1186035.2
622.5962748782055 1336381.0
622.6477233753345 1172365.2
622.6994109349146 1295186.0
622.7513375569454 1179492.2
622.8035032414273 1260121.8
622.8559079883598 1496850.8
622.9085517977434 1744477.2
622.9614346695778 1668891.8
623.0145566038631 2406142.8
623.0679176005993 3011472.2
623.1215176597865 2850576.0
623.1753567814245 2987054.5
623.2294349655133 3106169.8
623.2837522120532 2786342.2
623.3383085210438 2189414.8
623.3931038924854 2444045.5
623.4481383263778 2899107.8
623.5034118227212 3015040.0
623.5589243815153 3486262.8
623.6146760027606 4053851.0
623.6706666864566 4600726.0
623.7268964326033 5263200.0
623.7833652412012 6494665.5
623.8400731122499 6435557.0
623.8970200457495 5441755.5
623.9542060416999 4683076.0
624.0116311001013 2973229.5
624.0692952209534 2367288.8
624.1271984042567 2188964.0
624.1853406500106 1829072.6
624.2437219582156 1695562.6
624.3023423288714 1381637.8
624.3612017619781 1312162.4
624.4203002575357 1206427.4
624.4796378155443 1154944.5
624.5392144360035 1357943.9
624.5990301189137 1229019.5
624.659084864275 1174379.9
624.7193786720869 1066552.0
624.7799115423499 1057311.8
624.8406834750637 1317541.9
624.9016944702284 1212453.2
624.962944527844 1359609.9
625.0244336479105 1411116.1
625.0861618304278 1200779.8
625.1481290753961 965593.5
625.2103353828153 802472.8
625.2727807526853 990021.4
625.3354651850062 1320979.8
625.398388679778 1492652.4
625.4615512370008 1480436.5
625.5249528566744 1373853.8
625.5885935387989 1525144.4
625.6524732833743 2082197.6
625.7165920904006 2711367.5
625.7809499598777 3081000.0
625.8455468918058 3699922.8
625.9103828861847 3814495.5
625.9754579430146 3256098.0
626.0407720622953 2941412.5
626.106325244027 3279025.0
626.1721174882094 2630480.0
626.2381487948429 2008529.0
626.3044191639272 1982996.8
626.3709285954623 1782217.8
626.4376770894484 1753694.0
626.5046646458853 1266087.8
626.5718912647732 1128345.1
626.6393569461119 1221022.8
626.7070616899016 1269573.0
626.7750054961421 1210738.2
626.8431883648335 1304041.0
626.9116102959758 1524448.5
626.980271289569 1156175.8
627.0491713456131 1191206.0
627.1183104641082 985125.0
627.1876886450539 1272919.8
627.2573058884507 1145555.6
627.3271621942984 1153781.1
627.3972575625968 1364489.2
627.4675919933463 1496274.4
627.5381654865465 1511179.9
627.6089780421978 1612999.5
627.6800296602999 1888783.1
627.7513203408529 1985917.2
627.8228500838567 2053620.0
627.8946188893116 1843133.8
627.9666267572171 2113833.0
628.0388736875738 2397908.0
628.1113596803812 2474633.2
628.1840847356395 2308342.8
628.2570488533487 1777329.0
628.3302520335087 1893800.8
628.4036942761198 1780607.5
628.4773755811816 1737029.2
628.5512959486945 1691212.5
628.6254553786581 1460375.0
628.6998538710727 2248715.0
628.7744914259381 2734416.5
628.8493680432545 2783419.8
628.9244837230217 2485923.0
628.9998384652398 2469857.2
629.0754322699088 2243621.0
629.1512651370288 2050927.5
629.2273370665995 2388544.5
629.3036480586212 2835372.5
629.3801981130938 2967662.5
629.4569872300171 2788424.0
629.5340154093916 2629158.8
629.6112826512167 2493777.8
629.6887889554929 2393532.5
629.7665343222199 2411054.0
629.8445187513979 1730265.2
629.9227422430266 1319737.5
630.0012047971064 1401019.0
630.0799064136369 1280022.4
630.1588470926184 1311370.0
630.2380268340507 1014564.06
630.317445637934 1557136.5
630.3971035042681 1925370.8
630.4770004330533 1729922.4
630.5571364242891 1328619.4
630.6375114779759 1162548.2
630.7181255941136 1392017.0
630.7989787727022 1484443.6
630.8800710137417 1374575.1
630.961402317232 1464568.0
631.0429726831734 1569010.6
631.1247821115654 1678245.0
631.2068306024086 1535035.2
631.2891181557025 1460541.8
631.3716447714473 1158105.1
631.454410449643 1041749.75
631.5374151902896 1173555.8
631.6206589933871 1257086.1
631.7041418589355 1425081.1
631.7878637869347 1311337.6
631.8718247773849 1409686.0
631.956024830286 1592308.2
632.0404639456378 1595270.1
632.1251421234408 1972038.1
632.2100593636944 2146061.0
632.2952156663991 2145878.2
632.3806110315546 2241786.5
632.4662454591611 2192621.5
632.5521189492183 1813245.1
632.6382315017265 1682326.0
632.7245831166855 1581202.6
632.8111737940956 1476063.9
632.8980035339563 1166261.8
632.985072336268 1441776.2
633.0723802010307 1907750.5
633.1599271282441 2063538.2
633.2477131179087 1409658.1
633.3357381700239 1635666.1
633.4240022845902 1523100.8
633.5125054616071 1599141.9
633.6012477010752 2389893.0
633.690229002994 2389138.8
633.7794493673638 2181384.8
633.8689087941844 1695170.0
633.958607283456 1426955.1
634.0485448351784 1900880.5
634.1387214493517 2094840.2
634.2291371259759 1681205.5
634.3197918650509 1696915.0
634.4106856665769 1393587.2
634.5018185305538 1500904.5
634.5931904569816 1483090.0
634.6848014458602 1339553.9
634.7766514971898 1170769.9
634.8687406109701 646370.5
634.9610687872016 876012.1
635.0536360258837 965232.25
635.1464423270169 1232404.0
635.2394876906009 1072952.0
635.3327721166357 943174.7
635.4262956051215 853630.94
635.5200581560582 931438.75
635.6140597694457 918053.5
635.7083004452841 787875.3
635.8027801835735 693529.75
635.8974989843136 552382.2
635.9924568475049 614828.44
636.0876537731468 608972.44
636.1830897612398 902601.9
636.2787648117835 1435936.9
636.3746789247782 1584955.6
636.4708321002237 1096366.1
636.5672243381202 1069734.0
636.6638556384676 1263330.2
636.7607260012659 1393902.5
636.857835426515 1630894.2
636.9551839142149 1627417.6
637.0527714643658 1606002.2
637.1505980769675 1434923.6
637.2486637520203 1787797.0
637.3469684895239 1722408.1
637.4455122894784 1407762.6
637.5442951518837 1316412.0
637.64331707674 1234002.4
637.742578064047 1293290.5
637.8420781138052 1169975.1
637.941817226014 1236186.1
638.0417954006739 1301586.4
638.1420126377845 1116464.0
638.2424689373462 1149403.4
638.3431642993586 1419771.0
638.444098723822 1210064.0
638.5452722107362 909773.5
638.6466847601014 988499.3
638.7483363719175 958389.44
638.8502270461844 943565.1
638.9523567829023 1129169.8
639.0547255820709 1385943.8
639.1573334436905 1081560.8
639.260180367761 1284642.4
639.3632663542825 1567353.1
639.4665914032546 1559600.0
639.5701555146778 1282200.5
639.6739586885519 1088337.4
639.7780009248769 1461537.0
639.8822822236526 1313288.9
639.9868025848793 1471096.0
640.091562008557 1706820.0
640.1965604946854 1890757.6
640.3017980432649 2057556.9
640.4072746542952 2155488.5
640.5129903277764 2064174.9
640.6189450637083 1808191.4
640.7251388620914 1613652.6
640.8315717229252 1360679.4
640.93824364621 1560973.5
641.0451546319456 1564894.0
641.1523046801321 1416729.2
641.2596937907695 1374090.1
641.3673219638578 1207118.4
641.4751891993969 861067.0
641.583295497387 1029264.3
641.691640857828 892894.75
641.8002252807198 1377741.8
641.9090487660626 1444979.4
642.0181113138563 1484857.0
642.1274129241008 1288805.6
642.2369535967962 1170295.0
642.3467333319426 1257061.0
642.4567521295397 1487202.2
642.5670099895879 1558215.6
642.6775069120868 1747894.0
642.7882428970366 1446679.8
642.8992179444374 1626399.5
643.010432054289 1431159.4
643.1218852265915 1305658.2
643.2335774613449 1205641.6
643.3455087585494 1229756.6
643.4576791182045 1332485.1
643.5700885403106 1437021.0
643.6827370248676 1118567.2
643.7956245718756 1236485.8
643.9087511813342 1102053.9
644.0221168532439 1333794.2
644.1357215876045 1005570.3
644.249565384416 978080.0
644.3636482436782 1468800.8
644.4779701653915 1352833.1
644.5925311495556 1082062.0
644.7073311961706 1074774.8
644.8223703052365 1143368.6
644.9376484767532 1221157.0
645.0531657107209 1185702.0
645.1689220071395 1243444.9
645.2849173660089 1330258.8
645.4011517873292 1246492.4
645.5176252711005 1264349.8
645.6343378173226 978796.5
645.7512894259957 949220.5
645.8684800971196 1112309.9
645.9859098306944 1097504.9
646.10357862672 1072271.1
646.2214864851966 1050779.2
646.3396334061241 1514085.8
646.4580193895024 1202557.2
646.5766444353317 1107286.2
646.6955085436118 1263197.6
646.8146117143428 1206614.8
646.9339539475247 1128109.4
647.0535352431576 1228426.4
647.1733556012413 1138774.5
647.2934150217759 1213191.5
647.4137135047613 1225040.4
647.5342510501977 881318.2
647.6550276580849 1074918.6
647.7760433284232 956174.75
647.8972980612122 1163516.8
648.018791856452 1416864.0
648.1405247141429 1364976.8
648.2624966342845 1220361.6
648.3847076168772 1283799.0
648.5071576619206 1186111.4
648.629846769415 1423087.4
648.7527749393603 1411305.6
648.8759421717565 1104849.2
648.9993484666035 1142168.2
649.1229938239015 1088538.4
649.2468782436503 1190762.6
649.3710017258501 1135875.8
649.4953642705007 1164488.9
649.6199658776021 1110949.2
649.7448065471544 916966.75
649.8698862791578 978373.7
649.9952050736119 1080286.2
650.120762930517 1352499.2
650.2465598498729 1090653.2
650.3725958316797 1263757.0
650.4988708759375 1385966.5
650.6253849826461 1332951.4
650.7521381518056 1196681.4
650.879130383416 1076373.5
651.0063616774773 1282764.8
651.1338320339895 1210367.6
651.2615414529527 1315261.2
651.3894899343666 1177728.0
651.5176774782313 729219.25
651.6461040845472 848378.4
651.7747697533138 1008721.56
651.9036744845314 1010406.5
652.0328182781997 1025875.94
652.162201134319 797674.6
652.2918230528892 1042760.25
652.4216840339103 1148349.9
652.5517840773823 1108645.6
652.6821231833052 1181368.2
652.8127013516789 1119231.8
652.9435185825037 1241230.1
653.074574875779 1282725.5
653.2058702315056 1415284.9
653.3374046496829 1442881.1
653.469178130311 1346545.6
653.6011906733902 1250765.2
653.73344227892 1061617.6
653.865932946901 1136388.5
653.9986626773327 1043257.4
654.1316314702154 1061048.0
654.2648393255489 978006.75
654.3982862433335 1092784.0
654.5319722235687 1316559.9
654.665897266255 1197387.6
654.8000613713921 1238746.0
654.9344645389801 1047852.75
655.069106769019 863490.1
655.2039880615088 889216.25
655.3391084164494 986735.5
655.4744678338409 1035599.0
655.6100663136834 1283642.8
655.7459038559767 1235690.2
655.881980460721 1181651.0
656.0182961279161 1340043.0
656.1548508575621 1440240.1
656.291644649659 1518397.4
656.4286775042068 1357145.8
656.5659494212055 1627556.0
656.7034604006551 1443820.0
656.8412104425555 1273865.2
656.9791995469069 1224198.6
657.117427713709 1203656.0
657.2558949429622 1051661.9
657.3946012346663 1251537.6
657.5335465888211 1445360.5
657.672731005427 1364675.0
657.8121544844836 1177291.9
657.9518170259913 772617.6
658.0917186299497 992429.94
658.2318592963591 1009380.5
658.3722390252193 1000149.9
658.5128578165305 1152234.0
658.6537156702925 1142644.4
658.7948125865055 1017227.5
658.9361485651692 937313.6
659.077723606284 1135444.9
659.2195377098495 1473613.8
659.361590875866 1472961.8
659.5038831043335 1090412.2
659.6464143952517 821003.5
659.7891847486209 1009736.75
659.9321941644408 1024486.8
660.0754426427119 1037923.9
660.2189301834336 528111.44
660.3626567866064 1014861.0
660.50662245223 1251854.2
660.6508271803045 1141980.5
660.7952709708298 1015129.5
660.9399538238061 985506.2
661.0848757392333 1175683.5
661.2300367171114 1135352.5
661.3754367574403 1072165.0
661.5210758602201 1099050.1
661.6669540254509 1109104.0
661.8130712531324 1144656.8
661.9594275432651 949054.5
662.1060228958484 835365.56
662.2528573108827 788976.0
662.3999307883678 697184.25
662.5472433283039 866758.5
662.6947949306908 946683.0
662.8425855955288 731050.06
662.9906153228175 735388.06
663.1388841125572 966948.06
663.2873919647476 944947.56
663.436138879389 733881.25
663.5851248564813 734061.94
663.7343498960245 1011121.8
663.8838139980186 1074510.1
664.0335171624636 1057129.4
664.1834593893594 1186451.0
664.3336406787062 1345369.2
664.4840610305039 985463.9
664.6347204447524 840526.8
664.7856189214518 963483.44
664.936756460602 907435.1
665.0881330622034 890460.3
665.2397487262554 886649.9
665.3916034527584 945855.3
665.5436972417123 1014818.8
665.6960300931171 1123628.9
665.8486020069727 1225590.0
666.0014129832791 1187713.1
666.1544630220367 1146793.5
666.3077521232449 829551.3
666.4612802869042 930633.9
666.6150475130142 956160.3
666.7690538015753 816739.94
666.9232991525871 1000676.6
667.07778356605 1153885.6
667.2325070419636 1291889.6
667.3874695803282 1377316.9
667.5426711811436 1171984.8
667.69811184441 1593417.2
667.8537915701272 1543398.5
668.0097103582953 1464164.9
668.1658682089143 1411888.6
668.3222651219842 1700219.0
668.4789010975051 1598346.0
668.6357761354766 1356920.2
668.7928902358992 1445314.0
668.9502433987727 1238913.6
669.1078356240971 1115014.0
669.2656669118722 907962.2
669.4237372620985 1071532.1
669.5820466747754 1257953.1
669.7405951499034 1183824.5
669.8993826874821 1075243.8
670.0584092875117 1128249.1
670.2176749499924 999431.2
670.3771796749238 933457.6
670.5369234623063 909679.06
670.6969063121394 905065.75
670.8571282244236 1015408.2
671.0175891991586 1009968.75
671.1782892363447 1206652.9
671.3392283359814 1119023.5
671.5004064980691 988340.0
671.6618237226077 1126257.4
671.8234800095972 1087267.0
671.9853753590376 1121620.5
672.1475097709289 1184469.6
672.309883245271 1055485.6
672.472495782064 1142731.0
672.635347381308 1086694.2
672.7984380430028 939763.0
672.9617677671484 1234018.8
673.125336553745 1352479.0
673.2891444027925 1112270.8
673.453191314291 1248983.8
673.6174772882403 1178097.4
673.7820023246404 1093336.8
673.9467664234915 959906.3
674.1117695847934 865628.1
674.2770118085463 1009075.25
674.4424930947499 1087865.6
674.6082134434046 1010824.44
674.7741728545101 1307918.2
674.9403713280664 1087811.0
675.1068088640737 1017463.1
675.2734854625319 1102700.1
675.440401123441 1223074.2
675.6075558468009 1346074.8
675.7749496326118 1820147.0
675.9425824808735 1559678.0
676.1104543915861 1747942.4
676.2785653647496 1942416.0
676.4469154003641 1903303.8
676.6155044984293 1854034.5
676.7843326589456 1835321.8
676.9533998819127 1321285.1
677.1227061673306 1156407.2
677.2922515151995 1235060.1
677.4620359255191 1091892.6
677.6320593982898 1095191.8
677.8023219335114 1166315.8
677.9728235311838 1170864.9
678.1435641913071 1404517.4
678.3145439138814 1441601.1
678.4857626989063 1177515.2
678.6572205463824 1024476.94
678.8289174563092 1011971.25
679.000853428687 1246387.4
679.1730284635156 1386134.2
679.3454425607953 1480978.5
679.5180957205256 1318812.5
679.690987942707 1120308.6
679.8641192273392 1218413.5
680.0374895744222 1049601.1
680.2110989839563 1163329.1
680.3849474559411 1378623.0
680.559034990377 1289496.4
680.7333615872635 1585656.8
680.9079272466012 1492473.8
681.0827319683896 1309140.2
681.257775752629 1128822.2
681.4330585993191 1148145.1
681.6085805084602 1347884.0
681.7843414800523 1277734.5
681.9603415140951 1243279.8
682.1365806105889 1398746.2
682.3130587695335 1282482.1
682.4897759909292 1004106.94
682.6667322747755 1086370.4
682.8439276210729 1024648.9
683.0213620298211 1124351.4
683.1990355010204 1092657.8
683.3769480346702 1091166.6
683.5550996307712 1006029.0
683.7334902893231 1013475.9
683.9121200103258 1074618.1
684.0909887937793 1030139.5
684.2700966396839 1041326.3
684.4494435480391 1085778.0
684.6290295188454 960596.56
684.8088545521025 1116272.9
684.9889186478105 1173288.2
685.1692218059694 1164171.0
685.3497640265792 1451235.5
685.5305453096399 1436317.8
685.7115656551515 1211597.8
685.8928250631141 1141891.8
686.0743235335274 1107748.6
686.2560610663917 919848.5
686.4380376617067 1163531.5
686.6202533194729 911096.5
686.8027080396897 1088953.2
686.9854018223576 1520185.5
687.1683346674763 1304983.0
687.351506575046 1181086.6
687.5349175450664 1004184.25
687.7185675775377 1107265.1
687.9024566724601 1209870.2
688.0865848298331 1636773.0
688.2709520496572 1377119.0
688.4555583319321 1430952.4
688.640403676658 1360728.5
688.8254880838347 1200028.2
689.0108115534624 1367686.2
689.1963740855408 1364736.1
689.3821756800703 1428986.0
689.5682163370506 1154771.8
689.7544960564818 1330684.0
689.9410148383638 1140359.8
690.1277726826967 1379961.2
690.3147695894805 1322091.2
690.5020055587153 1323702.8
690.689480590401 1297359.5
690.8771946845374 1408657.0
691.0651478411248 1456537.8
691.253340060163 1393117.5
691.4417713416524 1477725.0
691.6304416855924 1616155.8
691.8193510919834 1546574.5
692.0084995608252 1405745.1
692.197887092118 1534590.5
692.3875136858616 1289513.6
692.5773793420561 1294745.1
692.7674840607016 1224502.8
692.9578278417978 1110005.1
693.1484106853451 1158351.8
693.339232591343 1143293.2
693.5302935597921 1106876.0
693.7215935906919 1209401.9
693.9131326840427 1622851.5
694.1049108398444 1481641.8
694.2969280580969 1504896.9
694.4891843388003 1649795.6
694.6816796819547 1702144.4
694.8744140875599 1805531.0
695.067387555616 1870512.8
695.260600086123 1856985.8
695.4540516790809 1410058.2
695.6477423344896 1706043.5
695.8416720523492 1608526.9
696.0358408326598 1496809.2
696.2302486754212 1760771.5
696.4248955806336 1803583.8
696.6197815482967 1959912.5
696.814906578411 1820131.2
697.0102706709758 2006108.8
697.2058738259918 1919840.5
697.4017160434586 1955449.2
697.5977973233763 1958432.4
697.7941176657448 1803347.5
697.9906770705643 2097126.5
698.1874755378346 1953456.9
698.3845130675558 2031471.0
698.581789659728 2286367.8
698.779305314351 2642459.0
698.9770600314249 2538764.0
699.1750538109496 2184813.5
699.3732866529253 2260319.2
699.5717585573519 2192470.5
699.7704695242294 2075501.9
699.9694195535577 2172940.2
700.168608645337 2210248.2
700.3680367995671 1932215.6
700.5677040162482 2043144.8
700.7676102953801 2103797.0
700.9677556369629 2488050.2
701.1681400409966 2882746.0
701.368763507481 2751706.2
701.5696260364166 2783127.2
701.7707276278029 2817064.0
701.9720682816403 2897979.8
702.1736479979284 2740420.2
702.3754667766674 2472381.0
702.5775246178573 2650984.5
702.7798215214982 2310513.0
702.9823574875899 2250352.0
703.1851325161325 2439738.0
703.3881466071259 2322861.8
703.5913997605704 2299884.8
703.7948919764656 2301129.0
703.9986232548118 2278033.0
704.2025935956088 2612472.2
704.4068029988567 2466302.5
704.6112514645556 2703423.5
704.8159389927052 2563862.8
705.020865583306 2562355.2
705.2260312363574 2447291.0
705.4314359518598 2459496.5
705.6370797298131 2641189.0
705.8429625702173 2534240.8
706.0490844730723 2628235.2
706.2554454383783 2681986.2
706.4620454661351 2881275.2
706.6688845563428 2970502.2
706.8759627090014 3045329.5
707.0832799241109 3177395.2
707.2908362016714 3331795.0
707.4986315416826 2784983.8
707.7066659441448 2798731.0
707.9149394090579 3257609.0
708.1234519364218 3187714.5
708.3322035262366 3384686.2
708.5411941785025 3954959.8
708.750423893219 4210148.5
708.9598926703866 4223146.0
709.169600510005 3778827.8
709.3795474120743 3716695.2
709.5897333765945 3828735.2
709.8001584035657 3940346.5
710.0108224929876 4117783.0
710.2217256448604 4318200.5
710.4328678591842 4222736.0
710.6442491359588 4197765.0
710.8558694751844 4635769.5
711.0677288768608 4743035.0
711.2798273409882 5512920.5
711.4921648675663 6760952.5
711.7047414565955 8111897.5
711.9175571080754 9198815.0
712.1306118220064 10183774.0
712.343905598388 10081124.0
712.5574384372208 9938463.0
712.7712103385043 10408468.0
712.9852213022388 9573709.0
713.199471328424 8703010.0
713.4139604170601 8493594.0
713.6286885681474 9048518.0
713.8436557816852 9035728.0
714.0588620576742 8329235.0
714.274307396114 7663035.5
714.4899917970047 7628847.5
714.7059152603462 7316775.0
714.9220777861387 7822984.0
715.138479374382 8576792.0
715.3551200250763 9157907.0
715.5719997382214 10132378.0
715.7891185138174 11114039.0
716.0064763518642 10829866.0
716.224073252362 10658258.0
716.4419092153107 10424159.0
716.6599842407103 9716574.0
716.8782983285607 9063499.0
717.096851478862 8947801.0
717.3156436916144 8937066.0
717.5346749668174 8609030.0
717.7539453044715 8223915.0
717.9734547045764 7384319.5
718.1932031671322 5972556.0
718.4131906921389 5648944.0
718.6334172795965 5424524.5
718.853882929505 4844770.5
719.0745876418644 4428188.5
719.2955314166745 3792148.8
719.5167142539357 3343863.8
719.7381361536477 3914872.8
719.9597971158106 4108430.5
720.1816971404245 3541127.2
720.4038362274891 3281818.0
720.6262143770048 3718491.5
720.8488315889713 4088522.8
721.0716878633887 4184640.2
721.2947832002569 4812395.0
721.518117599576 5661390.5
721.741691061346 6395664.5
721.965503585567 8025549.0
722.1895551722389 9309929.0
722.4138458213616 10241806.0
722.6383755329352 11070838.0
722.8631443069596 11890876.0
723.0881521434351 12263134.0
723.3133990423613 11677745.0
723.5388850037385 12177891.0
723.7646100275665 12343556.0
723.9905741138455 12024148.0
724.2167772625753 11939660.0
724.4432194737561 12240224.0
724.6699007473876 11725576.0
724.8968210834703 11032684.0
725.1239804820036 11073316.0
725.3513789429879 11138119.0
725.579016466423 11678905.0
725.8068930523091 13051112.0
726.0350087006461 13831988.0
726.2633634114338 14783496.0
726.4919571846726 14563668.0
726.7207900203623 14952316.0
726.9498619185028 16087779.0
727.1791728790942 17251564.0
727.4087229021366 21511104.0
727.6385119876297 27508348.0
727.8685401355738 37018136.0
728.0988073459687 49345070.0
728.3293136188147 63334700.0
728.5600589541114 79716370.0
728.7910433518591 98297710.0
729.0222668120575 112413770.0
729.2537293347069 119759560.0
729.4854309198073 114788720.0
729.7173715673584 100310310.0
729.9495512773606 79875060.0
730.1819700498136 56886564.0
730.4146278847174 37158156.0
730.6475247820722 25543130.0
730.8806607418778 19776556.0
731.1140357641343 16238635.0
731.3476498488419 13496620.0
731.5815029960002 11579089.0
731.8155952056094 9709779.0
732.0499264776695 8214365.5
732.2844968121806 7370071.0
732.5193062091423 6080352.5
732.754354668555 5566792.5
732.9896421904187 5164494.0
733.2251687747333 4479378.0
733.4609344214988 4373079.5
733.6969391307151 4775558.0
733.9331829023823 5122894.5
734.1696657365004 5203233.0
734.4063876330695 5552004.5
734.6433485920893 6290936.0
734.8805486135602 6458932.0
735.1179876974818 6789888.0
735.3556658438545 6834139.5
735.5935830526778 6842564.5
735.8317393239522 7049217.5
736.0701346576775 6969877.5
736.3087690538534 6656399.0
736.5476425124806 5747485.0
736.7867550335584 5295690.0
737.0261066170873 5505735.0
737.265697263067 6365830.5
737.5055269714976 7444752.0
737.745595742379 8898718.0
737.9859035757114 10539744.0
738.2264504714947 13944482.0
738.4672364297288 18616052.0
738.7082614504138 24395650.0
738.9495255335498 32199698.0
739.1910286791365 44346704.0
739.4327708871742 58216296.0
739.6747521576629 74148110.0
739.9169724906022 87492290.0
740.1594318859927 95530150.0
740.4021303438338 98374190.0
740.6450678641261 93517670.0
740.8882444468691 81304470.0
741.131660092063 63799136.0
741.3753147997079 43022690.0
741.6192085698036 26857132.0
741.8633414023502 18538898.0
742.1077132973477 14602849.0
742.352324254796 12406529.0
742.5971742746954 11071755.0
742.8422633570456 8359801.0
743.0875915018465 6414058.0
743.3331587090985 5457137.5
743.5789649788013 4298455.5
743.8250103109551 3617223.5
744.0712947055597 3157976.0
744.3178181626151 2772706.5
744.5645806821216 2420851.5
744.8115822640789 2657867.0
745.058822908487 2558203.0
745.3063026153461 2435102.8
745.554021384656 2622938.5
745.801979216417 2391439.0
746.0501761106286 2474386.0
746.2986120672912 2959581.0
746.5472870864048 3285239.0
746.7962011679691 3874274.0
747.0453543119845 3984098.8
747.2947465184507 3523265.2
747.5443777873677 3414758.5
747.7942481187357 2846681.0
748.0443575125546 2617490.8
748.2947059688242 2392801.0
748.545293487545 2384236.2
748.7961200687164 2445315.0
749.0471857123389 2236416.5
749.2984904184123 1871304.9
749.5500341869365 1850287.4
749.8018170179115 1930338.2
750.0538389113375 1710852.8
750.3060998672144 1477905.0
750.558599885542 1551057.8
750.8113389663208 1610137.6
751.0643171095503 1444253.0
751.3175343152308 1418382.2
751.570990583362 1610658.2
751.8246859139442 1561773.2
752.0786203069773 1633258.2
752.3327937624614 1958833.5
752.5872062803962 2162242.0
752.841857860782 2245357.8
753.0967485036186 2227584.5
753.3518782089062 1841757.6
753.6072469766447 1878390.2
753.8628548068339 1943851.8
754.1187016994742 2009038.0
754.3747876545652 2370749.5
754.6311126721073 2953633.5
754.8876767521001 2910980.5
755.144479894544 2892879.5
755.4015220994386 2616564.0
755.6588033667842 2418279.5
755.9163236965807 2515794.2
756.1740830888281 2656825.5
756.4320815435262 2542583.0
756.6903190606754 2569757.0
756.9487956402754 2914657.5
757.2075112823263 2913327.2
757.4664659868281 2865110.0
757.7256597537807 2783426.2
757.9850925831844 2603245.0
758.2447644750388 2906256.2
758.5046754293442 3182679.0
758.7648254461004 3526512.0
759.0252145253075 3828464.0
759.2858426669656 4520772.0
759.5467098710745 4913111.0
759.8078161376343 4788088.5
760.069161466645 4423734.5
760.3307458581066 4507119.0
760.5925693120191 4508849.0
760.8546318283825 4527934.0
761.1169334071967 4082561.5
761.3794740484618 4176087.5
761.6422537521778 4264809.0
761.9052725183449 3805974.8
762.1685303469626 3906685.2
762.4320272380314 3630579.0
762.6957631915509 3694380.5
762.9597382075215 3572622.5
763.2239522859428 3782929.8
763.4884054268151 3963176.5
763.7530976301382 3406277.8
764.0180288959123 3668478.5
764.2831992241372 4135682.5
764.5486086148131 3871232.2
764.8142570679397 4027949.0
765.0801445835173 4210538.0
765.3462711615459 4309317.5
765.6126368020252 4689539.5
765.8792415049556 5271760.0
766.1460852703367 5421842.5
766.4131680981689 5585712.5
766.6804899884517 5949296.0
766.9480509411856 6066525.5
767.2158509563703 5874154.0
767.483890034006 5330585.5
767.7521681740925 4799329.0
768.0206853766299 4247576.0
768.2894416416182 4130705.5
768.5584369690574 4123429.5
768.8276713589474 4348434.5
769.0971448112883 4545048.0
769.3668573260802 4555733.0
769.636808903323 4597341.0
769.9069995430166 4852706.5
770.1774292451611 5611428.0
770.4480980097566 6003584.5
770.7190058368028 6514400.0
770.9901527263 6959573.0
771.2615386782481 6986719.0
771.5331636926471 7065029.5
771.805027769497 7372841.0
772.0771309087978 8818055.0
772.3494731105494 10585056.0
772.622054374752 13097451.0
772.8948747014053 15042548.0
773.1679340905096 16181871.0
773.4412325420649 16994960.0
773.714770056071 18818244.0
773.9885466325279 19524438.0
774.2625622714359 19184104.0
774.5368169727947 19075596.0
774.8113107366042 17289392.0
775.0860435628648 14260756.0
775.3610154515762 11894611.0
775.6362264027387 9074212.0
775.9116764163518 7180089.5
776.1873654924159 6134357.5
776.4632936309309 5788251.0
776.7394608318967 5361257.0
777.0158670953135 4965909.0
777.2925124211812 5330039.5
777.5693968094998 5575127.0
777.8465202602692 6116344.0
778.1238827734896 6979390.0
778.4014843491608 7153797.5
778.6793249872829 7048310.0
778.957404687856 8452394.0
779.23572345088 9880553.0
779.5142812763546 10647508.0
779.7930781642804 11225640.0
780.0721141146569 12747235.0
780.3513891274845 14027285.0
780.6309032027627 14973878.0
780.9106563404919 16792244.0
781.1906485406721 16960502.0
781.4708798033031 16572516.0
781.7513501283851 15331222.0
782.0320595159178 13996164.0
782.3130079659015 14421609.0
782.5941954783361 14846262.0
782.8756220532216 14598291.0
783.157287690558 14471145.0
783.4391923903453 14470111.0
783.7213361525834 13337919.0
784.0037189772725 12546374.0
784.2863408644123 11928834.0
784.5692018140032 11898516.0
784.8523018260448 11582556.0
785.1356409005374 12041330.0
785.419219037481 13886614.0
785.7030362368753 14292832.0
785.9870924987206 14050839.0
786.2713878230167 13935086.0
786.5559222097638 14585869.0
786.8406956589616 13859266.0
787.1257081706106 13689088.0
787.4109597447102 12910364.0
787.6964503812609 12321929.0
787.9821800802623 12527580.0
788.2681488417147 13679555.0
788.554356665618 13825756.0
788.8408035519722 13777736.0
789.1274895007773 14671744.0
789.4144145120331 14467659.0
789.70157858574 14169295.0
789.9889817218977 14979265.0
790.2766239205064 15871560.0
790.5645051815659 16483200.0
790.8526255050763 16536501.0
791.1409848910375 19339160.0
791.4295833394498 21052158.0
791.7184208503128 22856638.0
792.0074974236268 25237240.0
792.2968130593916 27515380.0
792.5863677576074 28537868.0
792.876161518274 29346712.0
793.1661943413915 31061952.0
793.45646622696 33110036.0
793.7469771749792 32412542.0
794.0377271854495 31342628.0
794.3287162583705 30829784.0
794.6199443937426 29935108.0
794.9114115915653 29767370.0
795.2031178518391 30523822.0
795.4950631745637 31705312.0
795.7872475597393 32699548.0
796.0796710073657 33210832.0
796.372333517443 34254890.0
796.6652350899712 35601496.0
796.9583757249504 36287236.0
797.2517554223803 39172464.0
797.5453741822612 42272870.0
797.839232004593 45313696.0
798.1333288893755 47507156.0
798.4276648366092 50203056.0
798.7222398462935 52721290.0
799.0170539184289 53948330.0
799.3121070530151 56465730.0
799.6073992500523 59149936.0
799.9029305095402 60507120.0
800.1987008314792 62559864.0
800.4947102158688 62083400.0
800.7909586627096 61657876.0
801.0874461720011 62167324.0
801.3841727437435 62160116.0
801.6811383779369 61657064.0
801.9783430745811 61126880.0
802.2757868336762 61157100.0
802.5734696552222 57109670.0
802.8713915392192 53174144.0
803.1695524856669 51924720.0
803.4679524945657 49828144.0
803.7665915659152 47559996.0
804.0654696997157 47166440.0
804.364586895967 48177240.0
804.6639431546693 49639700.0
804.9635384758224 49879630.0
805.2633728594265 50097790.0
805.5634463054813 52597090.0
805.863758813987 54440080.0
806.1643103849437 56453644.0
806.4651010183513 57853144.0
806.7661307142098 57692856.0
807.0673994725191 58041324.0
807.3689072932794 58311756.0
807.6706541764905 58682940.0
807.9726401221526 59785790.0
808.2748651302655 62758750.0
808.5773292008294 67081356.0
808.880032333844 75867416.0
809.1829745293097 87467700.0
809.4861557872262 100829810.0
809.7895761075936 116298000.0
810.0932354904118 129032460.0
810.3971339356808 145446200.0
810.701271443401 165362930.0
811.0056480135719 179246800.0
811.3102636461938 191018560.0
811.6151183412665 205338100.0
811.9202120987901 208380720.0
812.2255449187645 204751220.0
812.5311168011899 196713380.0
812.8369277460662 180174430.0
813.1429777533934 163400620.0
813.4492668231715 147379060.0
813.7557949554005 131508600.0
814.0625621500802 121089230.0
814.3695684072109 111721720.0
814.6768137267925 104257360.0
814.984298108825 99771580.0
815.2920215533085 92119870.0
815.5999840602427 86169630.0
815.908185629628 83162824.0
816.216626261464 76096456.0
816.5253059557509 69599030.0
816.8342247124888 64535180.0
817.1433825316776 57809890.0
817.4527794133171 50698560.0
817.7624153574077 45251410.0
818.072290363949 40344376.0
818.3824044329415 37942816.0
818.6927575643846 36914190.0
819.0033497582787 37262148.0
819.3141810146236 39439184.0
819.6252513334194 42698290.0
819.9365607146663 47300050.0
820.2481091583638 51594256.0
820.5598966645124 57355540.0
820.8719232331118 64956070.0
821.1841888641621 73803910.0
821.4966935576633 82001580.0
821.8094373136155 92095260.0
822.1224201320184 106281390.0
822.4356420128723 124855080.0
822.749102956177 142572000.0
823.0628029619327 162721780.0
823.3767420301392 183059420.0
823.6909201607966 202350900.0
824.005337353905 221640320.0
824.3199936094642 241920460.0
824.6348889274743 254547920.0
824.9500233079352 260283070.0
825.2653967508472 259948770.0
825.5810092562099 243809060.0
825.8968608240236 217915340.0
826.2129514542881 182440340.0
826.5292811470036 142855870.0
826.8458499021699 104257530.0
827.1626577197871 74517420.0
827.4797045998553 56216984.0
827.7969905423743 44633576.0
828.1145155473441 35681196.0
828.4322796147649 29815780.0
828.7502827446367 25386852.0
829.0685249369592 21651844.0
829.3870061917327 17690484.0
829.705726508957 15248935.0
830.0246858886322 12910991.0
830.3438843307583 11666039.0
830.6633218353354 9627372.0
830.9829984023633 8954329.0
831.3029140318422 9357219.0
831.6230687237718 9009614.0
831.9434624781525 8136619.0
832.2640952949838 8297072.0
832.5849671742662 8461519.0
832.9060781159994 8104359.0
833.2274281201835 9075486.0
833.5490171868187 9107421.0
833.8708453159045 9254032.0
834.1929125074414 8669968.0
834.515218761429 8717756.0
834.8377640778676 8580767.0
835.160548456757 8532441.0
835.4835718980975 9602989.0
835.8068344018886 10873961.0
836.1303359681309 12121161.0
836.4540765968239 12399304.0
836.778056287968 12261610.0
837.1022750415626 13523964.0
837.4267328576084 14510664.0
837.7514297361049 14839911.0
838.0763656770524 15336650.0
838.4015406804508 16077968.0
838.7269547463001 16562698.0
839.0526078746003 16813218.0
839.3785000653513 17241578.0
839.7046313185533 18257992.0
840.0310016342061 17959746.0
840.3576110123099 17141678.0
840.6844594528644 16969968.0
841.01154695587 17288074.0
841.3388735213264 17359826.0
841.6664391492336 17036762.0
841.9942438395917 17399232.0
842.3222875924008 18685508.0
842.6505704076608 19950918.0
842.9790922853716 19630292.0
843.3078532255333 19831088.0
843.636853228146 20168872.0
843.9660922932096 18948960.0
844.2955704207238 17391964.0
844.6252876106893 17063870.0
844.9552438631054 17110938.0
845.2854391779725 17638902.0
845.6158735552905 17472700.0
845.9465469950594 18889190.0
846.2774594972791 19378718.0
846.6086110619498 18813136.0
846.9400016890712 20405362.0
847.2716313786436 23874236.0
847.603500130667 27947550.0
847.9356079451411 31775864.0
848.2679548220663 35188264.0
848.6005407614422 36880856.0
848.9333657632692 38787670.0
849.2664298275467 42266730.0
849.5997329542755 46123480.0
849.933275143455 49489044.0
850.2670563950855 51239200.0
850.6010767091668 50323996.0
850.935336085699 49747396.0
851.2698345246821 49398700.0
851.6045720261161 48291760.0
851.939548590001 47963560.0
852.2747642163367 47726420.0
852.6102189051235 45146280.0
852.9459126563609 42056550.0
853.2818454700493 39193270.0
853.6180173461887 35576908.0
853.9544282847789 29836500.0
854.29107828582 27127336.0
854.627967349312 25086340.0
854.9650954752549 24862800.0
855.3024626636488 25895210.0
855.6400689144934 25539488.0
855.9779142277889 26893380.0
856.3159986035355 27878110.0
856.6543220417327 29272730.0
856.992884542381 31655296.0
857.33168610548 33877770.0
857.6707267310301 36161680.0
858.010006419031 37815156.0
858.3495251694828 39437670.0
858.6892829823855 42140780.0
859.0292798577391 44613460.0
859.3695157955435 48062244.0
859.709990795799 52432380.0
860.0507048585051 57142996.0
860.3916579836623 59937790.0
860.7328501712702 62034920.0
861.0742814213293 62701490.0
861.415951733839 63487176.0
861.7578611087997 65755160.0
862.1000095462114 66479484.0
862.4423970460737 66411170.0
862.7850236083872 67130100.0
863.1278892331513 65207450.0
863.4709939203666 59546584.0
863.8143376700325 52998744.0
864.1579204821496 47340980.0
864.5017423567174 40802176.0
864.845803293736 34989330.0
865.1901032932057 30156902.0
865.5346423551262 24381370.0
865.8794204794975 21059350.0
866.2244376663198 20531608.0
866.569693915593 21031168.0
866.9151892273169 22340432.0
867.2609236014919 24758110.0
867.6068970381177 25971296.0
867.9531095371945 28231808.0
868.299561098722 30040812.0
868.6462517227006 32725092.0
868.9931814091299 35774790.0
869.3403501580103 39803024.0
869.6877579693414 44976460.0
870.0354048431236 49541920.0
870.3832907793565 54804560.0
870.7314157780402 58874960.0
871.079779839175 59140144.0
871.4283829627606 61577216.0
871.7772251487971 63785584.0
872.1263063972845 66159124.0
872.4756267082229 69288184.0
872.825186081612 70953590.0
873.1749845174521 70926830.0
873.525022015743 67428290.0
873.875298576485 62671304.0
874.2258141996776 54317410.0
874.5765688853213 46193620.0
874.9275626334158 40515904.0
875.2787954439613 38339040.0
875.6302673169575 38498864.0
875.9819782524048 37318852.0
876.3339282503027 37656904.0
876.6861173106518 37752250.0
877.0385454334516 36501644.0
877.3912126187024 35480224.0
877.744118866404 35276090.0
878.0972641765566 33048952.0
878.45064854916 29960532.0
878.8042719842143 26606332.0
879.1581344817196 23869530.0
879.5122360416756 21183604.0
879.8665766640827 17755100.0
880.2211563489404 15438652.0
880.5759750962493 13649696.0
880.9310329060089 13238256.0
881.2863297782194 13933516.0
881.6418657128809 14618438.0
881.9976407099932 14945978.0
882.3536547695564 15298925.0
882.7099078915705 15775295.0
883.0664000760355 16434104.0
883.4231313229513 15945850.0
883.7801016323183 15301334.0
884.1373110041359 16278606.0
884.4947594384045 16921622.0
884.8524469351239 16555905.0
885.2103734942943 15887781.0
885.5685391159154 15555560.0
885.9269437999875 14834096.0
886.2855875465107 13903404.0
886.6444703554844 13344645.0
887.0035922269093 13644942.0
887.3629531607849 14699221.0
887.7225531571116 14749832.0
888.082392215889 14583404.0
888.4424703371174 14525920.0
888.8027875207965 15823478.0
889.1633437669268 17812318.0
889.5241390755077 19318634.0
889.8851734465397 19484212.0
890.2464468800224 20381604.0
890.6079593759562 22913484.0
890.9697109343408 25347824.0
891.3317015551763 26393896.0
891.6939312384626 27573550.0
892.0563999841997 31750418.0
892.419107792388 34681796.0
892.7820546630269 37182216.0
893.145240596117 41414560.0
893.5086655916577 45281200.0
893.8723296496495 47200690.0
894.2362327700921 49299244.0
894.6003749529856 50331370.0
894.96475619833 50973696.0
895.3293765061252 52836040.0
895.6942358763713 56685570.0
896.0593343090684 59673956.0
896.4246718042164 62194164.0
896.7902483618151 65422330.0
897.1560639818649 65506490.0
897.5221186643654 64093100.0
897.888412409317 57900124.0
898.2549452167193 49407616.0
898.6217170865726 39095800.0
898.9887280188768 28679262.0
899.3559780136319 20621638.0
899.7234670708378 17067478.0
900.0911951904947 15522898.0
900.4591623726023 13628064.0
900.827368617161 12016821.0
901.1958139241705 11119040.0
901.5644982936308 10512659.0
901.9334217255422 10303602.0
902.3025842199042 10272985.0
902.6719857767174 10284582.0
903.0416263959813 9082749.0
903.4115060776962 8808691.0
903.7816248218619 10063969.0
904.1519826284787 10389688.0
904.5225794975461 9700827.0
904.8934154290646 9704586.0
905.2644904230337 9414442.0
905.635804479454 9552504.0
906.0073575983251 10184904.0
906.3791497796472 10380070.0
906.7511810234199 9914104.0
907.1234513296438 9312279.0
907.4959606983184 9118468.0
907.8687091294438 8505178.0
908.2416966230203 8491603.0
908.6149231790475 8330083.0
908.9883887975259 7490682.0
909.3620934784549 8131251.0
909.736037221835 8056524.0
910.1102200276657 7622500.5
910.4846418959476 6988977.0
910.8593028266802 7001805.0
911.2342028198638 7279032.5
911.6093418754981 7346540.5
911.9847199935836 7976164.5
912.3603371741196 7980620.0
912.7361934171067 7849775.0
913.1122887225448 8099244.5
913.4886230904336 8928171.0
913.8651965207735 9282871.0
914.242009013564 10001321.0
914.6190605688057 10945518.0
914.996351186498 10952790.0
915.3738808666415 10958430.0
915.7516496092356 11389332.0
916.1296574142808 12195870.0
916.5079042817767 12926374.0
916.8863902117237 13860385.0
917.2651152041215 13126864.0
917.6440792589702 12817108.0
918.0232823762697 12410806.0
918.4027245560201 12299964.0
918.7824057982216 12316768.0
919.1623261028737 11797060.0
919.542485469977 11939938.0
919.9228838995309 11086911.0
920.3035213915359 11201120.0
920.6843979459916 11302114.0
921.0655135628983 11348424.0
921.446868242256 12280500.0
921.8284619840645 12498868.0
922.2102947883237 13787646.0
922.5923666550341 14569085.0
922.9746775841952 13505334.0
923.3572275758072 13766784.0
923.7400166298701 13551869.0
924.1230447463838 14339595.0
924.5063119253487 16229395.0
924.8898181667641 17262166.0
925.2735634706307 18615216.0
925.657547836948 17718884.0
926.0417712657163 17346132.0
926.4262337569354 16355658.0
926.8109353106056 14954411.0
927.1958759267263 14085990.0
927.5810556052983 14069964.0
927.966474346321 14504026.0
928.3521321497947 13374919.0
928.7380290157191 12736904.0
929.1241649440944 12418378.0
929.5105399349206 12106014.0
929.8971539881978 12425495.0
930.2840071039259 11600905.0
930.6710992821048 10550598.0
931.0584305227347 9698645.0
931.4460008258154 9744458.0
931.8338101913471 9233732.0
932.2218586193296 8229000.5
932.610146109763 7172188.0
932.9986726626472 6041051.0
933.3874382779825 4919258.5
933.7764429557685 4050651.5
934.1656866960054 3286507.2
934.5551694986933 3068799.5
934.9448913638321 3515600.2
935.3348522914216 3389929.0
935.7250522814621 2983519.8
936.1154913339535 3017957.5
936.5061694488959 2955667.5
936.8970866262891 2613909.0
937.288242866133 2935281.2
937.6796381684281 3083309.0
938.0712725331739 3232435.0
938.4631459603708 3626145.2
938.8552584500184 3640710.5
939.247610002117 3573684.8
939.6402006166663 4016765.2
940.0330302936667 4247951.5
940.4260990331178 4284944.0
940.8194068350199 4247126.5
941.212953699373 4759973.0
941.6067396261767 4969624.5
942.0007646154315 4419303.0
942.3950286671371 4074729.5
942.7895317812938 4190525.0
943.184273957901 4400721.0
943.5792551969595 4292807.5
943.9744754984687 3566856.2
944.3699348624289 3414442.2
944.7656332888398 3858325.5
945.1615707777016 2900446.5
945.5577473290144 2703673.8
945.9541629427781 2965415.5
946.3508176189927 3613676.5
946.7477113576581 3882518.8
947.1448441587745 3425960.0
947.5422160223416 3613225.0
947.9398269483597 4046799.8
948.3376769368288 4338829.0
948.7357659877487 4507910.5
949.1340941011194 4444442.5
949.5326612769411 4231878.0
949.9314675152136 4586808.5
950.3305128159373 5080662.5
950.7297971791115 5213995.0
951.1293206047367 5568769.5
951.5290830928128 5590363.0
951.9290846433399 5438516.0
952.3293252563178 5156977.0
952.7298049317465 5164991.0
953.1305236696262 5397615.5
953.5314814699568 5278287.5
953.9326783327383 5417198.0
954.3341142579707 5016308.0
954.7357892456539 4908299.0
955.137703295788 5174238.0
955.5398564083731 5440007.0
955.942248583409 5423677.5
956.3448798208958 4439629.0
956.7477501208334 4187354.0
957.1508594832221 4268408.0
957.5542079080615 3713693.8
957.9577953953519 3559837.0
958.3616219450932 3530526.0
958.7656875572852 4267695.5
959.1699922319283 4539366.0
959.5745359690222 4251382.0
959.979318768567 3989312.2
960.3843406305627 3972964.0
960.7896015550094 3464291.0
961.1951015419069 3920734.0
961.6008405912553 4470014.5
962.0068187030545 5145994.0
962.4130358773048 5076908.0
962.8194921140057 5158952.0
963.2261874131577 5344975.0
963.6331217747605 5157265.5
964.0402951988142 5472104.0
964.4477076853188 5318087.5
964.8553592342744 5102443.5
965.2632498456808 5426602.0
965.671379519538 5373815.0
966.0797482558462 5707176.0
966.4883560546052 5945087.0
966.8972029158153 5120508.0
967.3062888394761 4057470.2
967.7156138255879 3818765.2
968.1251778741505 3795437.5
968.534980985164 3763152.5
968.9450231586284 3411680.5
969.3553043945437 3539527.2
969.7658246929099 3454233.8
970.1765840537269 3186948.0
970.5875824769948 2663965.5
970.9988199627137 2706153.5
971.4102965108834 2927591.0
971.822012121504 2681372.8
972.2339667945757 2814880.2
972.6461605300981 3090299.5
973.0585933280714 3666945.2
973.4712651884955 3876728.5
973.8841761113707 4370673.5
974.2973260966967 4730119.5
974.7107151444736 4986309.0
975.1243432547012 5176225.5
975.5382104273799 5419276.0
975.9523166625095 5748408.0
976.3666619600898 6375384.5
976.7812463201212 6292125.0
977.1960697426034 6738672.0
977.6111322275365 6734550.5
978.0264337749204 7485414.0
978.4419743847554 7341753.0
978.8577540570411 7069388.0
979.2737727917779 7481809.0
979.6900305889653 7010984.0
980.1065274486039 6587585.5
980.523263370693 6095070.0
980.9402383552333 6210242.5
981.3574524022245 5912090.5
981.7749055116664 5896634.0
982.1925976835594 6055854.5
982.6105289179031 6566644.0
983.0286992146978 7868397.5
983.4471085739433 9071791.0
983.8657569956398 9213440.0
984.2846444797872 9609322.0
984.7037710263854 9192391.0
985.1231366354345 10511695.0
985.5427413069345 11503435.0
985.9625850408854 11894544.0
986.3826678372873 10191111.0
986.8029896961399 10206627.0
987.2235506174435 10643871.0
987.6443506011979 10277726.0
988.0653896474032 10364808.0
988.4866677560595 9988745.0
988.9081849271665 9828930.0
989.3299411607247 9368656.0
989.7519364567336 8653335.0
990.1741708151934 7725735.5
990.5966442361041 6981037.0
991.0193567194657 7211700.5
991.4423082652781 6904530.0
991.8654988735416 6592331.0
992.2889285442558 6302515.0
992.712597277421 5828952.5
993.1365050730369 6128754.5
993.5606519311038 6338497.5
993.9850378516217 6293854.0
994.4096628345903 6338034.5
994.83452688001 6591365.5
995.2596299878804 7169276.0
995.6849721582018 7915829.5
996.110553390974 8924545.0
996.5363736861973 9147753.0
996.9624330438713 8391329.0
997.3887314639962 8573721.0
997.8152689465721 9106056.0
998.2420454915989 9656300.0
998.6690610990764 9608246.0
999.0963157690048 9594242.0
999.5238095013843 8201045.0
999.9515422962145 7662667.0
1000.3795141534958 6574760.0
1000.8077250732279 6178701.0
1001.2361750554107 5569878.0
1001.6648641000446 5171348.0
1002.0937922071294 5170619.0
1002.522959376665 4849509.5
1002.9523656086515 4547541.0
1003.3820109030889 4402123.5
1003.8118952599773 4184439.8
1004.2420186793163 4387943.0
1004.6723811611065 4431700.0
1005.1029827053474 4811311.0
1005.5338233120393 7046461.0
1005.9649029811819 8772224.0
1006.3962217127755 9268310.0
1006.8277795068202 10217039.0
1007.2595763633155 11344485.0
1007.6916122822619 11214798.0
1008.1238872636591 11856510.0
1008.5564013075071 13860744.0
1008.9891544138061 15405435.0
1009.422146582556 15821328.0
1009.8553778137567 16031652.0
1010.2888481074084 16728278.0
1010.7225574635108 17257122.0
1011.1565058820644 18391758.0
1011.5906933630686 19073812.0
1012.0251199065237 17877516.0
1012.45978551243 16472918.0
1012.8946901807869 13055824.0
1013.3298339115948 9987248.0
1013.7652167048535 7576737.0
1014.2008385605632 6321486.0
1014.6366994787238 4731889.0
1015.0727994593352 4748859.5
1015.5091385023975 4928542.5
1015.9457166079108 5133517.5
1016.3825337758749 5627217.0
1016.8195900062899 6434557.5
1017.2568852991558 7103017.5
1017.6944196544725 8290968.0
1018.1321930722402 8803886.0
1018.5702055524587 8725841.0
1019.0084570951283 10142926.0
1019.4469477002485 11572158.0
1019.8856773678198 11381874.0
1020.3246460978419 11209859.0
1020.763853890315 11838882.0
1021.2033007452387 14066616.0
1021.6429866626136 14923582.0
1022.0829116424393 14888641.0
1022.5230756847159 14139252.0
1022.9634787894433 14675118.0
1023.4041209566217 14369279.0
1023.8450021862509 12595255.0
1024.286122478331 11064491.0
1024.727481832862 8218625.0
1025.1690802498438 5812532.5
1025.6109177292767 3825824.0
1026.0529942711605 3191629.8
1026.495309875495 3052391.5
1026.9378645422805 2631297.0
1027.380658271517 2212847.8
1027.823691063204 1831132.2
1028.2669629173424 1945393.1
1028.7104738339312 1712334.8
1029.1542238129714 1351256.8
1029.598212854462 1411360.1
1030.0424409584039 1186410.1
1030.4869081247964 920073.44
1030.9316143536398 968683.25
1031.376559644934 941626.8
1031.8217439986793 967592.5
1032.2671674148755 1057431.1
1032.7128298935227 1149892.5
1033.1587314346207 1321848.8
1033.6048720381693 1094272.9
1034.051251704169 849560.4
1034.4978704326197 880760.9
1034.9447282235212 813340.06
1035.3918250768736 945422.56
1035.8391609926769 804539.94
1036.286735970931 1131293.5
1036.734550011636 993419.6
1037.182603114792 1000510.56
1037.6308952803988 1309757.0
1038.0794265084567 1386418.8
1038.5281967989652 1417180.1
1038.9772061519247 993483.44
1039.426454567335 1045627.2
1039.8759420451966 1188488.6
1040.3256685855085 1092592.2
1040.7756341882716 1013203.6
1041.2258388534856 1036044.3
1041.6762825811506 1201601.8
1042.1269653712661 1376993.2
1042.577887223833 1357325.2
1043.0290481388504 1441234.4
1043.4804481163187 1426594.0
1043.9320871562381 1169640.4
1044.3839652586082 969822.9
1044.8360824234294 1406604.4
1045.2884386507012 1670646.5
1045.7410339404241 1693068.6
1046.193868292598 1905738.1
1046.6469417072226 1508811.5
1047.1002541842981 1667762.5
1047.5538057238246 1358750.6
1048.0075963258018 1391612.6
1048.46162599023 1164564.9
1048.915894717109 1381997.6
1049.3704025064392 1662283.9
1049.82514935822 1754708.0
1050.2801352724516 1736142.0
1050.7353602491344 1649699.0
1051.1908242882678 1427271.1
1051.6465273898525 1215292.5
1052.1024695538877 1647846.1
1052.558650780374 1568181.2
1053.015071069311 1597969.8
1053.471730420699 2056560.0
1053.928628834538 1923412.0
1054.3857663108276 1693240.2
1054.8431428495683 1806826.8
1055.30075845076 1948569.8
1055.7586131144024 1918856.0
1056.2167068404956 1773793.0
1056.67503962904 1864187.8
1057.133611480035 1666729.9
1057.592422393481 1877223.5
1058.0514723693777 2089773.9
1058.5107614077258 1681546.0
1058.9702895085243 1539166.0
1059.4300566717739 1898691.1
1059.8900628974743 2352234.8
1060.3503081856259 2304229.2
1060.8107925362278 2212813.0
1061.2715159492811 958316.25
1061.732478424785 -360450.6
1062.1936799627401 -2197248.5
1062.6551205631458 -4012445.2
1063.1168002260026 -5861157.0
1063.57871895131 -7496692.0
1064.0408767390686 -9296810.0
1064.503273589278 -11090690.0
1064.965909501938 -12517844.0
1065.4287844770492 -14326986.0
1065.8918985146113 -16034410.0
1066.3552516146242 -18368922.0
1066.818843777088 -20365316.0
1067.2826750020029 -22040804.0
1067.7467452893684 -24139264.0
1068.211054639185 -26159440.0
1068.6756030514523 -28357368.0
1069.1403905261704 -30100404.0
1069.6054170633397 0.0
1070.0706826629596 0.0
1070.5361873250306 0.0
1071.0019310495525 0.0
1071.4679138365252 0.0
1071.9341356859486 0.0
