string
description: px_shifted, calibration parameter: [ 1.19531225e-04 -2.30194563e-02  6.18194146e+02]
converted file:R_100ms_Fe_S3_x_2_14_binned_y back: data/dark_100msRZP-structure:___RZP_S3100msRoi:[0, 1040, 2048, 2048]
eV counts/s
618.1712462133476 2016149.2
618.1485853507007 1829928.9
618.1261635505048 2094756.0
618.1039808127597 2113534.0
618.0820371374655 2553957.5
618.0603325246223 2413944.0
618.0388669742298 2374166.8
618.0176404862883 2524666.8
617.9966530607976 2779179.8
617.9759046977579 2840558.0
617.955395397169 2724739.5
617.9351251590311 2415527.2
617.9150939833439 2204090.0
617.8953018701078 2194778.5
617.8757488193226 2389913.5
617.8564348309881 1986935.6
617.8373599051046 2215976.5
617.8185240416719 2107543.5
617.7999272406903 2356946.0
617.7815695021593 2434380.5
617.7634508260794 2210677.2
617.7455712124504 1911999.2
617.7279306612722 1810750.8
617.7105291725449 2037145.6
617.6933667462686 2195968.5
617.676443382443 2079997.8
617.6597590810685 1764924.8
617.6433138421447 1802773.5
617.6271076656718 2046423.1
617.6111405516499 2048616.0
617.5954125000789 2099257.5
617.5799235109587 2129010.5
617.5646735842894 2692969.8
617.5496627200711 2430720.5
617.5348909183035 2275359.5
617.520358178987 2239894.5
617.5060645021213 2338284.8
617.4920098877064 3139537.5
617.4781943357425 3454866.2
617.4646178462295 3135045.5
617.4512804191673 3391982.5
617.4381820545561 3104800.5
617.4253227523957 3155007.2
617.4127025126862 3162687.8
617.4003213354276 3108336.5
617.3881792206199 2805150.2
617.3762761682632 2692277.5
617.3646121783572 2739317.0
617.3531872509022 2771077.8
617.342001385898 2553120.2
617.3310545833449 2159686.0
617.3203468432424 2348342.8
617.309878165591 2373871.2
617.2996485503904 2035918.6
617.2896579976408 2197395.8
617.2799065073419 1905336.8
617.270394079494 1911733.9
617.261120714097 2339724.5
617.2520864111508 2599783.0
617.2432911706557 2541046.5
617.2347349926113 2679666.2
617.2264178770179 2899686.5
617.2183398238752 3328583.0
617.2105008331837 3503333.0
617.2029009049428 3167943.0
617.195540039153 3001165.2
617.188418235814 3352322.2
617.1815354949258 3613988.8
617.1748918164886 3019887.0
617.1684872005023 2768482.0
617.1623216469668 3042922.2
617.1563951558823 3378631.0
617.1507077272486 3065367.5
617.1452593610658 2702201.2
617.140050057334 2832437.5
617.1350798160529 3104020.0
617.1303486372229 3567720.2
617.1258565208436 3783864.5
617.1216034669154 4124553.8
617.1175894754379 4570612.5
617.1138145464114 4636184.0
617.1102786798357 4772887.0
617.106981875711 4052275.5
617.1039241340371 4062924.0
617.1011054548142 4249861.0
617.0985258380421 4041827.2
617.0961852837207 3642537.0
617.0940837918505 3503766.5
617.092221362431 4195666.0
617.0905979954625 4139060.0
617.0892136909449 2947954.5
617.0880684488782 2864202.2
617.0871622692623 3254871.2
617.0864951520974 4101414.8
617.0860670973833 4779936.0
617.0858781051202 5105057.5
617.0859281753078 5866138.0
617.0862173079464 6812063.0
617.0867455030359 7635547.0
617.0875127605763 7427398.0
617.0885190805675 6263090.5
617.0897644630096 4195295.5
617.0912489079027 2580868.5
617.0929724152465 1849680.5
617.0949349850415 1870052.8
617.0971366172871 1990395.1
617.0995773119838 1429778.9
617.1022570691313 1361077.5
617.1051758887297 1536121.0
617.1083337707789 1870361.9
617.1117307152791 1708932.2
617.1153667222302 1383357.2
617.1192417916321 1845998.0
617.123355923485 2000347.4
617.1277091177888 1936573.9
617.1323013745433 1901015.0
617.1371326937488 2555212.5
617.1422030754052 2823002.8
617.1475125195125 3058196.2
617.1530610260706 3983987.0
617.1588485950797 4637915.5
617.1648752265397 4990328.5
617.1711409204505 5560029.0
617.1776456768123 6156363.0
617.1843894956249 6756096.0
617.1913723768885 6913580.0
617.1985943206029 6789526.0
617.2060553267681 6607394.0
617.2137553953843 6549605.5
617.2216945264513 7119719.5
617.2298727199694 6229710.0
617.2382899759382 6282817.0
617.246946294358 5625685.0
617.2558416752286 4361375.0
617.2649761185502 3231842.0
617.2743496243226 2065239.0
617.2839621925459 1386391.4
617.29381382322 1237217.8
617.3039045163453 859877.5
617.3142342719211 848571.9
617.3248030899481 922431.4
617.3356109704258 1121510.8
617.3466579133545 1016387.0
617.357943918734 971902.25
617.3694689865644 1303648.8
617.3812331168458 1133971.4
617.3932363095779 1360857.0
617.4054785647611 1120021.9
617.417959882395 858603.9
617.43068026248 889960.9
617.4436397050157 811922.44
617.4568382100024 1059976.0
617.47027577744 1131918.6
617.4839524073284 864650.0
617.4978680996677 1334263.0
617.512022854458 2082295.5
617.526416671699 2904669.5
617.5410495513911 4578448.0
617.555921493534 6548261.0
617.5710324981277 7054096.0
617.5863825651725 7190697.5
617.601971694668 7121079.5
617.6177998866144 6213924.5
617.6338671410118 4966774.5
617.6501734578601 3626070.5
617.6667188371591 3247982.5
617.6835032789093 2791542.5
617.70052678311 3098882.8
617.7177893497619 3552466.0
617.7352909788646 3998898.5
617.7530316704182 5020937.0
617.7710114244226 4668802.0
617.7892302408779 4545168.0
617.8076881197842 4290833.0
617.8263850611413 4476937.0
617.8453210649494 4566385.0
617.8644961312083 4653216.0
617.8839102599181 5868934.5
617.9035634510788 7308827.5
617.9234557046905 8815784.0
617.9435870207528 10484999.0
617.9639573992663 12769111.0
617.9845668402305 14847239.0
618.0054153436457 15362830.0
618.0265029095117 14225422.0
618.0478295378288 10809322.0
618.0693952285965 7562512.5
618.0911999818152 5596799.0
618.1132437974848 4199480.0
618.1355266756052 2862977.5
618.1580486161766 2090910.6
618.180809619199 2135917.0
618.2038096846721 1945367.0
618.2270488125961 1922476.2
618.2505270029711 1810726.0
618.2742442557969 1637515.0
618.2982005710737 1327252.6
618.3223959488013 1404351.8
618.3468303889798 1213351.5
618.3715038916091 1020862.8
618.3964164566895 1139853.2
618.4215680842207 1115074.8
618.4469587742026 1030285.56
618.4725885266356 1050838.6
618.4984573415195 1095114.9
618.5245652188543 1089198.0
618.5509121586398 831569.44
618.5774981608764 1082277.4
618.6043232255638 1394424.9
618.6313873527021 1648962.6
618.6586905422912 1982680.6
618.6862327943314 1993143.1
618.7140141088223 2383477.0
618.7420344857642 2569922.0
618.7702939251569 2544410.5
618.7987924270005 3433258.5
618.827529991295 5282024.0
618.8565066180404 6992779.0
618.8857223072368 8825166.0
618.915177058884 9732604.0
618.944870872982 11251026.0
618.974803749531 11492614.0
619.004975688531 10152523.0
619.0353866899817 7322959.0
619.0660367538834 5055171.0
619.0969258802359 3713360.0
619.1280540690393 2986095.2
619.1594213202936 2646094.0
619.1910276339989 2088343.5
619.2228730101549 1941758.8
619.2549574487618 1527082.6
619.2872809498198 1598142.8
619.3198435133286 1430640.1
619.3526451392883 1526069.8
619.3856858276988 1596628.2
619.4189655785602 1096392.4
619.4524843918725 850800.75
619.4862422676358 1082589.8
619.5202392058499 801409.44
619.5544752065149 968009.94
619.5889502696308 1497009.0
619.6236643951976 1346658.5
619.6586175832152 1431076.9
619.6938098336839 1712885.6
619.7292411466033 1902909.0
619.7649115219735 2494412.8
619.8008209597948 2393741.5
619.8369694600669 2630574.5
619.8733570227901 3825615.2
619.9099836479638 5299025.0
619.9468493355887 6687615.5
619.9839540856643 7092910.0
620.0212978981909 7030754.0
620.0588807731684 7484775.0
620.0967027105968 7393196.0
620.134763710476 6234792.0
620.1730637728062 4278852.5
620.2116028975872 3183249.5
620.2503810848191 2394904.5
620.2893983345019 1807398.1
620.3286546466355 1716581.2
620.3681500212202 1377840.0
620.4078844582556 1116730.8
620.447857957742 1317481.9
620.4880705196792 1463895.2
620.5285221440674 1515983.8
620.5692128309064 1349718.8
620.6101425801965 1207246.6
620.6513113919372 802892.9
620.692719266129 953099.75
620.7343662027715 864237.0
620.7762522018651 927030.1
620.8183772634094 829799.6
620.8607413874046 768837.4
620.9033445738509 743498.0
620.9461868227478 1025597.2
620.9892681340958 1061964.6
621.0325885078946 940235.75
621.0761479441444 799717.1
621.1199464428449 780118.5
621.1639840039965 866994.44
621.2082606275989 1325967.8
621.2527763136521 1441900.0
621.2975310621563 1083844.5
621.3425248731114 950820.94
621.3877577465173 1211189.4
621.4332296823742 1323548.2
621.478940680682 1133943.9
621.5248907414405 896966.75
621.5710798646501 1083974.8
621.6175080503104 1082989.8
621.6641752984218 937225.9
621.7110816089839 1085769.2
621.758226981997 1186317.8
621.8056114174609 1164200.1
621.8532349153759 1207976.8
621.9010974757415 1405543.2
621.9491990985582 1346210.0
621.9975397838257 1464356.2
622.0461195315442 1438940.1
622.0949383417135 1338444.2
622.1439962143336 1646190.1
622.1932931494047 1812286.4
622.2428291469266 1554728.0
622.2926042068996 1582867.5
622.3426183293233 1627797.2
622.392871514198 1577080.8
622.4433637615234 1555240.8
622.4940950713 1978184.4
622.5450654435272 1618919.9
622.5962748782055 1338384.8
622.6477233753345 1345511.0
622.6994109349146 1024885.06
622.7513375569454 1332845.6
622.8035032414273 1230382.2
622.8559079883598 1621932.2
622.9085517977434 1913660.8
622.9614346695778 2103877.0
623.0145566038631 2237461.8
623.0679176005993 2312311.5
623.1215176597865 2826692.2
623.1753567814245 3328165.2
623.2294349655133 3722743.8
623.2837522120532 3442320.0
623.3383085210438 3491971.5
623.3931038924854 3250856.0
623.4481383263778 3372056.0
623.5034118227212 3540849.8
623.5589243815153 4067940.0
623.6146760027606 4795814.0
623.6706666864566 5529594.0
623.7268964326033 5918530.5
623.7833652412012 6789178.0
623.8400731122499 7038875.5
623.8970200457495 6984349.0
623.9542060416999 5843474.0
624.0116311001013 4288966.5
624.0692952209534 3276830.0
624.1271984042567 2625678.0
624.1853406500106 2556466.2
624.2437219582156 2094403.0
624.3023423288714 2127272.0
624.3612017619781 1965576.9
624.4203002575357 1556771.8
624.4796378155443 1392487.6
624.5392144360035 1635225.1
624.5990301189137 1391804.5
624.659084864275 1464019.4
624.7193786720869 1489379.4
624.7799115423499 1307282.4
624.8406834750637 1113961.8
624.9016944702284 973941.1
624.962944527844 1032453.4
625.0244336479105 1192970.6
625.0861618304278 1437815.5
625.1481290753961 1399119.4
625.2103353828153 1367834.9
625.2727807526853 1712773.0
625.3354651850062 1937671.4
625.398388679778 1819588.1
625.4615512370008 1709612.4
625.5249528566744 1897346.5
625.5885935387989 2077273.5
625.6524732833743 2341462.0
625.7165920904006 2991106.2
625.7809499598777 2924227.5
625.8455468918058 3443122.0
625.9103828861847 4207013.5
625.9754579430146 4436534.5
626.0407720622953 4324839.0
626.106325244027 4130442.0
626.1721174882094 3460946.2
626.2381487948429 2599060.5
626.3044191639272 1887269.0
626.3709285954623 1674126.8
626.4376770894484 2070248.1
626.5046646458853 1862854.4
626.5718912647732 1834497.4
626.6393569461119 1823304.5
626.7070616899016 1998771.9
626.7750054961421 1577104.5
626.8431883648335 1592578.2
626.9116102959758 1396171.1
626.980271289569 1373248.8
627.0491713456131 1344295.0
627.1183104641082 1344365.5
627.1876886450539 1061624.2
627.2573058884507 1181569.4
627.3271621942984 1057825.1
627.3972575625968 1283890.0
627.4675919933463 1695448.6
627.5381654865465 1625414.8
627.6089780421978 1578760.1
627.6800296602999 2051368.2
627.7513203408529 2464803.0
627.8228500838567 2429394.0
627.8946188893116 2422881.0
627.9666267572171 2417145.2
628.0388736875738 3124942.5
628.1113596803812 3522506.2
628.1840847356395 2932800.5
628.2570488533487 2358562.0
628.3302520335087 2277159.0
628.4036942761198 1925859.9
628.4773755811816 2184577.0
628.5512959486945 2253567.8
628.6254553786581 2748812.8
628.6998538710727 2660264.0
628.7744914259381 3031205.5
628.8493680432545 2794656.0
628.9244837230217 3050140.5
628.9998384652398 2967013.0
629.0754322699088 2670347.0
629.1512651370288 2548691.5
629.2273370665995 2465345.5
629.3036480586212 3309304.5
629.3801981130938 3367860.5
629.4569872300171 3293482.5
629.5340154093916 3324545.2
629.6112826512167 3536658.0
629.6887889554929 3469768.0
629.7665343222199 2554052.2
629.8445187513979 1956602.8
629.9227422430266 1860616.0
630.0012047971064 1597487.5
630.0799064136369 1913188.8
630.1588470926184 1657692.6
630.2380268340507 1792699.4
630.317445637934 1672534.0
630.3971035042681 1536296.9
630.4770004330533 1473150.8
630.5571364242891 1460651.8
630.6375114779759 2085520.2
630.7181255941136 2276938.0
630.7989787727022 2262877.8
630.8800710137417 1987853.2
630.961402317232 1927175.8
631.0429726831734 2011407.4
631.1247821115654 2081059.4
631.2068306024086 2348405.2
631.2891181557025 1958386.0
631.3716447714473 1720822.4
631.454410449643 1818375.6
631.5374151902896 1563420.5
631.6206589933871 1346915.1
631.7041418589355 1379026.2
631.7878637869347 1525200.8
631.8718247773849 1438318.2
631.956024830286 1599866.5
632.0404639456378 1842938.2
632.1251421234408 2057440.1
632.2100593636944 2053858.1
632.2952156663991 2256500.8
632.3806110315546 2260758.2
632.4662454591611 2348067.0
632.5521189492183 2688175.5
632.6382315017265 2430566.0
632.7245831166855 2069996.0
632.8111737940956 1857692.0
632.8980035339563 1491223.0
632.985072336268 1347942.5
633.0723802010307 1798526.2
633.1599271282441 1911110.5
633.2477131179087 1975758.2
633.3357381700239 2059217.8
633.4240022845902 2503634.8
633.5125054616071 2380820.5
633.6012477010752 2374990.5
633.690229002994 2238814.5
633.7794493673638 2287779.0
633.8689087941844 2468934.5
633.958607283456 2286120.2
634.0485448351784 2489592.5
634.1387214493517 2408979.0
634.2291371259759 2170270.5
634.3197918650509 1865445.8
634.4106856665769 1733515.2
634.5018185305538 1139819.0
634.5931904569816 1663014.5
634.6848014458602 1826818.8
634.7766514971898 1574724.2
634.8687406109701 1217229.9
634.9610687872016 1232158.8
635.0536360258837 1312761.9
635.1464423270169 1285422.0
635.2394876906009 1184744.9
635.3327721166357 1069381.1
635.4262956051215 986994.7
635.5200581560582 959360.94
635.6140597694457 1044279.0
635.7083004452841 1002294.3
635.8027801835735 1091404.9
635.8974989843136 1248049.1
635.9924568475049 1407282.5
636.0876537731468 1299457.9
636.1830897612398 978292.75
636.2787648117835 926431.56
636.3746789247782 1247336.9
636.4708321002237 1312195.0
636.5672243381202 1321137.0
636.6638556384676 1360034.9
636.7607260012659 1644180.0
636.857835426515 1750603.5
636.9551839142149 1919574.5
637.0527714643658 2280806.8
637.1505980769675 2363062.0
637.2486637520203 1852273.0
637.3469684895239 2025107.4
637.4455122894784 2292987.2
637.5442951518837 1828992.4
637.64331707674 1988282.6
637.742578064047 1749262.4
637.8420781138052 1903758.9
637.941817226014 1860465.1
638.0417954006739 1582906.0
638.1420126377845 1690026.1
638.2424689373462 1530473.1
638.3431642993586 1465032.4
638.444098723822 1050860.1
638.5452722107362 1178154.8
638.6466847601014 1367353.2
638.7483363719175 1437119.0
638.8502270461844 1374578.8
638.9523567829023 1385854.9
639.0547255820709 1256649.0
639.1573334436905 1656803.8
639.260180367761 1431631.4
639.3632663542825 1197751.9
639.4665914032546 1429133.5
639.5701555146778 1437340.0
639.6739586885519 1463101.1
639.7780009248769 1689998.2
639.8822822236526 2062047.6
639.9868025848793 2060358.0
640.091562008557 2386725.8
640.1965604946854 2358960.5
640.3017980432649 2545488.5
640.4072746542952 2893655.0
640.5129903277764 3215320.2
640.6189450637083 2723344.5
640.7251388620914 2712115.0
640.8315717229252 2718402.0
640.93824364621 2021899.0
641.0451546319456 1611193.8
641.1523046801321 1528854.4
641.2596937907695 1668248.6
641.3673219638578 1807879.9
641.4751891993969 1794479.5
641.583295497387 1642657.2
641.691640857828 1567133.8
641.8002252807198 1158574.8
641.9090487660626 1167102.2
642.0181113138563 1502799.4
642.1274129241008 1540206.8
642.2369535967962 1794896.2
642.3467333319426 1764395.2
642.4567521295397 1407831.0
642.5670099895879 1645271.2
642.6775069120868 1789574.0
642.7882428970366 1989913.5
642.8992179444374 2023090.2
643.010432054289 1949839.2
643.1218852265915 1765150.0
643.2335774613449 1676059.9
643.3455087585494 1160981.0
643.4576791182045 1174096.9
643.5700885403106 1260455.8
643.6827370248676 1373561.5
643.7956245718756 1557848.1
643.9087511813342 1464835.1
644.0221168532439 1200683.4
644.1357215876045 1254314.0
644.249565384416 1253209.9
644.3636482436782 1184760.4
644.4779701653915 1392461.1
644.5925311495556 1474022.8
644.7073311961706 1595540.2
644.8223703052365 1479916.1
644.9376484767532 1280739.2
645.0531657107209 1369137.0
645.1689220071395 1438362.2
645.2849173660089 1813894.9
645.4011517873292 1894738.8
645.5176252711005 1637263.9
645.6343378173226 1519771.0
645.7512894259957 1533277.6
645.8684800971196 1875561.8
645.9859098306944 2102628.5
646.10357862672 1856923.8
646.2214864851966 1774311.2
646.3396334061241 1452419.9
646.4580193895024 995975.5
646.5766444353317 1173747.9
646.6955085436118 1376216.5
646.8146117143428 1422316.8
646.9339539475247 1398804.5
647.0535352431576 1231449.5
647.1733556012413 1642806.2
647.2934150217759 1822463.9
647.4137135047613 1936450.6
647.5342510501977 1813578.8
647.6550276580849 1165699.1
647.7760433284232 1125598.8
647.8972980612122 1115685.1
648.018791856452 1153606.9
648.1405247141429 1194793.9
648.2624966342845 1508207.4
648.3847076168772 1650532.0
648.5071576619206 1502890.0
648.629846769415 1435380.5
648.7527749393603 1610437.4
648.8759421717565 1419856.0
648.9993484666035 1666368.1
649.1229938239015 1792147.0
649.2468782436503 1714578.2
649.3710017258501 1566533.5
649.4953642705007 1616555.8
649.6199658776021 1375288.1
649.7448065471544 1370009.9
649.8698862791578 1296576.2
649.9952050736119 1191313.2
650.120762930517 1214496.9
650.2465598498729 1150249.2
650.3725958316797 1435443.2
650.4988708759375 1458666.5
650.6253849826461 1270606.1
650.7521381518056 1253411.8
650.879130383416 1160031.6
651.0063616774773 1422894.9
651.1338320339895 1344165.2
651.2615414529527 1195507.6
651.3894899343666 1081971.9
651.5176774782313 1276537.6
651.6461040845472 1127869.0
651.7747697533138 1260847.8
651.9036744845314 1162181.2
652.0328182781997 1120206.6
652.162201134319 1407246.9
652.2918230528892 1372074.0
652.4216840339103 1676869.2
652.5517840773823 1579070.0
652.6821231833052 1531046.2
652.8127013516789 1523867.8
652.9435185825037 1168200.8
653.074574875779 1614630.6
653.2058702315056 1926714.2
653.3374046496829 1666355.5
653.469178130311 1704451.8
653.6011906733902 1523225.6
653.73344227892 1827836.1
653.865932946901 1536176.4
653.9986626773327 1337957.5
654.1316314702154 1161566.9
654.2648393255489 1511188.5
654.3982862433335 1653547.0
654.5319722235687 1716264.5
654.665897266255 1362339.5
654.8000613713921 1191207.6
654.9344645389801 1048696.8
655.069106769019 1161413.5
655.2039880615088 1100440.2
655.3391084164494 1290726.5
655.4744678338409 1483655.2
655.6100663136834 1364578.6
655.7459038559767 1469502.8
655.881980460721 1718448.6
656.0182961279161 1433333.0
656.1548508575621 1276952.8
656.291644649659 1405909.9
656.4286775042068 1550628.9
656.5659494212055 1245085.9
656.7034604006551 1360026.2
656.8412104425555 1335910.0
656.9791995469069 1697635.0
657.117427713709 2178080.5
657.2558949429622 1891396.8
657.3946012346663 1653751.8
657.5335465888211 1595307.0
657.672731005427 1323160.5
657.8121544844836 1235064.0
657.9518170259913 1340150.5
658.0917186299497 1310828.0
658.2318592963591 1409519.4
658.3722390252193 1539541.1
658.5128578165305 1653260.5
658.6537156702925 1407983.6
658.7948125865055 1431534.2
658.9361485651692 1383898.5
659.077723606284 1651343.9
659.2195377098495 1958976.2
659.361590875866 1679343.8
659.5038831043335 994061.8
659.6464143952517 1051402.8
659.7891847486209 1367083.0
659.9321941644408 1735637.2
660.0754426427119 1673188.2
660.2189301834336 1372454.2
660.3626567866064 1302180.8
660.50662245223 1404553.0
660.6508271803045 1359444.0
660.7952709708298 1215141.4
660.9399538238061 1308918.6
661.0848757392333 1153756.1
661.2300367171114 1017593.75
661.3754367574403 1158862.0
661.5210758602201 1400294.2
661.6669540254509 1376171.5
661.8130712531324 1681906.0
661.9594275432651 1732987.4
662.1060228958484 1551523.9
662.2528573108827 1354236.8
662.3999307883678 1364806.4
662.5472433283039 1426863.8
662.6947949306908 1239359.2
662.8425855955288 1128643.2
662.9906153228175 1199629.2
663.1388841125572 1122797.4
663.2873919647476 1069667.4
663.436138879389 1207228.1
663.5851248564813 1179471.1
663.7343498960245 1080982.0
663.8838139980186 1121721.5
664.0335171624636 1257551.4
664.1834593893594 1674321.5
664.3336406787062 2081191.9
664.4840610305039 1361588.6
664.6347204447524 1022004.06
664.7856189214518 1118486.8
664.936756460602 1147463.1
665.0881330622034 1188215.6
665.2397487262554 1342639.5
665.3916034527584 1112810.2
665.5436972417123 1266495.2
665.6960300931171 1564087.6
665.8486020069727 1142668.9
666.0014129832791 1042910.94
666.1544630220367 962373.2
666.3077521232449 1254443.0
666.4612802869042 1546410.6
666.6150475130142 1577605.5
666.7690538015753 1616100.6
666.9232991525871 1633131.1
667.07778356605 1543196.9
667.2325070419636 1722747.0
667.3874695803282 1719268.6
667.5426711811436 1721506.9
667.69811184441 1673645.8
667.8537915701272 1730227.2
668.0097103582953 1892948.1
668.1658682089143 2089865.5
668.3222651219842 1818890.5
668.4789010975051 1952609.9
668.6357761354766 1511385.2
668.7928902358992 1132050.5
668.9502433987727 1225143.2
669.1078356240971 1371313.8
669.2656669118722 1260463.9
669.4237372620985 1293832.0
669.5820466747754 1112722.0
669.7405951499034 1159602.6
669.8993826874821 1257645.1
670.0584092875117 1289315.1
670.2176749499924 1078848.9
670.3771796749238 945801.2
670.5369234623063 1113697.4
670.6969063121394 1148009.4
670.8571282244236 1503865.6
671.0175891991586 1536309.8
671.1782892363447 1363659.2
671.3392283359814 1313753.0
671.5004064980691 1079423.1
671.6618237226077 1134220.5
671.8234800095972 1187307.2
671.9853753590376 1333947.0
672.1475097709289 1231679.9
672.309883245271 1278869.8
672.472495782064 1294655.2
672.635347381308 1354200.2
672.7984380430028 1601182.4
672.9617677671484 1351863.9
673.125336553745 1190609.4
673.2891444027925 1489889.8
673.453191314291 1298771.0
673.6174772882403 1300844.5
673.7820023246404 968697.1
673.9467664234915 956106.8
674.1117695847934 1277496.8
674.2770118085463 1224347.4
674.4424930947499 1431844.0
674.6082134434046 1617295.6
674.7741728545101 1834923.8
674.9403713280664 1779338.6
675.1068088640737 1953913.9
675.2734854625319 1603492.0
675.440401123441 1473289.2
675.6075558468009 1527055.2
675.7749496326118 1600115.6
675.9425824808735 1894977.0
676.1104543915861 1909586.1
676.2785653647496 2145582.2
676.4469154003641 2302325.5
676.6155044984293 2194293.8
676.7843326589456 2314304.8
676.9533998819127 1892911.1
677.1227061673306 1452933.6
677.2922515151995 1800508.2
677.4620359255191 2113499.5
677.6320593982898 1732143.0
677.8023219335114 1388592.6
677.9728235311838 1127835.4
678.1435641913071 1142894.9
678.3145439138814 1414608.0
678.4857626989063 1552601.8
678.6572205463824 1508865.0
678.8289174563092 1824636.1
679.000853428687 1447381.1
679.1730284635156 1372798.1
679.3454425607953 1399583.9
679.5180957205256 1405789.8
679.690987942707 1076652.8
679.8641192273392 1069818.9
680.0374895744222 1480674.4
680.2110989839563 1572719.0
680.3849474559411 1917949.4
680.559034990377 1843043.0
680.7333615872635 1947146.1
680.9079272466012 1544235.8
681.0827319683896 1348203.5
681.257775752629 1468579.5
681.4330585993191 1485691.4
681.6085805084602 1090054.9
681.7843414800523 1101195.2
681.9603415140951 1498284.8
682.1365806105889 1446110.0
682.3130587695335 1413556.5
682.4897759909292 1672401.0
682.6667322747755 1813343.8
682.8439276210729 1635120.1
683.0213620298211 1259898.4
683.1990355010204 1424981.5
683.3769480346702 1332068.1
683.5550996307712 1290686.8
683.7334902893231 1463689.2
683.9121200103258 1493084.8
684.0909887937793 1415968.0
684.2700966396839 1297830.0
684.4494435480391 1377506.2
684.6290295188454 1590766.2
684.8088545521025 1309036.1
684.9889186478105 1366063.1
685.1692218059694 1530687.4
685.3497640265792 1403960.2
685.5305453096399 1522144.9
685.7115656551515 1632657.8
685.8928250631141 1315067.0
686.0743235335274 1568710.2
686.2560610663917 1669989.2
686.4380376617067 1622228.9
686.6202533194729 1653872.5
686.8027080396897 1440696.4
686.9854018223576 1485842.6
687.1683346674763 1413165.1
687.351506575046 1337802.6
687.5349175450664 1394766.8
687.7185675775377 1178554.5
687.9024566724601 1061184.8
688.0865848298331 1265271.0
688.2709520496572 1846933.2
688.4555583319321 1455449.4
688.640403676658 1466121.8
688.8254880838347 1475688.5
689.0108115534624 1501247.2
689.1963740855408 1515276.0
689.3821756800703 1324556.8
689.5682163370506 1543416.0
689.7544960564818 1640661.4
689.9410148383638 1695585.0
690.1277726826967 1379009.2
690.3147695894805 1643731.5
690.5020055587153 1568411.0
690.689480590401 1580633.1
690.8771946845374 1440128.9
691.0651478411248 1290437.0
691.253340060163 1436998.1
691.4417713416524 1651118.1
691.6304416855924 1897123.8
691.8193510919834 1992125.8
692.0084995608252 1957414.2
692.197887092118 1888525.1
692.3875136858616 2129000.2
692.5773793420561 1867893.6
692.7674840607016 1967395.1
692.9578278417978 1864751.9
693.1484106853451 1751226.2
693.339232591343 1847653.1
693.5302935597921 1833414.5
693.7215935906919 1714594.8
693.9131326840427 1706221.9
694.1049108398444 1965391.0
694.2969280580969 1614012.0
694.4891843388003 2068517.5
694.6816796819547 2154435.5
694.8744140875599 1911484.8
695.067387555616 1853081.0
695.260600086123 2065262.8
695.4540516790809 2155025.2
695.6477423344896 1731499.5
695.8416720523492 1970543.8
696.0358408326598 2118887.2
696.2302486754212 1914357.6
696.4248955806336 2070482.2
696.6197815482967 2336763.5
696.814906578411 2194142.8
697.0102706709758 2252541.2
697.2058738259918 2284088.8
697.4017160434586 2226840.8
697.5977973233763 2190719.2
697.7941176657448 2401013.0
697.9906770705643 2517687.2
698.1874755378346 2982494.0
698.3845130675558 2760647.8
698.581789659728 2752652.5
698.779305314351 2896139.8
698.9770600314249 2967498.5
699.1750538109496 2653604.8
699.3732866529253 2671304.8
699.5717585573519 2783171.0
699.7704695242294 2691879.8
699.9694195535577 2797810.0
700.168608645337 2834762.2
700.3680367995671 2668777.8
700.5677040162482 2390156.2
700.7676102953801 2732752.5
700.9677556369629 2950176.5
701.1681400409966 2941926.5
701.368763507481 2991026.5
701.5696260364166 3057826.2
701.7707276278029 3110447.8
701.9720682816403 3002474.8
702.1736479979284 3022039.8
702.3754667766674 3218039.8
702.5775246178573 3266108.8
702.7798215214982 3490664.0
702.9823574875899 3345801.2
703.1851325161325 3377601.5
703.3881466071259 3061979.8
703.5913997605704 2614860.8
703.7948919764656 2675346.0
703.9986232548118 2776111.5
704.2025935956088 2797053.0
704.4068029988567 3081876.0
704.6112514645556 2974083.0
704.8159389927052 2477523.2
705.020865583306 2597513.0
705.2260312363574 2885016.5
705.4314359518598 2942691.5
705.6370797298131 3143076.0
705.8429625702173 3497001.2
706.0490844730723 3718742.5
706.2554454383783 3441507.8
706.4620454661351 3465987.5
706.6688845563428 3680117.2
706.8759627090014 3516360.2
707.0832799241109 3634558.5
707.2908362016714 3539455.2
707.4986315416826 3692875.0
707.7066659441448 3476136.2
707.9149394090579 3750940.2
708.1234519364218 4448217.0
708.3322035262366 4311524.0
708.5411941785025 3872726.2
708.750423893219 3963169.0
708.9598926703866 4362958.0
709.169600510005 4313206.0
709.3795474120743 4411555.5
709.5897333765945 4617823.5
709.8001584035657 4328513.5
710.0108224929876 4363154.0
710.2217256448604 4522252.5
710.4328678591842 4658232.0
710.6442491359588 4643725.5
710.8558694751844 4859015.0
711.0677288768608 5418454.0
711.2798273409882 5923330.5
711.4921648675663 6952022.5
711.7047414565955 7532189.5
711.9175571080754 8909778.0
712.1306118220064 10490648.0
712.343905598388 11849300.0
712.5574384372208 12845762.0
712.7712103385043 12151075.0
712.9852213022388 11094228.0
713.199471328424 11045826.0
713.4139604170601 10624954.0
713.6286885681474 10026886.0
713.8436557816852 9547238.0
714.0588620576742 9005279.0
714.274307396114 8960326.0
714.4899917970047 8958458.0
714.7059152603462 9384029.0
714.9220777861387 9562141.0
715.138479374382 9879388.0
715.3551200250763 9884862.0
715.5719997382214 10082456.0
715.7891185138174 10896128.0
716.0064763518642 11619588.0
716.224073252362 12024000.0
716.4419092153107 11470984.0
716.6599842407103 11176240.0
716.8782983285607 11185809.0
717.096851478862 11348116.0
717.3156436916144 10653704.0
717.5346749668174 9381466.0
717.7539453044715 9230951.0
717.9734547045764 8103094.0
718.1932031671322 7339801.0
718.4131906921389 6803936.0
718.6334172795965 6503033.0
718.853882929505 5980555.5
719.0745876418644 5457435.5
719.2955314166745 4980429.5
719.5167142539357 4588840.0
719.7381361536477 4403684.5
719.9597971158106 4225973.5
720.1816971404245 3904830.5
720.4038362274891 3843176.5
720.6262143770048 4120419.5
720.8488315889713 4502231.5
721.0716878633887 4683393.0
721.2947832002569 5338680.0
721.518117599576 6301804.5
721.741691061346 7281094.5
721.965503585567 7999628.0
722.1895551722389 8860850.0
722.4138458213616 10153909.0
722.6383755329352 11173675.0
722.8631443069596 13046924.0
723.0881521434351 14171312.0
723.3133990423613 14701860.0
723.5388850037385 14373339.0
723.7646100275665 14177608.0
723.9905741138455 14058216.0
724.2167772625753 13973408.0
724.4432194737561 12665365.0
724.6699007473876 12033306.0
724.8968210834703 12151484.0
725.1239804820036 12833709.0
725.3513789429879 13596529.0
725.579016466423 14381772.0
725.8068930523091 14670830.0
726.0350087006461 15112270.0
726.2633634114338 15109478.0
726.4919571846726 15419524.0
726.7207900203623 16600585.0
726.9498619185028 18467038.0
727.1791728790942 19808510.0
727.4087229021366 23022288.0
727.6385119876297 27957002.0
727.8685401355738 35768020.0
728.0988073459687 48845964.0
728.3293136188147 66388964.0
728.5600589541114 88197750.0
728.7910433518591 107105120.0
729.0222668120575 126249940.0
729.2537293347069 139233540.0
729.4854309198073 139688700.0
729.7173715673584 129106840.0
729.9495512773606 107028970.0
730.1819700498136 79045040.0
730.4146278847174 53995436.0
730.6475247820722 35756364.0
730.8806607418778 26052702.0
731.1140357641343 20544444.0
731.3476498488419 16632348.0
731.5815029960002 13670010.0
731.8155952056094 11626339.0
732.0499264776695 10153709.0
732.2844968121806 9141466.0
732.5193062091423 8151823.0
732.754354668555 7243834.5
732.9896421904187 6269543.0
733.2251687747333 5592803.0
733.4609344214988 4577348.0
733.6969391307151 4825929.5
733.9331829023823 5576597.0
734.1696657365004 6167457.0
734.4063876330695 6278294.0
734.6433485920893 5944655.0
734.8805486135602 6726647.0
735.1179876974818 7198770.0
735.3556658438545 7340989.0
735.5935830526778 8114431.0
735.8317393239522 8520474.0
736.0701346576775 8041467.0
736.3087690538534 6748647.0
736.5476425124806 7017160.5
736.7867550335584 7129004.5
737.0261066170873 6710652.5
737.265697263067 6551241.0
737.5055269714976 7670434.0
737.745595742379 9206049.0
737.9859035757114 11976415.0
738.2264504714947 16105406.0
738.4672364297288 20580176.0
738.7082614504138 26764564.0
738.9495255335498 35770600.0
739.1910286791365 47491880.0
739.4327708871742 60935476.0
739.6747521576629 78585270.0
739.9169724906022 98310210.0
740.1594318859927 113357940.0
740.4021303438338 123433750.0
740.6450678641261 119322670.0
740.8882444468691 105902020.0
741.131660092063 86433840.0
741.3753147997079 61536884.0
741.6192085698036 40391036.0
741.8633414023502 26908182.0
742.1077132973477 18387992.0
742.352324254796 13639270.0
742.5971742746954 11876969.0
742.8422633570456 10625951.0
743.0875915018465 8199919.5
743.3331587090985 6484579.0
743.5789649788013 5318837.5
743.8250103109551 4783395.5
744.0712947055597 4087752.2
744.3178181626151 3459696.5
744.5645806821216 2877037.2
744.8115822640789 2817869.0
745.058822908487 2744656.2
745.3063026153461 2752194.0
745.554021384656 2648392.8
745.801979216417 2943577.5
746.0501761106286 3473927.2
746.2986120672912 4008137.5
746.5472870864048 4047474.0
746.7962011679691 4163711.5
747.0453543119845 4276024.0
747.2947465184507 3754558.8
747.5443777873677 3043976.0
747.7942481187357 3013990.2
748.0443575125546 3025481.0
748.2947059688242 2785827.8
748.545293487545 2658149.5
748.7961200687164 3022746.0
749.0471857123389 2762482.0
749.2984904184123 2307336.5
749.5500341869365 2183105.2
749.8018170179115 1964077.6
750.0538389113375 1938868.9
750.3060998672144 2432252.5
750.558599885542 2262696.0
750.8113389663208 2171428.5
751.0643171095503 2402277.8
751.3175343152308 2146172.0
751.570990583362 2001831.9
751.8246859139442 2348779.0
752.0786203069773 2584133.5
752.3327937624614 2154528.0
752.5872062803962 2090523.5
752.841857860782 2149931.5
753.0967485036186 2137668.5
753.3518782089062 2312945.2
753.6072469766447 1974267.4
753.8628548068339 2075440.2
754.1187016994742 2234431.0
754.3747876545652 2516228.0
754.6311126721073 2904979.5
754.8876767521001 2997412.8
755.144479894544 2887020.0
755.4015220994386 3175258.8
755.6588033667842 3129335.2
755.9163236965807 2902829.0
756.1740830888281 3249563.8
756.4320815435262 3372057.8
756.6903190606754 3412634.0
756.9487956402754 3191617.8
757.2075112823263 3394877.5
757.4664659868281 3502008.5
757.7256597537807 3732990.0
757.9850925831844 3641398.0
758.2447644750388 3411927.0
758.5046754293442 3383787.0
758.7648254461004 4084091.5
759.0252145253075 4630483.0
759.2858426669656 4936224.5
759.5467098710745 4817780.5
759.8078161376343 4977371.5
760.069161466645 5298275.5
760.3307458581066 5360042.0
760.5925693120191 5617120.0
760.8546318283825 6102984.5
761.1169334071967 5641582.5
761.3794740484618 5482590.0
761.6422537521778 4898407.0
761.9052725183449 4224718.5
762.1685303469626 4181055.2
762.4320272380314 4564024.0
762.6957631915509 4519049.5
762.9597382075215 4667470.5
763.2239522859428 4108703.0
763.4884054268151 3714199.0
763.7530976301382 4116465.2
764.0180288959123 3966827.2
764.2831992241372 3892378.5
764.5486086148131 4532252.0
764.8142570679397 4827993.0
765.0801445835173 4620589.0
765.3462711615459 4628168.0
765.6126368020252 5161597.5
765.8792415049556 5674750.5
766.1460852703367 6513282.5
766.4131680981689 7375042.5
766.6804899884517 7473275.0
766.9480509411856 6564837.0
767.2158509563703 6161286.0
767.483890034006 6330675.5
767.7521681740925 6450969.5
768.0206853766299 6209544.0
768.2894416416182 5525969.0
768.5584369690574 5335096.0
768.8276713589474 5192329.5
769.0971448112883 5290375.5
769.3668573260802 5828313.0
769.636808903323 5785790.0
769.9069995430166 5609876.0
770.1774292451611 6173715.0
770.4480980097566 6903588.0
770.7190058368028 7722692.0
770.9901527263 8196931.0
771.2615386782481 8023740.5
771.5331636926471 8264419.5
771.805027769497 8984358.0
772.0771309087978 10001399.0
772.3494731105494 11362581.0
772.622054374752 13406450.0
772.8948747014053 16021219.0
773.1679340905096 19048510.0
773.4412325420649 22581082.0
773.714770056071 25586418.0
773.9885466325279 25812758.0
774.2625622714359 25888072.0
774.5368169727947 24432956.0
774.8113107366042 22640942.0
775.0860435628648 20232318.0
775.3610154515762 17281352.0
775.6362264027387 13128231.0
775.9116764163518 9487754.0
776.1873654924159 7739210.5
776.4632936309309 7135266.0
776.7394608318967 6795699.5
777.0158670953135 6839208.0
777.2925124211812 6249562.0
777.5693968094998 6591924.5
777.8465202602692 6827199.0
778.1238827734896 6785550.5
778.4014843491608 7534409.0
778.6793249872829 8654359.0
778.957404687856 9493476.0
779.23572345088 10049375.0
779.5142812763546 11404066.0
779.7930781642804 12845551.0
780.0721141146569 15147101.0
780.3513891274845 16676654.0
780.6309032027627 18350084.0
780.9106563404919 20375896.0
781.1906485406721 20458936.0
781.4708798033031 21218184.0
781.7513501283851 21002778.0
782.0320595159178 19230248.0
782.3130079659015 17208524.0
782.5941954783361 16514712.0
782.8756220532216 16665534.0
783.157287690558 17269258.0
783.4391923903453 17983376.0
783.7213361525834 16942676.0
784.0037189772725 15457921.0
784.2863408644123 14362739.0
784.5692018140032 13367974.0
784.8523018260448 13346732.0
785.1356409005374 13205174.0
785.419219037481 13475314.0
785.7030362368753 14815171.0
785.9870924987206 15905102.0
786.2713878230167 17290428.0
786.5559222097638 17119356.0
786.8406956589616 17129302.0
787.1257081706106 16126876.0
787.4109597447102 15636661.0
787.6964503812609 14708222.0
787.9821800802623 13732416.0
788.2681488417147 14339985.0
788.554356665618 14839245.0
788.8408035519722 14512760.0
789.1274895007773 14480730.0
789.4144145120331 15862609.0
789.70157858574 16850184.0
789.9889817218977 16702096.0
790.2766239205064 17236444.0
790.5645051815659 17715760.0
790.8526255050763 19036300.0
791.1409848910375 21321884.0
791.4295833394498 24004642.0
791.7184208503128 27261102.0
792.0074974236268 29602882.0
792.2968130593916 31539968.0
792.5863677576074 33058364.0
792.876161518274 34386444.0
793.1661943413915 36724544.0
793.45646622696 36912136.0
793.7469771749792 36915856.0
794.0377271854495 36255516.0
794.3287162583705 34694624.0
794.6199443937426 33345098.0
794.9114115915653 33483260.0
795.2031178518391 35053220.0
795.4950631745637 36721310.0
795.7872475597393 38911750.0
796.0796710073657 40192044.0
796.372333517443 39108572.0
796.6652350899712 38266612.0
796.9583757249504 40130456.0
797.2517554223803 43084160.0
797.5453741822612 45385724.0
797.839232004593 48791790.0
798.1333288893755 51615210.0
798.4276648366092 54867676.0
798.7222398462935 58324476.0
799.0170539184289 63707584.0
799.3121070530151 66935800.0
799.6073992500523 69059570.0
799.9029305095402 69950184.0
800.1987008314792 71618580.0
800.4947102158688 73904960.0
800.7909586627096 75935870.0
801.0874461720011 74069820.0
801.3841727437435 73665700.0
801.6811383779369 73254350.0
801.9783430745811 74659790.0
802.2757868336762 72658530.0
802.5734696552222 67252060.0
802.8713915392192 64370984.0
803.1695524856669 61613876.0
803.4679524945657 57217636.0
803.7665915659152 54944360.0
804.0654696997157 54358770.0
804.364586895967 53556796.0
804.6639431546693 53856684.0
804.9635384758224 57668670.0
805.2633728594265 59267804.0
805.5634463054813 60794036.0
805.863758813987 62099320.0
806.1643103849437 63241664.0
806.4651010183513 65345190.0
806.7661307142098 66729416.0
807.0673994725191 67284790.0
807.3689072932794 69256936.0
807.6706541764905 67732744.0
807.9726401221526 67759304.0
808.2748651302655 70628290.0
808.5773292008294 77148750.0
808.880032333844 84591640.0
809.1829745293097 94529630.0
809.4861557872262 107830160.0
809.7895761075936 125929900.0
810.0932354904118 144932300.0
810.3971339356808 166471890.0
810.701271443401 185411180.0
811.0056480135719 203077570.0
811.3102636461938 219188220.0
811.6151183412665 233479100.0
811.9202120987901 242416670.0
812.2255449187645 244147420.0
812.5311168011899 238225460.0
812.8369277460662 224638080.0
813.1429777533934 204890800.0
813.4492668231715 178131020.0
813.7557949554005 157678020.0
814.0625621500802 145181100.0
814.3695684072109 135275220.0
814.6768137267925 127495710.0
814.984298108825 120373570.0
815.2920215533085 114217360.0
815.5999840602427 106443180.0
815.908185629628 97522370.0
816.216626261464 87762930.0
816.5253059557509 81093750.0
816.8342247124888 75189040.0
817.1433825316776 69160264.0
817.4527794133171 62514300.0
817.7624153574077 55761750.0
818.072290363949 49263016.0
818.3824044329415 45953336.0
818.6927575643846 42882716.0
819.0033497582787 43072324.0
819.3141810146236 46351404.0
819.6252513334194 49142370.0
819.9365607146663 52706950.0
820.2481091583638 57630396.0
820.5598966645124 62537056.0
820.8719232331118 71049864.0
821.1841888641621 81798296.0
821.4966935576633 92165650.0
821.8094373136155 101762990.0
822.1224201320184 117965440.0
822.4356420128723 134385700.0
822.749102956177 154276940.0
823.0628029619327 181873700.0
823.3767420301392 206822940.0
823.6909201607966 233609940.0
824.005337353905 259494300.0
824.3199936094642 281201440.0
824.6348889274743 298085570.0
824.9500233079352 313005020.0
825.2653967508472 312721920.0
825.5810092562099 302167780.0
825.8968608240236 274615550.0
826.2129514542881 236561940.0
826.5292811470036 192949580.0
826.8458499021699 142682910.0
827.1626577197871 98607750.0
827.4797045998553 68488890.0
827.7969905423743 53378824.0
828.1145155473441 43640650.0
828.4322796147649 36478016.0
828.7502827446367 30209844.0
829.0685249369592 24081312.0
829.3870061917327 20176558.0
829.705726508957 17088916.0
830.0246858886322 15740454.0
830.3438843307583 14390719.0
830.6633218353354 12742942.0
830.9829984023633 11960261.0
831.3029140318422 11170350.0
831.6230687237718 11251304.0
831.9434624781525 10438354.0
832.2640952949838 9776114.0
832.5849671742662 9338909.0
832.9060781159994 9575061.0
833.2274281201835 9857344.0
833.5490171868187 10280178.0
833.8708453159045 10560210.0
834.1929125074414 10018022.0
834.515218761429 10062358.0
834.8377640778676 9803576.0
835.160548456757 10173627.0
835.4835718980975 10963425.0
835.8068344018886 12229602.0
836.1303359681309 13075989.0
836.4540765968239 14651565.0
836.778056287968 16636942.0
837.1022750415626 16727161.0
837.4267328576084 17221712.0
837.7514297361049 18661560.0
838.0763656770524 20434972.0
838.4015406804508 20552142.0
838.7269547463001 20287348.0
839.0526078746003 21188276.0
839.3785000653513 21691764.0
839.7046313185533 23208918.0
840.0310016342061 24452728.0
840.3576110123099 23461820.0
840.6844594528644 22862738.0
841.01154695587 22358438.0
841.3388735213264 22665538.0
841.6664391492336 22033876.0
841.9942438395917 21533340.0
842.3222875924008 21620600.0
842.6505704076608 21708772.0
842.9790922853716 23407436.0
843.3078532255333 24343478.0
843.636853228146 24236308.0
843.9660922932096 23539192.0
844.2955704207238 21773720.0
844.6252876106893 21182952.0
844.9552438631054 20453684.0
845.2854391779725 20838208.0
845.6158735552905 21411302.0
845.9465469950594 21615344.0
846.2774594972791 21736822.0
846.6086110619498 22843968.0
846.9400016890712 24531168.0
847.2716313786436 26839012.0
847.603500130667 31410450.0
847.9356079451411 36042130.0
848.2679548220663 38929216.0
848.6005407614422 42909040.0
848.9333657632692 48315456.0
849.2664298275467 51010184.0
849.5997329542755 52859864.0
849.933275143455 56944264.0
850.2670563950855 59738196.0
850.6010767091668 62313376.0
850.935336085699 63741940.0
851.2698345246821 62689340.0
851.6045720261161 58950920.0
851.939548590001 56264936.0
852.2747642163367 56214384.0
852.6102189051235 55085090.0
852.9459126563609 53369404.0
853.2818454700493 50822436.0
853.6180173461887 45490530.0
853.9544282847789 39392044.0
854.29107828582 34526290.0
854.627967349312 30317132.0
854.9650954752549 28315020.0
855.3024626636488 28267208.0
855.6400689144934 29135468.0
855.9779142277889 30544784.0
856.3159986035355 32908638.0
856.6543220417327 36260124.0
856.992884542381 37867508.0
857.33168610548 39749388.0
857.6707267310301 43144396.0
858.010006419031 45755050.0
858.3495251694828 48288710.0
858.6892829823855 50249330.0
859.0292798577391 52607630.0
859.3695157955435 58017580.0
859.709990795799 62310240.0
860.0507048585051 66414224.0
860.3916579836623 69962710.0
860.7328501712702 71561230.0
861.0742814213293 74825270.0
861.415951733839 75604230.0
861.7578611087997 77100740.0
862.1000095462114 78790670.0
862.4423970460737 82099150.0
862.7850236083872 84326270.0
863.1278892331513 84162740.0
863.4709939203666 80151660.0
863.8143376700325 71061976.0
864.1579204821496 62384756.0
864.5017423567174 52855156.0
864.845803293736 42608356.0
865.1901032932057 35604464.0
865.5346423551262 31287070.0
865.8794204794975 27619658.0
866.2244376663198 24638342.0
866.569693915593 25931690.0
866.9151892273169 26681522.0
867.2609236014919 28292948.0
867.6068970381177 30964410.0
867.9531095371945 33812940.0
868.299561098722 36207480.0
868.6462517227006 40007600.0
868.9931814091299 44528940.0
869.3403501580103 49197170.0
869.6877579693414 54775784.0
870.0354048431236 61858220.0
870.3832907793565 67141190.0
870.7314157780402 68376104.0
871.079779839175 70766430.0
871.4283829627606 71553060.0
871.7772251487971 77354690.0
872.1263063972845 81709310.0
872.4756267082229 86421850.0
872.825186081612 89584360.0
873.1749845174521 87691760.0
873.525022015743 84059370.0
873.875298576485 79377390.0
874.2258141996776 68848220.0
874.5765688853213 58590584.0
874.9275626334158 50781890.0
875.2787954439613 47533410.0
875.6302673169575 45603230.0
875.9819782524048 44281690.0
876.3339282503027 45301224.0
876.6861173106518 45512470.0
877.0385454334516 44265164.0
877.3912126187024 44244100.0
877.744118866404 44656860.0
878.0972641765566 42484870.0
878.45064854916 38439290.0
878.8042719842143 35233324.0
879.1581344817196 31352160.0
879.5122360416756 26109862.0
879.8665766640827 21924802.0
880.2211563489404 19159672.0
880.5759750962493 17767618.0
880.9310329060089 16539076.0
881.2863297782194 16371750.0
881.6418657128809 17775380.0
881.9976407099932 17770368.0
882.3536547695564 16254900.0
882.7099078915705 16802882.0
883.0664000760355 17611984.0
883.4231313229513 18647818.0
883.7801016323183 18886180.0
884.1373110041359 18410824.0
884.4947594384045 19160034.0
884.8524469351239 20300708.0
885.2103734942943 19690008.0
885.5685391159154 19380132.0
885.9269437999875 17422910.0
886.2855875465107 17726044.0
886.6444703554844 17807126.0
887.0035922269093 17586552.0
887.3629531607849 17451118.0
887.7225531571116 17148882.0
888.082392215889 17707020.0
888.4424703371174 18068536.0
888.8027875207965 18695254.0
889.1633437669268 19745092.0
889.5241390755077 21686756.0
889.8851734465397 22716592.0
890.2464468800224 25163516.0
890.6079593759562 28770908.0
890.9697109343408 31020412.0
891.3317015551763 32750028.0
891.6939312384626 33909610.0
892.0563999841997 36765410.0
892.419107792388 41561870.0
892.7820546630269 45016756.0
893.145240596117 47588056.0
893.5086655916577 51551956.0
893.8723296496495 55282520.0
894.2362327700921 56530364.0
894.6003749529856 56866904.0
894.96475619833 57860584.0
895.3293765061252 61576200.0
895.6942358763713 67122070.0
896.0593343090684 71957100.0
896.4246718042164 77071330.0
896.7902483618151 79325496.0
897.1560639818649 78673624.0
897.5221186643654 76725920.0
897.888412409317 71258056.0
898.2549452167193 63434220.0
898.6217170865726 53706160.0
898.9887280188768 42576856.0
899.3559780136319 31444436.0
899.7234670708378 23052028.0
900.0911951904947 18839430.0
900.4591623726023 16642028.0
900.827368617161 15554526.0
901.1958139241705 14326459.0
901.5644982936308 13031341.0
901.9334217255422 12387239.0
902.3025842199042 11391619.0
902.6719857767174 12003575.0
903.0416263959813 12283554.0
903.4115060776962 11775039.0
903.7816248218619 11214622.0
904.1519826284787 11293558.0
904.5225794975461 12196349.0
904.8934154290646 12245282.0
905.2644904230337 11293890.0
905.635804479454 11334385.0
906.0073575983251 12040001.0
906.3791497796472 11821159.0
906.7511810234199 11597801.0
907.1234513296438 12098290.0
907.4959606983184 12470361.0
907.8687091294438 11693455.0
908.2416966230203 11710165.0
908.6149231790475 10979186.0
908.9883887975259 9756935.0
909.3620934784549 9999114.0
909.736037221835 10179552.0
910.1102200276657 9099912.0
910.4846418959476 9216882.0
910.8593028266802 9641591.0
911.2342028198638 9345596.0
911.6093418754981 9397811.0
911.9847199935836 9516779.0
912.3603371741196 9254946.0
912.7361934171067 9399610.0
913.1122887225448 9760302.0
913.4886230904336 10076684.0
913.8651965207735 11362435.0
914.242009013564 11915185.0
914.6190605688057 12028392.0
914.996351186498 11418234.0
915.3738808666415 12459602.0
915.7516496092356 13808428.0
916.1296574142808 13900792.0
916.5079042817767 13861029.0
916.8863902117237 14624729.0
917.2651152041215 15198696.0
917.6440792589702 15838698.0
918.0232823762697 15485040.0
918.4027245560201 15934281.0
918.7824057982216 15850978.0
919.1623261028737 15449922.0
919.542485469977 13953234.0
919.9228838995309 13784286.0
920.3035213915359 14052330.0
920.6843979459916 13689508.0
921.0655135628983 14403648.0
921.446868242256 14425416.0
921.8284619840645 15633690.0
922.2102947883237 16376026.0
922.5923666550341 16188905.0
922.9746775841952 17436488.0
923.3572275758072 17441228.0
923.7400166298701 18023166.0
924.1230447463838 18569166.0
924.5063119253487 19975958.0
924.8898181667641 20457148.0
925.2735634706307 20486344.0
925.657547836948 21030230.0
926.0417712657163 21654098.0
926.4262337569354 20027630.0
926.8109353106056 19579084.0
927.1958759267263 18760536.0
927.5810556052983 16673850.0
927.966474346321 16271989.0
928.3521321497947 15752536.0
928.7380290157191 15948408.0
929.1241649440944 15521839.0
929.5105399349206 14724114.0
929.8971539881978 14761354.0
930.2840071039259 14945332.0
930.6710992821048 13248761.0
931.0584305227347 13003934.0
931.4460008258154 12896094.0
931.8338101913471 11920480.0
932.2218586193296 11361344.0
932.610146109763 10192649.0
932.9986726626472 8746821.0
933.3874382779825 6975504.5
933.7764429557685 4983029.0
934.1656866960054 4228729.0
934.5551694986933 3999917.2
934.9448913638321 3371082.0
935.3348522914216 3145649.8
935.7250522814621 3199639.8
936.1154913339535 3423449.8
936.5061694488959 3464907.0
936.8970866262891 3264165.5
937.288242866133 3258707.0
937.6796381684281 4128163.0
938.0712725331739 4396248.0
938.4631459603708 5014495.0
938.8552584500184 4958984.0
939.247610002117 4639920.0
939.6402006166663 4711043.5
940.0330302936667 4843955.5
940.4260990331178 4672940.5
940.8194068350199 5147994.5
941.212953699373 5372419.5
941.6067396261767 5503800.5
942.0007646154315 5479500.5
942.3950286671371 4988622.5
942.7895317812938 4757290.0
943.184273957901 4573576.0
943.5792551969595 4868290.5
943.9744754984687 5148867.5
944.3699348624289 5236748.0
944.7656332888398 4792083.5
945.1615707777016 4481675.0
945.5577473290144 4530445.5
945.9541629427781 4104763.0
946.3508176189927 3968967.0
946.7477113576581 3900857.2
947.1448441587745 3856457.5
947.5422160223416 3962059.5
947.9398269483597 3884224.5
948.3376769368288 4647019.0
948.7357659877487 5059509.0
949.1340941011194 4914981.0
949.5326612769411 5265591.0
949.9314675152136 5678152.0
950.3305128159373 6183825.5
950.7297971791115 6441166.0
951.1293206047367 7253940.5
951.5290830928128 7347738.0
951.9290846433399 6707999.0
952.3293252563178 6285796.0
952.7298049317465 6417247.0
953.1305236696262 6176399.5
953.5314814699568 5645345.5
953.9326783327383 5871789.0
954.3341142579707 6023818.0
954.7357892456539 5871658.0
955.137703295788 5998523.0
955.5398564083731 5806595.0
955.942248583409 5816408.0
956.3448798208958 5551370.0
956.7477501208334 4817259.5
957.1508594832221 4672305.5
957.5542079080615 5140299.0
957.9577953953519 4932374.5
958.3616219450932 5078745.5
958.7656875572852 4212774.5
959.1699922319283 4294817.0
959.5745359690222 4587495.5
959.979318768567 4838303.0
960.3843406305627 4279681.5
960.7896015550094 4673753.5
961.1951015419069 5089583.0
961.6008405912553 5193232.0
962.0068187030545 5294807.0
962.4130358773048 5426900.5
962.8194921140057 6155944.5
963.2261874131577 6488294.0
963.6331217747605 6631209.5
964.0402951988142 6980556.0
964.4477076853188 6952285.5
964.8553592342744 6962482.5
965.2632498456808 7220930.0
965.671379519538 6537877.5
966.0797482558462 6844889.0
966.4883560546052 6681939.5
966.8972029158153 6228547.0
967.3062888394761 6016269.0
967.7156138255879 5305160.0
968.1251778741505 4972536.0
968.534980985164 4157848.0
968.9450231586284 4139353.8
969.3553043945437 4182051.2
969.7658246929099 3929588.5
970.1765840537269 3621444.5
970.5875824769948 3093247.0
970.9988199627137 3112996.2
971.4102965108834 3399914.0
971.822012121504 3377442.2
972.2339667945757 3602012.2
972.6461605300981 4232723.5
973.0585933280714 4446112.0
973.4712651884955 4901203.5
973.8841761113707 4868559.0
974.2973260966967 5417084.5
974.7107151444736 5997297.5
975.1243432547012 6342975.0
975.5382104273799 6468255.5
975.9523166625095 6350800.0
976.3666619600898 6285898.0
976.7812463201212 7068297.0
977.1960697426034 7496474.5
977.6111322275365 8535320.0
978.0264337749204 8920459.0
978.4419743847554 8335005.0
978.8577540570411 8093166.0
979.2737727917779 8873034.0
979.6900305889653 8663381.0
980.1065274486039 8310260.0
980.523263370693 7381674.5
980.9402383552333 6744121.0
981.3574524022245 6896515.5
981.7749055116664 7731966.0
982.1925976835594 7497350.0
982.6105289179031 7702341.0
983.0286992146978 8545758.0
983.4471085739433 9287696.0
983.8657569956398 9904552.0
984.2846444797872 9555308.0
984.7037710263854 10332713.0
985.1231366354345 11829769.0
985.5427413069345 12423450.0
985.9625850408854 12381598.0
986.3826678372873 12308651.0
986.8029896961399 11903080.0
987.2235506174435 12394532.0
987.6443506011979 11678249.0
988.0653896474032 10380214.0
988.4866677560595 11121492.0
988.9081849271665 10484532.0
989.3299411607247 9942618.0
989.7519364567336 10295496.0
990.1741708151934 10310688.0
990.5966442361041 10104157.0
991.0193567194657 9482653.0
991.4423082652781 8503993.0
991.8654988735416 7745129.5
992.2889285442558 7863680.5
992.712597277421 8114472.5
993.1365050730369 7340230.0
993.5606519311038 6522414.0
993.9850378516217 6577857.0
994.4096628345903 6807302.5
994.83452688001 7152072.0
995.2596299878804 8347475.5
995.6849721582018 8847177.0
996.110553390974 9492490.0
996.5363736861973 9390906.0
996.9624330438713 9730175.0
997.3887314639962 10415439.0
997.8152689465721 10461293.0
998.2420454915989 10283756.0
998.6690610990764 9666243.0
999.0963157690048 9191798.0
999.5238095013843 8644974.0
999.9515422962145 8692617.0
1000.3795141534958 8399465.0
1000.8077250732279 8049225.0
1001.2361750554107 6999032.0
1001.6648641000446 6006755.0
1002.0937922071294 5889618.0
1002.522959376665 5790246.0
1002.9523656086515 5581183.0
1003.3820109030889 5296605.5
1003.8118952599773 4843234.0
1004.2420186793163 5397830.0
1004.6723811611065 5681642.0
1005.1029827053474 6051811.0
1005.5338233120393 7608515.0
1005.9649029811819 8339982.5
1006.3962217127755 9593414.0
1006.8277795068202 11448382.0
1007.2595763633155 13689710.0
1007.6916122822619 13355299.0
1008.1238872636591 13368879.0
1008.5564013075071 15470211.0
1008.9891544138061 16890974.0
1009.422146582556 17803024.0
1009.8553778137567 19906934.0
1010.2888481074084 20937118.0
1010.7225574635108 21738244.0
1011.1565058820644 22164456.0
1011.5906933630686 22594442.0
1012.0251199065237 22995924.0
1012.45978551243 20430718.0
1012.8946901807869 17996630.0
1013.3298339115948 13978834.0
1013.7652167048535 9964118.0
1014.2008385605632 7487367.5
1014.6366994787238 6204445.5
1015.0727994593352 5226649.0
1015.5091385023975 4921659.0
1015.9457166079108 5281330.0
1016.3825337758749 6569196.0
1016.8195900062899 6954639.0
1017.2568852991558 7044455.0
1017.6944196544725 7592137.5
1018.1321930722402 8757588.0
1018.5702055524587 10042633.0
1019.0084570951283 11355294.0
1019.4469477002485 11653314.0
1019.8856773678198 13146629.0
1020.3246460978419 14307461.0
1020.763853890315 15041019.0
1021.2033007452387 16152018.0
1021.6429866626136 16725812.0
1022.0829116424393 16964282.0
1022.5230756847159 18097156.0
1022.9634787894433 19035972.0
1023.4041209566217 18731726.0
1023.8450021862509 17807670.0
1024.286122478331 14513652.0
1024.727481832862 11324984.0
1025.1690802498438 7795164.5
1025.6109177292767 5543793.0
1026.0529942711605 3862114.8
1026.495309875495 3268869.8
1026.9378645422805 2851340.2
1027.380658271517 2850585.5
1027.823691063204 2697918.0
1028.2669629173424 2481551.2
1028.7104738339312 2349762.5
1029.1542238129714 1951885.2
1029.598212854462 1793655.5
1030.0424409584039 1786519.9
1030.4869081247964 1391989.2
1030.9316143536398 1240223.1
1031.376559644934 1100363.1
1031.8217439986793 1074727.1
1032.2671674148755 812152.2
1032.7128298935227 979401.2
1033.1587314346207 1063702.4
1033.6048720381693 1552778.2
1034.051251704169 1371290.0
1034.4978704326197 1225700.1
1034.9447282235212 1156530.8
1035.3918250768736 1020180.4
1035.8391609926769 1258262.1
1036.286735970931 1075440.4
1036.734550011636 1335253.8
1037.182603114792 1119699.5
1037.6308952803988 1184860.5
1038.0794265084567 1479837.0
1038.5281967989652 1749478.1
1038.9772061519247 1633440.5
1039.426454567335 1453001.9
1039.8759420451966 1322496.1
1040.3256685855085 1250508.8
1040.7756341882716 1273582.2
1041.2258388534856 1148813.5
1041.6762825811506 1349593.1
1042.1269653712661 1605072.2
1042.577887223833 1527632.0
1043.0290481388504 1564446.2
1043.4804481163187 1961414.0
1043.9320871562381 1955134.4
1044.3839652586082 1805702.6
1044.8360824234294 1770753.5
1045.2884386507012 1953976.0
1045.7410339404241 1864776.9
1046.193868292598 1877399.2
1046.6469417072226 1973368.8
1047.1002541842981 1861011.5
1047.5538057238246 1884093.1
1048.0075963258018 1939281.0
1048.46162599023 2206782.2
1048.915894717109 1703933.0
1049.3704025064392 1701007.6
1049.82514935822 1863334.2
1050.2801352724516 1941648.2
1050.7353602491344 2089213.2
1051.1908242882678 1851359.8
1051.6465273898525 2181400.5
1052.1024695538877 1809042.8
1052.558650780374 1868806.1
1053.015071069311 2069431.9
1053.471730420699 1826270.2
1053.928628834538 1889819.8
1054.3857663108276 2004101.8
1054.8431428495683 1698790.6
1055.30075845076 1986606.4
1055.7586131144024 1602109.8
1056.2167068404956 1734785.6
1056.67503962904 1967802.4
1057.133611480035 2160477.2
1057.592422393481 1905269.5
1058.0514723693777 2001123.1
1058.5107614077258 2133284.0
1058.9702895085243 2057194.8
1059.4300566717739 2109787.0
1059.8900628974743 2179401.5
1060.3503081856259 2106714.8
1060.8107925362278 2154259.2
1061.2715159492811 2269593.0
1061.732478424785 1253316.1
1062.1936799627401 -642480.8
1062.6551205631458 -2264838.2
1063.1168002260026 -3974715.2
1063.57871895131 -5434998.0
1064.0408767390686 -6790412.0
1064.503273589278 -8443258.0
1064.965909501938 -9857402.0
1065.4287844770492 -11952376.0
1065.8918985146113 -14178265.0
1066.3552516146242 -16205339.0
1066.818843777088 -17957810.0
1067.2826750020029 -19746348.0
1067.7467452893684 -21935298.0
1068.211054639185 -24144824.0
1068.6756030514523 -26180272.0
1069.1403905261704 -28273778.0
1069.6054170633397 -30100404.0
1070.0706826629596 0.0
1070.5361873250306 0.0
1071.0019310495525 0.0
1071.4679138365252 0.0
1071.9341356859486 0.0
