string
description: px_shifted, calibration parameter: [ 1.19531225e-04 -2.30194563e-02  6.18194146e+02]
converted file:R_100ms_Fe_S3_x_1_60_binned_y back: data/dark_100msRZP-structure:___RZP_S3100msRoi:[0, 1040, 2048, 2048]
eV counts/s
618.1712462133476 1926405.2
618.1485853507007 1841189.5
618.1261635505048 2050738.5
618.1039808127597 2380870.8
618.0820371374655 2233938.2
618.0603325246223 2385606.8
618.0388669742298 2308089.0
618.0176404862883 2519820.8
617.9966530607976 2800276.0
617.9759046977579 2370084.0
617.955395397169 2249646.5
617.9351251590311 2564474.8
617.9150939833439 2743806.2
617.8953018701078 2668230.5
617.8757488193226 2796557.0
617.8564348309881 3008931.0
617.8373599051046 2592652.2
617.8185240416719 2578132.0
617.7999272406903 2894559.0
617.7815695021593 2686265.2
617.7634508260794 2862646.2
617.7455712124504 3075212.5
617.7279306612722 2600018.5
617.7105291725449 2483417.8
617.6933667462686 2716401.0
617.676443382443 2608114.0
617.6597590810685 2635968.8
617.6433138421447 2487879.8
617.6271076656718 2257048.0
617.6111405516499 2605433.0
617.5954125000789 2763313.8
617.5799235109587 3027658.8
617.5646735842894 3247427.0
617.5496627200711 3169565.0
617.5348909183035 3240023.0
617.520358178987 2936210.5
617.5060645021213 2801986.5
617.4920098877064 2915678.5
617.4781943357425 2944866.0
617.4646178462295 3031229.8
617.4512804191673 2964337.5
617.4381820545561 3187868.0
617.4253227523957 4021727.2
617.4127025126862 3942242.8
617.4003213354276 3656978.0
617.3881792206199 3505611.2
617.3762761682632 2878523.0
617.3646121783572 2481719.0
617.3531872509022 2422904.5
617.342001385898 2428900.2
617.3310545833449 2509957.0
617.3203468432424 1852082.2
617.309878165591 2022913.9
617.2996485503904 2192167.0
617.2896579976408 2280989.0
617.2799065073419 2193545.8
617.270394079494 2387732.2
617.261120714097 3041672.0
617.2520864111508 2830243.8
617.2432911706557 3093305.2
617.2347349926113 3917023.5
617.2264178770179 4142028.8
617.2183398238752 3475987.5
617.2105008331837 3085662.0
617.2029009049428 3070302.2
617.195540039153 2736039.8
617.188418235814 2979200.0
617.1815354949258 3084840.5
617.1748918164886 2657937.5
617.1684872005023 2512840.2
617.1623216469668 2860702.2
617.1563951558823 2844357.0
617.1507077272486 3382993.8
617.1452593610658 4211872.0
617.140050057334 4671314.5
617.1350798160529 4586504.5
617.1303486372229 4282067.0
617.1258565208436 4725684.5
617.1216034669154 5307003.0
617.1175894754379 4775389.0
617.1138145464114 5723011.0
617.1102786798357 6279725.0
617.106981875711 5633203.0
617.1039241340371 4264200.5
617.1011054548142 4093092.5
617.0985258380421 3750851.5
617.0961852837207 3894821.2
617.0940837918505 4191124.8
617.092221362431 4272665.5
617.0905979954625 4332710.5
617.0892136909449 4653869.5
617.0880684488782 4594160.0
617.0871622692623 4574774.5
617.0864951520974 5832478.0
617.0860670973833 6524093.0
617.0858781051202 7530380.0
617.0859281753078 8760042.0
617.0862173079464 8745626.0
617.0867455030359 7819487.0
617.0875127605763 5996408.0
617.0885190805675 3715889.0
617.0897644630096 2480015.5
617.0912489079027 1943750.0
617.0929724152465 1696770.0
617.0949349850415 1571501.9
617.0971366172871 1839907.8
617.0995773119838 1912037.6
617.1022570691313 1736156.4
617.1051758887297 1660873.6
617.1083337707789 1278586.0
617.1117307152791 1425395.8
617.1153667222302 1586282.5
617.1192417916321 2005206.1
617.123355923485 2494705.8
617.1277091177888 2433654.5
617.1323013745433 3090563.5
617.1371326937488 3978100.5
617.1422030754052 4024107.2
617.1475125195125 4494473.0
617.1530610260706 5123092.0
617.1588485950797 5828061.0
617.1648752265397 6421554.0
617.1711409204505 7278155.0
617.1776456768123 8212622.0
617.1843894956249 7984949.0
617.1913723768885 8053937.0
617.1985943206029 6887350.0
617.2060553267681 7211638.0
617.2137553953843 7840460.5
617.2216945264513 7266351.0
617.2298727199694 6479248.0
617.2382899759382 5709276.0
617.246946294358 4397896.5
617.2558416752286 3202503.5
617.2649761185502 2338093.0
617.2743496243226 1494571.5
617.2839621925459 1267986.2
617.29381382322 1185472.8
617.3039045163453 1273218.9
617.3142342719211 1094682.4
617.3248030899481 957836.6
617.3356109704258 638573.0
617.3466579133545 694193.9
617.357943918734 977831.6
617.3694689865644 790182.44
617.3812331168458 755687.1
617.3932363095779 1221858.6
617.4054785647611 1260508.2
617.417959882395 1257652.6
617.43068026248 1183564.6
617.4436397050157 1088448.5
617.4568382100024 1041638.1
617.47027577744 1518378.0
617.4839524073284 2093618.0
617.4978680996677 2665393.0
617.512022854458 3897319.0
617.526416671699 5376344.0
617.5410495513911 7398066.0
617.555921493534 8285374.5
617.5710324981277 8835716.0
617.5863825651725 7894330.0
617.601971694668 7125227.0
617.6177998866144 5534524.0
617.6338671410118 3787538.5
617.6501734578601 3370884.8
617.6667188371591 3802633.5
617.6835032789093 3972029.5
617.70052678311 4411234.0
617.7177893497619 4443159.0
617.7352909788646 4576605.5
617.7530316704182 5077977.0
617.7710114244226 5408074.5
617.7892302408779 5498217.5
617.8076881197842 4785848.0
617.8263850611413 4630649.5
617.8453210649494 5717215.0
617.8644961312083 6985565.5
617.8839102599181 9412349.0
617.9035634510788 12062128.0
617.9234557046905 14113339.0
617.9435870207528 15999790.0
617.9639573992663 16110114.0
617.9845668402305 14884228.0
618.0054153436457 13473868.0
618.0265029095117 9599145.0
618.0478295378288 6887254.0
618.0693952285965 4638817.0
618.0911999818152 3022130.0
618.1132437974848 2612404.8
618.1355266756052 2807347.2
618.1580486161766 2469681.0
618.180809619199 1516482.0
618.2038096846721 1280682.1
618.2270488125961 1439353.6
618.2505270029711 1497222.5
618.2742442557969 1383184.0
618.2982005710737 1202494.2
618.3223959488013 1224637.6
618.3468303889798 1300044.4
618.3715038916091 1125738.4
618.3964164566895 844579.6
618.4215680842207 1124496.5
618.4469587742026 980695.5
618.4725885266356 959433.6
618.4984573415195 1447852.2
618.5245652188543 1623742.8
618.5509121586398 1636639.0
618.5774981608764 1567364.8
618.6043232255638 1603711.4
618.6313873527021 1684309.8
618.6586905422912 1770114.0
618.6862327943314 2091517.2
618.7140141088223 2689782.5
618.7420344857642 3004132.5
618.7702939251569 3988176.0
618.7987924270005 5370940.5
618.827529991295 8061805.5
618.8565066180404 10777198.0
618.8857223072368 11348200.0
618.915177058884 11812848.0
618.944870872982 10687245.0
618.974803749531 9603998.0
619.004975688531 7548431.0
619.0353866899817 5025500.5
619.0660367538834 3687088.0
619.0969258802359 3013672.2
619.1280540690393 2449208.0
619.1594213202936 2560973.2
619.1910276339989 2758130.0
619.2228730101549 2238002.0
619.2549574487618 1799669.8
619.2872809498198 1868257.8
619.3198435133286 1453641.8
619.3526451392883 1558050.0
619.3856858276988 1452879.8
619.4189655785602 937179.7
619.4524843918725 806629.06
619.4862422676358 1281425.2
619.5202392058499 1318329.0
619.5544752065149 1543272.2
619.5889502696308 1428270.1
619.6236643951976 1355970.8
619.6586175832152 1517323.1
619.6938098336839 2244907.0
619.7292411466033 2623207.5
619.7649115219735 3215072.5
619.8008209597948 3885173.0
619.8369694600669 4647600.5
619.8733570227901 5434985.5
619.9099836479638 6846861.0
619.9468493355887 7851216.0
619.9839540856643 8445882.0
620.0212978981909 8658194.0
620.0588807731684 8325567.0
620.0967027105968 6950742.5
620.134763710476 4789326.5
620.1730637728062 2985818.0
620.2116028975872 2590576.5
620.2503810848191 1618625.2
620.2893983345019 1329042.5
620.3286546466355 1029448.5
620.3681500212202 1102166.5
620.4078844582556 1322591.2
620.447857957742 1171480.4
620.4880705196792 880216.75
620.5285221440674 1036890.3
620.5692128309064 1037369.4
620.6101425801965 1122878.1
620.6513113919372 1086407.5
620.692719266129 1051027.2
620.7343662027715 831024.44
620.7762522018651 1100734.8
620.8183772634094 926156.6
620.8607413874046 821748.5
620.9033445738509 681705.25
620.9461868227478 746278.44
620.9892681340958 893640.94
621.0325885078946 942693.0
621.0761479441444 1370320.8
621.1199464428449 1426988.5
621.1639840039965 1260727.6
621.2082606275989 1251572.4
621.2527763136521 1109586.4
621.2975310621563 1355215.6
621.3425248731114 1344809.9
621.3877577465173 1370626.1
621.4332296823742 1688529.2
621.478940680682 1358617.4
621.5248907414405 1314800.0
621.5710798646501 1353516.4
621.6175080503104 1090053.1
621.6641752984218 999530.0
621.7110816089839 975094.3
621.758226981997 1284510.5
621.8056114174609 1441913.9
621.8532349153759 1427090.1
621.9010974757415 1404106.1
621.9491990985582 1798588.6
621.9975397838257 1651737.5
622.0461195315442 1534817.2
622.0949383417135 1407531.1
622.1439962143336 1604890.8
622.1932931494047 2120192.5
622.2428291469266 2273160.2
622.2926042068996 2041224.8
622.3426183293233 1926841.9
622.392871514198 1478994.8
622.4433637615234 1482115.2
622.4940950713 1525872.0
622.5450654435272 1763011.9
622.5962748782055 1760050.1
622.6477233753345 1313816.0
622.6994109349146 1450841.4
622.7513375569454 1667252.2
622.8035032414273 1640803.6
622.8559079883598 1911283.8
622.9085517977434 2399624.0
622.9614346695778 2686312.8
623.0145566038631 2931561.5
623.0679176005993 3014013.5
623.1215176597865 3342076.5
623.1753567814245 3891907.8
623.2294349655133 3516500.0
623.2837522120532 3181064.0
623.3383085210438 3240671.5
623.3931038924854 3213318.0
623.4481383263778 3192622.2
623.5034118227212 4425837.0
623.5589243815153 5309374.5
623.6146760027606 6258608.0
623.6706666864566 6402417.5
623.7268964326033 6471779.5
623.7833652412012 7005372.5
623.8400731122499 6903350.5
623.8970200457495 6029473.0
623.9542060416999 4795935.5
624.0116311001013 3583406.5
624.0692952209534 2925005.0
624.1271984042567 2416598.5
624.1853406500106 2520308.8
624.2437219582156 2271434.5
624.3023423288714 1927919.4
624.3612017619781 1911199.0
624.4203002575357 1822272.2
624.4796378155443 1954872.4
624.5392144360035 1530711.5
624.5990301189137 1391603.0
624.659084864275 1143230.6
624.7193786720869 985316.75
624.7799115423499 1372869.8
624.8406834750637 1365825.5
624.9016944702284 1512032.6
624.962944527844 1411441.4
625.0244336479105 1287329.8
625.0861618304278 1198672.0
625.1481290753961 1324746.9
625.2103353828153 1068053.2
625.2727807526853 1576043.8
625.3354651850062 1847498.2
625.398388679778 1800677.6
625.4615512370008 2229571.5
625.5249528566744 1974940.2
625.5885935387989 2473664.2
625.6524732833743 3238009.5
625.7165920904006 3460323.8
625.7809499598777 3839275.0
625.8455468918058 4325102.0
625.9103828861847 4632512.0
625.9754579430146 4511395.5
626.0407720622953 3981354.5
626.106325244027 3381194.8
626.1721174882094 2730789.5
626.2381487948429 2487772.2
626.3044191639272 2192912.0
626.3709285954623 2005583.2
626.4376770894484 2180708.2
626.5046646458853 2172641.5
626.5718912647732 2127649.5
626.6393569461119 1731135.2
626.7070616899016 1492145.5
626.7750054961421 1483505.1
626.8431883648335 2214819.8
626.9116102959758 1735983.0
626.980271289569 1102530.5
627.0491713456131 1127930.1
627.1183104641082 1524414.8
627.1876886450539 1190449.9
627.2573058884507 1403059.2
627.3271621942984 1726423.5
627.3972575625968 1990586.9
627.4675919933463 2211220.0
627.5381654865465 2407205.2
627.6089780421978 2977090.5
627.6800296602999 2743418.8
627.7513203408529 2432363.2
627.8228500838567 2579382.2
627.8946188893116 3286878.8
627.9666267572171 2920537.8
628.0388736875738 2870514.8
628.1113596803812 2657787.5
628.1840847356395 2377492.8
628.2570488533487 1959865.0
628.3302520335087 1961835.2
628.4036942761198 1868834.8
628.4773755811816 2457970.5
628.5512959486945 2837904.5
628.6254553786581 2612007.0
628.6998538710727 2743703.8
628.7744914259381 3347173.8
628.8493680432545 3207403.8
628.9244837230217 2854922.5
628.9998384652398 2537732.0
629.0754322699088 2477164.0
629.1512651370288 2651968.0
629.2273370665995 3538928.8
629.3036480586212 4384131.5
629.3801981130938 4792929.0
629.4569872300171 4379705.0
629.5340154093916 3693507.8
629.6112826512167 3338688.8
629.6887889554929 3062677.5
629.7665343222199 2743681.5
629.8445187513979 2306502.8
629.9227422430266 1859987.2
630.0012047971064 1372291.1
630.0799064136369 1393791.4
630.1588470926184 1412169.4
630.2380268340507 1476387.8
630.317445637934 1817707.0
630.3971035042681 1955834.2
630.4770004330533 2134805.8
630.5571364242891 2169208.0
630.6375114779759 2316808.8
630.7181255941136 2300636.2
630.7989787727022 2039975.6
630.8800710137417 1922471.8
630.961402317232 2537174.8
631.0429726831734 2090930.1
631.1247821115654 2113165.2
631.2068306024086 1977337.5
631.2891181557025 1728209.5
631.3716447714473 1482808.0
631.454410449643 1115476.0
631.5374151902896 1181457.6
631.6206589933871 1428330.5
631.7041418589355 1709018.5
631.7878637869347 1751881.4
631.8718247773849 1813248.0
631.956024830286 2068916.5
632.0404639456378 2569344.5
632.1251421234408 2174955.8
632.2100593636944 1865106.5
632.2952156663991 2680922.8
632.3806110315546 2800302.0
632.4662454591611 2443210.5
632.5521189492183 1729236.5
632.6382315017265 1614429.9
632.7245831166855 1792707.6
632.8111737940956 1541888.1
632.8980035339563 1647435.8
632.985072336268 2146161.0
633.0723802010307 2161322.0
633.1599271282441 2009726.0
633.2477131179087 2352419.0
633.3357381700239 2901635.5
633.4240022845902 2603368.2
633.5125054616071 2376923.2
633.6012477010752 2411651.0
633.690229002994 2451800.8
633.7794493673638 2637316.0
633.8689087941844 2358156.5
633.958607283456 2298327.8
634.0485448351784 2011043.9
634.1387214493517 2079049.0
634.2291371259759 2234213.0
634.3197918650509 2169461.2
634.4106856665769 1468399.0
634.5018185305538 1127821.5
634.5931904569816 1330291.8
634.6848014458602 1440624.0
634.7766514971898 1485182.2
634.8687406109701 1356715.5
634.9610687872016 1385290.6
635.0536360258837 1451499.2
635.1464423270169 1379855.1
635.2394876906009 1686156.0
635.3327721166357 1095819.5
635.4262956051215 841392.5
635.5200581560582 915468.25
635.6140597694457 1115992.2
635.7083004452841 1060602.2
635.8027801835735 1334456.5
635.8974989843136 981376.6
635.9924568475049 1114376.5
636.0876537731468 1367405.8
636.1830897612398 1349230.0
636.2787648117835 1289512.6
636.3746789247782 1682164.5
636.4708321002237 1657247.4
636.5672243381202 1831132.8
636.6638556384676 1600033.6
636.7607260012659 1420316.4
636.857835426515 1734908.1
636.9551839142149 2156542.2
637.0527714643658 2284112.2
637.1505980769675 2355382.8
637.2486637520203 2527541.0
637.3469684895239 2491905.5
637.4455122894784 2431866.0
637.5442951518837 2179366.5
637.64331707674 2096071.9
637.742578064047 2182290.8
637.8420781138052 1779730.6
637.941817226014 1845254.8
638.0417954006739 1690872.0
638.1420126377845 1369288.5
638.2424689373462 1222449.1
638.3431642993586 1393073.6
638.444098723822 1517758.8
638.5452722107362 1489322.5
638.6466847601014 1331180.8
638.7483363719175 1251162.4
638.8502270461844 1506283.5
638.9523567829023 1332599.8
639.0547255820709 1307780.8
639.1573334436905 1323356.8
639.260180367761 1338956.8
639.3632663542825 1118749.6
639.4665914032546 1275186.6
639.5701555146778 1991051.0
639.6739586885519 2146617.8
639.7780009248769 1866235.6
639.8822822236526 2219787.8
639.9868025848793 2145584.8
640.091562008557 2377541.0
640.1965604946854 2421673.0
640.3017980432649 2759560.0
640.4072746542952 3372797.8
640.5129903277764 3268212.2
640.6189450637083 3071884.8
640.7251388620914 2945698.5
640.8315717229252 2134968.5
640.93824364621 1259397.6
641.0451546319456 1089805.0
641.1523046801321 1122784.9
641.2596937907695 1372401.8
641.3673219638578 1635250.2
641.4751891993969 1448036.8
641.583295497387 1267765.2
641.691640857828 1434575.0
641.8002252807198 1519300.6
641.9090487660626 1770361.5
642.0181113138563 1670135.0
642.1274129241008 1779484.0
642.2369535967962 1938670.0
642.3467333319426 1917869.5
642.4567521295397 1981399.8
642.5670099895879 1906689.2
642.6775069120868 1906371.8
642.7882428970366 1555136.4
642.8992179444374 1705194.9
643.010432054289 1292241.2
643.1218852265915 1338107.8
643.2335774613449 1518344.9
643.3455087585494 1844112.6
643.4576791182045 1967673.0
643.5700885403106 1528240.6
643.6827370248676 1281220.8
643.7956245718756 1470390.8
643.9087511813342 1215333.2
644.0221168532439 1138642.2
644.1357215876045 1552705.5
644.249565384416 1758980.5
644.3636482436782 1382736.8
644.4779701653915 1341131.9
644.5925311495556 1524035.5
644.7073311961706 1408448.8
644.8223703052365 1479803.6
644.9376484767532 1678731.0
645.0531657107209 1812188.0
645.1689220071395 2108812.2
645.2849173660089 1637729.5
645.4011517873292 1638554.0
645.5176252711005 1469681.5
645.6343378173226 1638140.1
645.7512894259957 1751325.8
645.8684800971196 1558678.1
645.9859098306944 1455895.6
646.10357862672 1440156.8
646.2214864851966 1400834.5
646.3396334061241 1372389.9
646.4580193895024 1621925.6
646.5766444353317 1698203.9
646.6955085436118 1401321.5
646.8146117143428 1327900.0
646.9339539475247 1347350.0
647.0535352431576 1732600.2
647.1733556012413 1395486.1
647.2934150217759 1318286.2
647.4137135047613 1732203.8
647.5342510501977 1346856.4
647.6550276580849 1167922.0
647.7760433284232 1103407.8
647.8972980612122 1141800.8
648.018791856452 1176597.2
648.1405247141429 1095855.4
648.2624966342845 1251189.0
648.3847076168772 1603438.0
648.5071576619206 1510828.6
648.629846769415 1680843.8
648.7527749393603 1814894.2
648.8759421717565 1606938.0
648.9993484666035 1762159.5
649.1229938239015 1634515.6
649.2468782436503 1608393.5
649.3710017258501 1208756.5
649.4953642705007 1197939.5
649.6199658776021 1280363.6
649.7448065471544 1523416.9
649.8698862791578 1329186.5
649.9952050736119 1152791.8
650.120762930517 1394221.2
650.2465598498729 1545454.5
650.3725958316797 1484885.1
650.4988708759375 1684858.0
650.6253849826461 1573541.0
650.7521381518056 1371378.6
650.879130383416 1081819.2
651.0063616774773 1356368.1
651.1338320339895 1089452.0
651.2615414529527 1148016.8
651.3894899343666 1408007.2
651.5176774782313 1482764.0
651.6461040845472 1625729.2
651.7747697533138 1279370.2
651.9036744845314 1167156.4
652.0328182781997 1386928.5
652.162201134319 1038631.8
652.2918230528892 1114989.6
652.4216840339103 1112665.0
652.5517840773823 1250385.2
652.6821231833052 1230251.0
652.8127013516789 1421765.2
652.9435185825037 1867266.4
653.074574875779 1494195.8
653.2058702315056 1273627.6
653.3374046496829 1014016.9
653.469178130311 987278.1
653.6011906733902 1157046.9
653.73344227892 1534724.9
653.865932946901 1708408.2
653.9986626773327 1651557.5
654.1316314702154 1433205.8
654.2648393255489 1310912.5
654.3982862433335 1314070.6
654.5319722235687 1091505.8
654.665897266255 1382135.0
654.8000613713921 1430508.0
654.9344645389801 1172082.9
655.069106769019 1180860.9
655.2039880615088 1108651.1
655.3391084164494 1329473.1
655.4744678338409 1317030.1
655.6100663136834 1201168.8
655.7459038559767 1255645.5
655.881980460721 1638816.2
656.0182961279161 1537190.2
656.1548508575621 1447315.2
656.291644649659 1852309.4
656.4286775042068 1958926.1
656.5659494212055 1669641.8
656.7034604006551 1585857.0
656.8412104425555 1851231.1
656.9791995469069 2529236.2
657.117427713709 2888899.8
657.2558949429622 1825757.6
657.3946012346663 1677580.0
657.5335465888211 1220311.2
657.672731005427 1149020.1
657.8121544844836 1283774.0
657.9518170259913 1611845.8
658.0917186299497 1297098.1
658.2318592963591 1339543.2
658.3722390252193 1495376.2
658.5128578165305 1221343.2
658.6537156702925 1345662.4
658.7948125865055 1453802.5
658.9361485651692 1127682.9
659.077723606284 1347767.2
659.2195377098495 1644637.0
659.361590875866 1690763.9
659.5038831043335 1416040.5
659.6464143952517 1772003.6
659.7891847486209 1810525.0
659.9321941644408 1661411.1
660.0754426427119 1459969.0
660.2189301834336 1741895.0
660.3626567866064 1537332.8
660.50662245223 1211343.1
660.6508271803045 1121844.8
660.7952709708298 1253190.5
660.9399538238061 1370385.2
661.0848757392333 1252497.6
661.2300367171114 1174054.8
661.3754367574403 1221146.5
661.5210758602201 1544246.4
661.6669540254509 1412613.9
661.8130712531324 1219989.5
661.9594275432651 1324723.1
662.1060228958484 1315889.2
662.2528573108827 1135827.6
662.3999307883678 943348.06
662.5472433283039 998268.06
662.6947949306908 1055111.8
662.8425855955288 1242402.2
662.9906153228175 1414982.5
663.1388841125572 1248370.8
663.2873919647476 1332099.4
663.436138879389 1220081.2
663.5851248564813 1074788.5
663.7343498960245 1056154.0
663.8838139980186 1280847.1
664.0335171624636 1414453.9
664.1834593893594 1280555.2
664.3336406787062 1178919.8
664.4840610305039 1124480.1
664.6347204447524 1109125.1
664.7856189214518 1300328.4
664.936756460602 1354608.5
665.0881330622034 1429210.2
665.2397487262554 1350753.0
665.3916034527584 1539983.0
665.5436972417123 1268271.5
665.6960300931171 1036674.25
665.8486020069727 1134330.0
666.0014129832791 1291269.9
666.1544630220367 1416836.9
666.3077521232449 1443726.4
666.4612802869042 1260639.0
666.6150475130142 1515667.2
666.7690538015753 1698795.1
666.9232991525871 1904177.2
667.07778356605 1642268.8
667.2325070419636 1828994.9
667.3874695803282 1969570.1
667.5426711811436 1998129.9
667.69811184441 1733326.0
667.8537915701272 1640580.2
668.0097103582953 2000534.4
668.1658682089143 2284064.5
668.3222651219842 2167073.0
668.4789010975051 1976361.1
668.6357761354766 1905272.6
668.7928902358992 1648864.0
668.9502433987727 1334834.4
669.1078356240971 1462624.2
669.2656669118722 1345130.5
669.4237372620985 1061100.8
669.5820466747754 1108097.5
669.7405951499034 1061159.0
669.8993826874821 1012856.56
670.0584092875117 1202979.0
670.2176749499924 1051638.8
670.3771796749238 1379372.6
670.5369234623063 1265762.8
670.6969063121394 1226640.2
670.8571282244236 1244266.4
671.0175891991586 1242176.8
671.1782892363447 1266080.5
671.3392283359814 1222689.0
671.5004064980691 1249025.8
671.6618237226077 1141981.4
671.8234800095972 1186053.6
671.9853753590376 1088142.8
672.1475097709289 1346338.6
672.309883245271 1411979.0
672.472495782064 1193770.5
672.635347381308 1463534.8
672.7984380430028 1607798.0
672.9617677671484 1505676.8
673.125336553745 1422436.5
673.2891444027925 1208907.5
673.453191314291 1340275.5
673.6174772882403 1551675.6
673.7820023246404 1331214.0
673.9467664234915 1376258.6
674.1117695847934 1551323.0
674.2770118085463 1395712.4
674.4424930947499 1335929.9
674.6082134434046 1420946.0
674.7741728545101 1382725.2
674.9403713280664 1583616.8
675.1068088640737 1421418.2
675.2734854625319 1664821.4
675.440401123441 1879816.9
675.6075558468009 1817233.1
675.7749496326118 1967885.1
675.9425824808735 1919921.8
676.1104543915861 1771203.6
676.2785653647496 1943888.0
676.4469154003641 1903469.4
676.6155044984293 1731832.4
676.7843326589456 1905613.2
676.9533998819127 1689394.2
677.1227061673306 1470355.1
677.2922515151995 1613237.6
677.4620359255191 1373661.1
677.6320593982898 1281855.1
677.8023219335114 1273736.8
677.9728235311838 1167321.4
678.1435641913071 1547857.8
678.3145439138814 1631173.6
678.4857626989063 1704849.4
678.6572205463824 1329563.1
678.8289174563092 1487149.4
679.000853428687 1882624.8
679.1730284635156 1600129.8
679.3454425607953 1538709.0
679.5180957205256 1171582.6
679.690987942707 1077917.0
679.8641192273392 1229506.5
680.0374895744222 1614743.8
680.2110989839563 1726858.1
680.3849474559411 1573481.4
680.559034990377 1415885.0
680.7333615872635 1377094.4
680.9079272466012 1376124.8
681.0827319683896 1501759.4
681.257775752629 1569976.5
681.4330585993191 1740331.5
681.6085805084602 1531994.8
681.7843414800523 1559960.1
681.9603415140951 1298618.6
682.1365806105889 1297410.9
682.3130587695335 1531428.6
682.4897759909292 1473226.4
682.6667322747755 1398120.1
682.8439276210729 1345085.0
683.0213620298211 1460057.4
683.1990355010204 1613839.0
683.3769480346702 1576626.2
683.5550996307712 1615776.5
683.7334902893231 1526965.6
683.9121200103258 1586861.2
684.0909887937793 1760667.0
684.2700966396839 1493520.0
684.4494435480391 1799065.5
684.6290295188454 1711857.8
684.8088545521025 1492087.0
684.9889186478105 1330921.2
685.1692218059694 1622599.2
685.3497640265792 1604169.9
685.5305453096399 1545701.9
685.7115656551515 1532166.8
685.8928250631141 1549731.8
686.0743235335274 1612416.4
686.2560610663917 1578322.6
686.4380376617067 1546227.6
686.6202533194729 1414814.2
686.8027080396897 1438645.8
686.9854018223576 1482220.8
687.1683346674763 1743693.6
687.351506575046 1789309.4
687.5349175450664 1879391.8
687.7185675775377 1918257.5
687.9024566724601 1621457.2
688.0865848298331 1433755.2
688.2709520496572 1413096.8
688.4555583319321 1603396.0
688.640403676658 1943181.1
688.8254880838347 2048854.8
689.0108115534624 1649009.5
689.1963740855408 1635180.6
689.3821756800703 1744441.2
689.5682163370506 1960954.4
689.7544960564818 1673998.9
689.9410148383638 1436917.0
690.1277726826967 1333007.5
690.3147695894805 1405577.8
690.5020055587153 1483155.0
690.689480590401 1583566.4
690.8771946845374 1703053.9
691.0651478411248 1515245.1
691.253340060163 1556670.8
691.4417713416524 1382003.9
691.6304416855924 1808025.5
691.8193510919834 2005661.9
692.0084995608252 1931286.2
692.197887092118 2120633.0
692.3875136858616 1833125.5
692.5773793420561 1519085.2
692.7674840607016 1459511.9
692.9578278417978 1604301.9
693.1484106853451 1508571.8
693.339232591343 1713987.5
693.5302935597921 1935815.6
693.7215935906919 1765575.6
693.9131326840427 1658901.2
694.1049108398444 1535303.1
694.2969280580969 1758825.5
694.4891843388003 1668828.9
694.6816796819547 1870633.8
694.8744140875599 1961366.9
695.067387555616 2060057.4
695.260600086123 1867781.5
695.4540516790809 1725644.0
695.6477423344896 1820992.8
695.8416720523492 1962661.5
696.0358408326598 2304209.0
696.2302486754212 2045990.5
696.4248955806336 2090248.9
696.6197815482967 2373023.2
696.814906578411 2361997.2
697.0102706709758 2450076.2
697.2058738259918 2285727.2
697.4017160434586 2168951.2
697.5977973233763 2182728.2
697.7941176657448 2454368.0
697.9906770705643 2385173.0
698.1874755378346 2299073.5
698.3845130675558 2671140.2
698.581789659728 2869189.8
698.779305314351 2661482.0
698.9770600314249 2443250.5
699.1750538109496 2551208.2
699.3732866529253 2614967.0
699.5717585573519 2910271.0
699.7704695242294 2856706.5
699.9694195535577 2696124.8
700.168608645337 3034876.5
700.3680367995671 2927976.2
700.5677040162482 2981207.2
700.7676102953801 3054153.5
700.9677556369629 2924421.5
701.1681400409966 3132569.8
701.368763507481 3094788.8
701.5696260364166 3270484.8
701.7707276278029 3090872.0
701.9720682816403 2676651.5
702.1736479979284 2582198.8
702.3754667766674 2563001.8
702.5775246178573 2707386.0
702.7798215214982 2845501.2
702.9823574875899 2842122.2
703.1851325161325 3414704.0
703.3881466071259 3331272.5
703.5913997605704 3373802.8
703.7948919764656 3379073.0
703.9986232548118 3334227.8
704.2025935956088 3128011.5
704.4068029988567 2799927.0
704.6112514645556 2982318.8
704.8159389927052 2969192.5
705.020865583306 3150287.8
705.2260312363574 3080937.0
705.4314359518598 3139276.0
705.6370797298131 3086792.5
705.8429625702173 2904939.0
706.0490844730723 2771555.2
706.2554454383783 3270094.5
706.4620454661351 3344094.5
706.6688845563428 3621229.8
706.8759627090014 3968328.5
707.0832799241109 3740824.5
707.2908362016714 3624367.0
707.4986315416826 3829321.0
707.7066659441448 3982337.8
707.9149394090579 4003896.5
708.1234519364218 4117627.2
708.3322035262366 4370164.0
708.5411941785025 4477843.5
708.750423893219 4797734.0
708.9598926703866 4398433.0
709.169600510005 4449231.0
709.3795474120743 4553625.5
709.5897333765945 4726655.5
709.8001584035657 4829780.0
710.0108224929876 4923022.5
710.2217256448604 5105396.5
710.4328678591842 5158424.0
710.6442491359588 5173496.0
710.8558694751844 5879928.0
711.0677288768608 6098519.5
711.2798273409882 6475122.0
711.4921648675663 7190282.0
711.7047414565955 8563933.0
711.9175571080754 10395959.0
712.1306118220064 11664385.0
712.343905598388 11965666.0
712.5574384372208 11845318.0
712.7712103385043 11241405.0
712.9852213022388 10781500.0
713.199471328424 10277508.0
713.4139604170601 9344829.0
713.6286885681474 8737534.0
713.8436557816852 8938687.0
714.0588620576742 9332575.0
714.274307396114 9702288.0
714.4899917970047 9584507.0
714.7059152603462 9470362.0
714.9220777861387 9590863.0
715.138479374382 10355687.0
715.3551200250763 11121910.0
715.5719997382214 11879819.0
715.7891185138174 12882409.0
716.0064763518642 13106232.0
716.224073252362 12454309.0
716.4419092153107 12187569.0
716.6599842407103 11586350.0
716.8782983285607 11407516.0
717.096851478862 10429400.0
717.3156436916144 10382974.0
717.5346749668174 9297946.0
717.7539453044715 8893655.0
717.9734547045764 8549538.0
718.1932031671322 7391147.0
718.4131906921389 6582915.0
718.6334172795965 5594772.5
718.853882929505 5006248.0
719.0745876418644 4917668.5
719.2955314166745 4794143.0
719.5167142539357 4142022.2
719.7381361536477 3544322.2
719.9597971158106 3746319.8
720.1816971404245 3897125.0
720.4038362274891 4125352.0
720.6262143770048 4231422.0
720.8488315889713 5229755.0
721.0716878633887 5523458.0
721.2947832002569 6076820.0
721.518117599576 7133057.0
721.741691061346 8219763.0
721.965503585567 10263711.0
722.1895551722389 11625532.0
722.4138458213616 12137018.0
722.6383755329352 13607231.0
722.8631443069596 16007545.0
723.0881521434351 15838104.0
723.3133990423613 15452968.0
723.5388850037385 14862176.0
723.7646100275665 14291154.0
723.9905741138455 13474710.0
724.2167772625753 13311201.0
724.4432194737561 13300928.0
724.6699007473876 12974831.0
724.8968210834703 13262655.0
725.1239804820036 14416018.0
725.3513789429879 14778190.0
725.579016466423 15901708.0
725.8068930523091 17197120.0
726.0350087006461 17671152.0
726.2633634114338 18425468.0
726.4919571846726 19414176.0
726.7207900203623 19838912.0
726.9498619185028 20392462.0
727.1791728790942 22495800.0
727.4087229021366 27377158.0
727.6385119876297 37898250.0
727.8685401355738 51569430.0
728.0988073459687 68110770.0
728.3293136188147 88507730.0
728.5600589541114 113786680.0
728.7910433518591 136419340.0
729.0222668120575 149735000.0
729.2537293347069 147679940.0
729.4854309198073 134425700.0
729.7173715673584 111445690.0
729.9495512773606 81643860.0
730.1819700498136 53677636.0
730.4146278847174 35780156.0
730.6475247820722 25868404.0
730.8806607418778 19041276.0
731.1140357641343 14810130.0
731.3476498488419 12656820.0
731.5815029960002 11494918.0
731.8155952056094 10378934.0
732.0499264776695 9313159.0
732.2844968121806 8263920.5
732.5193062091423 7241184.0
732.754354668555 6335327.0
732.9896421904187 5717812.5
733.2251687747333 5312792.5
733.4609344214988 5322914.0
733.6969391307151 5454906.0
733.9331829023823 6328803.0
734.1696657365004 6957707.0
734.4063876330695 6985703.0
734.6433485920893 7565538.0
734.8805486135602 7926565.5
735.1179876974818 8307772.0
735.3556658438545 9223830.0
735.5935830526778 9126699.0
735.8317393239522 8984602.0
736.0701346576775 8451423.0
736.3087690538534 7913679.5
736.5476425124806 7706269.0
736.7867550335584 7714129.5
737.0261066170873 8225352.0
737.265697263067 8979566.0
737.5055269714976 9607518.0
737.745595742379 10467525.0
737.9859035757114 12501436.0
738.2264504714947 16791578.0
738.4672364297288 24092648.0
738.7082614504138 34005436.0
738.9495255335498 48382024.0
739.1910286791365 64450010.0
739.4327708871742 83190550.0
739.6747521576629 102993060.0
739.9169724906022 119887500.0
740.1594318859927 127539520.0
740.4021303438338 125356590.0
740.6450678641261 110796580.0
740.8882444468691 88002320.0
741.131660092063 62883540.0
741.3753147997079 41017150.0
741.6192085698036 26488982.0
741.8633414023502 17204184.0
742.1077132973477 12396006.0
742.352324254796 10661536.0
742.5971742746954 9813977.0
742.8422633570456 8114174.0
743.0875915018465 6675731.0
743.3331587090985 6069570.5
743.5789649788013 5743995.0
743.8250103109551 4850768.5
744.0712947055597 3771342.2
744.3178181626151 3105498.0
744.5645806821216 3157417.2
744.8115822640789 2869337.0
745.058822908487 2661519.0
745.3063026153461 2894121.0
745.554021384656 3397224.0
745.801979216417 3763018.8
746.0501761106286 4150806.0
746.2986120672912 4339998.5
746.5472870864048 4424421.5
746.7962011679691 4803288.5
747.0453543119845 4756949.5
747.2947465184507 4397489.5
747.5443777873677 3764723.8
747.7942481187357 3044576.0
748.0443575125546 2869555.2
748.2947059688242 2576007.0
748.545293487545 2042338.9
748.7961200687164 2075052.8
749.0471857123389 2377936.0
749.2984904184123 2568418.0
749.5500341869365 2306697.8
749.8018170179115 2312392.2
750.0538389113375 2467181.5
750.3060998672144 2403298.2
750.558599885542 2542664.8
750.8113389663208 2307147.0
751.0643171095503 2133173.5
751.3175343152308 2197962.0
751.570990583362 2188458.0
751.8246859139442 2480624.8
752.0786203069773 2425037.0
752.3327937624614 2604141.0
752.5872062803962 2265591.5
752.841857860782 2448518.0
753.0967485036186 2514719.5
753.3518782089062 2811844.0
753.6072469766447 2844932.0
753.8628548068339 3015430.0
754.1187016994742 3115186.0
754.3747876545652 2920271.0
754.6311126721073 2928853.8
754.8876767521001 2988298.5
755.144479894544 3289313.5
755.4015220994386 3243117.8
755.6588033667842 3405247.5
755.9163236965807 3176139.0
756.1740830888281 3198920.0
756.4320815435262 3040428.0
756.6903190606754 2827057.0
756.9487956402754 3248195.5
757.2075112823263 3441441.0
757.4664659868281 4037575.0
757.7256597537807 3910224.0
757.9850925831844 3552202.5
758.2447644750388 3836560.2
758.5046754293442 4011267.8
758.7648254461004 4225474.0
759.0252145253075 4379380.0
759.2858426669656 4574210.5
759.5467098710745 5208784.0
759.8078161376343 5331400.5
760.069161466645 5770485.5
760.3307458581066 6085589.0
760.5925693120191 5656197.0
760.8546318283825 5830263.0
761.1169334071967 5718090.0
761.3794740484618 5355940.0
761.6422537521778 4864322.5
761.9052725183449 4587818.0
762.1685303469626 4615906.0
762.4320272380314 4600996.0
762.6957631915509 4491349.5
762.9597382075215 4727752.5
763.2239522859428 4073902.2
763.4884054268151 4044529.0
763.7530976301382 4014828.0
764.0180288959123 3745076.2
764.2831992241372 3572691.2
764.5486086148131 4067510.2
764.8142570679397 4427369.0
765.0801445835173 4841268.0
765.3462711615459 5366734.5
765.6126368020252 5725404.0
765.8792415049556 6540865.0
766.1460852703367 7307928.0
766.4131680981689 7674223.0
766.6804899884517 8190755.0
766.9480509411856 8132047.5
767.2158509563703 7833698.0
767.483890034006 7412771.0
767.7521681740925 6475522.0
768.0206853766299 5704899.5
768.2894416416182 5147291.0
768.5584369690574 5048066.5
768.8276713589474 5597900.0
769.0971448112883 5539415.5
769.3668573260802 5769690.0
769.636808903323 6268281.0
769.9069995430166 7383557.0
770.1774292451611 7911352.5
770.4480980097566 7765609.0
770.7190058368028 7483664.5
770.9901527263 7843800.0
771.2615386782481 8730892.0
771.5331636926471 9687847.0
771.805027769497 10613532.0
772.0771309087978 12389382.0
772.3494731105494 14780616.0
772.622054374752 17026622.0
772.8948747014053 20248914.0
773.1679340905096 25057844.0
773.4412325420649 28318238.0
773.714770056071 30224252.0
773.9885466325279 31019332.0
774.2625622714359 29386740.0
774.5368169727947 26464822.0
774.8113107366042 22549948.0
775.0860435628648 17109002.0
775.3610154515762 12121464.0
775.6362264027387 9108121.0
775.9116764163518 7858408.0
776.1873654924159 7351432.0
776.4632936309309 6855871.0
776.7394608318967 6367039.0
777.0158670953135 6876756.0
777.2925124211812 7508998.0
777.5693968094998 7322145.0
777.8465202602692 7335165.5
778.1238827734896 7512873.0
778.4014843491608 8276482.5
778.6793249872829 9198504.0
778.957404687856 10742566.0
779.23572345088 13350096.0
779.5142812763546 14578408.0
779.7930781642804 15865804.0
780.0721141146569 18036452.0
780.3513891274845 20644094.0
780.6309032027627 23513442.0
780.9106563404919 24666104.0
781.1906485406721 24478392.0
781.4708798033031 22370716.0
781.7513501283851 20361778.0
782.0320595159178 19123556.0
782.3130079659015 19284608.0
782.5941954783361 19237436.0
782.8756220532216 19623458.0
783.157287690558 19336424.0
783.4391923903453 18518902.0
783.7213361525834 17494720.0
784.0037189772725 14684264.0
784.2863408644123 13340034.0
784.5692018140032 13778010.0
784.8523018260448 14140209.0
785.1356409005374 15352296.0
785.419219037481 16808014.0
785.7030362368753 17793442.0
785.9870924987206 17762652.0
786.2713878230167 18169688.0
786.5559222097638 17247064.0
786.8406956589616 15238020.0
787.1257081706106 13962161.0
787.4109597447102 13778088.0
787.6964503812609 14128022.0
787.9821800802623 15176679.0
788.2681488417147 15629789.0
788.554356665618 15146165.0
788.8408035519722 16221012.0
789.1274895007773 16176172.0
789.4144145120331 16548481.0
789.70157858574 16793700.0
789.9889817218977 17176864.0
790.2766239205064 19236162.0
790.5645051815659 21776464.0
790.8526255050763 23482096.0
791.1409848910375 25704642.0
791.4295833394498 28355564.0
791.7184208503128 30059976.0
792.0074974236268 32561418.0
792.2968130593916 35031444.0
792.5863677576074 37085548.0
792.876161518274 39268890.0
793.1661943413915 40236330.0
793.45646622696 40243304.0
793.7469771749792 38173270.0
794.0377271854495 35393990.0
794.3287162583705 33788252.0
794.6199443937426 34724164.0
794.9114115915653 36219476.0
795.2031178518391 38021236.0
795.4950631745637 38195064.0
795.7872475597393 39666396.0
796.0796710073657 40091760.0
796.372333517443 40501016.0
796.6652350899712 43382004.0
796.9583757249504 46606504.0
797.2517554223803 48073424.0
797.5453741822612 49860460.0
797.839232004593 51512480.0
798.1333288893755 55984620.0
798.4276648366092 60908210.0
798.7222398462935 63963584.0
799.0170539184289 67443704.0
799.3121070530151 72703820.0
799.6073992500523 75221630.0
799.9029305095402 74790280.0
800.1987008314792 74390984.0
800.4947102158688 75745000.0
800.7909586627096 76462770.0
801.0874461720011 76663860.0
801.3841727437435 76632180.0
801.6811383779369 76900664.0
801.9783430745811 75158710.0
802.2757868336762 71855330.0
802.5734696552222 65614376.0
802.8713915392192 62591324.0
803.1695524856669 61445260.0
803.4679524945657 59399940.0
803.7665915659152 57342744.0
804.0654696997157 57078420.0
804.364586895967 57582416.0
804.6639431546693 57790604.0
804.9635384758224 59057430.0
805.2633728594265 61716800.0
805.5634463054813 63933684.0
805.863758813987 66076410.0
806.1643103849437 67741790.0
806.4651010183513 69243060.0
806.7661307142098 71710010.0
807.0673994725191 72192696.0
807.3689072932794 71915020.0
807.6706541764905 71492130.0
807.9726401221526 74573020.0
808.2748651302655 79349690.0
808.5773292008294 84450330.0
808.880032333844 95334590.0
809.1829745293097 109447830.0
809.4861557872262 125811330.0
809.7895761075936 144365520.0
810.0932354904118 166928800.0
810.3971339356808 189436030.0
810.701271443401 206882160.0
811.0056480135719 224118880.0
811.3102636461938 242631020.0
811.6151183412665 249734740.0
811.9202120987901 250850160.0
812.2255449187645 244951230.0
812.5311168011899 227809540.0
812.8369277460662 205295540.0
813.1429777533934 180504540.0
813.4492668231715 162402740.0
813.7557949554005 147953890.0
814.0625621500802 137253800.0
814.3695684072109 129449610.0
814.6768137267925 122512950.0
814.984298108825 116541640.0
815.2920215533085 107831810.0
815.5999840602427 100971540.0
815.908185629628 94300930.0
816.216626261464 87796310.0
816.5253059557509 82958060.0
816.8342247124888 74885304.0
817.1433825316776 66013916.0
817.4527794133171 58830424.0
817.7624153574077 52827756.0
818.072290363949 47677230.0
818.3824044329415 44328330.0
818.6927575643846 43927880.0
819.0033497582787 47283740.0
819.3141810146236 50896804.0
819.6252513334194 56816200.0
819.9365607146663 61857424.0
820.2481091583638 69190020.0
820.5598966645124 76474430.0
820.8719232331118 82713220.0
821.1841888641621 93833650.0
821.4966935576633 107578000.0
821.8094373136155 122630060.0
822.1224201320184 138353620.0
822.4356420128723 158705860.0
822.749102956177 183391180.0
823.0628029619327 210012800.0
823.3767420301392 237109380.0
823.6909201607966 265349540.0
824.005337353905 290544540.0
824.3199936094642 311603140.0
824.6348889274743 325554900.0
824.9500233079352 326968930.0
825.2653967508472 316378100.0
825.5810092562099 291209760.0
825.8968608240236 248666640.0
826.2129514542881 195897060.0
826.5292811470036 146620660.0
826.8458499021699 102761540.0
827.1626577197871 72395944.0
827.4797045998553 54991550.0
827.7969905423743 43523124.0
828.1145155473441 36219336.0
828.4322796147649 30940064.0
828.7502827446367 26984838.0
829.0685249369592 23979720.0
829.3870061917327 21609960.0
829.705726508957 19108636.0
830.0246858886322 17617132.0
830.3438843307583 16105354.0
830.6633218353354 14265965.0
830.9829984023633 12626011.0
831.3029140318422 11408574.0
831.6230687237718 11058488.0
831.9434624781525 11336579.0
832.2640952949838 11660086.0
832.5849671742662 10940155.0
832.9060781159994 11086129.0
833.2274281201835 11345481.0
833.5490171868187 11324712.0
833.8708453159045 12019512.0
834.1929125074414 11873841.0
834.515218761429 12194848.0
834.8377640778676 12056200.0
835.160548456757 12436391.0
835.4835718980975 13440095.0
835.8068344018886 15102195.0
836.1303359681309 16719520.0
836.4540765968239 17585166.0
836.778056287968 17022028.0
837.1022750415626 18607038.0
837.4267328576084 21296104.0
837.7514297361049 22548752.0
838.0763656770524 22262890.0
838.4015406804508 21717416.0
838.7269547463001 23115068.0
839.0526078746003 23998348.0
839.3785000653513 25925756.0
839.7046313185533 26860118.0
840.0310016342061 26406044.0
840.3576110123099 26707424.0
840.6844594528644 26877504.0
841.01154695587 25574810.0
841.3388735213264 25484596.0
841.6664391492336 24798316.0
841.9942438395917 24090480.0
842.3222875924008 24718198.0
842.6505704076608 26112256.0
842.9790922853716 27782748.0
843.3078532255333 26974464.0
843.636853228146 25990562.0
843.9660922932096 24924472.0
844.2955704207238 24227404.0
844.6252876106893 23934342.0
844.9552438631054 23948422.0
845.2854391779725 23542598.0
845.6158735552905 24453708.0
845.9465469950594 25357972.0
846.2774594972791 25906796.0
846.6086110619498 28410676.0
846.9400016890712 31190996.0
847.2716313786436 35443540.0
847.603500130667 41000290.0
847.9356079451411 46688056.0
848.2679548220663 50342916.0
848.6005407614422 53489256.0
848.9333657632692 57824290.0
849.2664298275467 61698160.0
849.5997329542755 64384684.0
849.933275143455 66927830.0
850.2670563950855 71185510.0
850.6010767091668 72944900.0
850.935336085699 71797580.0
851.2698345246821 67830936.0
851.6045720261161 64936700.0
851.939548590001 66477820.0
852.2747642163367 64089596.0
852.6102189051235 60456436.0
852.9459126563609 57646004.0
853.2818454700493 52876720.0
853.6180173461887 45183264.0
853.9544282847789 38577268.0
854.29107828582 33781250.0
854.627967349312 32526018.0
854.9650954752549 32462270.0
855.3024626636488 34863304.0
855.6400689144934 37068916.0
855.9779142277889 39120108.0
856.3159986035355 40401060.0
856.6543220417327 42168690.0
856.992884542381 44777276.0
857.33168610548 47265076.0
857.6707267310301 50546976.0
858.010006419031 53534484.0
858.3495251694828 58505856.0
858.6892829823855 62731110.0
859.0292798577391 65295090.0
859.3695157955435 70110320.0
859.709990795799 75042820.0
860.0507048585051 77596750.0
860.3916579836623 81148344.0
860.7328501712702 85733480.0
861.0742814213293 86965960.0
861.415951733839 89194780.0
861.7578611087997 90898620.0
862.1000095462114 92332660.0
862.4423970460737 93107870.0
862.7850236083872 90752240.0
863.1278892331513 86992420.0
863.4709939203666 80704010.0
863.8143376700325 70868664.0
864.1579204821496 60408120.0
864.5017423567174 49661244.0
864.845803293736 42189956.0
865.1901032932057 35476136.0
865.5346423551262 29315624.0
865.8794204794975 27258178.0
866.2244376663198 27335922.0
866.569693915593 28546510.0
866.9151892273169 31069112.0
867.2609236014919 33987424.0
867.6068970381177 36435956.0
867.9531095371945 39309790.0
868.299561098722 42747850.0
868.6462517227006 47002130.0
868.9931814091299 54106230.0
869.3403501580103 60879920.0
869.6877579693414 67671900.0
870.0354048431236 73077390.0
870.3832907793565 76826710.0
870.7314157780402 80255210.0
871.079779839175 81613370.0
871.4283829627606 84621340.0
871.7772251487971 88547740.0
872.1263063972845 94198590.0
872.4756267082229 98491230.0
872.825186081612 101174530.0
873.1749845174521 98959710.0
873.525022015743 92359570.0
873.875298576485 82074710.0
874.2258141996776 69463930.0
874.5765688853213 58494730.0
874.9275626334158 53671440.0
875.2787954439613 51523620.0
875.6302673169575 52428150.0
875.9819782524048 53934684.0
876.3339282503027 55056696.0
876.6861173106518 53893276.0
877.0385454334516 52951644.0
877.3912126187024 50893720.0
877.744118866404 46894640.0
878.0972641765566 43262700.0
878.45064854916 40707410.0
878.8042719842143 35411010.0
879.1581344817196 29613036.0
879.5122360416756 24340964.0
879.8665766640827 19892678.0
880.2211563489404 17504768.0
880.5759750962493 17096446.0
880.9310329060089 17455104.0
881.2863297782194 18700982.0
881.6418657128809 19698550.0
881.9976407099932 19527812.0
882.3536547695564 20011404.0
882.7099078915705 20414828.0
883.0664000760355 20221998.0
883.4231313229513 20457054.0
883.7801016323183 21715810.0
884.1373110041359 22235100.0
884.4947594384045 23258044.0
884.8524469351239 23424744.0
885.2103734942943 20800524.0
885.5685391159154 19384048.0
885.9269437999875 19337322.0
886.2855875465107 19859532.0
886.6444703554844 19584892.0
887.0035922269093 19939322.0
887.3629531607849 18583802.0
887.7225531571116 18368556.0
888.082392215889 20239022.0
888.4424703371174 21714798.0
888.8027875207965 23995016.0
889.1633437669268 26254530.0
889.5241390755077 25876000.0
889.8851734465397 25846052.0
890.2464468800224 27472218.0
890.6079593759562 30387260.0
890.9697109343408 33869228.0
891.3317015551763 38053100.0
891.6939312384626 41042790.0
892.0563999841997 44480496.0
892.419107792388 47982030.0
892.7820546630269 50904664.0
893.145240596117 55419200.0
893.5086655916577 56920140.0
893.8723296496495 55980136.0
894.2362327700921 55539656.0
894.6003749529856 58887870.0
894.96475619833 63752180.0
895.3293765061252 69896320.0
895.6942358763713 74536300.0
896.0593343090684 79631730.0
896.4246718042164 81535040.0
896.7902483618151 83834890.0
897.1560639818649 83719700.0
897.5221186643654 81253930.0
897.888412409317 71904020.0
898.2549452167193 58100716.0
898.6217170865726 44038184.0
898.9887280188768 33577836.0
899.3559780136319 25785470.0
899.7234670708378 22904672.0
900.0911951904947 20147192.0
900.4591623726023 16863522.0
900.827368617161 15709772.0
901.1958139241705 15583784.0
901.5644982936308 15268842.0
901.9334217255422 15101508.0
902.3025842199042 15195705.0
902.6719857767174 15163971.0
903.0416263959813 14909022.0
903.4115060776962 15188818.0
903.7816248218619 16812780.0
904.1519826284787 17246812.0
904.5225794975461 16763089.0
904.8934154290646 16516126.0
905.2644904230337 16540542.0
905.635804479454 17063342.0
906.0073575983251 16231311.0
906.3791497796472 15917179.0
906.7511810234199 15442848.0
907.1234513296438 15192874.0
907.4959606983184 14766788.0
907.8687091294438 14385676.0
908.2416966230203 14528346.0
908.6149231790475 13447900.0
908.9883887975259 12451368.0
909.3620934784549 11843896.0
909.736037221835 12712354.0
910.1102200276657 12520740.0
910.4846418959476 12204844.0
910.8593028266802 12323615.0
911.2342028198638 12655426.0
911.6093418754981 11773734.0
911.9847199935836 12029502.0
912.3603371741196 12592910.0
912.7361934171067 12947830.0
913.1122887225448 13455320.0
913.4886230904336 15299455.0
913.8651965207735 15278384.0
914.242009013564 15296678.0
914.6190605688057 16522938.0
914.996351186498 17223698.0
915.3738808666415 17209558.0
915.7516496092356 17939072.0
916.1296574142808 19796274.0
916.5079042817767 21414302.0
916.8863902117237 21792008.0
917.2651152041215 22277610.0
917.6440792589702 21060910.0
918.0232823762697 20575938.0
918.4027245560201 21282478.0
918.7824057982216 19417698.0
919.1623261028737 18343456.0
919.542485469977 17668288.0
919.9228838995309 17391252.0
920.3035213915359 18034476.0
920.6843979459916 18809512.0
921.0655135628983 19111090.0
921.446868242256 19344308.0
921.8284619840645 19403764.0
922.2102947883237 20555120.0
922.5923666550341 21237084.0
922.9746775841952 20368544.0
923.3572275758072 19657748.0
923.7400166298701 20906610.0
924.1230447463838 22747564.0
924.5063119253487 24509988.0
924.8898181667641 26242724.0
925.2735634706307 26111256.0
925.657547836948 25543016.0
926.0417712657163 23916136.0
926.4262337569354 22657468.0
926.8109353106056 21691288.0
927.1958759267263 20055688.0
927.5810556052983 20046528.0
927.966474346321 19132312.0
928.3521321497947 19207762.0
928.7380290157191 19436122.0
929.1241649440944 18499670.0
929.5105399349206 18089844.0
929.8971539881978 17512182.0
930.2840071039259 16505539.0
930.6710992821048 15466149.0
931.0584305227347 14985418.0
931.4460008258154 14580065.0
931.8338101913471 14353216.0
932.2218586193296 13042328.0
932.610146109763 11184944.0
932.9986726626472 8509773.0
933.3874382779825 6467283.0
933.7764429557685 4734438.0
934.1656866960054 4054286.2
934.5551694986933 4140726.2
934.9448913638321 4198007.0
935.3348522914216 4467722.0
935.7250522814621 4344576.5
936.1154913339535 4182294.5
936.5061694488959 4273874.5
936.8970866262891 4271060.0
937.288242866133 4848114.0
937.6796381684281 4770586.0
938.0712725331739 4780161.0
938.4631459603708 5380872.5
938.8552584500184 5328870.5
939.247610002117 5446771.0
939.6402006166663 5617310.5
940.0330302936667 5601614.0
940.4260990331178 6124518.0
940.8194068350199 6706606.0
941.212953699373 7486864.0
941.6067396261767 7297482.5
942.0007646154315 6641342.5
942.3950286671371 6192084.0
942.7895317812938 6582114.5
943.184273957901 6392698.0
943.5792551969595 5648735.0
943.9744754984687 5195097.5
944.3699348624289 4962980.5
944.7656332888398 5193607.5
945.1615707777016 5039817.5
945.5577473290144 4634682.5
945.9541629427781 4885378.0
946.3508176189927 5006929.0
946.7477113576581 5069321.0
947.1448441587745 5544069.0
947.5422160223416 5554362.0
947.9398269483597 5342134.0
948.3376769368288 5878324.5
948.7357659877487 6561519.5
949.1340941011194 6996228.0
949.5326612769411 7159469.0
949.9314675152136 7711827.5
950.3305128159373 8493954.0
950.7297971791115 8584838.0
951.1293206047367 8343627.0
951.5290830928128 8484632.0
951.9290846433399 9089338.0
952.3293252563178 8190476.0
952.7298049317465 7985247.5
953.1305236696262 7595670.5
953.5314814699568 6911089.0
953.9326783327383 7032080.0
954.3341142579707 7696394.5
954.7357892456539 8151265.0
955.137703295788 7535102.5
955.5398564083731 7165247.0
955.942248583409 7136943.0
956.3448798208958 6146044.0
956.7477501208334 5410060.0
957.1508594832221 5329635.0
957.5542079080615 4981992.0
957.9577953953519 5220423.0
958.3616219450932 5351873.0
958.7656875572852 5046623.5
959.1699922319283 5305456.0
959.5745359690222 5825214.0
959.979318768567 6142642.0
960.3843406305627 6393304.0
960.7896015550094 6222283.0
961.1951015419069 5970809.5
961.6008405912553 5306275.5
962.0068187030545 6182985.0
962.4130358773048 6658671.0
962.8194921140057 7152630.0
963.2261874131577 6861255.5
963.6331217747605 7419868.0
964.0402951988142 7444319.0
964.4477076853188 7517447.0
964.8553592342744 8125018.0
965.2632498456808 8425528.0
965.671379519538 8335009.0
966.0797482558462 7586884.5
966.4883560546052 7834552.5
966.8972029158153 7532936.0
967.3062888394761 6561133.0
967.7156138255879 6114797.5
968.1251778741505 5409565.0
968.534980985164 5221686.0
968.9450231586284 4780424.0
969.3553043945437 4636274.0
969.7658246929099 4674802.0
970.1765840537269 4246451.5
970.5875824769948 4183712.0
970.9988199627137 4061094.0
971.4102965108834 3846117.2
971.822012121504 3999911.5
972.2339667945757 4156828.0
972.6461605300981 4180749.0
973.0585933280714 3983164.8
973.4712651884955 4919692.0
973.8841761113707 5335156.0
974.2973260966967 5706882.0
974.7107151444736 6065425.5
975.1243432547012 6379873.0
975.5382104273799 7077752.0
975.9523166625095 8048034.5
976.3666619600898 8399231.0
976.7812463201212 8674238.0
977.1960697426034 8986458.0
977.6111322275365 8776530.0
978.0264337749204 9676296.0
978.4419743847554 10290585.0
978.8577540570411 10245985.0
979.2737727917779 8844818.0
979.6900305889653 7602775.5
980.1065274486039 7303754.0
980.523263370693 7044688.0
980.9402383552333 7020079.5
981.3574524022245 7278810.0
981.7749055116664 7683778.0
982.1925976835594 8990012.0
982.6105289179031 9293478.0
983.0286992146978 9548467.0
983.4471085739433 10258538.0
983.8657569956398 11722342.0
984.2846444797872 12191611.0
984.7037710263854 12813432.0
985.1231366354345 13010304.0
985.5427413069345 12562190.0
985.9625850408854 12466566.0
986.3826678372873 12301112.0
986.8029896961399 13192261.0
987.2235506174435 13643529.0
987.6443506011979 13964461.0
988.0653896474032 13703368.0
988.4866677560595 14125438.0
988.9081849271665 12904168.0
989.3299411607247 12449518.0
989.7519364567336 11404139.0
990.1741708151934 9578894.0
990.5966442361041 9281438.0
991.0193567194657 9003273.0
991.4423082652781 8686048.0
991.8654988735416 9360773.0
992.2889285442558 9381324.0
992.712597277421 8834896.0
993.1365050730369 7684729.0
993.5606519311038 7560262.5
993.9850378516217 7807087.5
994.4096628345903 8828045.0
994.83452688001 9857261.0
995.2596299878804 9490173.0
995.6849721582018 9023124.0
996.110553390974 9626511.0
996.5363736861973 10816705.0
996.9624330438713 11762256.0
997.3887314639962 11461010.0
997.8152689465721 10641791.0
998.2420454915989 11305599.0
998.6690610990764 10942968.0
999.0963157690048 10765258.0
999.5238095013843 11066585.0
999.9515422962145 10147808.0
1000.3795141534958 8813976.0
1000.8077250732279 7471535.0
1001.2361750554107 6586890.0
1001.6648641000446 6255282.0
1002.0937922071294 5342922.0
1002.522959376665 5491480.0
1002.9523656086515 5742209.0
1003.3820109030889 5987869.5
1003.8118952599773 6189104.0
1004.2420186793163 6968872.0
1004.6723811611065 7384997.5
1005.1029827053474 7610977.0
1005.5338233120393 8027017.0
1005.9649029811819 10087674.0
1006.3962217127755 11168598.0
1006.8277795068202 11452862.0
1007.2595763633155 13429384.0
1007.6916122822619 16030080.0
1008.1238872636591 18157442.0
1008.5564013075071 18486850.0
1008.9891544138061 18462660.0
1009.422146582556 19589962.0
1009.8553778137567 20795944.0
1010.2888481074084 22906918.0
1010.7225574635108 23731400.0
1011.1565058820644 23237676.0
1011.5906933630686 23290590.0
1012.0251199065237 21482484.0
1012.45978551243 17966084.0
1012.8946901807869 15329885.0
1013.3298339115948 11486462.0
1013.7652167048535 7938527.0
1014.2008385605632 6667169.5
1014.6366994787238 5816805.0
1015.0727994593352 5434062.0
1015.5091385023975 5776317.5
1015.9457166079108 5885713.0
1016.3825337758749 5730326.0
1016.8195900062899 6127339.5
1017.2568852991558 8428244.0
1017.6944196544725 9519744.0
1018.1321930722402 10129607.0
1018.5702055524587 11605262.0
1019.0084570951283 12871538.0
1019.4469477002485 12660201.0
1019.8856773678198 12959285.0
1020.3246460978419 13534972.0
1020.763853890315 16430020.0
1021.2033007452387 18567752.0
1021.6429866626136 19571916.0
1022.0829116424393 20419098.0
1022.5230756847159 20435716.0
1022.9634787894433 19814772.0
1023.4041209566217 17679936.0
1023.8450021862509 15855900.0
1024.286122478331 12816552.0
1024.727481832862 8773646.0
1025.1690802498438 6059234.5
1025.6109177292767 4862564.5
1026.0529942711605 3781473.5
1026.495309875495 3000276.0
1026.9378645422805 2569536.0
1027.380658271517 2311669.8
1027.823691063204 2291579.2
1028.2669629173424 2027924.2
1028.7104738339312 1828325.6
1029.1542238129714 1684610.5
1029.598212854462 1642951.1
1030.0424409584039 1333591.8
1030.4869081247964 912052.4
1030.9316143536398 929708.2
1031.376559644934 1055812.9
1031.8217439986793 1172740.1
1032.2671674148755 1367352.4
1032.7128298935227 1254010.2
1033.1587314346207 1481571.9
1033.6048720381693 1351580.0
1034.051251704169 1652314.8
1034.4978704326197 1562110.2
1034.9447282235212 1553549.8
1035.3918250768736 1480717.0
1035.8391609926769 1278638.0
1036.286735970931 1513269.9
1036.734550011636 1724121.2
1037.182603114792 1734007.0
1037.6308952803988 1241888.9
1038.0794265084567 974822.44
1038.5281967989652 1177213.5
1038.9772061519247 1295313.6
1039.426454567335 1690352.2
1039.8759420451966 1891861.4
1040.3256685855085 1561156.2
1040.7756341882716 1577174.0
1041.2258388534856 1219793.9
1041.6762825811506 1269290.4
1042.1269653712661 1403632.5
1042.577887223833 1748395.6
1043.0290481388504 1717827.2
1043.4804481163187 1400618.6
1043.9320871562381 1673547.8
1044.3839652586082 1836961.2
1044.8360824234294 2166613.0
1045.2884386507012 2135881.2
1045.7410339404241 2401293.2
1046.193868292598 2049913.0
1046.6469417072226 2466346.8
1047.1002541842981 2637086.0
1047.5538057238246 2535278.5
1048.0075963258018 2262163.2
1048.46162599023 1725919.4
1048.915894717109 1965311.4
1049.3704025064392 2127552.8
1049.82514935822 2448595.8
1050.2801352724516 2158742.0
1050.7353602491344 1956280.2
1051.1908242882678 1933910.0
1051.6465273898525 2048162.4
1052.1024695538877 2068111.5
1052.558650780374 2436586.8
1053.015071069311 2465189.8
1053.471730420699 2321705.5
1053.928628834538 2178812.8
1054.3857663108276 2178817.5
1054.8431428495683 1772790.1
1055.30075845076 2032273.5
1055.7586131144024 2311724.0
1056.2167068404956 2313835.2
1056.67503962904 2419827.0
1057.133611480035 2488121.8
1057.592422393481 2456764.8
1058.0514723693777 2961400.0
1058.5107614077258 3624681.2
1058.9702895085243 1416116.4
1059.4300566717739 -379170.6
1059.8900628974743 -1793061.1
1060.3503081856259 -3806395.2
1060.8107925362278 -5607278.0
1061.2715159492811 -7335222.5
1061.732478424785 -8876579.0
1062.1936799627401 -10647319.0
1062.6551205631458 -11812856.0
1063.1168002260026 -13746461.0
1063.57871895131 -16217959.0
1064.0408767390686 -18417302.0
1064.503273589278 -19972346.0
1064.965909501938 -22061962.0
1065.4287844770492 -24042022.0
1065.8918985146113 -25920404.0
1066.3552516146242 -28232118.0
1066.818843777088 -30100404.0
1067.2826750020029 0.0
1067.7467452893684 0.0
1068.211054639185 0.0
1068.6756030514523 0.0
1069.1403905261704 0.0
1069.6054170633397 0.0
1070.0706826629596 0.0
1070.5361873250306 0.0
1071.0019310495525 0.0
1071.4679138365252 0.0
1071.9341356859486 0.0
