string
description: px_shifted, calibration parameter: [ 1.19531225e-04 -2.30194563e-02  6.18194146e+02]
converted file:R_100ms_Fe_S3_x_1_45_binned_y back: data/dark_100msRZP-structure:___RZP_S3100msRoi:[0, 1040, 2048, 2048]
eV counts/s
618.1712462133476 1505910.2
618.1485853507007 1470093.9
618.1261635505048 1439396.0
618.1039808127597 1784463.5
618.0820371374655 2109333.8
618.0603325246223 2144567.0
618.0388669742298 1919910.5
618.0176404862883 1827216.8
617.9966530607976 1935999.2
617.9759046977579 1712831.1
617.955395397169 1906466.5
617.9351251590311 1895308.9
617.9150939833439 2031467.8
617.8953018701078 2202624.8
617.8757488193226 2405354.8
617.8564348309881 2113884.2
617.8373599051046 2020115.2
617.8185240416719 2589461.0
617.7999272406903 2566574.0
617.7815695021593 2340849.0
617.7634508260794 2274201.8
617.7455712124504 2168089.2
617.7279306612722 1913534.4
617.7105291725449 1991204.5
617.6933667462686 2228970.2
617.676443382443 2040468.0
617.6597590810685 2052275.6
617.6433138421447 2212624.8
617.6271076656718 2011494.2
617.6111405516499 2230517.8
617.5954125000789 2340299.5
617.5799235109587 2376504.8
617.5646735842894 1950901.8
617.5496627200711 2037084.4
617.5348909183035 2563557.0
617.520358178987 2465047.5
617.5060645021213 2424349.0
617.4920098877064 2648349.5
617.4781943357425 2972033.8
617.4646178462295 3014803.8
617.4512804191673 2724407.5
617.4381820545561 2755065.0
617.4253227523957 2988341.5
617.4127025126862 2918727.0
617.4003213354276 2893285.0
617.3881792206199 2354533.5
617.3762761682632 2184557.0
617.3646121783572 1982350.0
617.3531872509022 1720544.2
617.342001385898 1535713.5
617.3310545833449 2037632.6
617.3203468432424 2336865.2
617.309878165591 2087628.6
617.2996485503904 2011851.4
617.2896579976408 2298720.0
617.2799065073419 2022387.0
617.270394079494 2176321.2
617.261120714097 2345483.0
617.2520864111508 2769359.0
617.2432911706557 3022357.0
617.2347349926113 3171870.5
617.2264178770179 3572918.8
617.2183398238752 3064240.0
617.2105008331837 3342251.5
617.2029009049428 3555885.0
617.195540039153 3469353.0
617.188418235814 2890300.5
617.1815354949258 2443664.0
617.1748918164886 2979188.8
617.1684872005023 3035597.0
617.1623216469668 2790258.8
617.1563951558823 2601334.8
617.1507077272486 2350749.2
617.1452593610658 3155357.0
617.140050057334 3747797.2
617.1350798160529 3795995.5
617.1303486372229 3346780.0
617.1258565208436 4192423.0
617.1216034669154 4511243.0
617.1175894754379 4388861.0
617.1138145464114 4164394.0
617.1102786798357 3942806.2
617.106981875711 3933899.8
617.1039241340371 3855798.8
617.1011054548142 3570951.2
617.0985258380421 3781374.8
617.0961852837207 3928840.0
617.0940837918505 3548642.0
617.092221362431 3388345.2
617.0905979954625 3654949.0
617.0892136909449 4100335.0
617.0880684488782 4895809.0
617.0871622692623 5075215.0
617.0864951520974 5555104.5
617.0860670973833 5859074.0
617.0858781051202 5494189.5
617.0859281753078 5042285.0
617.0862173079464 4434834.5
617.0867455030359 3781675.0
617.0875127605763 3541293.5
617.0885190805675 3552386.2
617.0897644630096 2759736.5
617.0912489079027 1663604.4
617.0929724152465 1267335.5
617.0949349850415 1303131.8
617.0971366172871 1432876.1
617.0995773119838 1508143.9
617.1022570691313 1766713.6
617.1051758887297 1985633.9
617.1083337707789 1860622.8
617.1117307152791 1742074.2
617.1153667222302 2002935.8
617.1192417916321 2371259.0
617.123355923485 2870585.2
617.1277091177888 2799593.0
617.1323013745433 3005634.5
617.1371326937488 3796734.8
617.1422030754052 4574669.0
617.1475125195125 4640097.5
617.1530610260706 5246714.0
617.1588485950797 6424547.5
617.1648752265397 6304083.0
617.1711409204505 5827744.0
617.1776456768123 6061185.5
617.1843894956249 7172876.0
617.1913723768885 7164987.0
617.1985943206029 6356810.0
617.2060553267681 5609381.0
617.2137553953843 5525544.0
617.2216945264513 4836824.0
617.2298727199694 3753349.5
617.2382899759382 3527029.0
617.246946294358 2750283.8
617.2558416752286 2338757.2
617.2649761185502 2030041.1
617.2743496243226 1591733.8
617.2839621925459 1469313.2
617.29381382322 1040372.2
617.3039045163453 741197.1
617.3142342719211 684966.2
617.3248030899481 608939.9
617.3356109704258 791992.0
617.3466579133545 808444.5
617.357943918734 673858.7
617.3694689865644 583176.5
617.3812331168458 547498.1
617.3932363095779 730237.9
617.4054785647611 720968.0
617.417959882395 1211717.0
617.43068026248 1231444.5
617.4436397050157 1436501.9
617.4568382100024 1858103.5
617.47027577744 2328533.0
617.4839524073284 3344401.2
617.4978680996677 4345564.0
617.512022854458 4733554.5
617.526416671699 5163259.0
617.5410495513911 5518814.5
617.555921493534 5066532.5
617.5710324981277 5555343.0
617.5863825651725 5422890.0
617.601971694668 4753646.0
617.6177998866144 4363935.0
617.6338671410118 4119526.2
617.6501734578601 3829884.8
617.6667188371591 3448737.5
617.6835032789093 3443386.5
617.70052678311 4040489.5
617.7177893497619 3853035.2
617.7352909788646 4107992.0
617.7530316704182 4223148.5
617.7710114244226 3632098.8
617.7892302408779 3264927.5
617.8076881197842 4673315.0
617.8263850611413 5878148.0
617.8453210649494 7465510.5
617.8644961312083 8273584.0
617.8839102599181 9305754.0
617.9035634510788 10023226.0
617.9234557046905 9616377.0
617.9435870207528 10006796.0
617.9639573992663 9876548.0
617.9845668402305 9293489.0
618.0054153436457 8709572.0
618.0265029095117 7725190.0
618.0478295378288 6847475.0
618.0693952285965 5440338.0
618.0911999818152 4197368.0
618.1132437974848 3213311.0
618.1355266756052 2336919.2
618.1580486161766 1837627.4
618.180809619199 1705294.0
618.2038096846721 1288947.4
618.2270488125961 935270.0
618.2505270029711 1327336.9
618.2742442557969 1385225.1
618.2982005710737 1112653.0
618.3223959488013 850871.2
618.3468303889798 928995.75
618.3715038916091 840799.7
618.3964164566895 831293.2
618.4215680842207 1045672.0
618.4469587742026 1286070.2
618.4725885266356 1306193.9
618.4984573415195 1518217.2
618.5245652188543 1412071.4
618.5509121586398 1477313.9
618.5774981608764 1491522.8
618.6043232255638 1589409.8
618.6313873527021 1447923.8
618.6586905422912 1566243.0
618.6862327943314 2284992.0
618.7140141088223 3608658.8
618.7420344857642 4075294.8
618.7702939251569 5214919.0
618.7987924270005 6215018.0
618.827529991295 7422652.0
618.8565066180404 8505981.0
618.8857223072368 8202975.0
618.915177058884 7994412.0
618.944870872982 7286926.0
618.974803749531 6408973.0
619.004975688531 5657539.5
619.0353866899817 5150814.5
619.0660367538834 4390595.5
619.0969258802359 3087849.0
619.1280540690393 2577857.8
619.1594213202936 2199379.8
619.1910276339989 1658509.8
619.2228730101549 1491406.5
619.2549574487618 1782036.0
619.2872809498198 1741049.8
619.3198435133286 1722062.5
619.3526451392883 1441979.9
619.3856858276988 1082730.8
619.4189655785602 1040914.0
619.4524843918725 1136266.1
619.4862422676358 869427.4
619.5202392058499 897870.4
619.5544752065149 869691.4
619.5889502696308 1101929.8
619.6236643951976 1567046.5
619.6586175832152 1888668.6
619.6938098336839 2254413.0
619.7292411466033 1945607.5
619.7649115219735 2584394.2
619.8008209597948 4477569.0
619.8369694600669 4829144.0
619.8733570227901 4224701.0
619.9099836479638 5846787.5
619.9468493355887 6885926.0
619.9839540856643 5878599.0
620.0212978981909 4987284.5
620.0588807731684 4273548.0
620.0967027105968 3612847.0
620.134763710476 3331512.8
620.1730637728062 2832789.5
620.2116028975872 2474365.5
620.2503810848191 1775940.5
620.2893983345019 1277189.0
620.3286546466355 1121408.8
620.3681500212202 1066287.8
620.4078844582556 957767.6
620.447857957742 904074.44
620.4880705196792 790865.5
620.5285221440674 909026.0
620.5692128309064 1182885.5
620.6101425801965 899024.0
620.6513113919372 670638.44
620.692719266129 731881.1
620.7343662027715 790942.8
620.7762522018651 1080570.2
620.8183772634094 813359.0
620.8607413874046 1066737.4
620.9033445738509 699192.75
620.9461868227478 908056.75
620.9892681340958 1355095.2
621.0325885078946 1390349.9
621.0761479441444 1306576.4
621.1199464428449 1131938.6
621.1639840039965 1119907.4
621.2082606275989 953479.75
621.2527763136521 1072926.0
621.2975310621563 1059183.1
621.3425248731114 919519.75
621.3877577465173 705483.2
621.4332296823742 468010.0
621.478940680682 652953.6
621.5248907414405 779980.4
621.5710798646501 660006.25
621.6175080503104 838069.06
621.6641752984218 1039357.25
621.7110816089839 938328.1
621.758226981997 1099251.6
621.8056114174609 986461.75
621.8532349153759 890603.1
621.9010974757415 1131430.8
621.9491990985582 1361775.0
621.9975397838257 1496591.0
622.0461195315442 1202915.6
622.0949383417135 1453105.2
622.1439962143336 1112592.2
622.1932931494047 1363311.9
622.2428291469266 992661.56
622.2926042068996 909305.6
622.3426183293233 1171452.0
622.392871514198 1148553.0
622.4433637615234 1046614.6
622.4940950713 1097154.1
622.5450654435272 1622673.9
622.5962748782055 1248063.0
622.6477233753345 1284354.1
622.6994109349146 1312315.0
622.7513375569454 1499104.0
622.8035032414273 1826128.2
622.8559079883598 2153890.8
622.9085517977434 1831293.0
622.9614346695778 1904322.2
623.0145566038631 2048336.9
623.0679176005993 2143441.0
623.1215176597865 1631206.8
623.1753567814245 1709858.5
623.2294349655133 1931329.4
623.2837522120532 2624026.5
623.3383085210438 2901119.5
623.3931038924854 3299028.0
623.4481383263778 3515979.0
623.5034118227212 3809565.5
623.5589243815153 4496794.0
623.6146760027606 5510813.0
623.6706666864566 5131193.5
623.7268964326033 5415897.5
623.7833652412012 5016807.0
623.8400731122499 4533823.0
623.8970200457495 4208979.5
623.9542060416999 4182641.5
624.0116311001013 2807829.8
624.0692952209534 2925912.8
624.1271984042567 2413571.0
624.1853406500106 1967884.2
624.2437219582156 1671700.8
624.3023423288714 1982436.1
624.3612017619781 1817487.5
624.4203002575357 1505065.8
624.4796378155443 1224923.0
624.5392144360035 1221791.5
624.5990301189137 1349008.8
624.659084864275 833351.2
624.7193786720869 928766.5
624.7799115423499 1119002.9
624.8406834750637 1085344.1
624.9016944702284 1130507.1
624.962944527844 1096628.1
625.0244336479105 1072060.1
625.0861618304278 1505090.2
625.1481290753961 1619256.4
625.2103353828153 1856428.8
625.2727807526853 1869321.1
625.3354651850062 1790597.2
625.398388679778 1711371.5
625.4615512370008 1905150.2
625.5249528566744 2092897.0
625.5885935387989 2374537.0
625.6524732833743 2536144.8
625.7165920904006 2968480.0
625.7809499598777 3804493.5
625.8455468918058 3907180.0
625.9103828861847 3772542.8
625.9754579430146 3558212.8
626.0407720622953 3149209.8
626.106325244027 2927569.0
626.1721174882094 2385855.5
626.2381487948429 1809125.1
626.3044191639272 1728344.5
626.3709285954623 1873890.0
626.4376770894484 1434393.2
626.5046646458853 1319139.8
626.5718912647732 1420909.2
626.6393569461119 1368364.8
626.7070616899016 1063729.9
626.7750054961421 1033349.1
626.8431883648335 1004713.6
626.9116102959758 1311537.5
626.980271289569 1391830.2
627.0491713456131 1340894.8
627.1183104641082 1347373.0
627.1876886450539 1172338.9
627.2573058884507 1034992.25
627.3271621942984 1088982.9
627.3972575625968 1359370.2
627.4675919933463 1562610.8
627.5381654865465 1828586.9
627.6089780421978 2351338.5
627.6800296602999 2388463.0
627.7513203408529 1883125.0
627.8228500838567 2020335.2
627.8946188893116 1778735.2
627.9666267572171 1688881.0
628.0388736875738 2018722.8
628.1113596803812 1647047.2
628.1840847356395 1978670.5
628.2570488533487 2205008.0
628.3302520335087 2271123.5
628.4036942761198 1778153.5
628.4773755811816 1876861.2
628.5512959486945 1584472.2
628.6254553786581 1702550.5
628.6998538710727 1813299.4
628.7744914259381 2011603.2
628.8493680432545 2497853.2
628.9244837230217 3353354.5
628.9998384652398 3286468.5
629.0754322699088 3098967.5
629.1512651370288 2843305.0
629.2273370665995 2687589.0
629.3036480586212 2955833.0
629.3801981130938 3126265.5
629.4569872300171 2479499.2
629.5340154093916 2444361.5
629.6112826512167 2900809.8
629.6887889554929 2039708.5
629.7665343222199 1781167.6
629.8445187513979 1660013.9
629.9227422430266 1927426.4
630.0012047971064 1739778.0
630.0799064136369 1689479.8
630.1588470926184 1435535.6
630.2380268340507 1297576.6
630.317445637934 1501791.8
630.3971035042681 1925725.2
630.4770004330533 1847230.5
630.5571364242891 1655265.1
630.6375114779759 1450166.9
630.7181255941136 1818839.2
630.7989787727022 2211528.0
630.8800710137417 1785425.0
630.961402317232 1925968.2
631.0429726831734 1491290.1
631.1247821115654 1336117.8
631.2068306024086 1442081.4
631.2891181557025 1632008.2
631.3716447714473 1427936.5
631.454410449643 1417570.6
631.5374151902896 1159514.9
631.6206589933871 1232874.5
631.7041418589355 1496922.6
631.7878637869347 1840773.2
631.8718247773849 1635201.0
631.956024830286 1580186.2
632.0404639456378 2212750.2
632.1251421234408 2025728.9
632.2100593636944 1947698.1
632.2952156663991 2098915.8
632.3806110315546 2340759.8
632.4662454591611 1793741.9
632.5521189492183 1488696.0
632.6382315017265 1602398.2
632.7245831166855 1631944.4
632.8111737940956 1396220.0
632.8980035339563 1404895.8
632.985072336268 1788779.9
633.0723802010307 2106131.5
633.1599271282441 1747645.8
633.2477131179087 1641625.0
633.3357381700239 1741538.1
633.4240022845902 2518541.8
633.5125054616071 2358279.0
633.6012477010752 2335973.5
633.690229002994 2478191.2
633.7794493673638 2295380.2
633.8689087941844 1742931.5
633.958607283456 1816131.4
634.0485448351784 1472795.2
634.1387214493517 1254342.2
634.2291371259759 1442035.8
634.3197918650509 1478691.2
634.4106856665769 1682569.9
634.5018185305538 1491085.8
634.5931904569816 1333106.0
634.6848014458602 896249.75
634.7766514971898 1057142.0
634.8687406109701 1072127.4
634.9610687872016 727852.25
635.0536360258837 850742.2
635.1464423270169 991216.4
635.2394876906009 779636.6
635.3327721166357 785306.6
635.4262956051215 844044.0
635.5200581560582 955039.7
635.6140597694457 957212.5
635.7083004452841 1096266.0
635.8027801835735 882717.8
635.8974989843136 909682.1
635.9924568475049 949125.06
636.0876537731468 1264386.9
636.1830897612398 1385878.1
636.2787648117835 1347412.6
636.3746789247782 1518873.0
636.4708321002237 1600982.6
636.5672243381202 1707180.1
636.6638556384676 1330564.9
636.7607260012659 1232716.5
636.857835426515 1773996.4
636.9551839142149 1872362.2
637.0527714643658 2107000.8
637.1505980769675 1744200.6
637.2486637520203 1536395.6
637.3469684895239 1268452.9
637.4455122894784 1105629.9
637.5442951518837 1092049.9
637.64331707674 1290274.6
637.742578064047 1508878.2
637.8420781138052 1376603.8
637.941817226014 882501.2
638.0417954006739 1020391.25
638.1420126377845 1099714.0
638.2424689373462 774089.75
638.3431642993586 790710.4
638.444098723822 1027957.1
638.5452722107362 998627.44
638.6466847601014 941959.1
638.7483363719175 1311006.2
638.8502270461844 1210059.5
638.9523567829023 1001149.0
639.0547255820709 806665.94
639.1573334436905 861437.56
639.260180367761 967433.9
639.3632663542825 909712.4
639.4665914032546 1382892.6
639.5701555146778 1273180.2
639.6739586885519 1730604.0
639.7780009248769 1945113.8
639.8822822236526 2119699.0
639.9868025848793 2228519.5
640.091562008557 2319059.0
640.1965604946854 1660467.8
640.3017980432649 1640074.8
640.4072746542952 1808603.1
640.5129903277764 1811852.0
640.6189450637083 2093710.2
640.7251388620914 1982846.8
640.8315717229252 1436197.2
640.93824364621 1483435.0
641.0451546319456 1476940.6
641.1523046801321 1323202.2
641.2596937907695 1147286.2
641.3673219638578 1160805.4
641.4751891993969 1071319.5
641.583295497387 1005938.25
641.691640857828 988089.5
641.8002252807198 1462978.9
641.9090487660626 1543761.8
642.0181113138563 1144376.8
642.1274129241008 1383685.8
642.2369535967962 1605951.2
642.3467333319426 1905208.5
642.4567521295397 1672424.9
642.5670099895879 1611402.6
642.6775069120868 1563243.9
642.7882428970366 1289840.8
642.8992179444374 1673940.2
643.010432054289 1895949.5
643.1218852265915 1845723.1
643.2335774613449 1377889.8
643.3455087585494 1526655.8
643.4576791182045 1614130.5
643.5700885403106 1470657.0
643.6827370248676 1099931.8
643.7956245718756 1175856.0
643.9087511813342 1094029.5
644.0221168532439 1114323.1
644.1357215876045 1109659.8
644.249565384416 782776.8
644.3636482436782 766990.3
644.4779701653915 791929.5
644.5925311495556 929764.5
644.7073311961706 1254701.4
644.8223703052365 1446289.2
644.9376484767532 1852145.8
645.0531657107209 1558977.2
645.1689220071395 1444696.5
645.2849173660089 1236407.2
645.4011517873292 1397255.1
645.5176252711005 959829.9
645.6343378173226 934967.8
645.7512894259957 1098584.8
645.8684800971196 1250232.0
645.9859098306944 1225400.1
646.10357862672 892158.06
646.2214864851966 1158369.8
646.3396334061241 988055.25
646.4580193895024 1379195.2
646.5766444353317 1501053.5
646.6955085436118 1277796.4
646.8146117143428 1355592.0
646.9339539475247 1295040.0
647.0535352431576 1117941.2
647.1733556012413 997227.1
647.2934150217759 1142895.2
647.4137135047613 1292228.8
647.5342510501977 644640.1
647.6550276580849 717158.4
647.7760433284232 1094972.4
647.8972980612122 1450305.8
648.018791856452 1429958.5
648.1405247141429 1184849.8
648.2624966342845 1297396.0
648.3847076168772 1396613.5
648.5071576619206 1506786.1
648.629846769415 1545528.9
648.7527749393603 1116723.1
648.8759421717565 1154597.1
648.9993484666035 1547646.5
649.1229938239015 1718621.4
649.2468782436503 1483141.5
649.3710017258501 1064303.5
649.4953642705007 1126984.9
649.6199658776021 1281487.6
649.7448065471544 1278311.0
649.8698862791578 1376628.2
649.9952050736119 1465679.8
650.120762930517 1625497.5
650.2465598498729 1219541.4
650.3725958316797 1256597.6
650.4988708759375 1194116.5
650.6253849826461 840384.3
650.7521381518056 873769.6
650.879130383416 1069620.1
651.0063616774773 1136816.4
651.1338320339895 1239497.4
651.2615414529527 870021.5
651.3894899343666 1106789.2
651.5176774782313 1127995.1
651.6461040845472 1029254.6
651.7747697533138 1175631.8
651.9036744845314 1018645.75
652.0328182781997 1046664.7
652.162201134319 1103097.1
652.2918230528892 1186877.6
652.4216840339103 878087.2
652.5517840773823 800498.0
652.6821231833052 750546.4
652.8127013516789 1128944.5
652.9435185825037 1003449.1
653.074574875779 1218037.2
653.2058702315056 1276976.5
653.3374046496829 1132493.4
653.469178130311 1146590.4
653.6011906733902 893356.1
653.73344227892 665045.6
653.865932946901 930049.3
653.9986626773327 1108813.4
654.1316314702154 1012870.56
654.2648393255489 1083091.4
654.3982862433335 1268672.9
654.5319722235687 1234309.8
654.665897266255 1189058.9
654.8000613713921 1247785.8
654.9344645389801 1635526.0
655.069106769019 1156889.9
655.2039880615088 1040855.4
655.3391084164494 1303078.5
655.4744678338409 1243425.6
655.6100663136834 1051631.8
655.7459038559767 1285277.2
655.881980460721 1175779.9
656.0182961279161 1430394.4
656.1548508575621 1420941.0
656.291644649659 1268638.2
656.4286775042068 1611330.2
656.5659494212055 1540401.1
656.7034604006551 1787759.9
656.8412104425555 1648904.5
656.9791995469069 1387264.2
657.117427713709 1028817.6
657.2558949429622 1085173.5
657.3946012346663 1190095.0
657.5335465888211 1492985.0
657.672731005427 1479091.4
657.8121544844836 1206133.2
657.9518170259913 1067452.9
658.0917186299497 983167.0
658.2318592963591 969097.25
658.3722390252193 1004774.25
658.5128578165305 769531.8
658.6537156702925 961221.3
658.7948125865055 1081913.5
658.9361485651692 1091540.6
659.077723606284 1089549.8
659.2195377098495 1109085.8
659.361590875866 1457622.5
659.5038831043335 1330472.6
659.6464143952517 1126704.8
659.7891847486209 1089590.2
659.9321941644408 1084184.5
660.0754426427119 1097306.8
660.2189301834336 969424.25
660.3626567866064 1118066.6
660.50662245223 1047285.7
660.6508271803045 830274.5
660.7952709708298 738828.06
660.9399538238061 900203.0
661.0848757392333 1127139.5
661.2300367171114 1365266.9
661.3754367574403 1151647.4
661.5210758602201 1117728.0
661.6669540254509 913250.94
661.8130712531324 934371.8
661.9594275432651 994051.6
662.1060228958484 942320.0
662.2528573108827 999579.5
662.3999307883678 1140611.0
662.5472433283039 1162058.9
662.6947949306908 955863.75
662.8425855955288 905676.8
662.9906153228175 922983.44
663.1388841125572 956085.5
663.2873919647476 845170.1
663.436138879389 986639.9
663.5851248564813 1369795.2
663.7343498960245 1383658.2
663.8838139980186 773998.9
664.0335171624636 780341.75
664.1834593893594 948003.2
664.3336406787062 1288843.2
664.4840610305039 1014370.9
664.6347204447524 869923.6
664.7856189214518 1071430.0
664.936756460602 829289.75
665.0881330622034 1083186.6
665.2397487262554 1087056.0
665.3916034527584 938548.6
665.5436972417123 1080535.6
665.6960300931171 839074.94
665.8486020069727 1141647.4
666.0014129832791 1123398.5
666.1544630220367 1309535.1
666.3077521232449 1218418.6
666.4612802869042 1223899.1
666.6150475130142 1036565.3
666.7690538015753 644089.94
666.9232991525871 785464.1
667.07778356605 894053.5
667.2325070419636 1031754.0
667.3874695803282 1472202.0
667.5426711811436 1578601.1
667.69811184441 1479062.8
667.8537915701272 1451534.4
668.0097103582953 1542254.5
668.1658682089143 1323999.9
668.3222651219842 1177961.1
668.4789010975051 1376975.8
668.6357761354766 1218639.5
668.7928902358992 1099076.8
668.9502433987727 1126138.5
669.1078356240971 879898.9
669.2656669118722 1017714.25
669.4237372620985 967303.25
669.5820466747754 1031040.3
669.7405951499034 1046267.5
669.8993826874821 1028556.6
670.0584092875117 1101670.2
670.2176749499924 1253059.0
670.3771796749238 995025.6
670.5369234623063 1127831.4
670.6969063121394 1060534.0
670.8571282244236 975853.0
671.0175891991586 1257948.6
671.1782892363447 1454429.8
671.3392283359814 1238480.8
671.5004064980691 728392.4
671.6618237226077 659956.8
671.8234800095972 685516.94
671.9853753590376 892456.3
672.1475097709289 1028088.1
672.309883245271 1258295.2
672.472495782064 1469866.2
672.635347381308 1327844.8
672.7984380430028 1357428.2
672.9617677671484 1424903.0
673.125336553745 1396232.4
673.2891444027925 1296710.1
673.453191314291 1200624.2
673.6174772882403 958594.25
673.7820023246404 937325.7
673.9467664234915 1006688.25
674.1117695847934 1184892.6
674.2770118085463 1456746.2
674.4424930947499 1236463.5
674.6082134434046 1020425.1
674.7741728545101 1123182.0
674.9403713280664 1202735.5
675.1068088640737 1423437.6
675.2734854625319 1482460.0
675.440401123441 1338203.2
675.6075558468009 1408212.0
675.7749496326118 1306876.0
675.9425824808735 1491015.1
676.1104543915861 1380917.4
676.2785653647496 1131451.4
676.4469154003641 1382735.6
676.6155044984293 1417787.5
676.7843326589456 1019540.94
676.9533998819127 1012997.5
677.1227061673306 933513.2
677.2922515151995 1197159.9
677.4620359255191 1031502.56
677.6320593982898 1081798.9
677.8023219335114 1283693.4
677.9728235311838 1142660.6
678.1435641913071 1007629.1
678.3145439138814 1174773.1
678.4857626989063 1412976.4
678.6572205463824 1192476.5
678.8289174563092 952993.25
679.000853428687 1010861.0
679.1730284635156 826402.8
679.3454425607953 933674.9
679.5180957205256 1239864.2
679.690987942707 1340185.0
679.8641192273392 1328739.8
680.0374895744222 1398146.5
680.2110989839563 1515242.5
680.3849474559411 1194786.1
680.559034990377 1193630.8
680.7333615872635 931259.25
680.9079272466012 1139711.0
681.0827319683896 1105517.4
681.257775752629 1051606.8
681.4330585993191 1314939.4
681.6085805084602 1214125.9
681.7843414800523 1041657.8
681.9603415140951 1218919.2
682.1365806105889 1302187.1
682.3130587695335 1216197.4
682.4897759909292 1215446.2
682.6667322747755 1290773.2
682.8439276210729 1081508.5
683.0213620298211 1017990.7
683.1990355010204 1416464.5
683.3769480346702 1312828.1
683.5550996307712 1284707.1
683.7334902893231 1236181.9
683.9121200103258 1087328.9
684.0909887937793 1287828.9
684.2700966396839 1274542.2
684.4494435480391 977517.1
684.6290295188454 1003683.25
684.8088545521025 1027463.9
684.9889186478105 1070912.9
685.1692218059694 1311277.0
685.3497640265792 1142243.9
685.5305453096399 1460465.5
685.7115656551515 1148890.6
685.8928250631141 1457842.4
686.0743235335274 1168227.9
686.2560610663917 1302431.1
686.4380376617067 1727098.1
686.6202533194729 1474267.2
686.8027080396897 1202506.5
686.9854018223576 938936.25
687.1683346674763 1248086.0
687.351506575046 1373691.1
687.5349175450664 1561264.0
687.7185675775377 1245029.8
687.9024566724601 1338891.5
688.0865848298331 1285391.5
688.2709520496572 1157063.0
688.4555583319321 853699.1
688.640403676658 1113926.4
688.8254880838347 1128907.2
689.0108115534624 989677.44
689.1963740855408 1385204.8
689.3821756800703 1537686.1
689.5682163370506 1637814.2
689.7544960564818 1390484.9
689.9410148383638 1482409.9
690.1277726826967 1469313.6
690.3147695894805 1424104.9
690.5020055587153 1060632.4
690.689480590401 1065255.1
690.8771946845374 1150782.0
691.0651478411248 1224543.2
691.253340060163 1170126.5
691.4417713416524 1244412.0
691.6304416855924 1506571.0
691.8193510919834 1525772.0
692.0084995608252 1677857.5
692.197887092118 1487035.0
692.3875136858616 1522814.8
692.5773793420561 1377791.2
692.7674840607016 1181224.1
692.9578278417978 1590095.8
693.1484106853451 1391857.6
693.339232591343 1624743.5
693.5302935597921 1743977.5
693.7215935906919 1715338.2
693.9131326840427 1615031.2
694.1049108398444 1843083.8
694.2969280580969 1964382.5
694.4891843388003 1740560.6
694.6816796819547 1960598.8
694.8744140875599 1962050.1
695.067387555616 1943738.9
695.260600086123 1769753.0
695.4540516790809 1605547.2
695.6477423344896 1921136.9
695.8416720523492 2252297.2
696.0358408326598 2341241.2
696.2302486754212 2074067.4
696.4248955806336 2019738.2
696.6197815482967 2102993.0
696.814906578411 1788173.5
697.0102706709758 1945268.6
697.2058738259918 1963470.8
697.4017160434586 1895372.5
697.5977973233763 1764580.2
697.7941176657448 1984798.0
697.9906770705643 2202946.5
698.1874755378346 2419174.5
698.3845130675558 2310007.8
698.581789659728 2186141.0
698.779305314351 2345095.2
698.9770600314249 2453584.0
699.1750538109496 2742987.2
699.3732866529253 2595684.5
699.5717585573519 2571598.8
699.7704695242294 2499701.5
699.9694195535577 2246950.2
700.168608645337 2260342.8
700.3680367995671 2294952.8
700.5677040162482 2590192.2
700.7676102953801 2583508.8
700.9677556369629 2660750.0
701.1681400409966 2901596.0
701.368763507481 2763822.0
701.5696260364166 2422563.5
701.7707276278029 2840925.2
701.9720682816403 2371032.0
702.1736479979284 2533432.2
702.3754667766674 2509162.8
702.5775246178573 2649017.2
702.7798215214982 2676521.0
702.9823574875899 2634316.2
703.1851325161325 2836668.8
703.3881466071259 2766582.5
703.5913997605704 2733107.8
703.7948919764656 2730397.0
703.9986232548118 2650996.5
704.2025935956088 2637530.5
704.4068029988567 2806089.0
704.6112514645556 2636455.2
704.8159389927052 2782385.5
705.020865583306 2581421.8
705.2260312363574 2644741.2
705.4314359518598 2586386.2
705.6370797298131 2492372.2
705.8429625702173 2626188.5
706.0490844730723 2612912.2
706.2554454383783 2825507.8
706.4620454661351 2964445.2
706.6688845563428 3027765.2
706.8759627090014 2852834.8
707.0832799241109 2771840.2
707.2908362016714 2937848.5
707.4986315416826 3662292.0
707.7066659441448 3844490.5
707.9149394090579 3538325.0
708.1234519364218 3563095.0
708.3322035262366 3883648.8
708.5411941785025 4004414.5
708.750423893219 4387266.5
708.9598926703866 4756214.0
709.169600510005 5078675.5
709.3795474120743 5086853.5
709.5897333765945 4674953.0
709.8001584035657 4001806.0
710.0108224929876 4512729.5
710.2217256448604 4276001.0
710.4328678591842 4018057.5
710.6442491359588 4793430.5
710.8558694751844 5331037.5
711.0677288768608 6367258.0
711.2798273409882 7011809.5
711.4921648675663 7724344.5
711.7047414565955 8309036.0
711.9175571080754 9159236.0
712.1306118220064 10240520.0
712.343905598388 10327079.0
712.5574384372208 10689308.0
712.7712103385043 10280069.0
712.9852213022388 9634898.0
713.199471328424 9813159.0
713.4139604170601 9988322.0
713.6286885681474 9765226.0
713.8436557816852 9158140.0
714.0588620576742 9302764.0
714.274307396114 10063531.0
714.4899917970047 10084900.0
714.7059152603462 9663965.0
714.9220777861387 9585009.0
715.138479374382 9696374.0
715.3551200250763 10106931.0
715.5719997382214 11070351.0
715.7891185138174 10907600.0
716.0064763518642 10281686.0
716.224073252362 10044268.0
716.4419092153107 10603669.0
716.6599842407103 10639780.0
716.8782983285607 10402072.0
717.096851478862 9694866.0
717.3156436916144 9153524.0
717.5346749668174 7977739.0
717.7539453044715 7201038.0
717.9734547045764 6854220.5
718.1932031671322 6608983.0
718.4131906921389 6864707.5
718.6334172795965 5926474.0
718.853882929505 4944422.5
719.0745876418644 3955010.0
719.2955314166745 3966235.5
719.5167142539357 4220926.5
719.7381361536477 4070536.2
719.9597971158106 4300874.0
720.1816971404245 4281339.5
720.4038362274891 4551120.5
720.6262143770048 4518123.0
720.8488315889713 4614792.5
721.0716878633887 4942105.5
721.2947832002569 5894386.0
721.518117599576 6851247.0
721.741691061346 7887003.0
721.965503585567 8724922.0
722.1895551722389 9981850.0
722.4138458213616 11126935.0
722.6383755329352 12340705.0
722.8631443069596 12625941.0
723.0881521434351 12323162.0
723.3133990423613 12643946.0
723.5388850037385 13599119.0
723.7646100275665 14041270.0
723.9905741138455 13447336.0
724.2167772625753 13364796.0
724.4432194737561 13563532.0
724.6699007473876 13184945.0
724.8968210834703 12922972.0
725.1239804820036 13175202.0
725.3513789429879 13509761.0
725.579016466423 14021620.0
725.8068930523091 14627522.0
726.0350087006461 15823586.0
726.2633634114338 16398952.0
726.4919571846726 17270394.0
726.7207900203623 19268584.0
726.9498619185028 21681640.0
727.1791728790942 27194722.0
727.4087229021366 35523148.0
727.6385119876297 43564024.0
727.8685401355738 54610656.0
728.0988073459687 70271940.0
728.3293136188147 83990280.0
728.5600589541114 95701160.0
728.7910433518591 100718680.0
729.0222668120575 100078420.0
729.2537293347069 95872590.0
729.4854309198073 88175930.0
729.7173715673584 80653700.0
729.9495512773606 73663710.0
730.1819700498136 62787820.0
730.4146278847174 48770490.0
730.6475247820722 35191560.0
730.8806607418778 23868704.0
731.1140357641343 16227638.0
731.3476498488419 13067008.0
731.5815029960002 11352260.0
731.8155952056094 10424984.0
732.0499264776695 9270398.0
732.2844968121806 8175948.0
732.5193062091423 7341262.0
732.754354668555 6455474.0
732.9896421904187 5769410.0
733.2251687747333 5064172.5
733.4609344214988 5028587.0
733.6969391307151 5169293.0
733.9331829023823 5448645.0
734.1696657365004 5770379.5
734.4063876330695 6352027.5
734.6433485920893 7716889.0
734.8805486135602 7814609.0
735.1179876974818 7729047.5
735.3556658438545 7326780.5
735.5935830526778 7887015.0
735.8317393239522 7633258.0
736.0701346576775 7124499.0
736.3087690538534 7162162.5
736.5476425124806 7223062.5
736.7867550335584 7011525.5
737.0261066170873 7433712.0
737.265697263067 8399350.0
737.5055269714976 10201545.0
737.745595742379 12971732.0
737.9859035757114 16258870.0
738.2264504714947 20619428.0
738.4672364297288 28360008.0
738.7082614504138 39524044.0
738.9495255335498 51233716.0
739.1910286791365 61921370.0
739.4327708871742 73962580.0
739.6747521576629 84186370.0
739.9169724906022 88819830.0
740.1594318859927 84913150.0
740.4021303438338 78356290.0
740.6450678641261 71870250.0
740.8882444468691 66046370.0
741.131660092063 58744320.0
741.3753147997079 48342196.0
741.6192085698036 36096920.0
741.8633414023502 24844332.0
742.1077132973477 16685558.0
742.352324254796 11670719.0
742.5971742746954 9357162.0
742.8422633570456 8226402.0
743.0875915018465 7583648.0
743.3331587090985 6749205.0
743.5789649788013 6087842.0
743.8250103109551 4917544.0
744.0712947055597 3752958.0
744.3178181626151 2955475.2
744.5645806821216 2842980.0
744.8115822640789 2737441.5
745.058822908487 2903288.5
745.3063026153461 3019478.8
745.554021384656 2800816.0
745.801979216417 3152683.8
746.0501761106286 3346726.5
746.2986120672912 3450294.8
746.5472870864048 3558288.5
746.7962011679691 3495228.5
747.0453543119845 3145683.0
747.2947465184507 3488702.0
747.5443777873677 3440484.8
747.7942481187357 3207026.5
748.0443575125546 2882582.8
748.2947059688242 2448592.0
748.545293487545 2245778.5
748.7961200687164 2256324.8
749.0471857123389 2177907.0
749.2984904184123 2107782.8
749.5500341869365 1886661.2
749.8018170179115 2006048.8
750.0538389113375 1980444.9
750.3060998672144 1862267.0
750.558599885542 1772570.6
750.8113389663208 1498022.0
751.0643171095503 1507328.2
751.3175343152308 1753760.6
751.570990583362 2121284.5
751.8246859139442 1928979.8
752.0786203069773 2082757.8
752.3327937624614 1933393.0
752.5872062803962 2040890.1
752.841857860782 1983603.9
753.0967485036186 1928024.2
753.3518782089062 2099563.0
753.6072469766447 2116296.2
753.8628548068339 2019468.9
754.1187016994742 2249184.0
754.3747876545652 2582882.0
754.6311126721073 2149504.8
754.8876767521001 2185526.2
755.144479894544 2412665.8
755.4015220994386 2611988.0
755.6588033667842 2666941.2
755.9163236965807 2667023.8
756.1740830888281 2596313.5
756.4320815435262 2900480.2
756.6903190606754 2644177.0
756.9487956402754 2696672.5
757.2075112823263 2677168.8
757.4664659868281 2792261.0
757.7256597537807 3400332.8
757.9850925831844 3595054.0
758.2447644750388 4025767.0
758.5046754293442 4017627.2
758.7648254461004 4322584.5
759.0252145253075 4286135.5
759.2858426669656 4030509.8
759.5467098710745 4661400.5
759.8078161376343 5000282.5
760.069161466645 4629748.5
760.3307458581066 4276406.5
760.5925693120191 4447765.5
760.8546318283825 4619239.0
761.1169334071967 4767002.5
761.3794740484618 4884712.0
761.6422537521778 4595139.0
761.9052725183449 4137148.0
762.1685303469626 3965166.2
762.4320272380314 3891040.5
762.6957631915509 4059658.5
762.9597382075215 4547545.5
763.2239522859428 4050397.2
763.4884054268151 3484941.0
763.7530976301382 3430986.0
764.0180288959123 3752740.2
764.2831992241372 4407371.0
764.5486086148131 4687048.0
764.8142570679397 4560496.0
765.0801445835173 4769595.5
765.3462711615459 5460739.5
765.6126368020252 6004197.0
765.8792415049556 6178862.0
766.1460852703367 6195468.0
766.4131680981689 5731285.5
766.6804899884517 5842333.0
766.9480509411856 6168019.5
767.2158509563703 6152982.0
767.483890034006 5959621.0
767.7521681740925 5543782.5
768.0206853766299 5356879.5
768.2894416416182 5001368.0
768.5584369690574 5141933.5
768.8276713589474 5379422.0
769.0971448112883 5729882.0
769.3668573260802 6032889.5
769.636808903323 5445645.0
769.9069995430166 6322937.0
770.1774292451611 6775236.0
770.4480980097566 6717670.5
770.7190058368028 6836768.0
770.9901527263 6913612.5
771.2615386782481 7721817.0
771.5331636926471 9838864.0
771.805027769497 10267634.0
772.0771309087978 12137781.0
772.3494731105494 14445311.0
772.622054374752 17698068.0
772.8948747014053 19933512.0
773.1679340905096 20588308.0
773.4412325420649 21089692.0
773.714770056071 20908374.0
773.9885466325279 21392684.0
774.2625622714359 20718024.0
774.5368169727947 18420766.0
774.8113107366042 16519185.0
775.0860435628648 14565038.0
775.3610154515762 12455340.0
775.6362264027387 11133778.0
775.9116764163518 9174467.0
776.1873654924159 7453974.5
776.4632936309309 6397172.0
776.7394608318967 6048099.0
777.0158670953135 6151820.0
777.2925124211812 6247929.5
777.5693968094998 6136922.0
777.8465202602692 6562655.5
778.1238827734896 7704416.0
778.4014843491608 8978921.0
778.6793249872829 9792081.0
778.957404687856 11214048.0
779.23572345088 12789276.0
779.5142812763546 14516019.0
779.7930781642804 15565572.0
780.0721141146569 16734861.0
780.3513891274845 16990042.0
780.6309032027627 16573299.0
780.9106563404919 16294396.0
781.1906485406721 16434884.0
781.4708798033031 16513559.0
781.7513501283851 18010786.0
782.0320595159178 18710238.0
782.3130079659015 17734182.0
782.5941954783361 16049976.0
782.8756220532216 15060458.0
783.157287690558 14049698.0
783.4391923903453 13659121.0
783.7213361525834 14015870.0
784.0037189772725 14065914.0
784.2863408644123 14334866.0
784.5692018140032 14579845.0
784.8523018260448 14290764.0
785.1356409005374 13805089.0
785.419219037481 13981049.0
785.7030362368753 14408344.0
785.9870924987206 14536045.0
786.2713878230167 14040095.0
786.5559222097638 14026666.0
786.8406956589616 14359372.0
787.1257081706106 13914765.0
787.4109597447102 13354604.0
787.6964503812609 13744975.0
787.9821800802623 13671861.0
788.2681488417147 14156270.0
788.554356665618 14296075.0
788.8408035519722 14560758.0
789.1274895007773 15172469.0
789.4144145120331 16316286.0
789.70157858574 17430580.0
789.9889817218977 17896812.0
790.2766239205064 18136976.0
790.5645051815659 19381778.0
790.8526255050763 21712808.0
791.1409848910375 23432280.0
791.4295833394498 26394480.0
791.7184208503128 27146662.0
792.0074974236268 28812952.0
792.2968130593916 29725948.0
792.5863677576074 30558242.0
792.876161518274 31178204.0
793.1661943413915 32055622.0
793.45646622696 32637936.0
793.7469771749792 33576252.0
794.0377271854495 34632308.0
794.3287162583705 34741444.0
794.6199443937426 33303178.0
794.9114115915653 33629464.0
795.2031178518391 32817148.0
795.4950631745637 34394468.0
795.7872475597393 34481624.0
796.0796710073657 34809436.0
796.372333517443 37035064.0
796.6652350899712 37921652.0
796.9583757249504 40032296.0
797.2517554223803 43106464.0
797.5453741822612 46488760.0
797.839232004593 49243230.0
798.1333288893755 51608680.0
798.4276648366092 55006896.0
798.7222398462935 58211500.0
799.0170539184289 60618816.0
799.3121070530151 62022096.0
799.6073992500523 62997640.0
799.9029305095402 63872104.0
800.1987008314792 66552764.0
800.4947102158688 69370170.0
800.7909586627096 70028810.0
801.0874461720011 68397590.0
801.3841727437435 66677464.0
801.6811383779369 65469996.0
801.9783430745811 63107144.0
802.2757868336762 60968700.0
802.5734696552222 59136584.0
802.8713915392192 57389164.0
803.1695524856669 57369376.0
803.4679524945657 56028456.0
803.7665915659152 55794904.0
804.0654696997157 54988730.0
804.364586895967 54291710.0
804.6639431546693 54304316.0
804.9635384758224 56679230.0
805.2633728594265 56845430.0
805.5634463054813 58000780.0
805.863758813987 59995250.0
806.1643103849437 61330270.0
806.4651010183513 63716590.0
806.7661307142098 65089730.0
807.0673994725191 64321344.0
807.3689072932794 65535804.0
807.6706541764905 68712510.0
807.9726401221526 71050540.0
808.2748651302655 75047140.0
808.5773292008294 81235260.0
808.880032333844 91695540.0
809.1829745293097 100898150.0
809.4861557872262 113372300.0
809.7895761075936 129587170.0
810.0932354904118 146659500.0
810.3971339356808 163166290.0
810.701271443401 178900660.0
811.0056480135719 189906020.0
811.3102636461938 197146780.0
811.6151183412665 203290660.0
811.9202120987901 205096640.0
812.2255449187645 198616860.0
812.5311168011899 191744720.0
812.8369277460662 181634050.0
813.1429777533934 171822580.0
813.4492668231715 158856350.0
813.7557949554005 147036880.0
814.0625621500802 132807620.0
814.3695684072109 121323120.0
814.6768137267925 111615410.0
814.984298108825 103882380.0
815.2920215533085 96862030.0
815.5999840602427 91325430.0
815.908185629628 87001540.0
816.216626261464 80585160.0
816.5253059557509 73734300.0
816.8342247124888 66778350.0
817.1433825316776 60672184.0
817.4527794133171 54472130.0
817.7624153574077 51942336.0
818.072290363949 49948384.0
818.3824044329415 47116524.0
818.6927575643846 45921904.0
819.0033497582787 48089930.0
819.3141810146236 51054176.0
819.6252513334194 54826564.0
819.9365607146663 60161524.0
820.2481091583638 64859900.0
820.5598966645124 70401870.0
820.8719232331118 76462270.0
821.1841888641621 85657970.0
821.4966935576633 95902450.0
821.8094373136155 108204920.0
822.1224201320184 125466690.0
822.4356420128723 143946290.0
822.749102956177 163167060.0
823.0628029619327 184972300.0
823.3767420301392 205780450.0
823.6909201607966 225203520.0
824.005337353905 241356180.0
824.3199936094642 252822900.0
824.6348889274743 257635060.0
824.9500233079352 256805820.0
825.2653967508472 239803800.0
825.5810092562099 228282910.0
825.8968608240236 205016830.0
826.2129514542881 178118430.0
826.5292811470036 151428130.0
826.8458499021699 122660840.0
827.1626577197871 95212250.0
827.4797045998553 74411590.0
827.7969905423743 54571544.0
828.1145155473441 41186244.0
828.4322796147649 34296900.0
828.7502827446367 30535122.0
829.0685249369592 26242156.0
829.3870061917327 22489672.0
829.705726508957 20559768.0
830.0246858886322 18323684.0
830.3438843307583 15842951.0
830.6633218353354 13429644.0
830.9829984023633 11205438.0
831.3029140318422 9971359.0
831.6230687237718 9844006.0
831.9434624781525 10032402.0
832.2640952949838 10301195.0
832.5849671742662 9671192.0
832.9060781159994 9261598.0
833.2274281201835 9596974.0
833.5490171868187 9484931.0
833.8708453159045 10001159.0
834.1929125074414 10130878.0
834.515218761429 10711532.0
834.8377640778676 11044376.0
835.160548456757 11483260.0
835.4835718980975 12524718.0
835.8068344018886 12948044.0
836.1303359681309 13840222.0
836.4540765968239 15126640.0
836.778056287968 17112898.0
837.1022750415626 18614524.0
837.4267328576084 17609134.0
837.7514297361049 18199942.0
838.0763656770524 19714032.0
838.4015406804508 21515856.0
838.7269547463001 23162716.0
839.0526078746003 22859098.0
839.3785000653513 21715012.0
839.7046313185533 21294744.0
840.0310016342061 21461570.0
840.3576110123099 21641100.0
840.6844594528644 21976208.0
841.01154695587 22087762.0
841.3388735213264 22238398.0
841.6664391492336 23045390.0
841.9942438395917 23324230.0
842.3222875924008 22501000.0
842.6505704076608 21911730.0
842.9790922853716 22406082.0
843.3078532255333 22582216.0
843.636853228146 22680922.0
843.9660922932096 22086572.0
844.2955704207238 23055912.0
844.6252876106893 23347556.0
844.9552438631054 22607870.0
845.2854391779725 21452152.0
845.6158735552905 22333312.0
845.9465469950594 23712268.0
846.2774594972791 24410808.0
846.6086110619498 27138670.0
846.9400016890712 29525962.0
847.2716313786436 32662124.0
847.603500130667 35790804.0
847.9356079451411 39014108.0
848.2679548220663 41437612.0
848.6005407614422 43337416.0
848.9333657632692 47855636.0
849.2664298275467 51374424.0
849.5997329542755 55985310.0
849.933275143455 59594316.0
850.2670563950855 59551850.0
850.6010767091668 59762840.0
850.935336085699 60277964.0
851.2698345246821 58567270.0
851.6045720261161 56110156.0
851.939548590001 53006470.0
852.2747642163367 50365776.0
852.6102189051235 47173676.0
852.9459126563609 44559800.0
853.2818454700493 41155980.0
853.6180173461887 38521190.0
853.9544282847789 36201630.0
854.29107828582 34819804.0
854.627967349312 33358192.0
854.9650954752549 31651080.0
855.3024626636488 31749024.0
855.6400689144934 32139612.0
855.9779142277889 32301330.0
856.3159986035355 34912350.0
856.6543220417327 37461810.0
856.992884542381 39225680.0
857.33168610548 42374136.0
857.6707267310301 46087484.0
858.010006419031 49217550.0
858.3495251694828 52806516.0
858.6892829823855 55155156.0
859.0292798577391 56807580.0
859.3695157955435 59444884.0
859.709990795799 62974284.0
860.0507048585051 64175200.0
860.3916579836623 67098816.0
860.7328501712702 70615420.0
861.0742814213293 73286040.0
861.415951733839 77034180.0
861.7578611087997 78944440.0
862.1000095462114 79728260.0
862.4423970460737 78865970.0
862.7850236083872 73389490.0
863.1278892331513 68826910.0
863.4709939203666 65381020.0
863.8143376700325 59579936.0
864.1579204821496 52052644.0
864.5017423567174 44719496.0
864.845803293736 39644140.0
865.1901032932057 36174840.0
865.5346423551262 32784222.0
865.8794204794975 30164392.0
866.2244376663198 29267740.0
866.569693915593 28746004.0
866.9151892273169 28549798.0
867.2609236014919 31690048.0
867.6068970381177 33389100.0
867.9531095371945 35789360.0
868.299561098722 38032050.0
868.6462517227006 42320524.0
868.9931814091299 46794604.0
869.3403501580103 49824290.0
869.6877579693414 55016604.0
870.0354048431236 59319304.0
870.3832907793565 61234060.0
870.7314157780402 64562350.0
871.079779839175 72140300.0
871.4283829627606 76875180.0
871.7772251487971 80913710.0
872.1263063972845 81270830.0
872.4756267082229 81611416.0
872.825186081612 80460500.0
873.1749845174521 76249620.0
873.525022015743 72311950.0
873.875298576485 67763020.0
874.2258141996776 63202976.0
874.5765688853213 58796600.0
874.9275626334158 53864584.0
875.2787954439613 49518950.0
875.6302673169575 46104164.0
875.9819782524048 45895084.0
876.3339282503027 44361424.0
876.6861173106518 43233936.0
877.0385454334516 42616590.0
877.3912126187024 41362720.0
877.744118866404 37931884.0
878.0972641765566 34926864.0
878.45064854916 31853356.0
878.8042719842143 29536920.0
879.1581344817196 26110718.0
879.5122360416756 23997852.0
879.8665766640827 22785810.0
880.2211563489404 21088360.0
880.5759750962493 18746160.0
880.9310329060089 17210094.0
881.2863297782194 17463948.0
881.6418657128809 17806604.0
881.9976407099932 17765624.0
882.3536547695564 18048482.0
882.7099078915705 18165680.0
883.0664000760355 18448552.0
883.4231313229513 18384142.0
883.7801016323183 18220356.0
884.1373110041359 18604224.0
884.4947594384045 19906382.0
884.8524469351239 19526798.0
885.2103734942943 17650496.0
885.5685391159154 17879596.0
885.9269437999875 18313316.0
886.2855875465107 17815670.0
886.6444703554844 17533886.0
887.0035922269093 17396876.0
887.3629531607849 17790808.0
887.7225531571116 17618090.0
888.082392215889 17785554.0
888.4424703371174 18937112.0
888.8027875207965 20034702.0
889.1633437669268 20598820.0
889.5241390755077 22353058.0
889.8851734465397 23345870.0
890.2464468800224 24468582.0
890.6079593759562 25791642.0
890.9697109343408 29943720.0
891.3317015551763 32859350.0
891.6939312384626 35502450.0
892.0563999841997 37376384.0
892.419107792388 40753652.0
892.7820546630269 44021650.0
893.145240596117 46196616.0
893.5086655916577 45916636.0
893.8723296496495 49776940.0
894.2362327700921 54422924.0
894.6003749529856 57136144.0
894.96475619833 60090660.0
895.3293765061252 61456004.0
895.6942358763713 62151104.0
896.0593343090684 67447630.0
896.4246718042164 69589120.0
896.7902483618151 67832510.0
897.1560639818649 63294080.0
897.5221186643654 60400216.0
897.888412409317 56639860.0
898.2549452167193 52428656.0
898.6217170865726 47160864.0
898.9887280188768 40749664.0
899.3559780136319 33835548.0
899.7234670708378 27305516.0
900.0911951904947 20501088.0
900.4591623726023 17244008.0
900.827368617161 16509129.0
901.1958139241705 15936021.0
901.5644982936308 14747464.0
901.9334217255422 14258722.0
902.3025842199042 14494841.0
902.6719857767174 14519648.0
903.0416263959813 14088856.0
903.4115060776962 13831344.0
903.7816248218619 13801831.0
904.1519826284787 13709711.0
904.5225794975461 14059426.0
904.8934154290646 14181200.0
905.2644904230337 14051205.0
905.635804479454 13180482.0
906.0073575983251 13067154.0
906.3791497796472 12684176.0
906.7511810234199 11879279.0
907.1234513296438 11427618.0
907.4959606983184 11371881.0
907.8687091294438 11572205.0
908.2416966230203 12180215.0
908.6149231790475 11686225.0
908.9883887975259 10805209.0
909.3620934784549 10216990.0
909.736037221835 9940370.0
910.1102200276657 9575248.0
910.4846418959476 9899760.0
910.8593028266802 10438851.0
911.2342028198638 10532496.0
911.6093418754981 10890418.0
911.9847199935836 10759718.0
912.3603371741196 10911565.0
912.7361934171067 11452938.0
913.1122887225448 11879278.0
913.4886230904336 12057545.0
913.8651965207735 12640520.0
914.242009013564 13305710.0
914.6190605688057 13438682.0
914.996351186498 14491466.0
915.3738808666415 15164058.0
915.7516496092356 15110599.0
916.1296574142808 16911232.0
916.5079042817767 17391938.0
916.8863902117237 17015674.0
917.2651152041215 17097792.0
917.6440792589702 15857935.0
918.0232823762697 15843446.0
918.4027245560201 16411638.0
918.7824057982216 15357578.0
919.1623261028737 14752748.0
919.542485469977 15568861.0
919.9228838995309 16070764.0
920.3035213915359 15769338.0
920.6843979459916 16191266.0
921.0655135628983 15991318.0
921.446868242256 16523272.0
921.8284619840645 16520486.0
922.2102947883237 15860050.0
922.5923666550341 16637382.0
922.9746775841952 18080152.0
923.3572275758072 18700688.0
923.7400166298701 18338230.0
924.1230447463838 19185652.0
924.5063119253487 20128488.0
924.8898181667641 21112588.0
925.2735634706307 21342438.0
925.657547836948 20457408.0
926.0417712657163 19863280.0
926.4262337569354 19474064.0
926.8109353106056 19001278.0
927.1958759267263 19302164.0
927.5810556052983 17811578.0
927.966474346321 17575430.0
928.3521321497947 17557506.0
928.7380290157191 17010542.0
929.1241649440944 16239245.0
929.5105399349206 16183894.0
929.8971539881978 16122026.0
930.2840071039259 15945215.0
930.6710992821048 14107446.0
931.0584305227347 13317036.0
931.4460008258154 12596422.0
931.8338101913471 11058254.0
932.2218586193296 10449992.0
932.610146109763 9265767.0
932.9986726626472 7169728.0
933.3874382779825 6386504.5
933.7764429557685 5327355.0
934.1656866960054 4298981.0
934.5551694986933 3918494.8
934.9448913638321 3327873.5
935.3348522914216 3007162.2
935.7250522814621 3457605.2
936.1154913339535 3866085.2
936.5061694488959 4454791.5
936.8970866262891 4218565.5
937.288242866133 3693204.5
937.6796381684281 3934078.8
938.0712725331739 3706435.5
938.4631459603708 3675009.8
938.8552584500184 4334047.5
939.247610002117 4811487.5
939.6402006166663 4897883.0
940.0330302936667 5171706.0
940.4260990331178 4900516.0
940.8194068350199 4923464.5
941.212953699373 4672427.0
941.6067396261767 4603068.5
942.0007646154315 5350390.0
942.3950286671371 5132847.0
942.7895317812938 5376062.5
943.184273957901 5262997.0
943.5792551969595 5157857.0
943.9744754984687 4850249.5
944.3699348624289 4760903.0
944.7656332888398 4285827.5
945.1615707777016 4806108.5
945.5577473290144 5189252.0
945.9541629427781 4632635.0
946.3508176189927 4292126.0
946.7477113576581 3919108.8
947.1448441587745 4137136.2
947.5422160223416 4705547.0
947.9398269483597 4485772.0
948.3376769368288 4633944.0
948.7357659877487 5099827.0
949.1340941011194 6043828.0
949.5326612769411 6639859.0
949.9314675152136 7092762.5
950.3305128159373 7118961.0
950.7297971791115 6580129.0
951.1293206047367 5914278.0
951.5290830928128 6222652.5
951.9290846433399 6493824.5
952.3293252563178 6993372.0
952.7298049317465 7509539.0
953.1305236696262 7863951.0
953.5314814699568 7172694.0
953.9326783327383 7105579.5
954.3341142579707 6695394.0
954.7357892456539 6418185.0
955.137703295788 6287245.5
955.5398564083731 5882204.5
955.942248583409 5501765.0
956.3448798208958 5460164.5
956.7477501208334 4953582.5
957.1508594832221 4610205.0
957.5542079080615 4614068.0
957.9577953953519 4855672.0
958.3616219450932 5558030.0
958.7656875572852 5754100.5
959.1699922319283 5246825.0
959.5745359690222 4371519.0
959.979318768567 4404783.5
960.3843406305627 4701152.0
960.7896015550094 5008620.0
961.1951015419069 6063427.5
961.6008405912553 6000247.5
962.0068187030545 6013779.0
962.4130358773048 5800909.0
962.8194921140057 5665607.5
963.2261874131577 6080305.5
963.6331217747605 6341810.5
964.0402951988142 5907840.5
964.4477076853188 6044973.0
964.8553592342744 6179188.0
965.2632498456808 6723096.0
965.671379519538 6838134.0
966.0797482558462 6759671.0
966.4883560546052 6163890.0
966.8972029158153 5716727.5
967.3062888394761 6104430.5
967.7156138255879 5706433.0
968.1251778741505 4804144.0
968.534980985164 4234868.5
968.9450231586284 3986264.0
969.3553043945437 4195237.5
969.7658246929099 3427597.8
970.1765840537269 3310974.8
970.5875824769948 3254092.5
970.9988199627137 3328957.5
971.4102965108834 3874333.5
971.822012121504 3794909.0
972.2339667945757 3691864.5
972.6461605300981 3762622.8
973.0585933280714 4168396.5
973.4712651884955 3888222.8
973.8841761113707 4349731.5
974.2973260966967 5316596.0
974.7107151444736 5403031.0
975.1243432547012 5747417.5
975.5382104273799 6224720.0
975.9523166625095 6797555.0
976.3666619600898 7373295.5
976.7812463201212 8336177.0
977.1960697426034 8234482.5
977.6111322275365 8114027.5
978.0264337749204 8244047.5
978.4419743847554 8416631.0
978.8577540570411 8601125.0
979.2737727917779 8146632.5
979.6900305889653 7296452.5
980.1065274486039 6801200.5
980.523263370693 7044890.5
980.9402383552333 7388387.0
981.3574524022245 6887435.5
981.7749055116664 6622167.5
982.1925976835594 7129037.5
982.6105289179031 8007943.0
983.0286992146978 8186609.0
983.4471085739433 8131375.5
983.8657569956398 9181408.0
984.2846444797872 9984066.0
984.7037710263854 10537142.0
985.1231366354345 10637800.0
985.5427413069345 11034921.0
985.9625850408854 11817339.0
986.3826678372873 12380279.0
986.8029896961399 11912578.0
987.2235506174435 12514859.0
987.6443506011979 11454205.0
988.0653896474032 10746750.0
988.4866677560595 10539388.0
988.9081849271665 10543128.0
989.3299411607247 10445473.0
989.7519364567336 9918016.0
990.1741708151934 10170698.0
990.5966442361041 10215619.0
991.0193567194657 9569676.0
991.4423082652781 8790854.0
991.8654988735416 7862391.0
992.2889285442558 7283132.0
992.712597277421 7370864.0
993.1365050730369 6777774.5
993.5606519311038 7138688.0
993.9850378516217 7655136.0
994.4096628345903 7674863.0
994.83452688001 7720079.0
995.2596299878804 7858620.5
995.6849721582018 8227320.5
996.110553390974 8807628.0
996.5363736861973 8438981.0
996.9624330438713 8736575.0
997.3887314639962 9678990.0
997.8152689465721 9828047.0
998.2420454915989 9123568.0
998.6690610990764 8815732.0
999.0963157690048 9055029.0
999.5238095013843 8862131.0
999.9515422962145 7750204.5
1000.3795141534958 7272372.0
1000.8077250732279 6918205.5
1001.2361750554107 6638249.5
1001.6648641000446 6005513.0
1002.0937922071294 5732680.0
1002.522959376665 5154587.0
1002.9523656086515 5166998.5
1003.3820109030889 5556089.0
1003.8118952599773 5446112.5
1004.2420186793163 5991083.0
1004.6723811611065 6443713.0
1005.1029827053474 6684844.0
1005.5338233120393 7392210.0
1005.9649029811819 8644937.0
1006.3962217127755 9418744.0
1006.8277795068202 10107668.0
1007.2595763633155 11530244.0
1007.6916122822619 12338929.0
1008.1238872636591 14045804.0
1008.5564013075071 15629536.0
1008.9891544138061 16599161.0
1009.422146582556 17492356.0
1009.8553778137567 19927786.0
1010.2888481074084 20669622.0
1010.7225574635108 20355182.0
1011.1565058820644 21005748.0
1011.5906933630686 21431850.0
1012.0251199065237 18315958.0
1012.45978551243 15108109.0
1012.8946901807869 14110521.0
1013.3298339115948 13754321.0
1013.7652167048535 11964705.0
1014.2008385605632 9562743.0
1014.6366994787238 8515311.0
1015.0727994593352 7379577.5
1015.5091385023975 6132185.0
1015.9457166079108 6686497.0
1016.3825337758749 7031212.5
1016.8195900062899 6885831.0
1017.2568852991558 7503400.0
1017.6944196544725 8154212.5
1018.1321930722402 8922992.0
1018.5702055524587 9271657.0
1019.0084570951283 10153018.0
1019.4469477002485 11271261.0
1019.8856773678198 12422380.0
1020.3246460978419 13299226.0
1020.763853890315 13857901.0
1021.2033007452387 14004331.0
1021.6429866626136 14250022.0
1022.0829116424393 14621242.0
1022.5230756847159 14351038.0
1022.9634787894433 14271419.0
1023.4041209566217 13178438.0
1023.8450021862509 11611355.0
1024.286122478331 10042177.0
1024.727481832862 9078601.0
1025.1690802498438 7729025.0
1025.6109177292767 6179360.5
1026.0529942711605 4803360.0
1026.495309875495 4020242.5
1026.9378645422805 2902372.0
1027.380658271517 2544773.2
1027.823691063204 2521748.2
1028.2669629173424 1987361.5
1028.7104738339312 1904432.5
1029.1542238129714 1954943.2
1029.598212854462 1918141.2
1030.0424409584039 1831082.8
1030.4869081247964 1453468.8
1030.9316143536398 1359173.8
1031.376559644934 1047999.6
1031.8217439986793 1013200.56
1032.2671674148755 893456.94
1032.7128298935227 915057.8
1033.1587314346207 1189759.8
1033.6048720381693 1139223.1
1034.051251704169 1201916.9
1034.4978704326197 1068628.8
1034.9447282235212 997552.56
1035.3918250768736 824753.6
1035.8391609926769 1026573.7
1036.286735970931 1121331.4
1036.734550011636 1233472.0
1037.182603114792 1256685.0
1037.6308952803988 1348474.4
1038.0794265084567 1201493.6
1038.5281967989652 1476281.4
1038.9772061519247 1440862.5
1039.426454567335 1261443.0
1039.8759420451966 1216035.4
1040.3256685855085 1452018.9
1040.7756341882716 1579137.5
1041.2258388534856 1343471.0
1041.6762825811506 1425672.2
1042.1269653712661 1642460.6
1042.577887223833 2185412.2
1043.0290481388504 1757943.2
1043.4804481163187 1379627.4
1043.9320871562381 1528783.2
1044.3839652586082 1610178.0
1044.8360824234294 1639372.0
1045.2884386507012 1530519.4
1045.7410339404241 1487471.1
1046.193868292598 1785842.2
1046.6469417072226 2148796.0
1047.1002541842981 2147672.0
1047.5538057238246 2038189.8
1048.0075963258018 2100580.0
1048.46162599023 1666391.8
1048.915894717109 1476700.0
1049.3704025064392 1674976.4
1049.82514935822 1602940.0
1050.2801352724516 1976065.6
1050.7353602491344 1764792.4
1051.1908242882678 1521977.8
1051.6465273898525 1566649.9
1052.1024695538877 1802513.8
1052.558650780374 1826864.5
1053.015071069311 1651075.2
1053.471730420699 1719496.9
1053.928628834538 1761511.4
1054.3857663108276 1777734.5
1054.8431428495683 1949459.5
1055.30075845076 1989393.5
1055.7586131144024 819666.1
1056.2167068404956 -918060.7
1056.67503962904 -2556408.5
1057.133611480035 -4490224.0
1057.592422393481 -5853857.5
1058.0514723693777 -7139852.0
1058.5107614077258 -9328130.0
1058.9702895085243 -11376341.0
1059.4300566717739 -13232214.0
1059.8900628974743 -14695512.0
1060.3503081856259 -16846222.0
1060.8107925362278 -18843204.0
1061.2715159492811 -20921948.0
1061.732478424785 -22479212.0
1062.1936799627401 -24373704.0
1062.6551205631458 -26213604.0
1063.1168002260026 -28229278.0
1063.57871895131 -30100404.0
1064.0408767390686 0.0
1064.503273589278 0.0
1064.965909501938 0.0
1065.4287844770492 0.0
1065.8918985146113 0.0
1066.3552516146242 0.0
1066.818843777088 0.0
1067.2826750020029 0.0
1067.7467452893684 0.0
1068.211054639185 0.0
1068.6756030514523 0.0
1069.1403905261704 0.0
1069.6054170633397 0.0
1070.0706826629596 0.0
1070.5361873250306 0.0
1071.0019310495525 0.0
1071.4679138365252 0.0
1071.9341356859486 0.0
