string
description: px_shifted, calibration parameter: [ 1.19531225e-04 -2.30194563e-02  6.18194146e+02]
converted file:R_100ms_Fe_S3_x_1_30_binned_y back: data/dark_100msRZP-structure:___RZP_S3100msRoi:[0, 1040, 2048, 2048]
eV counts/s
618.1712462133476 1758696.8
618.1485853507007 1523602.6
618.1261635505048 1364315.2
618.1039808127597 1430529.2
618.0820371374655 1750788.5
618.0603325246223 2129190.8
618.0388669742298 1775057.5
618.0176404862883 1699909.8
617.9966530607976 1512692.0
617.9759046977579 1780550.2
617.955395397169 1960813.0
617.9351251590311 1914095.2
617.9150939833439 2105314.0
617.8953018701078 1974683.5
617.8757488193226 1906075.1
617.8564348309881 1868040.8
617.8373599051046 2249327.2
617.8185240416719 2397181.5
617.7999272406903 2311011.5
617.7815695021593 2248341.2
617.7634508260794 2412108.5
617.7455712124504 2337806.0
617.7279306612722 1664504.8
617.7105291725449 1630303.5
617.6933667462686 1815804.8
617.676443382443 2060505.2
617.6597590810685 2174977.8
617.6433138421447 2071968.6
617.6271076656718 1978319.4
617.6111405516499 1700590.2
617.5954125000789 1535308.0
617.5799235109587 1685204.0
617.5646735842894 1759574.9
617.5496627200711 2024189.0
617.5348909183035 2266509.2
617.520358178987 2230927.8
617.5060645021213 2178565.5
617.4920098877064 2131354.2
617.4781943357425 2548127.0
617.4646178462295 2905158.5
617.4512804191673 3086506.0
617.4381820545561 2972399.0
617.4253227523957 2533716.8
617.4127025126862 2602677.0
617.4003213354276 2911258.5
617.3881792206199 2601561.5
617.3762761682632 2259578.0
617.3646121783572 1932474.0
617.3531872509022 1766770.6
617.342001385898 1362658.9
617.3310545833449 1405036.5
617.3203468432424 1657237.4
617.309878165591 1606984.2
617.2996485503904 1613873.1
617.2896579976408 1513043.6
617.2799065073419 1650976.1
617.270394079494 1640610.0
617.261120714097 2038894.2
617.2520864111508 2670793.8
617.2432911706557 3039931.2
617.2347349926113 3095563.0
617.2264178770179 3198156.0
617.2183398238752 3033643.5
617.2105008331837 3121088.8
617.2029009049428 2756978.0
617.195540039153 2694852.0
617.188418235814 2654781.5
617.1815354949258 2360090.5
617.1748918164886 2180797.0
617.1684872005023 2033094.2
617.1623216469668 2185837.0
617.1563951558823 2586579.8
617.1507077272486 3502511.0
617.1452593610658 3366594.5
617.140050057334 3379843.8
617.1350798160529 3284212.0
617.1303486372229 2966292.8
617.1258565208436 3233568.8
617.1216034669154 3696456.2
617.1175894754379 4057344.8
617.1138145464114 4343782.5
617.1102786798357 4638948.0
617.106981875711 4369937.0
617.1039241340371 4178037.2
617.1011054548142 4463185.5
617.0985258380421 3566770.0
617.0961852837207 3409764.5
617.0940837918505 3511771.5
617.092221362431 3491140.5
617.0905979954625 3206535.2
617.0892136909449 3082365.0
617.0880684488782 3295851.0
617.0871622692623 3300348.8
617.0864951520974 3941211.2
617.0860670973833 5024034.5
617.0858781051202 5786189.0
617.0859281753078 6680564.5
617.0862173079464 7229691.0
617.0867455030359 6656823.0
617.0875127605763 4854626.0
617.0885190805675 3503329.0
617.0897644630096 2567124.2
617.0912489079027 1898259.9
617.0929724152465 1578927.5
617.0949349850415 1153461.8
617.0971366172871 1294230.2
617.0995773119838 1263682.5
617.1022570691313 1526197.5
617.1051758887297 2218667.8
617.1083337707789 2050727.0
617.1117307152791 1852963.9
617.1153667222302 1641335.2
617.1192417916321 1592625.5
617.123355923485 1558082.5
617.1277091177888 2118385.2
617.1323013745433 2412185.2
617.1371326937488 2749125.0
617.1422030754052 3625444.8
617.1475125195125 4401880.0
617.1530610260706 4582534.0
617.1588485950797 4523283.0
617.1648752265397 5301872.5
617.1711409204505 5523681.0
617.1776456768123 5430265.0
617.1843894956249 5299508.0
617.1913723768885 5512339.5
617.1985943206029 5756412.5
617.2060553267681 6479879.0
617.2137553953843 6335150.5
617.2216945264513 5803607.5
617.2298727199694 5634450.5
617.2382899759382 4255909.0
617.246946294358 3295471.0
617.2558416752286 2637210.5
617.2649761185502 1925924.8
617.2743496243226 1545700.2
617.2839621925459 1077912.8
617.29381382322 999370.75
617.3039045163453 1152756.4
617.3142342719211 832922.56
617.3248030899481 933868.6
617.3356109704258 786862.5
617.3466579133545 822496.8
617.357943918734 498242.97
617.3694689865644 589144.4
617.3812331168458 757561.5
617.3932363095779 663772.9
617.4054785647611 393786.4
617.417959882395 322285.6
617.43068026248 682369.9
617.4436397050157 734201.9
617.4568382100024 830174.5
617.47027577744 867759.0
617.4839524073284 1224618.6
617.4978680996677 2285899.2
617.512022854458 3404307.2
617.526416671699 3990765.0
617.5410495513911 4842123.5
617.555921493534 5931444.0
617.5710324981277 6762782.0
617.5863825651725 5829417.5
617.601971694668 4869465.0
617.6177998866144 3603863.0
617.6338671410118 2999264.0
617.6501734578601 2673726.0
617.6667188371591 2780646.5
617.6835032789093 3153093.5
617.70052678311 3137063.5
617.7177893497619 2942940.0
617.7352909788646 3944013.5
617.7530316704182 4372498.5
617.7710114244226 4221265.5
617.7892302408779 3699827.0
617.8076881197842 3656774.0
617.8263850611413 3497588.0
617.8453210649494 3635826.5
617.8644961312083 4749239.5
617.8839102599181 6185175.5
617.9035634510788 8446181.0
617.9234557046905 10821019.0
617.9435870207528 12596278.0
617.9639573992663 14027939.0
617.9845668402305 13827092.0
618.0054153436457 11789929.0
618.0265029095117 9790537.0
618.0478295378288 7398610.5
618.0693952285965 4415517.0
618.0911999818152 3021385.2
618.1132437974848 2482322.5
618.1355266756052 1827516.5
618.1580486161766 1648225.2
618.180809619199 1646664.8
618.2038096846721 1465983.0
618.2270488125961 1034011.25
618.2505270029711 942652.2
618.2742442557969 1200373.2
618.2982005710737 1097233.8
618.3223959488013 1283604.5
618.3468303889798 1139244.9
618.3715038916091 1480437.6
618.3964164566895 1178524.5
618.4215680842207 1183977.8
618.4469587742026 661619.44
618.4725885266356 896977.2
618.4984573415195 811865.1
618.5245652188543 1074393.0
618.5509121586398 1142711.6
618.5774981608764 1593293.1
618.6043232255638 1467178.8
618.6313873527021 1680954.4
618.6586905422912 1855831.1
618.6862327943314 1539789.8
618.7140141088223 1644784.0
618.7420344857642 2362686.0
618.7702939251569 3864482.0
618.7987924270005 4948962.0
618.827529991295 6133009.5
618.8565066180404 6927437.0
618.8857223072368 8543285.0
618.915177058884 9987279.0
618.944870872982 9410891.0
618.974803749531 8311597.0
619.004975688531 6305255.0
619.0353866899817 4406989.5
619.0660367538834 3001216.0
619.0969258802359 2490167.5
619.1280540690393 1925933.0
619.1594213202936 1863921.9
619.1910276339989 2169799.5
619.2228730101549 1678679.8
619.2549574487618 1196258.4
619.2872809498198 1284532.8
619.3198435133286 1101831.0
619.3526451392883 973840.25
619.3856858276988 920709.75
619.4189655785602 1011610.3
619.4524843918725 1022780.56
619.4862422676358 1012189.25
619.5202392058499 1013728.6
619.5544752065149 1023125.4
619.5889502696308 943328.9
619.6236643951976 1127103.1
619.6586175832152 1108680.2
619.6938098336839 999191.94
619.7292411466033 1661433.1
619.7649115219735 2341518.2
619.8008209597948 3004337.5
619.8369694600669 3541232.0
619.8733570227901 4259233.0
619.9099836479638 5463363.0
619.9468493355887 6287149.0
619.9839540856643 7411340.0
620.0212978981909 7276315.5
620.0588807731684 6335364.0
620.0967027105968 5446300.0
620.134763710476 4173039.0
620.1730637728062 2932494.5
620.2116028975872 2039830.2
620.2503810848191 1880461.5
620.2893983345019 1571142.5
620.3286546466355 1116865.4
620.3681500212202 838382.9
620.4078844582556 843318.2
620.447857957742 889087.9
620.4880705196792 604143.3
620.5285221440674 697239.7
620.5692128309064 624967.06
620.6101425801965 816260.3
620.6513113919372 695879.44
620.692719266129 723227.2
620.7343662027715 642937.8
620.7762522018651 603507.2
620.8183772634094 347434.3
620.8607413874046 484395.5
620.9033445738509 626736.94
620.9461868227478 631978.9
620.9892681340958 633924.44
621.0325885078946 740658.6
621.0761479441444 810020.94
621.1199464428449 922892.8
621.1639840039965 973500.6
621.2082606275989 871549.0
621.2527763136521 677758.2
621.2975310621563 887823.2
621.3425248731114 884286.75
621.3877577465173 942614.6
621.4332296823742 990079.25
621.478940680682 1018866.8
621.5248907414405 1190279.0
621.5710798646501 1083927.2
621.6175080503104 932149.75
621.6641752984218 1084697.5
621.7110816089839 881403.6
621.758226981997 873939.3
621.8056114174609 1257215.8
621.8532349153759 1027259.94
621.9010974757415 1113443.5
621.9491990985582 890800.25
621.9975397838257 590256.4
622.0461195315442 773268.9
622.0949383417135 961736.94
622.1439962143336 1228118.1
622.1932931494047 1614091.4
622.2428291469266 1276150.6
622.2926042068996 1056862.2
622.3426183293233 1308889.8
622.392871514198 1229724.9
622.4433637615234 1158190.8
622.4940950713 1085205.5
622.5450654435272 1323726.5
622.5962748782055 1031083.5
622.6477233753345 1531282.2
622.6994109349146 1187120.5
622.7513375569454 1140126.0
622.8035032414273 1122052.5
622.8559079883598 1646202.8
622.9085517977434 1979523.9
622.9614346695778 1966954.4
623.0145566038631 2026803.9
623.0679176005993 2206654.0
623.1215176597865 2510224.5
623.1753567814245 2671382.8
623.2294349655133 2606435.5
623.2837522120532 2467407.8
623.3383085210438 2249160.5
623.3931038924854 2746874.0
623.4481383263778 2795131.0
623.5034118227212 3517826.2
623.5589243815153 4402163.5
623.6146760027606 4738018.0
623.6706666864566 5641073.0
623.7268964326033 6743065.5
623.7833652412012 6793608.0
623.8400731122499 5533139.0
623.8970200457495 4193320.0
623.9542060416999 3609771.5
624.0116311001013 2975055.0
624.0692952209534 2714784.8
624.1271984042567 2523814.8
624.1853406500106 2537793.8
624.2437219582156 1928688.0
624.3023423288714 1425125.1
624.3612017619781 1214934.5
624.4203002575357 1147898.8
624.4796378155443 1105610.0
624.5392144360035 723301.94
624.5990301189137 820751.75
624.659084864275 719541.25
624.7193786720869 869013.25
624.7799115423499 1186740.2
624.8406834750637 1118396.1
624.9016944702284 1142409.5
624.962944527844 1047663.9
625.0244336479105 921733.0
625.0861618304278 1254690.5
625.1481290753961 1452869.4
625.2103353828153 1304742.6
625.2727807526853 1324256.9
625.3354651850062 1501153.5
625.398388679778 1452753.8
625.4615512370008 1670927.4
625.5249528566744 2082647.6
625.5885935387989 2296571.8
625.6524732833743 2177680.2
625.7165920904006 2257967.2
625.7809499598777 2996359.5
625.8455468918058 3170683.8
625.9103828861847 3458945.5
625.9754579430146 3107601.2
626.0407720622953 3022712.5
626.106325244027 3099295.0
626.1721174882094 2450596.5
626.2381487948429 1877154.0
626.3044191639272 1814287.4
626.3709285954623 1639954.2
626.4376770894484 1651521.9
626.5046646458853 1435644.2
626.5718912647732 1191688.2
626.6393569461119 1381101.1
626.7070616899016 1715378.8
626.7750054961421 1795025.2
626.8431883648335 1577735.5
626.9116102959758 1242134.8
626.980271289569 1394069.8
627.0491713456131 936235.94
627.1183104641082 894821.9
627.1876886450539 1213219.8
627.2573058884507 1273044.6
627.3271621942984 1015219.3
627.3972575625968 1066139.0
627.4675919933463 1321713.8
627.5381654865465 1982296.9
627.6089780421978 2058920.2
627.6800296602999 1998394.8
627.7513203408529 1802252.6
627.8228500838567 2044018.6
627.8946188893116 2499374.0
627.9666267572171 2769870.2
628.0388736875738 2734298.8
628.1113596803812 2149669.2
628.1840847356395 1394487.2
628.2570488533487 1414078.9
628.3302520335087 1613052.2
628.4036942761198 1235416.5
628.4773755811816 1853566.0
628.5512959486945 2215424.8
628.6254553786581 2308770.2
628.6998538710727 2551673.2
628.7744914259381 2588926.2
628.8493680432545 2228921.5
628.9244837230217 2299108.8
628.9998384652398 1750793.9
629.0754322699088 1586233.5
629.1512651370288 2133192.0
629.2273370665995 2657465.2
629.3036480586212 3451207.5
629.3801981130938 3532597.0
629.4569872300171 3051851.0
629.5340154093916 3013988.0
629.6112826512167 3098555.0
629.6887889554929 2117627.8
629.7665343222199 1733358.1
629.8445187513979 1364463.0
629.9227422430266 1683719.0
630.0012047971064 1070954.2
630.0799064136369 937866.4
630.1588470926184 1063950.1
630.2380268340507 1145671.8
630.317445637934 1540399.8
630.3971035042681 1757848.8
630.4770004330533 2005037.4
630.5571364242891 1945284.9
630.6375114779759 1757005.5
630.7181255941136 1458318.0
630.7989787727022 1402390.6
630.8800710137417 1642125.2
630.961402317232 1751466.2
631.0429726831734 2087402.0
631.1247821115654 2466273.8
631.2068306024086 2089380.1
631.2891181557025 1354605.1
631.3716447714473 1348406.9
631.454410449643 1172390.9
631.5374151902896 1205288.4
631.6206589933871 1215896.5
631.7041418589355 1238818.6
631.7878637869347 1176320.1
631.8718247773849 1265537.9
631.956024830286 1633731.4
632.0404639456378 2035258.9
632.1251421234408 2101977.2
632.2100593636944 2477073.8
632.2952156663991 2253965.5
632.3806110315546 2462165.0
632.4662454591611 2025123.2
632.5521189492183 1806184.2
632.6382315017265 1650831.2
632.7245831166855 1605956.2
632.8111737940956 1614509.9
632.8980035339563 1423458.2
632.985072336268 1385148.1
633.0723802010307 1770525.8
633.1599271282441 2342090.8
633.2477131179087 2185611.5
633.3357381700239 2206944.8
633.4240022845902 2290419.2
633.5125054616071 2345955.0
633.6012477010752 2359380.0
633.690229002994 2412832.8
633.7794493673638 2576639.8
633.8689087941844 2377411.5
633.958607283456 1749805.5
634.0485448351784 1915075.2
634.1387214493517 2039047.8
634.2291371259759 1825873.2
634.3197918650509 1434849.8
634.4106856665769 1291673.9
634.5018185305538 1429761.0
634.5931904569816 970670.3
634.6848014458602 1134522.4
634.7766514971898 1070712.0
634.8687406109701 1296264.8
634.9610687872016 1085231.1
635.0536360258837 831725.0
635.1464423270169 771730.6
635.2394876906009 594088.75
635.3327721166357 801873.7
635.4262956051215 816315.1
635.5200581560582 904030.06
635.6140597694457 979232.0
635.7083004452841 1003087.6
635.8027801835735 753312.44
635.8974989843136 663482.2
635.9924568475049 926696.4
636.0876537731468 1124846.5
636.1830897612398 1280926.6
636.2787648117835 1269924.6
636.3746789247782 1630860.2
636.4708321002237 1521283.8
636.5672243381202 1494924.5
636.6638556384676 1369928.0
636.7607260012659 1630681.9
636.857835426515 1510733.2
636.9551839142149 1644426.4
637.0527714643658 1752108.5
637.1505980769675 1525002.4
637.2486637520203 1828872.4
637.3469684895239 1623873.0
637.4455122894784 1387869.9
637.5442951518837 1500384.9
637.64331707674 1362906.2
637.742578064047 1225766.6
637.8420781138052 1373984.0
637.941817226014 1263502.4
638.0417954006739 1268921.4
638.1420126377845 1395064.4
638.2424689373462 1033463.5
638.3431642993586 964859.44
638.444098723822 1008339.44
638.5452722107362 1124614.9
638.6466847601014 1019829.25
638.7483363719175 1192653.5
638.8502270461844 852641.2
638.9523567829023 961170.94
639.0547255820709 1202654.5
639.1573334436905 1292939.8
639.260180367761 1244060.5
639.3632663542825 1216417.2
639.4665914032546 1350677.4
639.5701555146778 1297358.6
639.6739586885519 1442456.0
639.7780009248769 1688529.8
639.8822822236526 1683718.0
639.9868025848793 1608645.6
640.091562008557 1960538.5
640.1965604946854 2339523.2
640.3017980432649 2429122.2
640.4072746542952 2502374.0
640.5129903277764 2376829.8
640.6189450637083 2521625.2
640.7251388620914 2301483.8
640.8315717229252 1697728.0
640.93824364621 1017301.4
641.0451546319456 876229.4
641.1523046801321 961137.2
641.2596937907695 1312744.4
641.3673219638578 1497834.2
641.4751891993969 1690471.8
641.583295497387 1743170.0
641.691640857828 1660527.0
641.8002252807198 1643305.2
641.9090487660626 1594055.0
642.0181113138563 1529270.6
642.1274129241008 1507711.9
642.2369535967962 1432805.6
642.3467333319426 1644334.4
642.4567521295397 1593319.4
642.5670099895879 1846639.9
642.6775069120868 1897070.0
642.7882428970366 1709759.5
642.8992179444374 1335442.0
643.010432054289 1315646.8
643.1218852265915 1475975.5
643.2335774613449 1546101.2
643.3455087585494 1470808.1
643.4576791182045 1235806.4
643.5700885403106 1062283.8
643.6827370248676 1021154.44
643.7956245718756 1172850.1
643.9087511813342 1419420.0
644.0221168532439 1396531.4
644.1357215876045 1277782.8
644.249565384416 1304910.9
644.3636482436782 1343415.5
644.4779701653915 1236638.9
644.5925311495556 1469947.4
644.7073311961706 1602711.5
644.8223703052365 1537765.5
644.9376484767532 1365108.5
645.0531657107209 1223972.8
645.1689220071395 1771101.9
645.2849173660089 2083847.6
645.4011517873292 1764901.8
645.5176252711005 1274689.6
645.6343378173226 1593183.8
645.7512894259957 1601991.2
645.8684800971196 1359109.2
645.9859098306944 1304946.4
646.10357862672 842378.06
646.2214864851966 738756.1
646.3396334061241 856857.2
646.4580193895024 1208814.5
646.5766444353317 1127409.8
646.6955085436118 1304546.0
646.8146117143428 1346763.9
646.9339539475247 1391240.2
647.0535352431576 1135540.4
647.1733556012413 838198.4
647.2934150217759 777568.25
647.4137135047613 665544.6
647.5342510501977 645766.4
647.6550276580849 1091373.9
647.7760433284232 1081046.2
647.8972980612122 1181151.6
648.018791856452 1246068.8
648.1405247141429 1204691.0
648.2624966342845 1191567.0
648.3847076168772 1510265.2
648.5071576619206 1668778.1
648.629846769415 1359747.0
648.7527749393603 1243778.0
648.8759421717565 1268082.6
648.9993484666035 1152805.8
649.1229938239015 1437228.2
649.2468782436503 1504669.9
649.3710017258501 1242545.9
649.4953642705007 1002213.7
649.6199658776021 1324297.0
649.7448065471544 1217729.6
649.8698862791578 1262603.4
649.9952050736119 1863067.8
650.120762930517 1503296.5
650.2465598498729 1650861.4
650.3725958316797 1491141.9
650.4988708759375 1215784.0
650.6253849826461 867074.4
650.7521381518056 1091226.8
650.879130383416 1126741.5
651.0063616774773 1154567.5
651.1338320339895 1073989.2
651.2615414529527 1102888.2
651.3894899343666 1029291.4
651.5176774782313 1108696.5
651.6461040845472 1302876.5
651.7747697533138 1004814.75
651.9036744845314 1102880.2
652.0328182781997 1137249.9
652.162201134319 982805.5
652.2918230528892 1281697.4
652.4216840339103 1100571.5
652.5517840773823 1195859.9
652.6821231833052 1121665.1
652.8127013516789 1408045.1
652.9435185825037 1476240.8
653.074574875779 1269986.0
653.2058702315056 1216015.2
653.3374046496829 1060447.0
653.469178130311 1100298.1
653.6011906733902 1347516.9
653.73344227892 1156338.2
653.865932946901 919096.56
653.9986626773327 1341534.5
654.1316314702154 1360139.2
654.2648393255489 1167478.0
654.3982862433335 1078176.9
654.5319722235687 941372.75
654.665897266255 954100.6
654.8000613713921 1205346.0
654.9344645389801 1046855.6
655.069106769019 1051389.1
655.2039880615088 1019553.4
655.3391084164494 993820.25
655.4744678338409 1062971.1
655.6100663136834 1164413.5
655.7459038559767 1281270.1
655.881980460721 1351179.9
656.0182961279161 1439964.9
656.1548508575621 1438285.6
656.291644649659 1472040.2
656.4286775042068 1625865.6
656.5659494212055 1655089.0
656.7034604006551 1539086.4
656.8412104425555 1586681.8
656.9791995469069 1954708.0
657.117427713709 1810011.1
657.2558949429622 1511094.8
657.3946012346663 1407470.8
657.5335465888211 1344748.0
657.672731005427 1375480.0
657.8121544844836 1345930.5
657.9518170259913 1429840.5
658.0917186299497 1417213.9
658.2318592963591 1871595.8
658.3722390252193 1528577.5
658.5128578165305 1412673.6
658.6537156702925 1309955.8
658.7948125865055 1463314.8
658.9361485651692 1654581.4
659.077723606284 1606572.5
659.2195377098495 1391853.2
659.361590875866 1438917.5
659.5038831043335 1397826.1
659.6464143952517 1495533.6
659.7891847486209 1193470.8
659.9321941644408 1352922.6
660.0754426427119 1116993.5
660.2189301834336 1006271.1
660.3626567866064 1052749.5
660.50662245223 1117786.4
660.6508271803045 876564.06
660.7952709708298 886921.9
660.9399538238061 1049554.8
661.0848757392333 1112840.1
661.2300367171114 1482256.1
661.3754367574403 1143066.8
661.5210758602201 1042824.4
661.6669540254509 1024306.3
661.8130712531324 1033645.9
661.9594275432651 1039664.06
662.1060228958484 1285599.5
662.2528573108827 1313583.5
662.3999307883678 955339.75
662.5472433283039 828917.9
662.6947949306908 747378.06
662.8425855955288 1185637.8
662.9906153228175 1041001.4
663.1388841125572 909882.44
663.2873919647476 1087171.6
663.436138879389 1085109.9
663.5851248564813 1064069.9
663.7343498960245 941960.75
663.8838139980186 856958.2
664.0335171624636 880024.7
664.1834593893594 929806.6
664.3336406787062 888283.44
664.4840610305039 912745.3
664.6347204447524 1231329.0
664.7856189214518 1027840.0
664.936756460602 1279735.0
665.0881330622034 1464587.6
665.2397487262554 1211499.2
665.3916034527584 1303450.6
665.5436972417123 1257453.2
665.6960300931171 1270643.2
665.8486020069727 941391.2
666.0014129832791 957943.75
666.1544630220367 1055600.0
666.3077521232449 804269.75
666.4612802869042 919686.5
666.6150475130142 1067305.8
666.7690538015753 1267609.8
666.9232991525871 1507856.9
667.07778356605 1248666.0
667.2325070419636 1225436.6
667.3874695803282 1221879.0
667.5426711811436 1431085.5
667.69811184441 1427358.6
667.8537915701272 1723259.8
668.0097103582953 1889205.6
668.1658682089143 1966651.0
668.3222651219842 1859104.0
668.4789010975051 1297393.9
668.6357761354766 1035083.8
668.7928902358992 1011062.2
668.9502433987727 1225421.8
669.1078356240971 1242282.8
669.2656669118722 1217105.0
669.4237372620985 1032504.06
669.5820466747754 883549.1
669.7405951499034 1150601.0
669.8993826874821 1216517.5
670.0584092875117 1073799.2
670.2176749499924 945745.75
670.3771796749238 1176258.9
670.5369234623063 1041018.9
670.6969063121394 926993.9
670.8571282244236 764601.9
671.0175891991586 919890.1
671.1782892363447 921837.5
671.3392283359814 854426.6
671.5004064980691 984940.4
671.6618237226077 1164819.0
671.8234800095972 1273335.5
671.9853753590376 1395750.2
672.1475097709289 1280973.2
672.309883245271 1068212.8
672.472495782064 1289419.0
672.635347381308 1408220.2
672.7984380430028 934810.7
672.9617677671484 913292.6
673.125336553745 965467.44
673.2891444027925 996456.8
673.453191314291 1238536.8
673.6174772882403 1510027.5
673.7820023246404 1722475.0
673.9467664234915 1475435.2
674.1117695847934 1377074.0
674.2770118085463 1207388.6
674.4424930947499 956680.94
674.6082134434046 1028773.0
674.7741728545101 1073210.2
674.9403713280664 1176854.2
675.1068088640737 1446344.4
675.2734854625319 1906126.8
675.440401123441 1418988.6
675.6075558468009 1206862.8
675.7749496326118 1498806.2
675.9425824808735 1927343.5
676.1104543915861 1722344.9
676.2785653647496 1583522.0
676.4469154003641 1804213.2
676.6155044984293 1605977.6
676.7843326589456 1390080.0
676.9533998819127 1232562.8
677.1227061673306 1399922.0
677.2922515151995 1555183.9
677.4620359255191 1261464.8
677.6320593982898 1151546.6
677.8023219335114 1327781.1
677.9728235311838 1208665.5
678.1435641913071 1432326.4
678.3145439138814 1212751.5
678.4857626989063 1172297.8
678.6572205463824 1251793.2
678.8289174563092 1461650.0
679.000853428687 1169352.6
679.1730284635156 1056079.1
679.3454425607953 1394384.4
679.5180957205256 1145490.8
679.690987942707 1327479.0
679.8641192273392 1393883.6
680.0374895744222 1413546.4
680.2110989839563 1413636.4
680.3849474559411 1475083.8
680.559034990377 1465720.0
680.7333615872635 1379380.5
680.9079272466012 1236055.1
681.0827319683896 1447164.8
681.257775752629 1656995.0
681.4330585993191 1365029.4
681.6085805084602 1051346.4
681.7843414800523 957083.06
681.9603415140951 910746.5
682.1365806105889 1367550.1
682.3130587695335 1268589.0
682.4897759909292 1292951.4
682.6667322747755 1307077.6
682.8439276210729 1163736.5
683.0213620298211 1360539.2
683.1990355010204 1013915.9
683.3769480346702 967317.8
683.5550996307712 1302129.8
683.7334902893231 1257816.2
683.9121200103258 1140577.9
684.0909887937793 907266.4
684.2700966396839 1311652.8
684.4494435480391 1373008.2
684.6290295188454 1485490.2
684.8088545521025 1402545.1
684.9889186478105 954558.9
685.1692218059694 1069847.8
685.3497640265792 1077271.9
685.5305453096399 1250388.9
685.7115656551515 1131837.9
685.8928250631141 1105831.5
686.0743235335274 1135396.6
686.2560610663917 1216713.2
686.4380376617067 1198074.8
686.6202533194729 1052692.6
686.8027080396897 1161766.5
686.9854018223576 1199834.4
687.1683346674763 1277945.1
687.351506575046 1208510.8
687.5349175450664 1649932.6
687.7185675775377 1623620.0
687.9024566724601 1476882.4
688.0865848298331 1587368.1
688.2709520496572 1840146.5
688.4555583319321 1876306.5
688.640403676658 1452036.4
688.8254880838347 1423425.6
689.0108115534624 1432511.2
689.1963740855408 1447234.8
689.3821756800703 1284220.1
689.5682163370506 1348571.5
689.7544960564818 1234361.8
689.9410148383638 1384602.8
690.1277726826967 1392889.9
690.3147695894805 1232696.4
690.5020055587153 1118237.1
690.689480590401 1234317.2
690.8771946845374 1372854.4
691.0651478411248 1306376.1
691.253340060163 1501943.9
691.4417713416524 1358475.1
691.6304416855924 1338140.1
691.8193510919834 1590803.9
692.0084995608252 1872805.5
692.197887092118 1632311.5
692.3875136858616 1603776.2
692.5773793420561 1592821.2
692.7674840607016 1626333.9
692.9578278417978 1382736.0
693.1484106853451 1137041.9
693.339232591343 1264861.8
693.5302935597921 1165501.6
693.7215935906919 1115566.8
693.9131326840427 1444195.2
694.1049108398444 1983785.6
694.2969280580969 1619621.2
694.4891843388003 1464463.8
694.6816796819547 1804105.1
694.8744140875599 1825848.2
695.067387555616 2105783.8
695.260600086123 1698257.5
695.4540516790809 1547839.5
695.6477423344896 1822041.2
695.8416720523492 1912844.4
696.0358408326598 1852782.2
696.2302486754212 1948020.6
696.4248955806336 2076779.0
696.6197815482967 1869110.8
696.814906578411 1735139.2
697.0102706709758 1786112.4
697.2058738259918 1957067.5
697.4017160434586 2194316.2
697.5977973233763 2109887.2
697.7941176657448 2088461.5
697.9906770705643 2236768.2
698.1874755378346 2471938.2
698.3845130675558 2417265.0
698.581789659728 2041933.8
698.779305314351 1849948.9
698.9770600314249 2102451.5
699.1750538109496 2254152.0
699.3732866529253 2456310.5
699.5717585573519 2560308.2
699.7704695242294 2258067.0
699.9694195535577 2394774.5
700.168608645337 2660384.8
700.3680367995671 2380250.5
700.5677040162482 2416555.8
700.7676102953801 2380495.0
700.9677556369629 2858966.0
701.1681400409966 3237802.8
701.368763507481 3161091.5
701.5696260364166 3346139.0
701.7707276278029 3153699.5
701.9720682816403 3179575.2
702.1736479979284 2781530.0
702.3754667766674 2679881.5
702.5775246178573 2671288.5
702.7798215214982 2844459.5
702.9823574875899 2953226.5
703.1851325161325 3050588.5
703.3881466071259 2923761.0
703.5913997605704 2794373.0
703.7948919764656 2356522.5
703.9986232548118 2366432.8
704.2025935956088 2440122.2
704.4068029988567 2344124.8
704.6112514645556 2761241.5
704.8159389927052 2929404.8
705.020865583306 2819349.0
705.2260312363574 2661802.5
705.4314359518598 2638507.2
705.6370797298131 2532566.0
705.8429625702173 3102766.0
706.0490844730723 3436489.8
706.2554454383783 3226209.8
706.4620454661351 2963504.0
706.6688845563428 3542684.5
706.8759627090014 3383877.0
707.0832799241109 3188111.5
707.2908362016714 3303029.0
707.4986315416826 3714334.5
707.7066659441448 3790966.2
707.9149394090579 3716249.0
708.1234519364218 3785318.5
708.3322035262366 3964776.0
708.5411941785025 4014777.2
708.750423893219 4181714.0
708.9598926703866 4225094.5
709.169600510005 4373285.5
709.3795474120743 4714532.0
709.5897333765945 4597210.5
709.8001584035657 4275526.0
710.0108224929876 4001644.5
710.2217256448604 4133108.8
710.4328678591842 4623055.0
710.6442491359588 4967657.0
710.8558694751844 4492893.5
711.0677288768608 4779908.0
711.2798273409882 5459375.0
711.4921648675663 6614150.0
711.7047414565955 7519222.5
711.9175571080754 8716699.0
712.1306118220064 10160146.0
712.343905598388 10064609.0
712.5574384372208 10416800.0
712.7712103385043 10893698.0
712.9852213022388 10963242.0
713.199471328424 9959175.0
713.4139604170601 9018823.0
713.6286885681474 8653217.0
713.8436557816852 8236557.5
714.0588620576742 8776975.0
714.274307396114 9121918.0
714.4899917970047 9190304.0
714.7059152603462 8742388.0
714.9220777861387 9086866.0
715.138479374382 9097435.0
715.3551200250763 9795934.0
715.5719997382214 10241928.0
715.7891185138174 10836870.0
716.0064763518642 11402459.0
716.224073252362 12256980.0
716.4419092153107 12280665.0
716.6599842407103 11127960.0
716.8782983285607 10198581.0
717.096851478862 9744996.0
717.3156436916144 9219561.0
717.5346749668174 8800619.0
717.7539453044715 8157947.0
717.9734547045764 7413197.0
718.1932031671322 6725096.0
718.4131906921389 5872072.0
718.6334172795965 4870630.0
718.853882929505 4709753.0
719.0745876418644 4751451.5
719.2955314166745 4216628.0
719.5167142539357 3542717.2
719.7381361536477 3119908.0
719.9597971158106 3394112.2
720.1816971404245 3377521.5
720.4038362274891 3708749.8
720.6262143770048 3618265.5
720.8488315889713 4059772.0
721.0716878633887 4219021.0
721.2947832002569 5283282.5
721.518117599576 6691524.5
721.741691061346 8090727.5
721.965503585567 9308428.0
722.1895551722389 9344115.0
722.4138458213616 10754760.0
722.6383755329352 11761174.0
722.8631443069596 12282222.0
723.0881521434351 12713556.0
723.3133990423613 13539920.0
723.5388850037385 13504044.0
723.7646100275665 13183790.0
723.9905741138455 12208994.0
724.2167772625753 12014134.0
724.4432194737561 11800459.0
724.6699007473876 11112900.0
724.8968210834703 12156359.0
725.1239804820036 12077879.0
725.3513789429879 12164096.0
725.579016466423 12834348.0
725.8068930523091 14179962.0
726.0350087006461 15326628.0
726.2633634114338 15829111.0
726.4919571846726 15695794.0
726.7207900203623 15490580.0
726.9498619185028 16065585.0
727.1791728790942 18460764.0
727.4087229021366 23541332.0
727.6385119876297 31077548.0
727.8685401355738 41232376.0
728.0988073459687 55444250.0
728.3293136188147 72986140.0
728.5600589541114 94921050.0
728.7910433518591 114052010.0
729.0222668120575 124731690.0
729.2537293347069 127284430.0
729.4854309198073 117940320.0
729.7173715673584 97082630.0
729.9495512773606 71944310.0
730.1819700498136 48338584.0
730.4146278847174 32898352.0
730.6475247820722 23861002.0
730.8806607418778 18492744.0
731.1140357641343 15736379.0
731.3476498488419 13428400.0
731.5815029960002 11295511.0
731.8155952056094 9408765.0
732.0499264776695 7707982.0
732.2844968121806 7133944.0
732.5193062091423 6297256.0
732.754354668555 5634464.5
732.9896421904187 5303806.0
733.2251687747333 5256232.5
733.4609344214988 4842223.0
733.6969391307151 4402449.5
733.9331829023823 5094287.0
734.1696657365004 5811541.0
734.4063876330695 6044742.0
734.6433485920893 6498774.5
734.8805486135602 6567684.0
735.1179876974818 7230188.0
735.3556658438545 7917327.0
735.5935830526778 8213092.5
735.8317393239522 8424109.0
736.0701346576775 7739197.5
736.3087690538534 7111884.0
736.5476425124806 6650914.5
736.7867550335584 6213529.0
737.0261066170873 6711069.5
737.265697263067 7262827.5
737.5055269714976 7912740.0
737.745595742379 9755255.0
737.9859035757114 12276686.0
738.2264504714947 14793379.0
738.4672364297288 20107328.0
738.7082614504138 28291630.0
738.9495255335498 39088564.0
739.1910286791365 53216990.0
739.4327708871742 69473030.0
739.6747521576629 86729450.0
739.9169724906022 100782140.0
740.1594318859927 107580930.0
740.4021303438338 105765280.0
740.6450678641261 96799260.0
740.8882444468691 78040190.0
741.131660092063 54630124.0
741.3753147997079 34087550.0
741.6192085698036 22726130.0
741.8633414023502 17785910.0
742.1077132973477 13975446.0
742.352324254796 11337026.0
742.5971742746954 9529200.0
742.8422633570456 7941935.0
743.0875915018465 6575126.0
743.3331587090985 5498706.0
743.5789649788013 4731493.0
743.8250103109551 3704595.2
744.0712947055597 3277225.5
744.3178181626151 2800412.8
744.5645806821216 2628522.8
744.8115822640789 2905607.0
745.058822908487 2990707.2
745.3063026153461 3046737.5
745.554021384656 3211031.0
745.801979216417 3455389.0
746.0501761106286 3631893.5
746.2986120672912 3189398.0
746.5472870864048 3675626.5
746.7962011679691 4435568.0
747.0453543119845 4084241.5
747.2947465184507 3784937.8
747.5443777873677 3281679.5
747.7942481187357 3327176.0
748.0443575125546 3182083.0
748.2947059688242 2373966.5
748.545293487545 2031905.1
748.7961200687164 1871207.6
749.0471857123389 2074078.6
749.2984904184123 2115082.8
749.5500341869365 2184696.2
749.8018170179115 1982897.8
750.0538389113375 1699057.6
750.3060998672144 1715292.4
750.558599885542 1662281.9
750.8113389663208 1630578.6
751.0643171095503 2102314.0
751.3175343152308 1916738.0
751.570990583362 2107793.5
751.8246859139442 2250512.0
752.0786203069773 1817448.8
752.3327937624614 1816864.5
752.5872062803962 2009767.0
752.841857860782 2139960.5
753.0967485036186 2102591.5
753.3518782089062 2347167.8
753.6072469766447 2427159.8
753.8628548068339 2463394.5
754.1187016994742 2279838.8
754.3747876545652 2356157.2
754.6311126721073 2325533.2
754.8876767521001 2602339.5
755.144479894544 2861123.8
755.4015220994386 2865408.5
755.6588033667842 2288403.0
755.9163236965807 2220556.5
756.1740830888281 2497769.0
756.4320815435262 2834487.2
756.6903190606754 3050240.0
756.9487956402754 2995967.0
757.2075112823263 2720135.0
757.4664659868281 2607666.0
757.7256597537807 3041209.8
757.9850925831844 3296783.0
758.2447644750388 3331814.0
758.5046754293442 3762563.0
758.7648254461004 3858360.2
759.0252145253075 3762197.2
759.2858426669656 3650093.8
759.5467098710745 3954599.5
759.8078161376343 4734000.5
760.069161466645 5261535.5
760.3307458581066 5092009.0
760.5925693120191 5432143.0
760.8546318283825 5847359.5
761.1169334071967 5616245.5
761.3794740484618 4924964.0
761.6422537521778 4317509.0
761.9052725183449 4102461.2
762.1685303469626 3703792.0
762.4320272380314 3618678.5
762.6957631915509 3817147.2
762.9597382075215 3654436.0
763.2239522859428 3267989.8
763.4884054268151 3603890.5
763.7530976301382 3878852.8
764.0180288959123 3762969.8
764.2831992241372 3605518.8
764.5486086148131 4164186.2
764.8142570679397 4397529.5
765.0801445835173 4765079.0
765.3462711615459 5203586.0
765.6126368020252 5088876.0
765.8792415049556 5843647.0
766.1460852703367 6531534.5
766.4131680981689 6824256.0
766.6804899884517 7264850.0
766.9480509411856 6855863.0
767.2158509563703 5718780.5
767.483890034006 5231234.5
767.7521681740925 5053370.5
768.0206853766299 4260945.5
768.2894416416182 4088368.0
768.5584369690574 4760053.0
768.8276713589474 5203510.5
769.0971448112883 4721796.0
769.3668573260802 4603429.5
769.636808903323 5070575.5
769.9069995430166 5699071.0
770.1774292451611 5940214.5
770.4480980097566 6241748.0
770.7190058368028 6370840.5
770.9901527263 6933072.0
771.2615386782481 7819984.5
771.5331636926471 8230819.0
771.805027769497 8747211.0
772.0771309087978 9679253.0
772.3494731105494 11368411.0
772.622054374752 12770711.0
772.8948747014053 15604461.0
773.1679340905096 19486036.0
773.4412325420649 22200850.0
773.714770056071 23820598.0
773.9885466325279 23905758.0
774.2625622714359 22868148.0
774.5368169727947 20904148.0
774.8113107366042 17739078.0
775.0860435628648 14671978.0
775.3610154515762 11160696.0
775.6362264027387 7998827.0
775.9116764163518 6604769.0
776.1873654924159 5924592.5
776.4632936309309 6052062.5
776.7394608318967 5920249.0
777.0158670953135 6409753.0
777.2925124211812 6253286.0
777.5693968094998 6134397.5
777.8465202602692 6327662.0
778.1238827734896 7105594.0
778.4014843491608 7918976.0
778.6793249872829 8418292.0
778.957404687856 9608443.0
779.23572345088 10617165.0
779.5142812763546 12683136.0
779.7930781642804 14393639.0
780.0721141146569 16013420.0
780.3513891274845 17071454.0
780.6309032027627 18421778.0
780.9106563404919 20085836.0
781.1906485406721 19885366.0
781.4708798033031 18496208.0
781.7513501283851 16795806.0
782.0320595159178 15696039.0
782.3130079659015 16078755.0
782.5941954783361 16578912.0
782.8756220532216 16508769.0
783.157287690558 16177688.0
783.4391923903453 15632060.0
783.7213361525834 14905465.0
784.0037189772725 13090561.0
784.2863408644123 12039151.0
784.5692018140032 12527042.0
784.8523018260448 13235704.0
785.1356409005374 13866320.0
785.419219037481 14758346.0
785.7030362368753 15796051.0
785.9870924987206 15699132.0
786.2713878230167 14841388.0
786.5559222097638 14688619.0
786.8406956589616 14006136.0
787.1257081706106 13203160.0
787.4109597447102 13145856.0
787.6964503812609 13331078.0
787.9821800802623 13733154.0
788.2681488417147 13650284.0
788.554356665618 14040018.0
788.8408035519722 13942675.0
789.1274895007773 14068384.0
789.4144145120331 14937392.0
789.70157858574 15935202.0
789.9889817218977 16941040.0
790.2766239205064 17615678.0
790.5645051815659 18485114.0
790.8526255050763 20668396.0
791.1409848910375 22650538.0
791.4295833394498 24416042.0
791.7184208503128 25025576.0
792.0074974236268 26804760.0
792.2968130593916 30011780.0
792.5863677576074 32214590.0
792.876161518274 33432110.0
793.1661943413915 33960172.0
793.45646622696 35189090.0
793.7469771749792 34393164.0
794.0377271854495 32017976.0
794.3287162583705 32108456.0
794.6199443937426 32029392.0
794.9114115915653 32077458.0
795.2031178518391 33742864.0
795.4950631745637 34915680.0
795.7872475597393 35855344.0
796.0796710073657 35308790.0
796.372333517443 35900000.0
796.6652350899712 37285290.0
796.9583757249504 39093750.0
797.2517554223803 40698210.0
797.5453741822612 41793184.0
797.839232004593 44159660.0
798.1333288893755 48682740.0
798.4276648366092 52881260.0
798.7222398462935 56400176.0
799.0170539184289 59740790.0
799.3121070530151 62441440.0
799.6073992500523 65269996.0
799.9029305095402 67270050.0
800.1987008314792 66185344.0
800.4947102158688 67518810.0
800.7909586627096 67737740.0
801.0874461720011 66599030.0
801.3841727437435 67505550.0
801.6811383779369 68877704.0
801.9783430745811 67544000.0
802.2757868336762 66305890.0
802.5734696552222 62359400.0
802.8713915392192 58130624.0
803.1695524856669 54112236.0
803.4679524945657 51184344.0
803.7665915659152 51139756.0
804.0654696997157 50586624.0
804.364586895967 49671776.0
804.6639431546693 52174080.0
804.9635384758224 56337920.0
805.2633728594265 57339404.0
805.5634463054813 58775000.0
805.863758813987 58924760.0
806.1643103849437 59707044.0
806.4651010183513 61350156.0
806.7661307142098 62309044.0
807.0673994725191 63540510.0
807.3689072932794 65201996.0
807.6706541764905 63957190.0
807.9726401221526 63533816.0
808.2748651302655 66608784.0
808.5773292008294 73281180.0
808.880032333844 81637420.0
809.1829745293097 92673480.0
809.4861557872262 104604630.0
809.7895761075936 123703880.0
810.0932354904118 143835550.0
810.3971339356808 160612460.0
810.701271443401 177216740.0
811.0056480135719 194156080.0
811.3102636461938 207316450.0
811.6151183412665 219855120.0
811.9202120987901 222059580.0
812.2255449187645 216529220.0
812.5311168011899 203649360.0
812.8369277460662 184428380.0
813.1429777533934 161703620.0
813.4492668231715 144119760.0
813.7557949554005 133069100.0
814.0625621500802 127541800.0
814.3695684072109 120341510.0
814.6768137267925 111113080.0
814.984298108825 104765270.0
815.2920215533085 97976060.0
815.5999840602427 91010630.0
815.908185629628 84671810.0
816.216626261464 78397700.0
816.5253059557509 72089250.0
816.8342247124888 65910920.0
817.1433825316776 61392196.0
817.4527794133171 53149170.0
817.7624153574077 46852960.0
818.072290363949 43242990.0
818.3824044329415 40352784.0
818.6927575643846 39778770.0
819.0033497582787 40738870.0
819.3141810146236 43338510.0
819.6252513334194 48319170.0
819.9365607146663 53055140.0
820.2481091583638 57882120.0
820.5598966645124 62805216.0
820.8719232331118 70053140.0
821.1841888641621 80083620.0
821.4966935576633 91060580.0
821.8094373136155 103370930.0
822.1224201320184 118569670.0
822.4356420128723 134243780.0
822.749102956177 152506740.0
823.0628029619327 174510910.0
823.3767420301392 198513780.0
823.6909201607966 224196780.0
824.005337353905 245291680.0
824.3199936094642 265680720.0
824.6348889274743 279186200.0
824.9500233079352 281406900.0
825.2653967508472 274051040.0
825.5810092562099 252742220.0
825.8968608240236 216283920.0
826.2129514542881 176227550.0
826.5292811470036 132193130.0
826.8458499021699 94201650.0
827.1626577197871 68668900.0
827.4797045998553 53522336.0
827.7969905423743 44080376.0
828.1145155473441 36735284.0
828.4322796147649 30304236.0
828.7502827446367 25190096.0
829.0685249369592 21200258.0
829.3870061917327 18626512.0
829.705726508957 16658719.0
830.0246858886322 14759106.0
830.3438843307583 13115930.0
830.6633218353354 12540638.0
830.9829984023633 11598598.0
831.3029140318422 10686095.0
831.6230687237718 10133028.0
831.9434624781525 9743978.0
832.2640952949838 9369266.0
832.5849671742662 9376471.0
832.9060781159994 9768192.0
833.2274281201835 9703727.0
833.5490171868187 9486655.0
833.8708453159045 9752076.0
834.1929125074414 9534097.0
834.515218761429 9940405.0
834.8377640778676 10457919.0
835.160548456757 10068864.0
835.4835718980975 10513572.0
835.8068344018886 12190651.0
836.1303359681309 13833052.0
836.4540765968239 14413834.0
836.778056287968 14601370.0
837.1022750415626 15996975.0
837.4267328576084 17420224.0
837.7514297361049 17786806.0
838.0763656770524 18199858.0
838.4015406804508 18827468.0
838.7269547463001 17933312.0
839.0526078746003 18606446.0
839.3785000653513 20502290.0
839.7046313185533 21236092.0
840.0310016342061 22056090.0
840.3576110123099 22436316.0
840.6844594528644 20928092.0
841.01154695587 19820616.0
841.3388735213264 19256802.0
841.6664391492336 18439926.0
841.9942438395917 19035352.0
842.3222875924008 19815648.0
842.6505704076608 21342244.0
842.9790922853716 22492296.0
843.3078532255333 22226012.0
843.636853228146 22196622.0
843.9660922932096 20987970.0
844.2955704207238 20109154.0
844.6252876106893 18811280.0
844.9552438631054 18415668.0
845.2854391779725 18451414.0
845.6158735552905 19246370.0
845.9465469950594 20244426.0
846.2774594972791 20419982.0
846.6086110619498 22493782.0
846.9400016890712 25364604.0
847.2716313786436 27496136.0
847.603500130667 30759580.0
847.9356079451411 34686052.0
848.2679548220663 37595812.0
848.6005407614422 41207464.0
848.9333657632692 44970530.0
849.2664298275467 48932670.0
849.5997329542755 51888250.0
849.933275143455 55567844.0
850.2670563950855 57237916.0
850.6010767091668 57880936.0
850.935336085699 58826150.0
851.2698345246821 55820704.0
851.6045720261161 54267404.0
851.939548590001 53189304.0
852.2747642163367 51655970.0
852.6102189051235 49624610.0
852.9459126563609 46094396.0
853.2818454700493 42253684.0
853.6180173461887 36071716.0
853.9544282847789 30526796.0
854.29107828582 27325518.0
854.627967349312 25753530.0
854.9650954752549 28053468.0
855.3024626636488 29788390.0
855.6400689144934 29883280.0
855.9779142277889 32290542.0
856.3159986035355 32703284.0
856.6543220417327 35410764.0
856.992884542381 39137404.0
857.33168610548 40189692.0
857.6707267310301 41274236.0
858.010006419031 43297104.0
858.3495251694828 44790550.0
858.6892829823855 46993110.0
859.0292798577391 52468650.0
859.3695157955435 57944630.0
859.709990795799 60614776.0
860.0507048585051 62531296.0
860.3916579836623 64934336.0
860.7328501712702 68381430.0
861.0742814213293 73447390.0
861.415951733839 75277950.0
861.7578611087997 76232580.0
862.1000095462114 77459176.0
862.4423970460737 77918820.0
862.7850236083872 74978420.0
863.1278892331513 71682710.0
863.4709939203666 65286404.0
863.8143376700325 57344320.0
864.1579204821496 48681396.0
864.5017423567174 40659270.0
864.845803293736 34541650.0
865.1901032932057 29669044.0
865.5346423551262 26182358.0
865.8794204794975 24156150.0
866.2244376663198 23690498.0
866.569693915593 23742928.0
866.9151892273169 25060658.0
867.2609236014919 26917072.0
867.6068970381177 29904784.0
867.9531095371945 31857152.0
868.299561098722 34395700.0
868.6462517227006 40113844.0
868.9931814091299 44283644.0
869.3403501580103 48059870.0
869.6877579693414 52173356.0
870.0354048431236 57136970.0
870.3832907793565 61245964.0
870.7314157780402 64185316.0
871.079779839175 66217416.0
871.4283829627606 68185880.0
871.7772251487971 73172520.0
872.1263063972845 78491170.0
872.4756267082229 80978580.0
872.825186081612 81212290.0
873.1749845174521 78021510.0
873.525022015743 72890370.0
873.875298576485 65235896.0
874.2258141996776 56181416.0
874.5765688853213 47949850.0
874.9275626334158 42730496.0
875.2787954439613 42358220.0
875.6302673169575 43357736.0
875.9819782524048 43756020.0
876.3339282503027 42623124.0
876.6861173106518 42769056.0
877.0385454334516 42076736.0
877.3912126187024 41056670.0
877.744118866404 38450580.0
878.0972641765566 36961268.0
878.45064854916 33497182.0
878.8042719842143 29692184.0
879.1581344817196 26263122.0
879.5122360416756 21571548.0
879.8665766640827 17328624.0
880.2211563489404 15594491.0
880.5759750962493 14830409.0
880.9310329060089 14391319.0
881.2863297782194 15506239.0
881.6418657128809 15585112.0
881.9976407099932 16621061.0
882.3536547695564 17023962.0
882.7099078915705 17374378.0
883.0664000760355 16874032.0
883.4231313229513 17295972.0
883.7801016323183 18005708.0
884.1373110041359 17311926.0
884.4947594384045 17555880.0
884.8524469351239 18091878.0
885.2103734942943 16664935.0
885.5685391159154 15368749.0
885.9269437999875 15993602.0
886.2855875465107 15730189.0
886.6444703554844 15503811.0
887.0035922269093 15946915.0
887.3629531607849 15588724.0
887.7225531571116 15375879.0
888.082392215889 15991738.0
888.4424703371174 17233284.0
888.8027875207965 19408554.0
889.1633437669268 19959224.0
889.5241390755077 20692710.0
889.8851734465397 22482430.0
890.2464468800224 23983164.0
890.6079593759562 26278222.0
890.9697109343408 27593358.0
891.3317015551763 29056676.0
891.6939312384626 31852352.0
892.0563999841997 36387304.0
892.419107792388 40254360.0
892.7820546630269 43212730.0
893.145240596117 46141830.0
893.5086655916577 47633150.0
893.8723296496495 49363360.0
894.2362327700921 50907670.0
894.6003749529856 51438156.0
894.96475619833 53235400.0
895.3293765061252 57073016.0
895.6942358763713 61575264.0
896.0593343090684 65257856.0
896.4246718042164 70369600.0
896.7902483618151 72971730.0
897.1560639818649 72333460.0
897.5221186643654 70100984.0
897.888412409317 62713990.0
898.2549452167193 53541564.0
898.6217170865726 39939320.0
898.9887280188768 28229924.0
899.3559780136319 23712556.0
899.7234670708378 20538862.0
900.0911951904947 18228514.0
900.4591623726023 15571745.0
900.827368617161 13251191.0
901.1958139241705 12586849.0
901.5644982936308 12512645.0
901.9334217255422 12199419.0
902.3025842199042 11754492.0
902.6719857767174 12680800.0
903.0416263959813 12268802.0
903.4115060776962 12147734.0
903.7816248218619 12153168.0
904.1519826284787 11743905.0
904.5225794975461 11136371.0
904.8934154290646 12562444.0
905.2644904230337 12978765.0
905.635804479454 12597470.0
906.0073575983251 11634030.0
906.3791497796472 11878911.0
906.7511810234199 12482866.0
907.1234513296438 12182665.0
907.4959606983184 11512410.0
907.8687091294438 10549156.0
908.2416966230203 10626911.0
908.6149231790475 9698901.0
908.9883887975259 9197491.0
909.3620934784549 8777580.0
909.736037221835 8757528.0
910.1102200276657 9004202.0
910.4846418959476 8866598.0
910.8593028266802 9803497.0
911.2342028198638 10255119.0
911.6093418754981 9682042.0
911.9847199935836 9120644.0
912.3603371741196 9621752.0
912.7361934171067 9866889.0
913.1122887225448 9759481.0
913.4886230904336 9825788.0
913.8651965207735 10953980.0
914.242009013564 11682876.0
914.6190605688057 12936898.0
914.996351186498 13437769.0
915.3738808666415 12850006.0
915.7516496092356 13380514.0
916.1296574142808 15136066.0
916.5079042817767 15384665.0
916.8863902117237 15984571.0
917.2651152041215 16185441.0
917.6440792589702 16230910.0
918.0232823762697 16353072.0
918.4027245560201 16094405.0
918.7824057982216 14868976.0
919.1623261028737 14107414.0
919.542485469977 13761958.0
919.9228838995309 13376438.0
920.3035213915359 13039595.0
920.6843979459916 13627408.0
921.0655135628983 14937612.0
921.446868242256 15042245.0
921.8284619840645 15234578.0
922.2102947883237 15985518.0
922.5923666550341 15194368.0
922.9746775841952 15135842.0
923.3572275758072 16266581.0
923.7400166298701 17344870.0
924.1230447463838 18260968.0
924.5063119253487 20031208.0
924.8898181667641 20523174.0
925.2735634706307 19888546.0
925.657547836948 18888164.0
926.0417712657163 18737578.0
926.4262337569354 17950358.0
926.8109353106056 17246018.0
927.1958759267263 16019655.0
927.5810556052983 14705966.0
927.966474346321 14992934.0
928.3521321497947 15172615.0
928.7380290157191 15611464.0
929.1241649440944 15439970.0
929.5105399349206 15283809.0
929.8971539881978 14789488.0
930.2840071039259 14299760.0
930.6710992821048 13064764.0
931.0584305227347 12084182.0
931.4460008258154 12477462.0
931.8338101913471 11594776.0
932.2218586193296 10517998.0
932.610146109763 8870668.0
932.9986726626472 6844374.0
933.3874382779825 4676065.0
933.7764429557685 4022909.0
934.1656866960054 3576608.0
934.5551694986933 2865851.0
934.9448913638321 2951448.0
935.3348522914216 2980146.2
935.7250522814621 2724628.0
936.1154913339535 3191560.0
936.5061694488959 3704136.5
936.8970866262891 3864414.5
937.288242866133 3994004.0
937.6796381684281 4256670.0
938.0712725331739 4384724.0
938.4631459603708 4404405.5
938.8552584500184 4680231.5
939.247610002117 4423814.5
939.6402006166663 4087266.0
940.0330302936667 3926342.8
940.4260990331178 4315515.5
940.8194068350199 4870033.0
941.212953699373 5133461.0
941.6067396261767 5253456.0
942.0007646154315 5023401.5
942.3950286671371 4692888.0
942.7895317812938 4593758.0
943.184273957901 4697242.0
943.5792551969595 4875657.0
943.9744754984687 4590005.5
944.3699348624289 4254464.0
944.7656332888398 4219138.0
945.1615707777016 4488118.5
945.5577473290144 4374279.0
945.9541629427781 3849668.8
946.3508176189927 4129123.0
946.7477113576581 3990880.2
947.1448441587745 4037386.0
947.5422160223416 4085800.2
947.9398269483597 4451682.0
948.3376769368288 4771698.0
948.7357659877487 5369995.0
949.1340941011194 5414003.0
949.5326612769411 5571244.5
949.9314675152136 5722417.5
950.3305128159373 5714542.5
950.7297971791115 6339098.0
951.1293206047367 6840264.5
951.5290830928128 6761777.5
951.9290846433399 6764727.5
952.3293252563178 6528188.0
952.7298049317465 6147958.0
953.1305236696262 5533179.0
953.5314814699568 5730296.0
953.9326783327383 6063704.5
954.3341142579707 6270551.0
954.7357892456539 6320750.5
955.137703295788 5916880.5
955.5398564083731 5733348.0
955.942248583409 5901013.0
956.3448798208958 5406095.0
956.7477501208334 5192655.5
957.1508594832221 4856696.5
957.5542079080615 4577377.0
957.9577953953519 4421635.5
958.3616219450932 4481534.0
958.7656875572852 4271341.0
959.1699922319283 4463223.5
959.5745359690222 4734202.0
959.979318768567 4844943.5
960.3843406305627 4838603.0
960.7896015550094 4975424.5
961.1951015419069 5039128.0
961.6008405912553 5211982.0
962.0068187030545 5145075.0
962.4130358773048 5222765.5
962.8194921140057 5912206.0
963.2261874131577 6033722.5
963.6331217747605 6435684.0
964.0402951988142 6486916.0
964.4477076853188 6310544.0
964.8553592342744 6524017.5
965.2632498456808 6421016.0
965.671379519538 5945659.0
966.0797482558462 5751479.5
966.4883560546052 5192905.5
966.8972029158153 5040737.5
967.3062888394761 5155914.5
967.7156138255879 4556711.0
968.1251778741505 4407618.5
968.534980985164 4366222.5
968.9450231586284 3816425.5
969.3553043945437 3195696.2
969.7658246929099 3225672.8
970.1765840537269 2996171.0
970.5875824769948 2957310.2
970.9988199627137 3347812.2
971.4102965108834 3301430.0
971.822012121504 3681854.0
972.2339667945757 3709009.8
972.6461605300981 3971121.0
973.0585933280714 3965157.5
973.4712651884955 4005119.0
973.8841761113707 4631105.5
974.2973260966967 5104832.5
974.7107151444736 5215297.0
975.1243432547012 6049860.0
975.5382104273799 6533094.0
975.9523166625095 6820820.5
976.3666619600898 6341570.0
976.7812463201212 7035364.0
977.1960697426034 7896523.0
977.6111322275365 8773696.0
978.0264337749204 8485128.0
978.4419743847554 8748629.0
978.8577540570411 8688928.0
979.2737727917779 7546805.5
979.6900305889653 7021659.0
980.1065274486039 6981457.0
980.523263370693 6458224.0
980.9402383552333 6396908.0
981.3574524022245 7057419.0
981.7749055116664 7014209.0
982.1925976835594 7303601.0
982.6105289179031 8570068.0
983.0286992146978 8947431.0
983.4471085739433 9104720.0
983.8657569956398 9357009.0
984.2846444797872 9669118.0
984.7037710263854 10611410.0
985.1231366354345 11556960.0
985.5427413069345 11696125.0
985.9625850408854 12044652.0
986.3826678372873 11395292.0
986.8029896961399 11255415.0
987.2235506174435 11614128.0
987.6443506011979 13111546.0
988.0653896474032 12513360.0
988.4866677560595 11579134.0
988.9081849271665 11234050.0
989.3299411607247 11343958.0
989.7519364567336 10160861.0
990.1741708151934 9919579.0
990.5966442361041 8811699.0
991.0193567194657 8293854.0
991.4423082652781 8067197.0
991.8654988735416 7439360.0
992.2889285442558 6993500.5
992.712597277421 7215204.5
993.1365050730369 6911964.0
993.5606519311038 6974087.0
993.9850378516217 7506747.5
994.4096628345903 7847909.0
994.83452688001 7553260.0
995.2596299878804 8083247.0
995.6849721582018 8278440.5
996.110553390974 8465534.0
996.5363736861973 9707104.0
996.9624330438713 10015761.0
997.3887314639962 9728076.0
997.8152689465721 9797273.0
998.2420454915989 8968055.0
998.6690610990764 8169547.0
999.0963157690048 7705873.0
999.5238095013843 7115590.5
999.9515422962145 7351005.5
1000.3795141534958 7025374.0
1000.8077250732279 6659970.5
1001.2361750554107 6336686.0
1001.6648641000446 5632438.0
1002.0937922071294 5711269.5
1002.522959376665 5203819.0
1002.9523656086515 4414632.0
1003.3820109030889 4041770.0
1003.8118952599773 3824699.5
1004.2420186793163 4118158.8
1004.6723811611065 5132072.0
1005.1029827053474 5622080.5
1005.5338233120393 7339086.0
1005.9649029811819 9025074.0
1006.3962217127755 9554008.0
1006.8277795068202 10183615.0
1007.2595763633155 11675462.0
1007.6916122822619 12895752.0
1008.1238872636591 14243259.0
1008.5564013075071 14924105.0
1008.9891544138061 15562070.0
1009.422146582556 16285052.0
1009.8553778137567 16954420.0
1010.2888481074084 18467912.0
1010.7225574635108 20072258.0
1011.1565058820644 21188462.0
1011.5906933630686 20775012.0
1012.0251199065237 19291754.0
1012.45978551243 16065756.0
1012.8946901807869 13505245.0
1013.3298339115948 10401338.0
1013.7652167048535 8172711.0
1014.2008385605632 5904869.0
1014.6366994787238 4907209.0
1015.0727994593352 4799986.0
1015.5091385023975 5218485.0
1015.9457166079108 5586632.5
1016.3825337758749 6316047.0
1016.8195900062899 7014449.0
1017.2568852991558 7652997.5
1017.6944196544725 7690038.0
1018.1321930722402 7814144.5
1018.5702055524587 8571381.0
1019.0084570951283 9628628.0
1019.4469477002485 10772961.0
1019.8856773678198 12048568.0
1020.3246460978419 12562821.0
1020.763853890315 12608026.0
1021.2033007452387 14158894.0
1021.6429866626136 16195131.0
1022.0829116424393 16796318.0
1022.5230756847159 16787924.0
1022.9634787894433 16987236.0
1023.4041209566217 16923424.0
1023.8450021862509 14541700.0
1024.286122478331 10657358.0
1024.727481832862 7301834.0
1025.1690802498438 5225063.0
1025.6109177292767 4081815.5
1026.0529942711605 3098796.2
1026.495309875495 2608031.2
1026.9378645422805 2413702.5
1027.380658271517 2105325.5
1027.823691063204 1843805.8
1028.2669629173424 2064080.5
1028.7104738339312 1756159.9
1029.1542238129714 1411714.9
1029.598212854462 1350034.4
1030.0424409584039 1443069.5
1030.4869081247964 1170302.5
1030.9316143536398 1450891.8
1031.376559644934 1351091.8
1031.8217439986793 1173998.6
1032.2671674148755 896082.75
1032.7128298935227 1071300.2
1033.1587314346207 1061510.8
1033.6048720381693 1306121.0
1034.051251704169 1441371.9
1034.4978704326197 1261140.5
1034.9447282235212 1394834.4
1035.3918250768736 1247409.8
1035.8391609926769 1214820.2
1036.286735970931 1071366.6
1036.734550011636 980998.0
1037.182603114792 1065809.8
1037.6308952803988 1036293.6
1038.0794265084567 1041317.0
1038.5281967989652 956048.75
1038.9772061519247 1159692.4
1039.426454567335 1226873.5
1039.8759420451966 1143434.0
1040.3256685855085 1250741.5
1040.7756341882716 1267221.9
1041.2258388534856 1276165.0
1041.6762825811506 1238444.0
1042.1269653712661 1506974.4
1042.577887223833 1688981.8
1043.0290481388504 1521892.5
1043.4804481163187 1299863.1
1043.9320871562381 1234715.1
1044.3839652586082 1140490.0
1044.8360824234294 1631017.5
1045.2884386507012 1690881.5
1045.7410339404241 1679622.2
1046.193868292598 1372520.2
1046.6469417072226 1612342.0
1047.1002541842981 1636543.0
1047.5538057238246 1844957.0
1048.0075963258018 1756353.9
1048.46162599023 1640788.0
1048.915894717109 1512850.8
1049.3704025064392 1470479.4
1049.82514935822 1518641.1
1050.2801352724516 2072633.1
1050.7353602491344 2126005.5
1051.1908242882678 1725481.5
1051.6465273898525 1707310.0
1052.1024695538877 1360039.4
1052.558650780374 1471601.1
1053.015071069311 1610660.0
1053.471730420699 1818136.4
1053.928628834538 1759370.0
1054.3857663108276 1898536.0
1054.8431428495683 1997012.4
1055.30075845076 2413467.8
1055.7586131144024 2045380.1
1056.2167068404956 2077923.1
1056.67503962904 2391985.2
1057.133611480035 2108285.2
1057.592422393481 2108297.0
1058.0514723693777 1833301.4
1058.5107614077258 1712544.5
1058.9702895085243 1859959.2
1059.4300566717739 1676963.5
1059.8900628974743 324807.06
1060.3503081856259 -1011810.7
1060.8107925362278 -2774009.5
1061.2715159492811 -4523324.0
1061.732478424785 -5710438.0
1062.1936799627401 -7277732.0
1062.6551205631458 -8914799.0
1063.1168002260026 -10716148.0
1063.57871895131 -12215598.0
1064.0408767390686 -14190075.0
1064.503273589278 -16347100.0
1064.965909501938 -18115552.0
1065.4287844770492 -19853696.0
1065.8918985146113 -22176872.0
1066.3552516146242 -24105456.0
1066.818843777088 -26006240.0
1067.2826750020029 -28357878.0
1067.7467452893684 -30100404.0
1068.211054639185 0.0
1068.6756030514523 0.0
1069.1403905261704 0.0
1069.6054170633397 0.0
1070.0706826629596 0.0
1070.5361873250306 0.0
1071.0019310495525 0.0
1071.4679138365252 0.0
1071.9341356859486 0.0
