string
description: px_shifted, calibration parameter: [ 1.19531225e-04 -2.30194563e-02  6.18194146e+02]
converted file:R_100ms_Fe_S3_x_1_32_binned_y back: data/dark_100msRZP-structure:___RZP_S3100msRoi:[0, 1040, 2048, 2048]
eV counts/s
618.1712462133476 1752840.1
618.1485853507007 1849977.5
618.1261635505048 1916570.0
618.1039808127597 2329129.5
618.0820371374655 2459750.0
618.0603325246223 2537496.0
618.0388669742298 2008185.6
618.0176404862883 1955123.8
617.9966530607976 1761783.1
617.9759046977579 2030524.5
617.955395397169 1994450.5
617.9351251590311 1957887.0
617.9150939833439 1953798.6
617.8953018701078 2160481.2
617.8757488193226 2161281.8
617.8564348309881 1963828.9
617.8373599051046 1815109.4
617.8185240416719 1870334.4
617.7999272406903 1751733.8
617.7815695021593 1999033.5
617.7634508260794 2344597.8
617.7455712124504 2645901.0
617.7279306612722 2100288.5
617.7105291725449 1908419.8
617.6933667462686 1960700.0
617.676443382443 1852208.0
617.6597590810685 1822984.0
617.6433138421447 2029353.9
617.6271076656718 2296640.8
617.6111405516499 1844158.2
617.5954125000789 2010244.4
617.5799235109587 2450554.8
617.5646735842894 2053293.9
617.5496627200711 2129775.2
617.5348909183035 2253018.5
617.520358178987 2345915.5
617.5060645021213 2683248.5
617.4920098877064 2496756.5
617.4781943357425 2772077.0
617.4646178462295 2880567.8
617.4512804191673 2680520.2
617.4381820545561 3068368.0
617.4253227523957 3330012.0
617.4127025126862 3061163.0
617.4003213354276 2383258.5
617.3881792206199 2935216.2
617.3762761682632 2865871.5
617.3646121783572 2628356.2
617.3531872509022 2049382.5
617.342001385898 1497603.6
617.3310545833449 1678966.4
617.3203468432424 1969499.8
617.309878165591 1977344.9
617.2996485503904 2454733.5
617.2896579976408 2683401.2
617.2799065073419 2508075.2
617.270394079494 2369087.0
617.261120714097 2373672.2
617.2520864111508 2406858.0
617.2432911706557 2572987.0
617.2347349926113 2759222.0
617.2264178770179 3483452.8
617.2183398238752 4063751.0
617.2105008331837 3523910.0
617.2029009049428 2780370.5
617.195540039153 2944136.2
617.188418235814 2810200.5
617.1815354949258 2784671.0
617.1748918164886 2535576.8
617.1684872005023 2578633.8
617.1623216469668 3224132.0
617.1563951558823 3143342.2
617.1507077272486 3145448.0
617.1452593610658 3416276.2
617.140050057334 4535385.5
617.1350798160529 4151132.0
617.1303486372229 4498257.0
617.1258565208436 4595617.0
617.1216034669154 4517217.0
617.1175894754379 4339885.5
617.1138145464114 4529050.5
617.1102786798357 4508063.0
617.106981875711 4182731.5
617.1039241340371 4182550.5
617.1011054548142 3471244.0
617.0985258380421 3266315.0
617.0961852837207 3393031.0
617.0940837918505 3516559.5
617.092221362431 3803522.5
617.0905979954625 3780584.8
617.0892136909449 3865850.5
617.0880684488782 4468402.0
617.0871622692623 5097321.0
617.0864951520974 5491587.0
617.0860670973833 6542004.5
617.0858781051202 7359465.5
617.0859281753078 6896567.5
617.0862173079464 6433504.0
617.0867455030359 5685332.0
617.0875127605763 4624086.5
617.0885190805675 3100130.0
617.0897644630096 2209334.2
617.0912489079027 1294577.2
617.0929724152465 1397297.4
617.0949349850415 1202786.6
617.0971366172871 1168074.5
617.0995773119838 889306.0
617.1022570691313 1300794.9
617.1051758887297 1900333.8
617.1083337707789 1588385.8
617.1117307152791 1511393.9
617.1153667222302 1778803.9
617.1192417916321 2020173.9
617.123355923485 2216911.8
617.1277091177888 2907906.0
617.1323013745433 3532784.5
617.1371326937488 3534910.2
617.1422030754052 4079724.0
617.1475125195125 4164912.5
617.1530610260706 4414084.5
617.1588485950797 5487817.0
617.1648752265397 6275564.5
617.1711409204505 6465890.0
617.1776456768123 6554312.0
617.1843894956249 6753508.0
617.1913723768885 6724783.0
617.1985943206029 6468190.5
617.2060553267681 6157726.0
617.2137553953843 5794084.0
617.2216945264513 5312443.0
617.2298727199694 5159830.5
617.2382899759382 4319722.5
617.246946294358 3140661.0
617.2558416752286 1879477.4
617.2649761185502 1219582.4
617.2743496243226 1201268.9
617.2839621925459 924421.1
617.29381382322 1157186.4
617.3039045163453 976812.1
617.3142342719211 1053743.0
617.3248030899481 1083062.5
617.3356109704258 807402.25
617.3466579133545 781506.94
617.357943918734 561585.8
617.3694689865644 533729.94
617.3812331168458 507671.9
617.3932363095779 368844.2
617.4054785647611 578538.94
617.417959882395 1098748.8
617.43068026248 1049507.4
617.4436397050157 1167778.9
617.4568382100024 946697.5
617.47027577744 1386505.8
617.4839524073284 1910385.1
617.4978680996677 2493330.5
617.512022854458 3775947.0
617.526416671699 5035106.0
617.5410495513911 5916217.0
617.555921493534 6979843.0
617.5710324981277 6984132.5
617.5863825651725 5979637.0
617.601971694668 5319954.5
617.6177998866144 4455603.0
617.6338671410118 3222888.8
617.6501734578601 2552513.5
617.6667188371591 2370968.0
617.6835032789093 2833164.5
617.70052678311 3230377.5
617.7177893497619 3241194.8
617.7352909788646 3956959.5
617.7530316704182 4690796.5
617.7710114244226 4478370.0
617.7892302408779 4088184.8
617.8076881197842 4761054.0
617.8263850611413 4555598.5
617.8453210649494 4636418.0
617.8644961312083 5694301.0
617.8839102599181 7921955.5
617.9035634510788 9996958.0
617.9234557046905 11816201.0
617.9435870207528 13865464.0
617.9639573992663 13136149.0
617.9845668402305 12658181.0
618.0054153436457 11370972.0
618.0265029095117 8687889.0
618.0478295378288 5980060.0
618.0693952285965 4529468.5
618.0911999818152 3393791.2
618.1132437974848 2913130.2
618.1355266756052 2139332.5
618.1580486161766 2139304.0
618.180809619199 1724392.5
618.2038096846721 1522944.4
618.2270488125961 1309715.1
618.2505270029711 1005668.06
618.2742442557969 1127104.9
618.2982005710737 1322667.6
618.3223959488013 1261149.0
618.3468303889798 1211296.5
618.3715038916091 1061034.9
618.3964164566895 1003823.6
618.4215680842207 1024821.94
618.4469587742026 1088264.5
618.4725885266356 1144359.0
618.4984573415195 1135764.5
618.5245652188543 1512750.8
618.5509121586398 1382419.0
618.5774981608764 1398284.0
618.6043232255638 1453476.2
618.6313873527021 1657171.1
618.6586905422912 1704474.2
618.6862327943314 2150512.8
618.7140141088223 2275899.0
618.7420344857642 3197394.5
618.7702939251569 4340590.5
618.7987924270005 5652688.0
618.827529991295 6534100.5
618.8565066180404 7447837.0
618.8857223072368 9942802.0
618.915177058884 10477592.0
618.944870872982 9026051.0
618.974803749531 6988073.0
619.004975688531 5101081.5
619.0353866899817 4096787.0
619.0660367538834 3228062.5
619.0969258802359 2689979.5
619.1280540690393 2194502.2
619.1594213202936 1821309.4
619.1910276339989 1569138.5
619.2228730101549 1359161.4
619.2549574487618 1463020.0
619.2872809498198 1678839.8
619.3198435133286 1392699.0
619.3526451392883 1081077.6
619.3856858276988 1219325.0
619.4189655785602 1032928.6
619.4524843918725 871123.2
619.4862422676358 738930.75
619.5202392058499 639503.06
619.5544752065149 954933.7
619.5889502696308 1075566.4
619.6236643951976 1187968.6
619.6586175832152 1422700.0
619.6938098336839 1949191.5
619.7292411466033 2571869.5
619.7649115219735 2565094.0
619.8008209597948 3222272.8
619.8369694600669 3844640.5
619.8733570227901 5163336.5
619.9099836479638 6491728.0
619.9468493355887 7228893.0
619.9839540856643 7827614.5
620.0212978981909 6750240.0
620.0588807731684 5781630.0
620.0967027105968 5461608.0
620.134763710476 4124646.2
620.1730637728062 2945959.8
620.2116028975872 2083309.4
620.2503810848191 1798205.8
620.2893983345019 2011861.0
620.3286546466355 1835579.9
620.3681500212202 1163456.4
620.4078844582556 965999.7
620.447857957742 1039249.4
620.4880705196792 1099618.5
620.5285221440674 1102478.1
620.5692128309064 870007.0
620.6101425801965 612174.44
620.6513113919372 837085.3
620.692719266129 767366.94
620.7343662027715 823108.5
620.7762522018651 1122533.5
620.8183772634094 965448.25
620.8607413874046 999820.6
620.9033445738509 825272.6
620.9461868227478 904231.4
620.9892681340958 1189009.0
621.0325885078946 1059557.8
621.0761479441444 820592.44
621.1199464428449 781966.4
621.1639840039965 1037404.94
621.2082606275989 876588.6
621.2527763136521 1118146.8
621.2975310621563 963478.25
621.3425248731114 816498.06
621.3877577465173 977730.06
621.4332296823742 1058257.5
621.478940680682 720633.75
621.5248907414405 778919.44
621.5710798646501 1077144.9
621.6175080503104 1083580.2
621.6641752984218 941494.4
621.7110816089839 841060.56
621.758226981997 706855.75
621.8056114174609 745738.9
621.8532349153759 713536.5
621.9010974757415 968438.7
621.9491990985582 1225762.0
621.9975397838257 1284480.5
622.0461195315442 1239222.6
622.0949383417135 1167379.8
622.1439962143336 1224605.5
622.1932931494047 1537821.0
622.2428291469266 1416324.8
622.2926042068996 1470555.6
622.3426183293233 1119792.5
622.392871514198 1332521.2
622.4433637615234 1643150.1
622.4940950713 1686077.5
622.5450654435272 1327872.4
622.5962748782055 1126483.2
622.6477233753345 1199024.4
622.6994109349146 1422084.4
622.7513375569454 1364794.5
622.8035032414273 1670952.5
622.8559079883598 2037854.5
622.9085517977434 2113514.0
622.9614346695778 2397936.0
623.0145566038631 2460227.8
623.0679176005993 2360299.8
623.1215176597865 2391393.0
623.1753567814245 2300242.2
623.2294349655133 2421436.5
623.2837522120532 2699341.5
623.3383085210438 2969126.5
623.3931038924854 3273451.2
623.4481383263778 3302411.0
623.5034118227212 2968887.2
623.5589243815153 4036351.2
623.6146760027606 5299916.0
623.6706666864566 6533792.5
623.7268964326033 7122732.0
623.7833652412012 6296239.5
623.8400731122499 6124542.5
623.8970200457495 4926582.0
623.9542060416999 3978586.2
624.0116311001013 3534238.5
624.0692952209534 3402083.5
624.1271984042567 2892549.8
624.1853406500106 2037279.0
624.2437219582156 1953842.2
624.3023423288714 1622731.8
624.3612017619781 1384931.5
624.4203002575357 1184763.5
624.4796378155443 1312360.8
624.5392144360035 1515306.1
624.5990301189137 1152439.9
624.659084864275 774483.5
624.7193786720869 622443.0
624.7799115423499 1159640.6
624.8406834750637 1445129.0
624.9016944702284 1153972.4
624.962944527844 1154346.0
625.0244336479105 1173524.0
625.0861618304278 1491094.4
625.1481290753961 1579527.6
625.2103353828153 1192876.8
625.2727807526853 1006220.06
625.3354651850062 1518199.8
625.398388679778 1702686.8
625.4615512370008 1992688.5
625.5249528566744 1825071.4
625.5885935387989 2045217.2
625.6524732833743 1959691.9
625.7165920904006 2184360.0
625.7809499598777 3313965.0
625.8455468918058 4201355.0
625.9103828861847 3936174.0
625.9754579430146 3610891.2
626.0407720622953 3454464.8
626.106325244027 2963578.8
626.1721174882094 2209963.0
626.2381487948429 1748708.0
626.3044191639272 1587831.4
626.3709285954623 1678869.0
626.4376770894484 1549004.8
626.5046646458853 1343865.8
626.5718912647732 1199986.4
626.6393569461119 1305479.5
626.7070616899016 1202455.1
626.7750054961421 1511849.4
626.8431883648335 1700888.0
626.9116102959758 1316944.8
626.980271289569 1101510.2
627.0491713456131 1314759.2
627.1183104641082 1206703.8
627.1876886450539 1298847.4
627.2573058884507 1663160.6
627.3271621942984 1606744.4
627.3972575625968 1726463.2
627.4675919933463 1882419.2
627.5381654865465 1924772.4
627.6089780421978 2136713.0
627.6800296602999 2257469.5
627.7513203408529 2642268.8
627.8228500838567 3155406.5
627.8946188893116 2934007.5
627.9666267572171 3012711.5
628.0388736875738 2624176.0
628.1113596803812 2071925.2
628.1840847356395 1900865.2
628.2570488533487 1901530.2
628.3302520335087 1951912.5
628.4036942761198 2086898.1
628.4773755811816 2154741.0
628.5512959486945 2064097.2
628.6254553786581 2098892.8
628.6998538710727 1988173.5
628.7744914259381 2108141.5
628.8493680432545 2275422.5
628.9244837230217 2207641.0
628.9998384652398 2394229.0
629.0754322699088 2500052.2
629.1512651370288 3306509.5
629.2273370665995 3159955.5
629.3036480586212 3062747.8
629.3801981130938 3057308.0
629.4569872300171 3141517.5
629.5340154093916 3440482.2
629.6112826512167 2884793.0
629.6887889554929 2261017.2
629.7665343222199 1750250.8
629.8445187513979 1412672.0
629.9227422430266 1572459.4
630.0012047971064 1354038.5
630.0799064136369 1399946.4
630.1588470926184 1246623.6
630.2380268340507 1325305.5
630.317445637934 1692868.2
630.3971035042681 2055889.8
630.4770004330533 1844375.6
630.5571364242891 1725856.2
630.6375114779759 1736682.0
630.7181255941136 1851865.6
630.7989787727022 2048599.9
630.8800710137417 2144855.5
630.961402317232 2102417.5
631.0429726831734 1570678.9
631.1247821115654 1268547.6
631.2068306024086 1512116.0
631.2891181557025 1560298.2
631.3716447714473 1253879.8
631.454410449643 1394258.1
631.5374151902896 1532941.8
631.6206589933871 1314178.9
631.7041418589355 1013716.56
631.7878637869347 1113080.2
631.8718247773849 1082905.2
631.956024830286 1392485.0
632.0404639456378 1831542.0
632.1251421234408 2195134.0
632.2100593636944 2205241.0
632.2952156663991 2341916.0
632.3806110315546 2142279.5
632.4662454591611 1955618.9
632.5521189492183 1557407.8
632.6382315017265 1129655.9
632.7245831166855 1161481.1
632.8111737940956 1266042.0
632.8980035339563 1770166.2
632.985072336268 1810858.0
633.0723802010307 1684424.4
633.1599271282441 1643240.6
633.2477131179087 2253475.5
633.3357381700239 2503681.5
633.4240022845902 2694449.5
633.5125054616071 2541866.0
633.6012477010752 2492987.8
633.690229002994 2369167.2
633.7794493673638 2747573.8
633.8689087941844 2638198.8
633.958607283456 2311254.2
634.0485448351784 1771551.2
634.1387214493517 1530690.0
634.2291371259759 1161712.6
634.3197918650509 1217002.1
634.4106856665769 1229734.9
634.5018185305538 1087661.4
634.5931904569816 1030375.1
634.6848014458602 1028960.94
634.7766514971898 1147248.6
634.8687406109701 1212965.8
634.9610687872016 1090344.9
635.0536360258837 948329.6
635.1464423270169 1089611.9
635.2394876906009 1134107.8
635.3327721166357 1048742.2
635.4262956051215 750591.9
635.5200581560582 952136.25
635.6140597694457 1025766.94
635.7083004452841 1017286.5
635.8027801835735 1231054.2
635.8974989843136 1503840.6
635.9924568475049 891022.0
636.0876537731468 838764.94
636.1830897612398 1134108.1
636.2787648117835 1581312.5
636.3746789247782 1380953.8
636.4708321002237 944856.9
636.5672243381202 1051327.4
636.6638556384676 1191212.6
636.7607260012659 1382302.4
636.857835426515 1172452.8
636.9551839142149 1470699.9
637.0527714643658 1797545.5
637.1505980769675 1679886.2
637.2486637520203 2006406.4
637.3469684895239 1749332.2
637.4455122894784 1716061.4
637.5442951518837 1918381.0
637.64331707674 1614275.2
637.742578064047 1500123.0
637.8420781138052 1488458.1
637.941817226014 1298269.0
638.0417954006739 1270144.5
638.1420126377845 1000999.5
638.2424689373462 1119423.2
638.3431642993586 1051331.6
638.444098723822 1025461.1
638.5452722107362 1059093.6
638.6466847601014 958189.3
638.7483363719175 956410.25
638.8502270461844 976017.1
638.9523567829023 1069777.2
639.0547255820709 760769.1
639.1573334436905 982805.94
639.260180367761 1181549.8
639.3632663542825 1368417.6
639.4665914032546 1274496.0
639.5701555146778 1247868.2
639.6739586885519 1437273.2
639.7780009248769 1787600.1
639.8822822236526 2276713.0
639.9868025848793 2303609.5
640.091562008557 2126783.8
640.1965604946854 1796534.8
640.3017980432649 2315728.2
640.4072746542952 2718197.2
640.5129903277764 2757179.5
640.6189450637083 1819688.1
640.7251388620914 1926904.8
640.8315717229252 1730953.8
640.93824364621 1366771.1
641.0451546319456 1379259.4
641.1523046801321 1438127.4
641.2596937907695 1514416.0
641.3673219638578 1192024.9
641.4751891993969 915521.3
641.583295497387 1295371.5
641.691640857828 1574265.6
641.8002252807198 1473334.4
641.9090487660626 1637059.8
642.0181113138563 1402349.2
642.1274129241008 1275999.0
642.2369535967962 1674219.9
642.3467333319426 1740421.8
642.4567521295397 1562016.8
642.5670099895879 1385465.8
642.6775069120868 1697251.2
642.7882428970366 1811877.5
642.8992179444374 1602924.9
643.010432054289 1149793.6
643.1218852265915 1088984.8
643.2335774613449 1062940.1
643.3455087585494 1189990.5
643.4576791182045 1103061.5
643.5700885403106 1326313.1
643.6827370248676 1325990.2
643.7956245718756 1487665.5
643.9087511813342 1211929.0
644.0221168532439 1204876.4
644.1357215876045 1111171.8
644.249565384416 1132775.9
644.3636482436782 1124918.4
644.4779701653915 1194222.8
644.5925311495556 1461771.0
644.7073311961706 1307506.8
644.8223703052365 1361611.4
644.9376484767532 1514969.2
645.0531657107209 1398074.0
645.1689220071395 1427891.2
645.2849173660089 1799739.9
645.4011517873292 1605465.8
645.5176252711005 1226467.9
645.6343378173226 1360946.5
645.7512894259957 1381606.4
645.8684800971196 1475875.1
645.9859098306944 1371069.9
646.10357862672 1491165.6
646.2214864851966 1157544.9
646.3396334061241 1083642.4
646.4580193895024 1460639.0
646.5766444353317 1357209.4
646.6955085436118 1233509.8
646.8146117143428 1073505.1
646.9339539475247 923546.9
647.0535352431576 1018583.9
647.1733556012413 1218395.9
647.2934150217759 1150401.6
647.4137135047613 1016697.44
647.5342510501977 1052811.2
647.6550276580849 1147377.6
647.7760433284232 799275.25
647.8972980612122 873088.8
648.018791856452 946388.44
648.1405247141429 1065718.2
648.2624966342845 1156412.1
648.3847076168772 1360645.1
648.5071576619206 1223048.4
648.629846769415 1167780.1
648.7527749393603 1409165.2
648.8759421717565 1583143.1
648.9993484666035 1372626.8
649.1229938239015 1199709.2
649.2468782436503 1355353.6
649.3710017258501 1385996.2
649.4953642705007 1051837.0
649.6199658776021 996071.94
649.7448065471544 1331041.2
649.8698862791578 1353864.2
649.9952050736119 987734.7
650.120762930517 1090377.0
650.2465598498729 1049621.5
650.3725958316797 1369078.6
650.4988708759375 1357980.0
650.6253849826461 1676738.8
650.7521381518056 1378471.2
650.879130383416 954306.8
651.0063616774773 1209046.9
651.1338320339895 985704.1
651.2615414529527 1010860.06
651.3894899343666 1053389.8
651.5176774782313 1063635.8
651.6461040845472 1107467.9
651.7747697533138 795501.8
651.9036744845314 870869.3
652.0328182781997 1080274.8
652.162201134319 1257035.5
652.2918230528892 1344980.8
652.4216840339103 1389485.6
652.5517840773823 1604304.9
652.6821231833052 1470656.1
652.8127013516789 1282628.2
652.9435185825037 1371667.2
653.074574875779 1181488.0
653.2058702315056 1138096.8
653.3374046496829 1242444.2
653.469178130311 1109199.0
653.6011906733902 1102528.4
653.73344227892 1398495.8
653.865932946901 1188963.5
653.9986626773327 996050.6
654.1316314702154 1305206.1
654.2648393255489 1479244.8
654.3982862433335 1086959.0
654.5319722235687 950043.2
654.665897266255 1021370.4
654.8000613713921 774361.1
654.9344645389801 1004603.7
655.069106769019 1212339.8
655.2039880615088 1147148.9
655.3391084164494 972374.94
655.4744678338409 1223237.1
655.6100663136834 1339350.2
655.7459038559767 1365535.6
655.881980460721 1556998.1
656.0182961279161 1744977.0
656.1548508575621 1491652.0
656.291644649659 1486207.4
656.4286775042068 1500110.5
656.5659494212055 1608524.8
656.7034604006551 1500550.8
656.8412104425555 1250507.9
656.9791995469069 1499510.0
657.117427713709 1358510.8
657.2558949429622 1679299.5
657.3946012346663 1373234.9
657.5335465888211 1662195.5
657.672731005427 1457918.1
657.8121544844836 1219163.2
657.9518170259913 1406165.6
658.0917186299497 1303693.2
658.2318592963591 1294802.0
658.3722390252193 1364232.5
658.5128578165305 1203683.6
658.6537156702925 1175716.6
658.7948125865055 1097846.8
658.9361485651692 1384993.9
659.077723606284 1208231.1
659.2195377098495 1448123.2
659.361590875866 1469314.4
659.5038831043335 1237681.5
659.6464143952517 1022259.5
659.7891847486209 1065896.5
659.9321941644408 878863.9
660.0754426427119 905262.0
660.2189301834336 1274603.9
660.3626567866064 1159489.8
660.50662245223 1205164.8
660.6508271803045 1210047.6
660.7952709708298 1106854.4
660.9399538238061 886476.0
661.0848757392333 1001185.7
661.2300367171114 1068034.2
661.3754367574403 1249139.5
661.5210758602201 1472713.1
661.6669540254509 1677088.9
661.8130712531324 1109417.8
661.9594275432651 870487.9
662.1060228958484 876057.75
662.2528573108827 693551.1
662.3999307883678 805201.94
662.5472433283039 875361.6
662.6947949306908 1060970.1
662.8425855955288 1219539.0
662.9906153228175 1222291.1
663.1388841125572 833878.06
663.2873919647476 788424.9
663.436138879389 1161316.8
663.5851248564813 1305593.9
663.7343498960245 1047695.0
663.8838139980186 966439.9
664.0335171624636 786659.9
664.1834593893594 815215.0
664.3336406787062 1006218.7
664.4840610305039 937468.9
664.6347204447524 1355270.1
664.7856189214518 1310063.2
664.936756460602 1195153.2
665.0881330622034 892881.2
665.2397487262554 1125823.6
665.3916034527584 1622889.8
665.5436972417123 1465779.5
665.6960300931171 1202616.5
665.8486020069727 1032715.94
666.0014129832791 982778.9
666.1544630220367 951825.75
666.3077521232449 926525.25
666.4612802869042 1469457.5
666.6150475130142 1234718.8
666.7690538015753 1249555.5
666.9232991525871 1129708.2
667.07778356605 1659509.4
667.2325070419636 1688226.0
667.3874695803282 1480590.6
667.5426711811436 1553693.8
667.69811184441 1757503.8
667.8537915701272 1402653.1
668.0097103582953 1472331.1
668.1658682089143 1568522.0
668.3222651219842 1536033.5
668.4789010975051 1463334.0
668.6357761354766 1379984.5
668.7928902358992 1287840.2
668.9502433987727 1181990.9
669.1078356240971 1052837.4
669.2656669118722 979549.4
669.4237372620985 986516.1
669.5820466747754 1111918.6
669.7405951499034 1095578.9
669.8993826874821 1479042.6
670.0584092875117 1306153.0
670.2176749499924 963670.3
670.3771796749238 857617.5
670.5369234623063 892847.1
670.6969063121394 1062800.4
670.8571282244236 961048.7
671.0175891991586 837915.5
671.1782892363447 1025910.7
671.3392283359814 1191304.5
671.5004064980691 1138292.6
671.6618237226077 1115919.5
671.8234800095972 1253849.5
671.9853753590376 1095721.0
672.1475097709289 1126252.4
672.309883245271 1161377.4
672.472495782064 1133306.8
672.635347381308 1221646.4
672.7984380430028 953587.4
672.9617677671484 970035.7
673.125336553745 774435.6
673.2891444027925 636993.6
673.453191314291 1068348.8
673.6174772882403 979440.94
673.7820023246404 1038422.8
673.9467664234915 1206220.2
674.1117695847934 1095664.2
674.2770118085463 907384.06
674.4424930947499 977495.7
674.6082134434046 1158708.2
674.7741728545101 1489162.0
674.9403713280664 1573426.2
675.1068088640737 1434713.5
675.2734854625319 1404573.9
675.440401123441 1715682.6
675.6075558468009 1666653.6
675.7749496326118 1640178.0
675.9425824808735 1625989.4
676.1104543915861 1567951.8
676.2785653647496 1649893.6
676.4469154003641 1542474.2
676.6155044984293 1477855.1
676.7843326589456 1481317.4
676.9533998819127 1458110.8
677.1227061673306 1281124.9
677.2922515151995 1493796.4
677.4620359255191 946851.1
677.6320593982898 1089087.2
677.8023219335114 1004593.5
677.9728235311838 1317258.8
678.1435641913071 1226983.0
678.3145439138814 1184359.1
678.4857626989063 1383274.0
678.6572205463824 1484040.2
678.8289174563092 1652548.8
679.000853428687 1549013.9
679.1730284635156 1469546.4
679.3454425607953 1328696.1
679.5180957205256 1344903.5
679.690987942707 1557269.2
679.8641192273392 1400281.1
680.0374895744222 1484735.2
680.2110989839563 1560204.8
680.3849474559411 1362404.4
680.559034990377 1104979.5
680.7333615872635 1020076.56
680.9079272466012 1038963.06
681.0827319683896 1085237.0
681.257775752629 1315230.5
681.4330585993191 1305548.6
681.6085805084602 1491461.2
681.7843414800523 1509668.0
681.9603415140951 1199986.5
682.1365806105889 1287339.2
682.3130587695335 1278025.8
682.4897759909292 1063897.6
682.6667322747755 1170909.5
682.8439276210729 1368436.2
683.0213620298211 1327156.9
683.1990355010204 1344836.5
683.3769480346702 1349653.1
683.5550996307712 1433098.2
683.7334902893231 1079350.8
683.9121200103258 1223545.8
684.0909887937793 1374978.1
684.2700966396839 1267367.5
684.4494435480391 1294161.1
684.6290295188454 1268799.2
684.8088545521025 1160468.5
684.9889186478105 1534072.8
685.1692218059694 1525456.8
685.3497640265792 1441532.6
685.5305453096399 1421026.1
685.7115656551515 1393652.4
685.8928250631141 1505627.0
686.0743235335274 1614233.6
686.2560610663917 1221594.8
686.4380376617067 1141121.0
686.6202533194729 1586562.4
686.8027080396897 1556369.8
686.9854018223576 1312571.0
687.1683346674763 1378178.8
687.351506575046 1088868.0
687.5349175450664 1080586.5
687.7185675775377 1103086.1
687.9024566724601 1213006.0
688.0865848298331 1183081.5
688.2709520496572 1729064.4
688.4555583319321 1559798.6
688.640403676658 1469351.9
688.8254880838347 1385121.2
689.0108115534624 1476003.5
689.1963740855408 1180129.0
689.3821756800703 1152326.2
689.5682163370506 1164687.0
689.7544960564818 1281617.8
689.9410148383638 1232984.5
690.1277726826967 1068035.4
690.3147695894805 1149013.2
690.5020055587153 1463704.9
690.689480590401 1310690.4
690.8771946845374 1092423.5
691.0651478411248 1005195.0
691.253340060163 1168632.6
691.4417713416524 1493916.0
691.6304416855924 1431441.5
691.8193510919834 1160443.5
692.0084995608252 1096605.9
692.197887092118 1311531.5
692.3875136858616 1504831.9
692.5773793420561 1505382.4
692.7674840607016 1698377.2
692.9578278417978 1910375.6
693.1484106853451 1763805.0
693.339232591343 1416331.0
693.5302935597921 1518553.1
693.7215935906919 1719795.8
693.9131326840427 1411368.2
694.1049108398444 1864143.1
694.2969280580969 1779267.5
694.4891843388003 1710338.2
694.6816796819547 1639570.6
694.8744140875599 1650003.8
695.067387555616 1603552.8
695.260600086123 1754160.2
695.4540516790809 1727298.8
695.6477423344896 1619431.4
695.8416720523492 2089748.9
696.0358408326598 2114783.0
696.2302486754212 1933597.2
696.4248955806336 1958856.2
696.6197815482967 1764437.5
696.814906578411 1861361.0
697.0102706709758 2059917.6
697.2058738259918 2154938.5
697.4017160434586 2112393.8
697.5977973233763 2102733.0
697.7941176657448 1770609.2
697.9906770705643 2070350.5
698.1874755378346 2313721.5
698.3845130675558 2195940.5
698.581789659728 2333258.2
698.779305314351 2166917.0
698.9770600314249 2348184.5
699.1750538109496 2407997.8
699.3732866529253 1891120.2
699.5717585573519 1900995.5
699.7704695242294 2347314.0
699.9694195535577 2789366.0
700.168608645337 2550394.8
700.3680367995671 2423329.0
700.5677040162482 2459561.2
700.7676102953801 2726460.0
700.9677556369629 2937214.8
701.1681400409966 3009572.0
701.368763507481 2843231.5
701.5696260364166 2749469.0
701.7707276278029 2342141.8
701.9720682816403 2371425.2
702.1736479979284 2764752.0
702.3754667766674 2407933.5
702.5775246178573 2668453.8
702.7798215214982 2810303.0
702.9823574875899 2598593.0
703.1851325161325 2802643.0
703.3881466071259 2725596.0
703.5913997605704 2510851.8
703.7948919764656 2703276.2
703.9986232548118 2454469.2
704.2025935956088 2107561.0
704.4068029988567 2388695.2
704.6112514645556 2664656.2
704.8159389927052 2818346.5
705.020865583306 2591769.5
705.2260312363574 2541518.8
705.4314359518598 2657516.5
705.6370797298131 2916664.5
705.8429625702173 2834403.8
706.0490844730723 2597891.5
706.2554454383783 2531676.2
706.4620454661351 2809462.5
706.6688845563428 3164667.5
706.8759627090014 3554940.2
707.0832799241109 3497059.0
707.2908362016714 3357406.0
707.4986315416826 3526406.5
707.7066659441448 3648406.0
707.9149394090579 3510521.5
708.1234519364218 3557729.0
708.3322035262366 3713623.0
708.5411941785025 3880050.5
708.750423893219 3991756.2
708.9598926703866 3988975.0
709.169600510005 4390101.0
709.3795474120743 4277993.0
709.5897333765945 3836767.8
709.8001584035657 4018393.5
710.0108224929876 4595547.5
710.2217256448604 4739193.5
710.4328678591842 4268242.0
710.6442491359588 4638856.0
710.8558694751844 5344809.5
711.0677288768608 6238490.0
711.2798273409882 6223357.5
711.4921648675663 7067717.5
711.7047414565955 8425017.0
711.9175571080754 10016528.0
712.1306118220064 11209025.0
712.343905598388 11380162.0
712.5574384372208 11640324.0
712.7712103385043 11461145.0
712.9852213022388 10885698.0
713.199471328424 10132479.0
713.4139604170601 9755166.0
713.6286885681474 9085246.0
713.8436557816852 8398516.0
714.0588620576742 8451265.0
714.274307396114 8888694.0
714.4899917970047 9323468.0
714.7059152603462 9842160.0
714.9220777861387 9769752.0
715.138479374382 9621559.0
715.3551200250763 10440211.0
715.5719997382214 10545875.0
715.7891185138174 10648872.0
716.0064763518642 11375361.0
716.224073252362 11597385.0
716.4419092153107 10889684.0
716.6599842407103 10228934.0
716.8782983285607 10509668.0
717.096851478862 9929786.0
717.3156436916144 9951699.0
717.5346749668174 8625276.0
717.7539453044715 7563540.5
717.9734547045764 7304122.5
718.1932031671322 6286035.0
718.4131906921389 5773846.0
718.6334172795965 5505343.0
718.853882929505 5121383.5
719.0745876418644 4659412.0
719.2955314166745 3718029.8
719.5167142539357 3482635.5
719.7381361536477 3973751.2
719.9597971158106 3756311.2
720.1816971404245 3892925.0
720.4038362274891 4099677.2
720.6262143770048 4400417.0
720.8488315889713 4539445.5
721.0716878633887 4839439.5
721.2947832002569 5579829.0
721.518117599576 5998055.0
721.741691061346 7274384.0
721.965503585567 9467368.0
722.1895551722389 10426070.0
722.4138458213616 11579336.0
722.6383755329352 13473886.0
722.8631443069596 14261722.0
723.0881521434351 14507330.0
723.3133990423613 14552340.0
723.5388850037385 15186985.0
723.7646100275665 13886776.0
723.9905741138455 12761481.0
724.2167772625753 12011508.0
724.4432194737561 11583670.0
724.6699007473876 11517034.0
724.8968210834703 12157345.0
725.1239804820036 13079551.0
725.3513789429879 13782724.0
725.579016466423 14602958.0
725.8068930523091 15643125.0
726.0350087006461 16049762.0
726.2633634114338 15990530.0
726.4919571846726 16560689.0
726.7207900203623 16627694.0
726.9498619185028 17946756.0
727.1791728790942 20469102.0
727.4087229021366 24463938.0
727.6385119876297 32278928.0
727.8685401355738 42887580.0
728.0988073459687 57864130.0
728.3293136188147 79142550.0
728.5600589541114 102947830.0
728.7910433518591 122867530.0
729.0222668120575 135893890.0
729.2537293347069 135349330.0
729.4854309198073 126766950.0
729.7173715673584 107676750.0
729.9495512773606 80095850.0
730.1819700498136 53736850.0
730.4146278847174 34591292.0
730.6475247820722 24023738.0
730.8806607418778 18732710.0
731.1140357641343 15552218.0
731.3476498488419 13971256.0
731.5815029960002 12890511.0
731.8155952056094 11329101.0
732.0499264776695 9737301.0
732.2844968121806 8028841.0
732.5193062091423 7289644.5
732.754354668555 6836857.0
732.9896421904187 5652952.0
733.2251687747333 5726923.0
733.4609344214988 5641549.5
733.6969391307151 5819177.5
733.9331829023823 5978340.0
734.1696657365004 5684273.0
734.4063876330695 5860367.0
734.6433485920893 6340905.0
734.8805486135602 6347485.5
735.1179876974818 6554052.0
735.3556658438545 7315852.5
735.5935830526778 7856790.5
735.8317393239522 8225259.0
736.0701346576775 7587327.5
736.3087690538534 7099001.0
736.5476425124806 6788947.0
736.7867550335584 6826889.5
737.0261066170873 6541697.5
737.265697263067 7051998.0
737.5055269714976 8049070.0
737.745595742379 9509992.0
737.9859035757114 11402575.0
738.2264504714947 15100532.0
738.4672364297288 19205924.0
738.7082614504138 27452730.0
738.9495255335498 40213596.0
739.1910286791365 56330936.0
739.4327708871742 73941060.0
739.6747521576629 93312050.0
739.9169724906022 110009960.0
740.1594318859927 118761430.0
740.4021303438338 116765580.0
740.6450678641261 104202220.0
740.8882444468691 82329430.0
741.131660092063 58307744.0
741.3753147997079 38870024.0
741.6192085698036 25304950.0
741.8633414023502 17788672.0
742.1077132973477 13962470.0
742.352324254796 12071131.0
742.5971742746954 10594015.0
742.8422633570456 8783449.0
743.0875915018465 7580762.5
743.3331587090985 6006867.5
743.5789649788013 5136288.0
743.8250103109551 4263276.5
744.0712947055597 3498817.0
744.3178181626151 3176152.2
744.5645806821216 2944309.0
744.8115822640789 2733134.0
745.058822908487 2393120.2
745.3063026153461 2856046.0
745.554021384656 3001340.2
745.801979216417 3071292.2
746.0501761106286 3065157.8
746.2986120672912 3328628.8
746.5472870864048 3939986.5
746.7962011679691 4322874.0
747.0453543119845 4127497.8
747.2947465184507 3997734.0
747.5443777873677 3741187.2
747.7942481187357 3312687.2
748.0443575125546 2603583.5
748.2947059688242 2716053.8
748.545293487545 2478598.8
748.7961200687164 2030797.6
749.0471857123389 2129792.0
749.2984904184123 2339062.2
749.5500341869365 2615929.0
749.8018170179115 2279163.5
750.0538389113375 2039357.4
750.3060998672144 2045793.1
750.558599885542 1785052.2
750.8113389663208 1652507.5
751.0643171095503 2078064.5
751.3175343152308 1909277.6
751.570990583362 1900489.8
751.8246859139442 1794271.4
752.0786203069773 1991207.2
752.3327937624614 2159520.0
752.5872062803962 2433104.0
752.841857860782 2217019.5
753.0967485036186 2348507.5
753.3518782089062 2214413.5
753.6072469766447 2482939.8
753.8628548068339 3005703.8
754.1187016994742 2561474.8
754.3747876545652 2321663.0
754.6311126721073 2362197.0
754.8876767521001 2636578.0
755.144479894544 2950777.8
755.4015220994386 2884220.0
755.6588033667842 2757646.2
755.9163236965807 2901408.0
756.1740830888281 2983816.2
756.4320815435262 2955959.8
756.6903190606754 2989742.5
756.9487956402754 2892924.0
757.2075112823263 2794112.5
757.4664659868281 3358391.5
757.7256597537807 3792668.5
757.9850925831844 3593893.8
758.2447644750388 3313550.0
758.5046754293442 3200591.0
758.7648254461004 3572012.8
759.0252145253075 3578932.8
759.2858426669656 4339878.0
759.5467098710745 4813578.5
759.8078161376343 4877696.0
760.069161466645 5065544.0
760.3307458581066 5481841.0
760.5925693120191 6142895.5
760.8546318283825 6307589.5
761.1169334071967 5747614.0
761.3794740484618 4882576.5
761.6422537521778 5114296.0
761.9052725183449 4704169.5
762.1685303469626 4832002.5
762.4320272380314 4093062.8
762.6957631915509 3590899.0
762.9597382075215 3343148.8
763.2239522859428 3664756.2
763.4884054268151 3920660.5
763.7530976301382 4120458.5
764.0180288959123 3827739.8
764.2831992241372 3951207.2
764.5486086148131 4189291.0
764.8142570679397 4202924.5
765.0801445835173 4431018.5
765.3462711615459 5170770.0
765.6126368020252 5611726.0
765.8792415049556 5979140.0
766.1460852703367 6862767.5
766.4131680981689 7359905.5
766.6804899884517 7383427.0
766.9480509411856 7301540.0
767.2158509563703 7183009.5
767.483890034006 6815152.0
767.7521681740925 5770433.0
768.0206853766299 5099790.0
768.2894416416182 4616465.5
768.5584369690574 4633850.0
768.8276713589474 5173332.5
769.0971448112883 5372400.0
769.3668573260802 5417552.0
769.636808903323 5905672.0
769.9069995430166 6207804.0
770.1774292451611 6224293.0
770.4480980097566 6684879.0
770.7190058368028 7387482.5
770.9901527263 7779590.0
771.2615386782481 8084994.0
771.5331636926471 8511729.0
771.805027769497 8568678.0
772.0771309087978 10395588.0
772.3494731105494 12859172.0
772.622054374752 15321995.0
772.8948747014053 18326660.0
773.1679340905096 21779708.0
773.4412325420649 23594962.0
773.714770056071 24312180.0
773.9885466325279 25758822.0
774.2625622714359 25044232.0
774.5368169727947 24787712.0
774.8113107366042 21713918.0
775.0860435628648 16204926.0
775.3610154515762 12033888.0
775.6362264027387 9068848.0
775.9116764163518 7191319.0
776.1873654924159 6073575.5
776.4632936309309 5935224.0
776.7394608318967 6299884.5
777.0158670953135 6719577.5
777.2925124211812 6865582.0
777.5693968094998 6853313.0
777.8465202602692 6282247.0
778.1238827734896 6805316.0
778.4014843491608 7558819.5
778.6793249872829 8670928.0
778.957404687856 9651926.0
779.23572345088 10261374.0
779.5142812763546 11786324.0
779.7930781642804 14001826.0
780.0721141146569 16695999.0
780.3513891274845 18827448.0
780.6309032027627 20192612.0
780.9106563404919 20525790.0
781.1906485406721 20524136.0
781.4708798033031 19549472.0
781.7513501283851 16818916.0
782.0320595159178 16259779.0
782.3130079659015 16886666.0
782.5941954783361 17399920.0
782.8756220532216 17716876.0
783.157287690558 16816680.0
783.4391923903453 15100462.0
783.7213361525834 13497046.0
784.0037189772725 12984302.0
784.2863408644123 12093950.0
784.5692018140032 12175461.0
784.8523018260448 13445675.0
785.1356409005374 13936702.0
785.419219037481 15172048.0
785.7030362368753 15718096.0
785.9870924987206 15983879.0
786.2713878230167 16201044.0
786.5559222097638 16116932.0
786.8406956589616 14475782.0
787.1257081706106 13647636.0
787.4109597447102 13145819.0
787.6964503812609 12735389.0
787.9821800802623 13087370.0
788.2681488417147 13906771.0
788.554356665618 14527319.0
788.8408035519722 15328198.0
789.1274895007773 15708945.0
789.4144145120331 15801729.0
789.70157858574 16304454.0
789.9889817218977 17389078.0
790.2766239205064 18956628.0
790.5645051815659 20042024.0
790.8526255050763 20752992.0
791.1409848910375 21607076.0
791.4295833394498 23790058.0
791.7184208503128 26244784.0
792.0074974236268 28230304.0
792.2968130593916 30972710.0
792.5863677576074 32976500.0
792.876161518274 34865044.0
793.1661943413915 36944444.0
793.45646622696 36859336.0
793.7469771749792 35114540.0
794.0377271854495 33179860.0
794.3287162583705 32103530.0
794.6199443937426 34122884.0
794.9114115915653 34392556.0
795.2031178518391 33248864.0
795.4950631745637 33701976.0
795.7872475597393 35550624.0
796.0796710073657 36726050.0
796.372333517443 36972190.0
796.6652350899712 38165384.0
796.9583757249504 39958264.0
797.2517554223803 42191404.0
797.5453741822612 46467164.0
797.839232004593 50788836.0
798.1333288893755 54547700.0
798.4276648366092 56732810.0
798.7222398462935 59503250.0
799.0170539184289 65238704.0
799.3121070530151 67971860.0
799.6073992500523 69968830.0
799.9029305095402 69547500.0
800.1987008314792 69216620.0
800.4947102158688 68742260.0
800.7909586627096 69855736.0
801.0874461720011 68323096.0
801.3841727437435 69107570.0
801.6811383779369 70312890.0
801.9783430745811 68620936.0
802.2757868336762 66947216.0
802.5734696552222 62611624.0
802.8713915392192 58317464.0
803.1695524856669 55324304.0
803.4679524945657 54007770.0
803.7665915659152 54625496.0
804.0654696997157 53797100.0
804.364586895967 52976356.0
804.6639431546693 53825410.0
804.9635384758224 56223536.0
805.2633728594265 59400090.0
805.5634463054813 60207096.0
805.863758813987 62487864.0
806.1643103849437 66172524.0
806.4651010183513 67002950.0
806.7661307142098 66311200.0
807.0673994725191 65060924.0
807.3689072932794 65194936.0
807.6706541764905 65638810.0
807.9726401221526 67691660.0
808.2748651302655 68422250.0
808.5773292008294 72623690.0
808.880032333844 81389416.0
809.1829745293097 94590620.0
809.4861557872262 110120670.0
809.7895761075936 126134290.0
810.0932354904118 146225650.0
810.3971339356808 165531230.0
810.701271443401 186141760.0
811.0056480135719 204392320.0
811.3102636461938 221969700.0
811.6151183412665 234329620.0
811.9202120987901 238866940.0
812.2255449187645 236224600.0
812.5311168011899 222732030.0
812.8369277460662 201495940.0
813.1429777533934 175879920.0
813.4492668231715 155824540.0
813.7557949554005 142355780.0
814.0625621500802 130649520.0
814.3695684072109 122692930.0
814.6768137267925 113881680.0
814.984298108825 108049810.0
815.2920215533085 104647690.0
815.5999840602427 96548430.0
815.908185629628 90032740.0
816.216626261464 82238170.0
816.5253059557509 74878200.0
816.8342247124888 68528620.0
817.1433825316776 60920770.0
817.4527794133171 54032744.0
817.7624153574077 48298350.0
818.072290363949 44709900.0
818.3824044329415 41140760.0
818.6927575643846 40650348.0
819.0033497582787 42810184.0
819.3141810146236 45803756.0
819.6252513334194 49774850.0
819.9365607146663 54856896.0
820.2481091583638 60437680.0
820.5598966645124 65982540.0
820.8719232331118 74565750.0
821.1841888641621 83661390.0
821.4966935576633 94426100.0
821.8094373136155 105968430.0
822.1224201320184 120397950.0
822.4356420128723 135731780.0
822.749102956177 157945000.0
823.0628029619327 178950460.0
823.3767420301392 204999550.0
823.6909201607966 234280450.0
824.005337353905 259599710.0
824.3199936094642 282738940.0
824.6348889274743 300308130.0
824.9500233079352 306829570.0
825.2653967508472 294145000.0
825.5810092562099 275594000.0
825.8968608240236 238280480.0
826.2129514542881 187375040.0
826.5292811470036 142662200.0
826.8458499021699 104020520.0
827.1626577197871 74279700.0
827.4797045998553 55806540.0
827.7969905423743 44413310.0
828.1145155473441 36445460.0
828.4322796147649 31393710.0
828.7502827446367 27680192.0
829.0685249369592 24036232.0
829.3870061917327 21575028.0
829.705726508957 17989698.0
830.0246858886322 15774716.0
830.3438843307583 14626981.0
830.6633218353354 12946436.0
830.9829984023633 11637589.0
831.3029140318422 10573894.0
831.6230687237718 9276078.0
831.9434624781525 9585014.0
832.2640952949838 10211606.0
832.5849671742662 10146686.0
832.9060781159994 10961324.0
833.2274281201835 10605985.0
833.5490171868187 10082007.0
833.8708453159045 9709652.0
834.1929125074414 10143316.0
834.515218761429 9947364.0
834.8377640778676 10345369.0
835.160548456757 10979740.0
835.4835718980975 12108115.0
835.8068344018886 11870770.0
836.1303359681309 12930262.0
836.4540765968239 14671761.0
836.778056287968 15697235.0
837.1022750415626 16997142.0
837.4267328576084 17007454.0
837.7514297361049 17973096.0
838.0763656770524 18002208.0
838.4015406804508 19170492.0
838.7269547463001 20664928.0
839.0526078746003 22376750.0
839.3785000653513 22345536.0
839.7046313185533 22145582.0
840.0310016342061 22589804.0
840.3576110123099 22121300.0
840.6844594528644 21577216.0
841.01154695587 21139058.0
841.3388735213264 20063762.0
841.6664391492336 20597092.0
841.9942438395917 22500844.0
842.3222875924008 22762972.0
842.6505704076608 22888684.0
842.9790922853716 23734008.0
843.3078532255333 24307170.0
843.636853228146 22455972.0
843.9660922932096 21804632.0
844.2955704207238 21792290.0
844.6252876106893 21231700.0
844.9552438631054 21143262.0
845.2854391779725 21115262.0
845.6158735552905 20840808.0
845.9465469950594 20719760.0
846.2774594972791 21408438.0
846.6086110619498 23029692.0
846.9400016890712 25175124.0
847.2716313786436 28145958.0
847.603500130667 31352968.0
847.9356079451411 35436704.0
848.2679548220663 40954530.0
848.6005407614422 46513824.0
848.9333657632692 51180244.0
849.2664298275467 54746730.0
849.5997329542755 57568276.0
849.933275143455 60335550.0
850.2670563950855 61436444.0
850.6010767091668 62711350.0
850.935336085699 62654130.0
851.2698345246821 62223824.0
851.6045720261161 61612040.0
851.939548590001 58078400.0
852.2747642163367 56836184.0
852.6102189051235 54962196.0
852.9459126563609 51803004.0
853.2818454700493 45945744.0
853.6180173461887 38742750.0
853.9544282847789 34098476.0
854.29107828582 30168690.0
854.627967349312 27718978.0
854.9650954752549 28634710.0
855.3024626636488 29749760.0
855.6400689144934 31133288.0
855.9779142277889 33452538.0
856.3159986035355 36013828.0
856.6543220417327 37763744.0
856.992884542381 39068590.0
857.33168610548 40529376.0
857.6707267310301 42339750.0
858.010006419031 44727776.0
858.3495251694828 48471580.0
858.6892829823855 51085264.0
859.0292798577391 53013096.0
859.3695157955435 54697064.0
859.709990795799 60237040.0
860.0507048585051 65027764.0
860.3916579836623 68091580.0
860.7328501712702 72438950.0
861.0742814213293 75989250.0
861.415951733839 76481530.0
861.7578611087997 79472880.0
862.1000095462114 84481310.0
862.4423970460737 87177510.0
862.7850236083872 85581750.0
863.1278892331513 78879570.0
863.4709939203666 73423310.0
863.8143376700325 65865460.0
864.1579204821496 55656264.0
864.5017423567174 46619500.0
864.845803293736 38422424.0
865.1901032932057 32107750.0
865.5346423551262 28289970.0
865.8794204794975 26078496.0
866.2244376663198 23221518.0
866.569693915593 23609100.0
866.9151892273169 25971590.0
867.2609236014919 28835330.0
867.6068970381177 31612640.0
867.9531095371945 33115630.0
868.299561098722 35832844.0
868.6462517227006 39740190.0
868.9931814091299 42990620.0
869.3403501580103 47711524.0
869.6877579693414 54271820.0
870.0354048431236 60398090.0
870.3832907793565 65607860.0
870.7314157780402 67555910.0
871.079779839175 69711490.0
871.4283829627606 73469860.0
871.7772251487971 79265690.0
872.1263063972845 85873410.0
872.4756267082229 88796350.0
872.825186081612 90073130.0
873.1749845174521 89115700.0
873.525022015743 80389870.0
873.875298576485 69305350.0
874.2258141996776 59028010.0
874.5765688853213 50170996.0
874.9275626334158 45469600.0
875.2787954439613 43930040.0
875.6302673169575 42866144.0
875.9819782524048 43033870.0
876.3339282503027 43969020.0
876.6861173106518 45274584.0
877.0385454334516 45482230.0
877.3912126187024 44260260.0
877.744118866404 41475330.0
878.0972641765566 38312150.0
878.45064854916 36765464.0
878.8042719842143 32457778.0
879.1581344817196 26519842.0
879.5122360416756 21555356.0
879.8665766640827 18957072.0
880.2211563489404 17128976.0
880.5759750962493 17250152.0
880.9310329060089 17498958.0
881.2863297782194 17848706.0
881.6418657128809 16781082.0
881.9976407099932 16366626.0
882.3536547695564 17235422.0
882.7099078915705 17682308.0
883.0664000760355 18186544.0
883.4231313229513 18170366.0
883.7801016323183 18065820.0
884.1373110041359 18769080.0
884.4947594384045 18716796.0
884.8524469351239 19347342.0
885.2103734942943 19270060.0
885.5685391159154 18238852.0
885.9269437999875 17172252.0
886.2855875465107 15894886.0
886.6444703554844 15300579.0
887.0035922269093 15448620.0
887.3629531607849 16814358.0
887.7225531571116 17752394.0
888.082392215889 17151638.0
888.4424703371174 17595276.0
888.8027875207965 18924548.0
889.1633437669268 20280884.0
889.5241390755077 21852498.0
889.8851734465397 24023588.0
890.2464468800224 26579644.0
890.6079593759562 27327538.0
890.9697109343408 28550716.0
891.3317015551763 31781618.0
891.6939312384626 35534430.0
892.0563999841997 39203264.0
892.419107792388 42177590.0
892.7820546630269 44398210.0
893.145240596117 47940320.0
893.5086655916577 50610400.0
893.8723296496495 52152720.0
894.2362327700921 51917944.0
894.6003749529856 54322180.0
894.96475619833 58275880.0
895.3293765061252 61754164.0
895.6942358763713 67441240.0
896.0593343090684 71941170.0
896.4246718042164 78140090.0
896.7902483618151 82383390.0
897.1560639818649 78814090.0
897.5221186643654 74810990.0
897.888412409317 67034444.0
898.2549452167193 56063880.0
898.6217170865726 45193840.0
898.9887280188768 32834652.0
899.3559780136319 24931016.0
899.7234670708378 20459974.0
900.0911951904947 17399110.0
900.4591623726023 15661334.0
900.827368617161 14315470.0
901.1958139241705 13432456.0
901.5644982936308 12749114.0
901.9334217255422 12574778.0
902.3025842199042 13550102.0
902.6719857767174 12783220.0
903.0416263959813 12156635.0
903.4115060776962 12502582.0
903.7816248218619 13250088.0
904.1519826284787 13367602.0
904.5225794975461 13355771.0
904.8934154290646 13701764.0
905.2644904230337 13007455.0
905.635804479454 13937741.0
906.0073575983251 14324076.0
906.3791497796472 13552208.0
906.7511810234199 12021779.0
907.1234513296438 11581385.0
907.4959606983184 11072740.0
907.8687091294438 11174482.0
908.2416966230203 10423239.0
908.6149231790475 10492901.0
908.9883887975259 10456368.0
909.3620934784549 9458121.0
909.736037221835 9919580.0
910.1102200276657 10457285.0
910.4846418959476 10767651.0
910.8593028266802 10088359.0
911.2342028198638 9488811.0
911.6093418754981 9181888.0
911.9847199935836 9233661.0
912.3603371741196 9556669.0
912.7361934171067 10163053.0
913.1122887225448 11249930.0
913.4886230904336 12183556.0
913.8651965207735 12474622.0
914.242009013564 13166962.0
914.6190605688057 13873561.0
914.996351186498 13886924.0
915.3738808666415 14705058.0
915.7516496092356 14525632.0
916.1296574142808 15911906.0
916.5079042817767 16185330.0
916.8863902117237 15482748.0
917.2651152041215 16131770.0
917.6440792589702 17401136.0
918.0232823762697 17176772.0
918.4027245560201 16219956.0
918.7824057982216 15902700.0
919.1623261028737 15019318.0
919.542485469977 14556235.0
919.9228838995309 14164419.0
920.3035213915359 14390219.0
920.6843979459916 14677358.0
921.0655135628983 14971034.0
921.446868242256 16097274.0
921.8284619840645 16934002.0
922.2102947883237 17443148.0
922.5923666550341 17572200.0
922.9746775841952 16842974.0
923.3572275758072 17037728.0
923.7400166298701 18494744.0
924.1230447463838 20087498.0
924.5063119253487 21450568.0
924.8898181667641 21109600.0
925.2735634706307 21166084.0
925.657547836948 21450828.0
926.0417712657163 20642208.0
926.4262337569354 19477136.0
926.8109353106056 19468212.0
927.1958759267263 18500372.0
927.5810556052983 17455788.0
927.966474346321 16849388.0
928.3521321497947 16537259.0
928.7380290157191 16009226.0
929.1241649440944 16401589.0
929.5105399349206 16544742.0
929.8971539881978 15676509.0
930.2840071039259 15218371.0
930.6710992821048 14109872.0
931.0584305227347 12972341.0
931.4460008258154 12413284.0
931.8338101913471 11731984.0
932.2218586193296 10010102.0
932.610146109763 9462833.0
932.9986726626472 7996697.0
933.3874382779825 6155792.0
933.7764429557685 4175746.2
934.1656866960054 3750952.5
934.5551694986933 3542126.5
934.9448913638321 3435964.5
935.3348522914216 2982546.2
935.7250522814621 3234032.0
936.1154913339535 3722074.8
936.5061694488959 3687394.8
936.8970866262891 3886671.5
937.288242866133 3878224.0
937.6796381684281 3831206.5
938.0712725331739 4017344.0
938.4631459603708 4296886.0
938.8552584500184 4266594.5
939.247610002117 4749319.5
939.6402006166663 5168436.0
940.0330302936667 5630845.5
940.4260990331178 5882359.0
940.8194068350199 5853284.0
941.212953699373 5777033.0
941.6067396261767 5556424.5
942.0007646154315 5758480.5
942.3950286671371 5883390.0
942.7895317812938 5182057.0
943.184273957901 4860189.0
943.5792551969595 4725839.0
943.9744754984687 4342358.0
944.3699348624289 4057173.8
944.7656332888398 4283558.5
945.1615707777016 4527419.0
945.5577473290144 4076561.0
945.9541629427781 3501332.5
946.3508176189927 3600138.0
946.7477113576581 4086608.5
947.1448441587745 4493002.5
947.5422160223416 4693735.5
947.9398269483597 4916204.5
948.3376769368288 4282179.0
948.7357659877487 4355595.5
949.1340941011194 5211248.0
949.5326612769411 5458723.0
949.9314675152136 5907706.0
950.3305128159373 5924617.5
950.7297971791115 6475709.5
951.1293206047367 7383859.5
951.5290830928128 7261714.5
951.9290846433399 6528602.5
952.3293252563178 6047321.0
952.7298049317465 6529162.5
953.1305236696262 6359934.0
953.5314814699568 6209347.5
953.9326783327383 6723912.0
954.3341142579707 6337798.0
954.7357892456539 6032234.0
955.137703295788 6355234.5
955.5398564083731 6703050.0
955.942248583409 6533374.0
956.3448798208958 6361324.0
956.7477501208334 5434287.0
957.1508594832221 5166134.5
957.5542079080615 4593803.0
957.9577953953519 4336014.0
958.3616219450932 4697053.0
958.7656875572852 5475020.0
959.1699922319283 5420555.0
959.5745359690222 5080582.0
959.979318768567 5323385.5
960.3843406305627 4837185.5
960.7896015550094 4780435.5
961.1951015419069 4986759.5
961.6008405912553 5228613.5
962.0068187030545 4883822.5
962.4130358773048 5019540.0
962.8194921140057 5284242.5
963.2261874131577 5222953.0
963.6331217747605 6095709.0
964.0402951988142 6107289.5
964.4477076853188 6678990.5
964.8553592342744 6114545.5
965.2632498456808 6227272.5
965.671379519538 6957307.5
966.0797482558462 7370562.0
966.4883560546052 6939759.0
966.8972029158153 7053749.0
967.3062888394761 5796707.0
967.7156138255879 5030713.0
968.1251778741505 4745384.0
968.534980985164 3910942.8
968.9450231586284 4186531.5
969.3553043945437 4247132.5
969.7658246929099 3973733.5
970.1765840537269 3529767.2
970.5875824769948 3439591.0
970.9988199627137 3466118.0
971.4102965108834 2973327.8
971.822012121504 2885957.8
972.2339667945757 3198001.2
972.6461605300981 3376097.0
973.0585933280714 4051084.0
973.4712651884955 4446899.5
973.8841761113707 4671664.0
974.2973260966967 5068573.5
974.7107151444736 5751470.0
975.1243432547012 5873430.5
975.5382104273799 6222437.5
975.9523166625095 6944899.0
976.3666619600898 7067844.0
976.7812463201212 7045497.0
977.1960697426034 7325527.5
977.6111322275365 7847139.0
978.0264337749204 8493240.0
978.4419743847554 8940624.0
978.8577540570411 9482854.0
979.2737727917779 8650913.0
979.6900305889653 8438877.0
980.1065274486039 8071241.0
980.523263370693 6718577.0
980.9402383552333 6625909.5
981.3574524022245 6734156.0
981.7749055116664 7322300.5
982.1925976835594 7897380.5
982.6105289179031 8073777.5
983.0286992146978 8097164.0
983.4471085739433 9878226.0
983.8657569956398 10756991.0
984.2846444797872 10861444.0
984.7037710263854 11421296.0
985.1231366354345 11744410.0
985.5427413069345 12741360.0
985.9625850408854 12196300.0
986.3826678372873 11728295.0
986.8029896961399 12151511.0
987.2235506174435 12984238.0
987.6443506011979 13062426.0
988.0653896474032 12134158.0
988.4866677560595 11837701.0
988.9081849271665 11314388.0
989.3299411607247 10732481.0
989.7519364567336 10853351.0
990.1741708151934 10504106.0
990.5966442361041 9894552.0
991.0193567194657 9462174.0
991.4423082652781 8993716.0
991.8654988735416 8701748.0
992.2889285442558 7960599.0
992.712597277421 7477587.5
993.1365050730369 6686196.0
993.5606519311038 6986209.5
993.9850378516217 7446399.5
994.4096628345903 7438035.0
994.83452688001 8645172.0
995.2596299878804 9159126.0
995.6849721582018 9285863.0
996.110553390974 10079875.0
996.5363736861973 11151405.0
996.9624330438713 11238380.0
997.3887314639962 10361469.0
997.8152689465721 9936019.0
998.2420454915989 9802962.0
998.6690610990764 9728898.0
999.0963157690048 9339696.0
999.5238095013843 9058138.0
999.9515422962145 7973229.0
1000.3795141534958 7839320.0
1000.8077250732279 7602425.5
1001.2361750554107 6684060.5
1001.6648641000446 6465813.0
1002.0937922071294 5664959.5
1002.522959376665 5323629.5
1002.9523656086515 5079799.5
1003.3820109030889 4316042.0
1003.8118952599773 4416111.0
1004.2420186793163 4619948.0
1004.6723811611065 5404914.5
1005.1029827053474 5858820.0
1005.5338233120393 6610474.5
1005.9649029811819 8364526.0
1006.3962217127755 9674926.0
1006.8277795068202 10357941.0
1007.2595763633155 11546272.0
1007.6916122822619 13351401.0
1008.1238872636591 15180472.0
1008.5564013075071 15837886.0
1008.9891544138061 17816308.0
1009.422146582556 19198116.0
1009.8553778137567 20597182.0
1010.2888481074084 21707210.0
1010.7225574635108 23587152.0
1011.1565058820644 22594140.0
1011.5906933630686 21594070.0
1012.0251199065237 19878402.0
1012.45978551243 17698780.0
1012.8946901807869 14328680.0
1013.3298339115948 11234986.0
1013.7652167048535 8292209.5
1014.2008385605632 7116517.5
1014.6366994787238 6504227.5
1015.0727994593352 5439116.0
1015.5091385023975 4915080.0
1015.9457166079108 5176883.0
1016.3825337758749 5839059.0
1016.8195900062899 6244365.0
1017.2568852991558 6923877.5
1017.6944196544725 8105146.0
1018.1321930722402 9664128.0
1018.5702055524587 10239584.0
1019.0084570951283 11348651.0
1019.4469477002485 11693678.0
1019.8856773678198 12357712.0
1020.3246460978419 12618776.0
1020.763853890315 14235698.0
1021.2033007452387 15311061.0
1021.6429866626136 16375670.0
1022.0829116424393 17224756.0
1022.5230756847159 17632130.0
1022.9634787894433 17591912.0
1023.4041209566217 16397974.0
1023.8450021862509 14265340.0
1024.286122478331 11217066.0
1024.727481832862 8688804.0
1025.1690802498438 5853410.0
1025.6109177292767 5185646.0
1026.0529942711605 3877267.2
1026.495309875495 2975029.5
1026.9378645422805 2484603.2
1027.380658271517 2372764.0
1027.823691063204 2480902.0
1028.2669629173424 1938591.4
1028.7104738339312 1744061.1
1029.1542238129714 1347171.8
1029.598212854462 1573498.2
1030.0424409584039 1669211.0
1030.4869081247964 1381282.2
1030.9316143536398 1303280.9
1031.376559644934 1380891.0
1031.8217439986793 1516502.5
1032.2671674148755 1174440.4
1032.7128298935227 1289253.5
1033.1587314346207 1568120.2
1033.6048720381693 1639310.6
1034.051251704169 1417457.0
1034.4978704326197 1368159.0
1034.9447282235212 1216489.5
1035.3918250768736 1009553.44
1035.8391609926769 1047547.0
1036.286735970931 1373189.0
1036.734550011636 1170852.2
1037.182603114792 1190793.6
1037.6308952803988 947944.1
1038.0794265084567 1122281.9
1038.5281967989652 1233671.5
1038.9772061519247 1253074.5
1039.426454567335 1438944.0
1039.8759420451966 1373904.0
1040.3256685855085 1435501.4
1040.7756341882716 1402422.5
1041.2258388534856 1563254.4
1041.6762825811506 1600316.5
1042.1269653712661 1839308.9
1042.577887223833 2055968.1
1043.0290481388504 1874811.5
1043.4804481163187 1631692.2
1043.9320871562381 1239000.4
1044.3839652586082 1621372.4
1044.8360824234294 1436423.9
1045.2884386507012 1599626.8
1045.7410339404241 1500333.2
1046.193868292598 1314566.8
1046.6469417072226 1290820.5
1047.1002541842981 1555499.8
1047.5538057238246 1489111.1
1048.0075963258018 1528321.5
1048.46162599023 1718136.1
1048.915894717109 1899081.2
1049.3704025064392 1725479.8
1049.82514935822 1567259.4
1050.2801352724516 1765612.0
1050.7353602491344 1905820.2
1051.1908242882678 2160436.5
1051.6465273898525 2045700.0
1052.1024695538877 1971836.2
1052.558650780374 1891622.6
1053.015071069311 1866147.5
1053.471730420699 1545210.1
1053.928628834538 1897393.5
1054.3857663108276 1763513.6
1054.8431428495683 1770684.8
1055.30075845076 2203807.0
1055.7586131144024 2215171.5
1056.2167068404956 2081904.9
1056.67503962904 2247699.5
1057.133611480035 1999663.1
1057.592422393481 887625.75
1058.0514723693777 -769280.56
1058.5107614077258 -2310248.8
1058.9702895085243 -4452074.5
1059.4300566717739 -5902857.0
1059.8900628974743 -7552992.5
1060.3503081856259 -9426620.0
1060.8107925362278 -10667659.0
1061.2715159492811 -12823326.0
1061.732478424785 -14559541.0
1062.1936799627401 -16554569.0
1062.6551205631458 -18523294.0
1063.1168002260026 -20331014.0
1063.57871895131 -22335662.0
1064.0408767390686 -24179618.0
1064.503273589278 -26086972.0
1064.965909501938 -28378118.0
1065.4287844770492 -30100404.0
1065.8918985146113 0.0
1066.3552516146242 0.0
1066.818843777088 0.0
1067.2826750020029 0.0
1067.7467452893684 0.0
1068.211054639185 0.0
1068.6756030514523 0.0
1069.1403905261704 0.0
1069.6054170633397 0.0
1070.0706826629596 0.0
1070.5361873250306 0.0
1071.0019310495525 0.0
1071.4679138365252 0.0
1071.9341356859486 0.0
