string
description: px_shifted, calibration parameter: [ 1.19531225e-04 -2.30194563e-02  6.18194146e+02]
converted file:R_100ms_Fe_S3_x_1_26_binned_y back: data/dark_100msRZP-structure:___RZP_S3100msRoi:[0, 1040, 2048, 2048]
eV counts/s
618.1712462133476 1438768.9
618.1485853507007 1570965.6
618.1261635505048 1832324.2
618.1039808127597 2005866.8
618.0820371374655 1987393.0
618.0603325246223 1563815.0
618.0388669742298 1763098.9
618.0176404862883 2360279.8
617.9966530607976 2579679.5
617.9759046977579 2065057.5
617.955395397169 1914619.8
617.9351251590311 1965562.0
617.9150939833439 2173608.5
617.8953018701078 2071002.4
617.8757488193226 1919174.4
617.8564348309881 2004463.5
617.8373599051046 2086793.5
617.8185240416719 2344856.0
617.7999272406903 2794050.5
617.7815695021593 2839397.5
617.7634508260794 2289602.0
617.7455712124504 1903301.1
617.7279306612722 1896266.0
617.7105291725449 1762628.6
617.6933667462686 1493009.4
617.676443382443 1529934.0
617.6597590810685 1963083.5
617.6433138421447 2166805.2
617.6271076656718 2343518.2
617.6111405516499 2255269.0
617.5954125000789 1907278.6
617.5799235109587 2182618.5
617.5646735842894 2000940.0
617.5496627200711 1902687.0
617.5348909183035 1916504.0
617.520358178987 2294374.2
617.5060645021213 3043637.5
617.4920098877064 2713855.5
617.4781943357425 2421623.8
617.4646178462295 2441904.8
617.4512804191673 2516722.5
617.4381820545561 2837436.5
617.4253227523957 3325726.5
617.4127025126862 3043447.2
617.4003213354276 2917819.8
617.3881792206199 2652598.8
617.3762761682632 2285726.5
617.3646121783572 2011048.9
617.3531872509022 1872438.2
617.342001385898 1804623.5
617.3310545833449 2033305.0
617.3203468432424 1765550.6
617.309878165591 1546628.9
617.2996485503904 1577346.2
617.2896579976408 1669587.0
617.2799065073419 2004553.9
617.270394079494 2664645.5
617.261120714097 3053683.0
617.2520864111508 2641786.2
617.2432911706557 2517198.8
617.2347349926113 3474835.2
617.2264178770179 3912353.0
617.2183398238752 4009032.5
617.2105008331837 3689863.8
617.2029009049428 2718505.2
617.195540039153 2568672.0
617.188418235814 2769747.5
617.1815354949258 2578348.0
617.1748918164886 2592922.5
617.1684872005023 2423722.2
617.1623216469668 2401061.2
617.1563951558823 2456017.5
617.1507077272486 2708002.0
617.1452593610658 3280597.0
617.140050057334 3265451.2
617.1350798160529 3640112.2
617.1303486372229 3649474.5
617.1258565208436 3720184.5
617.1216034669154 3741492.5
617.1175894754379 3790463.5
617.1138145464114 4624745.5
617.1102786798357 5079707.0
617.106981875711 4906794.0
617.1039241340371 4412012.0
617.1011054548142 3860348.5
617.0985258380421 3540387.5
617.0961852837207 3500726.5
617.0940837918505 3541774.5
617.092221362431 3586419.5
617.0905979954625 3879163.0
617.0892136909449 3172472.2
617.0880684488782 2969330.5
617.0871622692623 3534754.8
617.0864951520974 4250706.0
617.0860670973833 5111167.0
617.0858781051202 6630376.0
617.0859281753078 8177883.0
617.0862173079464 8501377.0
617.0867455030359 6346487.5
617.0875127605763 4159282.0
617.0885190805675 2285223.5
617.0897644630096 2074146.5
617.0912489079027 1722350.5
617.0929724152465 1320983.8
617.0949349850415 1162735.8
617.0971366172871 1228628.5
617.0995773119838 1249367.6
617.1022570691313 1104171.4
617.1051758887297 1552350.0
617.1083337707789 1580671.9
617.1117307152791 1787587.5
617.1153667222302 1814547.6
617.1192417916321 1876257.0
617.123355923485 2377989.0
617.1277091177888 2233485.2
617.1323013745433 2156865.2
617.1371326937488 2600252.8
617.1422030754052 3775257.5
617.1475125195125 4542787.5
617.1530610260706 4657626.0
617.1588485950797 5313858.0
617.1648752265397 5637760.5
617.1711409204505 6703043.0
617.1776456768123 7188726.0
617.1843894956249 6835240.0
617.1913723768885 5652219.0
617.1985943206029 5230795.5
617.2060553267681 5706039.0
617.2137553953843 6481429.5
617.2216945264513 7551648.0
617.2298727199694 6984160.0
617.2382899759382 4364845.0
617.246946294358 3186633.0
617.2558416752286 2194363.0
617.2649761185502 1321799.4
617.2743496243226 1519932.6
617.2839621925459 1218708.5
617.29381382322 1029836.3
617.3039045163453 752061.56
617.3142342719211 792650.94
617.3248030899481 844050.5
617.3356109704258 927966.94
617.3466579133545 682622.9
617.357943918734 745188.75
617.3694689865644 739242.6
617.3812331168458 763296.8
617.3932363095779 595502.75
617.4054785647611 679844.25
617.417959882395 801121.6
617.43068026248 614122.4
617.4436397050157 707357.1
617.4568382100024 825685.9
617.47027577744 672749.9
617.4839524073284 1134912.6
617.4978680996677 1656544.5
617.512022854458 2213478.2
617.526416671699 3917279.0
617.5410495513911 6466172.0
617.555921493534 8696949.0
617.5710324981277 8891864.0
617.5863825651725 7489540.5
617.601971694668 5671843.0
617.6177998866144 3967830.0
617.6338671410118 3463148.8
617.6501734578601 3267202.5
617.6667188371591 3142452.0
617.6835032789093 3071703.5
617.70052678311 2925246.0
617.7177893497619 3385617.2
617.7352909788646 4177184.0
617.7530316704182 4395334.5
617.7710114244226 4628859.0
617.7892302408779 4459912.0
617.8076881197842 3513798.5
617.8263850611413 3489824.5
617.8453210649494 3087637.5
617.8644961312083 4052484.8
617.8839102599181 5614768.0
617.9035634510788 8300424.5
617.9234557046905 11344130.0
617.9435870207528 14410644.0
617.9639573992663 16908328.0
617.9845668402305 14346331.0
618.0054153436457 10775748.0
618.0265029095117 8193117.5
618.0478295378288 5298427.0
618.0693952285965 4290881.0
618.0911999818152 3222188.8
618.1132437974848 3129947.5
618.1355266756052 2558568.8
618.1580486161766 1982656.8
618.180809619199 1647988.0
618.2038096846721 1550326.0
618.2270488125961 1386545.2
618.2505270029711 1198775.1
618.2742442557969 926362.0
618.2982005710737 989081.25
618.3223959488013 780692.75
618.3468303889798 799664.3
618.3715038916091 1065823.4
618.3964164566895 1354944.0
618.4215680842207 1103454.9
618.4469587742026 743308.8
618.4725885266356 758255.6
618.4984573415195 904188.5
618.5245652188543 955219.7
618.5509121586398 1058546.8
618.5774981608764 1236174.9
618.6043232255638 1415902.4
618.6313873527021 1383701.5
618.6586905422912 1507953.5
618.6862327943314 1599689.4
618.7140141088223 1852935.0
618.7420344857642 2305489.8
618.7702939251569 3054529.8
618.7987924270005 4199542.5
618.827529991295 6180549.0
618.8565066180404 8388407.0
618.8857223072368 11081172.0
618.915177058884 12051776.0
618.944870872982 10805549.0
618.974803749531 8991847.0
619.004975688531 6011032.5
619.0353866899817 4164400.2
619.0660367538834 2642139.5
619.0969258802359 2331136.0
619.1280540690393 2593614.2
619.1594213202936 2681634.0
619.1910276339989 2127089.0
619.2228730101549 1518392.0
619.2549574487618 1364082.8
619.2872809498198 1248940.8
619.3198435133286 1021520.75
619.3526451392883 983899.44
619.3856858276988 883121.56
619.4189655785602 805900.75
619.4524843918725 725089.6
619.4862422676358 620689.56
619.5202392058499 1080390.1
619.5544752065149 1137699.5
619.5889502696308 1142308.5
619.6236643951976 939938.9
619.6586175832152 1355765.6
619.6938098336839 1488018.8
619.7292411466033 1960151.9
619.7649115219735 2518020.0
619.8008209597948 2330375.8
619.8369694600669 2732553.5
619.8733570227901 3618758.5
619.9099836479638 5032214.5
619.9468493355887 6681879.0
619.9839540856643 7854665.5
620.0212978981909 7932514.5
620.0588807731684 7364598.0
620.0967027105968 5541244.5
620.134763710476 3332790.5
620.1730637728062 2463250.0
620.2116028975872 1915901.5
620.2503810848191 1660808.5
620.2893983345019 1489221.2
620.3286546466355 1458369.8
620.3681500212202 1173580.2
620.4078844582556 1006343.25
620.447857957742 848515.25
620.4880705196792 963773.2
620.5285221440674 926758.4
620.5692128309064 848537.9
620.6101425801965 542562.6
620.6513113919372 585349.94
620.692719266129 638227.06
620.7343662027715 670880.1
620.7762522018651 462129.38
620.8183772634094 703117.4
620.8607413874046 659577.6
620.9033445738509 545847.1
620.9461868227478 421334.62
620.9892681340958 761365.94
621.0325885078946 858036.8
621.0761479441444 818548.5
621.1199464428449 845874.44
621.1639840039965 988698.25
621.2082606275989 951381.25
621.2527763136521 1130925.1
621.2975310621563 1132280.5
621.3425248731114 1098189.0
621.3877577465173 1370707.6
621.4332296823742 1007853.4
621.478940680682 552046.4
621.5248907414405 804294.44
621.5710798646501 863899.25
621.6175080503104 1169606.4
621.6641752984218 998998.25
621.7110816089839 763288.06
621.758226981997 1009920.25
621.8056114174609 1086946.5
621.8532349153759 1011632.5
621.9010974757415 1196229.1
621.9491990985582 1204505.8
621.9975397838257 1267429.9
622.0461195315442 1484363.9
622.0949383417135 1668790.8
622.1439962143336 1192755.9
622.1932931494047 985338.2
622.2428291469266 1256757.6
622.2926042068996 1648967.8
622.3426183293233 1875012.4
622.392871514198 1642570.8
622.4433637615234 1382692.8
622.4940950713 1219750.5
622.5450654435272 1416484.4
622.5962748782055 1370731.0
622.6477233753345 1499635.0
622.6994109349146 1497425.6
622.7513375569454 1324392.6
622.8035032414273 1523161.9
622.8559079883598 1490651.1
622.9085517977434 1865587.2
622.9614346695778 2143811.0
623.0145566038631 2167232.0
623.0679176005993 1958353.2
623.1215176597865 1940644.4
623.1753567814245 2003513.6
623.2294349655133 1655593.1
623.2837522120532 1783044.5
623.3383085210438 2021974.0
623.3931038924854 2028415.0
623.4481383263778 2109328.5
623.5034118227212 2777160.0
623.5589243815153 3271943.5
623.6146760027606 4396831.0
623.6706666864566 6360137.5
623.7268964326033 7818877.0
623.7833652412012 6972577.5
623.8400731122499 5916631.0
623.8970200457495 5156746.5
623.9542060416999 4287966.0
624.0116311001013 3462989.5
624.0692952209534 2992158.0
624.1271984042567 2515216.8
624.1853406500106 1951972.4
624.2437219582156 1865522.6
624.3023423288714 1676076.9
624.3612017619781 1687752.0
624.4203002575357 1634158.2
624.4796378155443 1599525.8
624.5392144360035 1274694.8
624.5990301189137 908798.6
624.659084864275 977180.5
624.7193786720869 771072.1
624.7799115423499 700451.56
624.8406834750637 566301.06
624.9016944702284 756912.8
624.962944527844 848690.6
625.0244336479105 1033386.2
625.0861618304278 995739.9
625.1481290753961 1092323.5
625.2103353828153 1278261.8
625.2727807526853 1555502.0
625.3354651850062 1547599.4
625.398388679778 1294142.4
625.4615512370008 1728516.9
625.5249528566744 1730643.5
625.5885935387989 1912834.0
625.6524732833743 1880837.0
625.7165920904006 2118438.0
625.7809499598777 2869550.5
625.8455468918058 4043004.0
625.9103828861847 4508964.5
625.9754579430146 4394939.0
626.0407720622953 2979722.5
626.106325244027 2168187.2
626.1721174882094 2242781.2
626.2381487948429 2186319.0
626.3044191639272 1800726.4
626.3709285954623 1364108.1
626.4376770894484 1094685.1
626.5046646458853 1374856.8
626.5718912647732 1345825.1
626.6393569461119 1245993.0
626.7070616899016 1296733.6
626.7750054961421 1422228.0
626.8431883648335 1412241.1
626.9116102959758 1700438.5
626.980271289569 1605595.0
627.0491713456131 1291555.5
627.1183104641082 1157295.8
627.1876886450539 1448539.0
627.2573058884507 1247965.0
627.3271621942984 1175830.0
627.3972575625968 1485408.9
627.4675919933463 1298674.8
627.5381654865465 1412109.9
627.6089780421978 2020578.0
627.6800296602999 1885003.1
627.7513203408529 2233477.0
627.8228500838567 2830760.5
627.8946188893116 3224011.2
627.9666267572171 3482561.2
628.0388736875738 3025797.5
628.1113596803812 1882243.0
628.1840847356395 1391313.5
628.2570488533487 1206600.1
628.3302520335087 1235740.2
628.4036942761198 1651766.9
628.4773755811816 1939968.0
628.5512959486945 1978522.2
628.6254553786581 1897575.2
628.6998538710727 2697105.5
628.7744914259381 3298084.0
628.8493680432545 2838921.0
628.9244837230217 2386273.0
628.9998384652398 1924967.2
629.0754322699088 1890211.4
629.1512651370288 2146487.5
629.2273370665995 2906243.8
629.3036480586212 2620723.2
629.3801981130938 3005083.8
629.4569872300171 3695476.5
629.5340154093916 3289128.0
629.6112826512167 2629267.0
629.6887889554929 2417982.5
629.7665343222199 2195552.8
629.8445187513979 1743725.2
629.9227422430266 1513987.8
630.0012047971064 1422068.8
630.0799064136369 944342.9
630.1588470926184 1427389.0
630.2380268340507 1497804.0
630.317445637934 1482707.8
630.3971035042681 1719640.5
630.4770004330533 2038461.4
630.5571364242891 2258950.5
630.6375114779759 1872658.1
630.7181255941136 1551537.6
630.7989787727022 1329943.6
630.8800710137417 1541925.1
630.961402317232 1505817.6
631.0429726831734 1674909.8
631.1247821115654 1724406.0
631.2068306024086 1319266.0
631.2891181557025 1367921.8
631.3716447714473 1338886.0
631.454410449643 784540.25
631.5374151902896 953315.3
631.6206589933871 1092865.2
631.7041418589355 1127331.8
631.7878637869347 1168897.6
631.8718247773849 1474646.0
631.956024830286 2005928.0
632.0404639456378 1920850.1
632.1251421234408 1833048.8
632.2100593636944 1982871.1
632.2952156663991 2092428.9
632.3806110315546 1979186.2
632.4662454591611 2159441.0
632.5521189492183 2215344.8
632.6382315017265 1735915.6
632.7245831166855 1642583.0
632.8111737940956 1689363.0
632.8980035339563 1521302.2
632.985072336268 1761126.2
633.0723802010307 2157409.2
633.1599271282441 2220238.5
633.2477131179087 2428958.0
633.3357381700239 2823634.0
633.4240022845902 2730312.0
633.5125054616071 2002001.0
633.6012477010752 2281424.8
633.690229002994 2293138.2
633.7794493673638 1775134.0
633.8689087941844 1826280.2
633.958607283456 2013215.1
634.0485448351784 2004950.5
634.1387214493517 2079221.0
634.2291371259759 2032075.5
634.3197918650509 1900815.0
634.4106856665769 1734408.1
634.5018185305538 1407133.9
634.5931904569816 1066278.9
634.6848014458602 1286023.5
634.7766514971898 1741001.2
634.8687406109701 1650389.0
634.9610687872016 1339642.4
635.0536360258837 1192171.8
635.1464423270169 1103924.9
635.2394876906009 836411.3
635.3327721166357 884064.5
635.4262956051215 1022690.94
635.5200581560582 911619.06
635.6140597694457 921703.4
635.7083004452841 838385.3
635.8027801835735 738259.94
635.8974989843136 1077792.2
635.9924568475049 1169037.5
636.0876537731468 1202302.2
636.1830897612398 1366752.8
636.2787648117835 1132846.4
636.3746789247782 1164555.1
636.4708321002237 926986.5
636.5672243381202 1153744.2
636.6638556384676 1446940.2
636.7607260012659 1333332.5
636.857835426515 1272964.9
636.9551839142149 1283717.4
637.0527714643658 1817652.5
637.1505980769675 1864824.5
637.2486637520203 1816637.0
637.3469684895239 1723958.1
637.4455122894784 1903632.4
637.5442951518837 1567432.6
637.64331707674 1755023.0
637.742578064047 1838449.5
637.8420781138052 1531965.5
637.941817226014 1322025.6
638.0417954006739 1353886.1
638.1420126377845 1147604.0
638.2424689373462 1099462.5
638.3431642993586 969390.0
638.444098723822 1002034.9
638.5452722107362 1349862.6
638.6466847601014 1226479.9
638.7483363719175 1099179.6
638.8502270461844 982115.1
638.9523567829023 1006209.25
639.0547255820709 1366223.5
639.1573334436905 1281361.8
639.260180367761 1130231.5
639.3632663542825 1207554.1
639.4665914032546 1315179.0
639.5701555146778 1335041.1
639.6739586885519 1232717.2
639.7780009248769 1221087.1
639.8822822236526 1728668.6
639.9868025848793 1806236.9
640.091562008557 2047390.6
640.1965604946854 2872300.2
640.3017980432649 2960465.0
640.4072746542952 3030881.0
640.5129903277764 2905396.2
640.6189450637083 2495602.8
640.7251388620914 2024493.0
640.8315717229252 1707689.4
640.93824364621 1650913.8
641.0451546319456 1445434.4
641.1523046801321 1717798.6
641.2596937907695 1486850.1
641.3673219638578 1407238.9
641.4751891993969 1089296.8
641.583295497387 1243914.5
641.691640857828 1056634.9
641.8002252807198 1128131.9
641.9090487660626 1343579.8
642.0181113138563 1553096.4
642.1274129241008 1762046.0
642.2369535967962 1900003.8
642.3467333319426 1628529.4
642.4567521295397 1378681.2
642.5670099895879 1555866.0
642.6775069120868 1844465.0
642.7882428970366 1677070.2
642.8992179444374 1383478.9
643.010432054289 1149239.5
643.1218852265915 1215508.4
643.2335774613449 1179281.6
643.3455087585494 1160116.5
643.4576791182045 1054696.1
643.5700885403106 936940.4
643.6827370248676 1228398.5
643.7956245718756 1246536.1
643.9087511813342 1140393.4
644.0221168532439 1249524.0
644.1357215876045 1063370.2
644.249565384416 1197980.2
644.3636482436782 1036711.0
644.4779701653915 1059992.8
644.5925311495556 1110932.8
644.7073311961706 1444455.1
644.8223703052365 1737350.8
644.9376484767532 1744016.1
645.0531657107209 1501091.9
645.1689220071395 1570805.1
645.2849173660089 1497468.1
645.4011517873292 1538533.9
645.5176252711005 1646911.0
645.6343378173226 1627148.2
645.7512894259957 1698562.4
645.8684800971196 1694638.6
645.9859098306944 1364484.0
646.10357862672 1274501.4
646.2214864851966 1203199.1
646.3396334061241 1049125.5
646.4580193895024 1041397.9
646.5766444353317 1296086.2
646.6955085436118 1321496.8
646.8146117143428 1102305.5
646.9339539475247 828629.7
647.0535352431576 957828.0
647.1733556012413 1198984.0
647.2934150217759 985031.94
647.4137135047613 1356800.0
647.5342510501977 1407469.0
647.6550276580849 1341529.8
647.7760433284232 1163415.5
647.8972980612122 1158296.5
648.018791856452 1275863.5
648.1405247141429 1318606.4
648.2624966342845 926941.6
648.3847076168772 1073917.2
648.5071576619206 1116861.2
648.629846769415 1244227.1
648.7527749393603 1157035.5
648.8759421717565 1107279.1
648.9993484666035 1182057.8
649.1229938239015 1272499.2
649.2468782436503 1288872.5
649.3710017258501 1146555.8
649.4953642705007 1054579.8
649.6199658776021 1055779.0
649.7448065471544 1185005.6
649.8698862791578 1269923.2
649.9952050736119 1246846.5
650.120762930517 1260389.2
650.2465598498729 1072753.1
650.3725958316797 1289736.6
650.4988708759375 1294126.5
650.6253849826461 1057501.5
650.7521381518056 1174181.4
650.879130383416 1239434.4
651.0063616774773 937554.4
651.1338320339895 1018536.3
651.2615414529527 1123231.8
651.3894899343666 1144658.9
651.5176774782313 1394050.0
651.6461040845472 1311657.5
651.7747697533138 1286231.8
651.9036744845314 1161406.8
652.0328182781997 1360076.9
652.162201134319 1477124.4
652.2918230528892 1412140.1
652.4216840339103 1306280.2
652.5517840773823 1145736.4
652.6821231833052 1621817.8
652.8127013516789 1257981.4
652.9435185825037 1239911.0
653.074574875779 1207715.1
653.2058702315056 1179095.1
653.3374046496829 1239931.0
653.469178130311 993725.6
653.6011906733902 1131374.5
653.73344227892 1061067.2
653.865932946901 1138988.5
653.9986626773327 923397.0
654.1316314702154 1220608.5
654.2648393255489 1356606.8
654.3982862433335 1560384.9
654.5319722235687 1393468.9
654.665897266255 1184867.6
654.8000613713921 1459826.1
654.9344645389801 1205993.2
655.069106769019 918150.1
655.2039880615088 1006476.25
655.3391084164494 1085985.6
655.4744678338409 1099558.9
655.6100663136834 1101923.4
655.7459038559767 960360.4
655.881980460721 1043251.25
656.0182961279161 1375072.8
656.1548508575621 1545450.1
656.291644649659 1410149.5
656.4286775042068 1019664.94
656.5659494212055 1087836.6
656.7034604006551 1237600.1
656.8412104425555 1397185.2
656.9791995469069 1222938.6
657.117427713709 1480396.1
657.2558949429622 1253131.1
657.3946012346663 1374547.6
657.5335465888211 1367630.5
657.672731005427 1294764.5
657.8121544844836 1214071.4
657.9518170259913 1109997.4
658.0917186299497 1355100.2
658.2318592963591 1097350.5
658.3722390252193 1071360.1
658.5128578165305 629414.1
658.6537156702925 1190373.9
658.7948125865055 1928576.5
658.9361485651692 2150214.0
659.077723606284 1411996.2
659.2195377098495 1067433.9
659.361590875866 881921.6
659.5038831043335 1461212.8
659.6464143952517 1267553.6
659.7891847486209 1125406.9
659.9321941644408 1004826.8
660.0754426427119 1098644.5
660.2189301834336 868481.8
660.3626567866064 1256452.0
660.50662245223 1324683.5
660.6508271803045 1380491.2
660.7952709708298 1325288.9
660.9399538238061 1343374.8
661.0848757392333 1494722.5
661.2300367171114 1480751.4
661.3754367574403 1183233.9
661.5210758602201 975510.4
661.6669540254509 1052814.5
661.8130712531324 1101066.8
661.9594275432651 919274.7
662.1060228958484 850035.7
662.2528573108827 973345.7
662.3999307883678 1103804.5
662.5472433283039 1125348.5
662.6947949306908 1340433.1
662.8425855955288 971059.6
662.9906153228175 1065657.8
663.1388841125572 773147.56
663.2873919647476 855588.06
663.436138879389 834781.1
663.5851248564813 856901.8
663.7343498960245 1069871.4
663.8838139980186 1108420.1
664.0335171624636 957189.4
664.1834593893594 1093640.8
664.3336406787062 857888.06
664.4840610305039 790714.4
664.6347204447524 905206.94
664.7856189214518 917893.1
664.936756460602 1179625.5
665.0881330622034 1385869.2
665.2397487262554 1262890.8
665.3916034527584 1336294.8
665.5436972417123 1317207.6
665.6960300931171 995088.9
665.8486020069727 910840.94
666.0014129832791 902983.2
666.1544630220367 837973.7
666.3077521232449 684281.3
666.4612802869042 803833.9
666.6150475130142 884810.5
666.7690538015753 707220.06
666.9232991525871 1030036.5
667.07778356605 1196355.8
667.2325070419636 1375449.9
667.3874695803282 1718776.9
667.5426711811436 1391874.9
667.69811184441 1648096.5
667.8537915701272 1667588.1
668.0097103582953 1614284.5
668.1658682089143 1574249.9
668.3222651219842 1847469.9
668.4789010975051 1795996.2
668.6357761354766 1588990.6
668.7928902358992 1503943.5
668.9502433987727 1306743.5
669.1078356240971 1158133.6
669.2656669118722 1016992.0
669.4237372620985 991741.94
669.5820466747754 1483442.5
669.7405951499034 1630334.0
669.8993826874821 1380614.5
670.0584092875117 1026298.8
670.2176749499924 1062141.0
670.3771796749238 997797.4
670.5369234623063 1210399.5
670.6969063121394 1312615.2
670.8571282244236 978168.8
671.0175891991586 946128.75
671.1782892363447 1366183.0
671.3392283359814 1346643.6
671.5004064980691 1100800.0
671.6618237226077 1161867.0
671.8234800095972 1097646.8
671.9853753590376 1035850.4
672.1475097709289 874779.75
672.309883245271 1079405.6
672.472495782064 1716131.2
672.635347381308 1469944.2
672.7984380430028 897282.8
672.9617677671484 751009.5
673.125336553745 1096939.0
673.2891444027925 940571.0
673.453191314291 1066422.5
673.6174772882403 1152477.2
673.7820023246404 936916.8
673.9467664234915 1150557.0
674.1117695847934 1024767.6
674.2770118085463 1055655.8
674.4424930947499 1219925.8
674.6082134434046 1200254.6
674.7741728545101 1159798.5
674.9403713280664 1143850.6
675.1068088640737 1132353.1
675.2734854625319 1175230.2
675.440401123441 1419765.2
675.6075558468009 1647726.2
675.7749496326118 1989166.8
675.9425824808735 1791306.4
676.1104543915861 1847182.0
676.2785653647496 1613467.2
676.4469154003641 1549442.8
676.6155044984293 1589864.9
676.7843326589456 1670561.1
676.9533998819127 1449434.9
677.1227061673306 1434538.0
677.2922515151995 1464099.8
677.4620359255191 1445962.5
677.6320593982898 1413892.4
677.8023219335114 1219725.9
677.9728235311838 1120434.5
678.1435641913071 1138296.8
678.3145439138814 1181101.2
678.4857626989063 1182515.9
678.6572205463824 1145306.6
678.8289174563092 1201321.2
679.000853428687 1439758.1
679.1730284635156 1096533.5
679.3454425607953 1030059.06
679.5180957205256 1153153.2
679.690987942707 1410268.8
679.8641192273392 1539304.4
680.0374895744222 1481749.8
680.2110989839563 1703849.4
680.3849474559411 1503023.9
680.559034990377 1405976.1
680.7333615872635 1476976.2
680.9079272466012 1476653.5
681.0827319683896 1903538.8
681.257775752629 1526401.1
681.4330585993191 1325255.6
681.6085805084602 1375185.0
681.7843414800523 1341934.8
681.9603415140951 1257040.0
682.1365806105889 1363886.5
682.3130587695335 1480272.2
682.4897759909292 1316084.4
682.6667322747755 1537080.1
682.8439276210729 1645590.8
683.0213620298211 1398240.6
683.1990355010204 1113457.6
683.3769480346702 1125527.0
683.5550996307712 1270689.4
683.7334902893231 1115066.0
683.9121200103258 1308207.6
684.0909887937793 1371810.0
684.2700966396839 1384496.2
684.4494435480391 1269046.8
684.6290295188454 1205126.5
684.8088545521025 1315843.1
684.9889186478105 1319188.0
685.1692218059694 1289910.0
685.3497640265792 1517385.5
685.5305453096399 1603747.5
685.7115656551515 1517696.8
685.8928250631141 1258151.4
686.0743235335274 1210618.5
686.2560610663917 1149318.2
686.4380376617067 1082261.9
686.6202533194729 1175116.1
686.8027080396897 1522811.4
686.9854018223576 1252614.4
687.1683346674763 1090902.8
687.351506575046 1289357.4
687.5349175450664 1088374.4
687.7185675775377 1259264.9
687.9024566724601 1140161.1
688.0865848298331 1365082.6
688.2709520496572 1180118.2
688.4555583319321 1097301.2
688.640403676658 1289059.0
688.8254880838347 1104068.2
689.0108115534624 1338275.2
689.1963740855408 1530386.8
689.3821756800703 1619086.2
689.5682163370506 1619251.1
689.7544960564818 1641004.4
689.9410148383638 1437589.9
690.1277726826967 1496741.0
690.3147695894805 1441311.5
690.5020055587153 1324643.1
690.689480590401 1243728.9
690.8771946845374 1585766.8
691.0651478411248 1566058.5
691.253340060163 1385147.8
691.4417713416524 1456174.8
691.6304416855924 1671956.1
691.8193510919834 1552664.5
692.0084995608252 1670644.9
692.197887092118 1663890.1
692.3875136858616 1389883.6
692.5773793420561 1445745.5
692.7674840607016 1321272.0
692.9578278417978 1464246.0
693.1484106853451 1625572.8
693.339232591343 1282614.0
693.5302935597921 1329276.2
693.7215935906919 1398791.5
693.9131326840427 1456941.5
694.1049108398444 1336821.4
694.2969280580969 1406826.2
694.4891843388003 1542585.2
694.6816796819547 1574485.0
694.8744140875599 1643370.6
695.067387555616 1458703.1
695.260600086123 1917575.8
695.4540516790809 1927819.9
695.6477423344896 2228144.8
695.8416720523492 2127607.2
696.0358408326598 1658928.0
696.2302486754212 1722051.2
696.4248955806336 2052694.0
696.6197815482967 2074913.1
696.814906578411 2040741.2
697.0102706709758 2246829.8
697.2058738259918 2140919.8
697.4017160434586 2393389.0
697.5977973233763 2424363.2
697.7941176657448 2324677.8
697.9906770705643 2571976.5
698.1874755378346 2169306.5
698.3845130675558 2074190.6
698.581789659728 2265687.8
698.779305314351 2465669.0
698.9770600314249 2318013.0
699.1750538109496 2447693.5
699.3732866529253 2545059.2
699.5717585573519 2504220.5
699.7704695242294 2585941.2
699.9694195535577 2425770.5
700.168608645337 2651668.0
700.3680367995671 2427916.2
700.5677040162482 2822892.2
700.7676102953801 2998136.0
700.9677556369629 3018976.5
701.1681400409966 3364436.0
701.368763507481 2777155.0
701.5696260364166 2712186.0
701.7707276278029 2456665.2
701.9720682816403 2429738.5
702.1736479979284 2592881.8
702.3754667766674 3156657.0
702.5775246178573 3124554.5
702.7798215214982 2960412.0
702.9823574875899 2717842.2
703.1851325161325 2662749.0
703.3881466071259 2707251.2
703.5913997605704 2732216.5
703.7948919764656 2453139.5
703.9986232548118 2599223.5
704.2025935956088 3028446.0
704.4068029988567 2693452.5
704.6112514645556 2638183.5
704.8159389927052 2687652.5
705.020865583306 2673746.5
705.2260312363574 2695631.5
705.4314359518598 2762567.0
705.6370797298131 2825839.8
705.8429625702173 3037332.0
706.0490844730723 3135747.2
706.2554454383783 3304038.0
706.4620454661351 3350966.5
706.6688845563428 3281641.5
706.8759627090014 3465088.5
707.0832799241109 3087525.2
707.2908362016714 2986634.5
707.4986315416826 3354347.0
707.7066659441448 3470450.2
707.9149394090579 3628789.0
708.1234519364218 4042735.5
708.3322035262366 4408067.0
708.5411941785025 4304848.5
708.750423893219 4634548.5
708.9598926703866 4301546.5
709.169600510005 4245586.0
709.3795474120743 4293635.5
709.5897333765945 4430644.0
709.8001584035657 4213675.5
710.0108224929876 4296234.0
710.2217256448604 4326901.0
710.4328678591842 4092295.5
710.6442491359588 4519044.5
710.8558694751844 4542030.5
711.0677288768608 5001221.0
711.2798273409882 5733623.0
711.4921648675663 6382101.0
711.7047414565955 7742888.0
711.9175571080754 9478961.0
712.1306118220064 10760790.0
712.343905598388 12026758.0
712.5574384372208 12243266.0
712.7712103385043 11722058.0
712.9852213022388 10626124.0
713.199471328424 10617225.0
713.4139604170601 9960466.0
713.6286885681474 9514148.0
713.8436557816852 9094618.0
714.0588620576742 8572806.0
714.274307396114 8373546.0
714.4899917970047 8625618.0
714.7059152603462 8530196.0
714.9220777861387 9114748.0
715.138479374382 9559684.0
715.3551200250763 10203658.0
715.5719997382214 10639808.0
715.7891185138174 11670680.0
716.0064763518642 11846229.0
716.224073252362 11259459.0
716.4419092153107 10938252.0
716.6599842407103 11200238.0
716.8782983285607 10455001.0
717.096851478862 9915881.0
717.3156436916144 9287156.0
717.5346749668174 9337851.0
717.7539453044715 8749946.0
717.9734547045764 7486550.0
718.1932031671322 6788077.5
718.4131906921389 5869012.5
718.6334172795965 5554142.5
718.853882929505 5040820.0
719.0745876418644 4754648.5
719.2955314166745 4185870.0
719.5167142539357 3793523.8
719.7381361536477 3493453.5
719.9597971158106 3375498.8
720.1816971404245 3513647.2
720.4038362274891 3667368.8
720.6262143770048 3684771.5
720.8488315889713 4196203.0
721.0716878633887 4449398.5
721.2947832002569 4855676.0
721.518117599576 6152283.0
721.741691061346 6820897.5
721.965503585567 9123898.0
722.1895551722389 10569419.0
722.4138458213616 11279632.0
722.6383755329352 12437140.0
722.8631443069596 13828622.0
723.0881521434351 15159760.0
723.3133990423613 14694791.0
723.5388850037385 14015591.0
723.7646100275665 13528588.0
723.9905741138455 13072190.0
724.2167772625753 12584505.0
724.4432194737561 12775000.0
724.6699007473876 12285502.0
724.8968210834703 12202558.0
725.1239804820036 12116490.0
725.3513789429879 12458974.0
725.579016466423 14438919.0
725.8068930523091 15528519.0
726.0350087006461 15961220.0
726.2633634114338 16546048.0
726.4919571846726 16595178.0
726.7207900203623 15886149.0
726.9498619185028 15098580.0
727.1791728790942 16070654.0
727.4087229021366 19440896.0
727.6385119876297 26488962.0
727.8685401355738 37947676.0
728.0988073459687 52516980.0
728.3293136188147 72697120.0
728.5600589541114 97253760.0
728.7910433518591 122279450.0
729.0222668120575 137837600.0
729.2537293347069 140834190.0
729.4854309198073 128407000.0
729.7173715673584 101045410.0
729.9495512773606 69437270.0
730.1819700498136 46071504.0
730.4146278847174 32543290.0
730.6475247820722 24661356.0
730.8806607418778 19826756.0
731.1140357641343 16951304.0
731.3476498488419 14837922.0
731.5815029960002 12397985.0
731.8155952056094 9760938.0
732.0499264776695 8902976.0
732.2844968121806 8172894.0
732.5193062091423 6408124.0
732.754354668555 5736492.0
732.9896421904187 5341504.5
733.2251687747333 5247557.0
733.4609344214988 4930390.5
733.6969391307151 4953648.5
733.9331829023823 5240204.5
734.1696657365004 5402041.0
734.4063876330695 5701355.0
734.6433485920893 6725304.5
734.8805486135602 7533930.5
735.1179876974818 8339779.0
735.3556658438545 9037164.0
735.5935830526778 8723894.0
735.8317393239522 8264167.0
736.0701346576775 7442017.0
736.3087690538534 6897499.0
736.5476425124806 6575235.5
736.7867550335584 6241965.5
737.0261066170873 6468782.0
737.265697263067 7008934.0
737.5055269714976 7367689.0
737.745595742379 8594438.0
737.9859035757114 9602079.0
738.2264504714947 11428650.0
738.4672364297288 16151231.0
738.7082614504138 23901236.0
738.9495255335498 35975336.0
739.1910286791365 52746516.0
739.4327708871742 71970780.0
739.6747521576629 91803860.0
739.9169724906022 111128820.0
740.1594318859927 123128340.0
740.4021303438338 120186630.0
740.6450678641261 103870560.0
740.8882444468691 76980696.0
741.131660092063 50234080.0
741.3753147997079 33841884.0
741.6192085698036 23671708.0
741.8633414023502 17887992.0
742.1077132973477 13958198.0
742.352324254796 11888181.0
742.5971742746954 10261642.0
742.8422633570456 8028257.5
743.0875915018465 6054017.0
743.3331587090985 5479017.5
743.5789649788013 5654719.0
743.8250103109551 4900101.5
744.0712947055597 3646207.2
744.3178181626151 2749906.5
744.5645806821216 2069202.4
744.8115822640789 1879966.9
745.058822908487 1987863.5
745.3063026153461 2350943.0
745.554021384656 2785307.0
745.801979216417 2869787.8
746.0501761106286 3084447.5
746.2986120672912 3677162.8
746.5472870864048 4684803.0
746.7962011679691 5833476.0
747.0453543119845 5404817.5
747.2947465184507 4568107.0
747.5443777873677 3396909.8
747.7942481187357 2636242.0
748.0443575125546 2610801.0
748.2947059688242 2397241.5
748.545293487545 2332846.2
748.7961200687164 2127665.2
749.0471857123389 2155616.2
749.2984904184123 2146995.5
749.5500341869365 1937687.0
749.8018170179115 1950228.6
750.0538389113375 2130752.2
750.3060998672144 2369976.0
750.558599885542 2481438.0
750.8113389663208 1948217.4
751.0643171095503 1616762.4
751.3175343152308 1713362.2
751.570990583362 1947018.6
751.8246859139442 2306093.2
752.0786203069773 2087008.0
752.3327937624614 1884653.5
752.5872062803962 1946431.5
752.841857860782 2063718.1
753.0967485036186 2210494.8
753.3518782089062 2528436.8
753.6072469766447 2636591.5
753.8628548068339 2333241.0
754.1187016994742 2718468.8
754.3747876545652 2762280.0
754.6311126721073 2652973.5
754.8876767521001 2689570.0
755.144479894544 2752010.0
755.4015220994386 2954426.0
755.6588033667842 3061671.0
755.9163236965807 3285363.8
756.1740830888281 3045888.5
756.4320815435262 2958131.5
756.6903190606754 3086537.2
756.9487956402754 3299936.2
757.2075112823263 3058287.8
757.4664659868281 3177119.5
757.7256597537807 3431178.8
757.9850925831844 3655077.0
758.2447644750388 3458127.0
758.5046754293442 3708840.2
758.7648254461004 4116103.8
759.0252145253075 4274925.5
759.2858426669656 4301940.0
759.5467098710745 4157881.0
759.8078161376343 4812637.0
760.069161466645 5392142.5
760.3307458581066 5656851.0
760.5925693120191 5504415.0
760.8546318283825 5169084.5
761.1169334071967 4735299.5
761.3794740484618 4563547.5
761.6422537521778 4612589.0
761.9052725183449 4551395.5
762.1685303469626 4018495.2
762.4320272380314 3778670.2
762.6957631915509 4061270.5
762.9597382075215 3402103.8
763.2239522859428 3195169.0
763.4884054268151 3480024.8
763.7530976301382 3941367.2
764.0180288959123 3687159.0
764.2831992241372 3592672.0
764.5486086148131 3481382.2
764.8142570679397 3598249.0
765.0801445835173 3943588.0
765.3462711615459 4507197.5
765.6126368020252 4867700.0
765.8792415049556 5935491.0
766.1460852703367 6279345.0
766.4131680981689 6131289.5
766.6804899884517 6399757.0
766.9480509411856 6672896.0
767.2158509563703 6652947.0
767.483890034006 6320791.0
767.7521681740925 5876929.5
768.0206853766299 4897096.0
768.2894416416182 4188395.5
768.5584369690574 4009129.5
768.8276713589474 4385133.5
769.0971448112883 4560679.5
769.3668573260802 4546072.5
769.636808903323 5073601.0
769.9069995430166 5379772.0
770.1774292451611 5676087.0
770.4480980097566 6364124.0
770.7190058368028 6674660.5
770.9901527263 7262952.0
771.2615386782481 7939769.5
771.5331636926471 8096160.0
771.805027769497 8240429.5
772.0771309087978 9525909.0
772.3494731105494 11663440.0
772.622054374752 14952071.0
772.8948747014053 17961450.0
773.1679340905096 21310990.0
773.4412325420649 24652020.0
773.714770056071 26919102.0
773.9885466325279 26946110.0
774.2625622714359 25259938.0
774.5368169727947 22527902.0
774.8113107366042 18535612.0
775.0860435628648 13930631.0
775.3610154515762 10550129.0
775.6362264027387 7699479.5
775.9116764163518 6590853.0
776.1873654924159 6696664.0
776.4632936309309 5926882.5
776.7394608318967 6210239.0
777.0158670953135 6123882.0
777.2925124211812 5715504.0
777.5693968094998 6160509.5
777.8465202602692 5963932.5
778.1238827734896 6484089.5
778.4014843491608 7167856.0
778.6793249872829 8122549.0
778.957404687856 9271884.0
779.23572345088 11258168.0
779.5142812763546 12603181.0
779.7930781642804 14466394.0
780.0721141146569 15881382.0
780.3513891274845 17583442.0
780.6309032027627 19469242.0
780.9106563404919 20336648.0
781.1906485406721 20084864.0
781.4708798033031 18966218.0
781.7513501283851 17315436.0
782.0320595159178 16083019.0
782.3130079659015 17152402.0
782.5941954783361 17365148.0
782.8756220532216 17045758.0
783.157287690558 17043788.0
783.4391923903453 15754361.0
783.7213361525834 13660189.0
784.0037189772725 11567111.0
784.2863408644123 11713681.0
784.5692018140032 13121831.0
784.8523018260448 13437366.0
785.1356409005374 13791609.0
785.419219037481 14502432.0
785.7030362368753 15616762.0
785.9870924987206 16292395.0
786.2713878230167 15910615.0
786.5559222097638 15168540.0
786.8406956589616 14081769.0
787.1257081706106 12949695.0
787.4109597447102 13105352.0
787.6964503812609 13259468.0
787.9821800802623 14331314.0
788.2681488417147 14473222.0
788.554356665618 13874199.0
788.8408035519722 14469819.0
789.1274895007773 15474818.0
789.4144145120331 16177562.0
789.70157858574 16391958.0
789.9889817218977 15951866.0
790.2766239205064 16797850.0
790.5645051815659 18570162.0
790.8526255050763 19465678.0
791.1409848910375 21373204.0
791.4295833394498 24101776.0
791.7184208503128 27402368.0
792.0074974236268 29349542.0
792.2968130593916 30723024.0
792.5863677576074 32729078.0
792.876161518274 33648508.0
793.1661943413915 34428930.0
793.45646622696 34853964.0
793.7469771749792 33594536.0
794.0377271854495 31633208.0
794.3287162583705 31390342.0
794.6199443937426 32984644.0
794.9114115915653 34788188.0
795.2031178518391 35029180.0
795.4950631745637 35329076.0
795.7872475597393 37631904.0
796.0796710073657 39524760.0
796.372333517443 39211076.0
796.6652350899712 41241644.0
796.9583757249504 43156224.0
797.2517554223803 42520160.0
797.5453741822612 45797684.0
797.839232004593 49348836.0
798.1333288893755 52942160.0
798.4276648366092 56948084.0
798.7222398462935 60792364.0
799.0170539184289 63269560.0
799.3121070530151 65613636.0
799.6073992500523 68080660.0
799.9029305095402 69997330.0
800.1987008314792 71972740.0
800.4947102158688 72283660.0
800.7909586627096 71706350.0
801.0874461720011 71448310.0
801.3841727437435 73304070.0
801.6811383779369 72847380.0
801.9783430745811 72227070.0
802.2757868336762 69744940.0
802.5734696552222 65315196.0
802.8713915392192 59301524.0
803.1695524856669 55411624.0
803.4679524945657 52255160.0
803.7665915659152 52013104.0
804.0654696997157 53898824.0
804.364586895967 54817456.0
804.6639431546693 54541340.0
804.9635384758224 55604990.0
805.2633728594265 57778350.0
805.5634463054813 60548716.0
805.863758813987 64726316.0
806.1643103849437 66395356.0
806.4651010183513 66520744.0
806.7661307142098 65587644.0
807.0673994725191 64358256.0
807.3689072932794 64313170.0
807.6706541764905 65711876.0
807.9726401221526 66898816.0
808.2748651302655 69227016.0
808.5773292008294 74355680.0
808.880032333844 83713410.0
809.1829745293097 94904400.0
809.4861557872262 108942320.0
809.7895761075936 129717050.0
810.0932354904118 151968750.0
810.3971339356808 172407020.0
810.701271443401 193793730.0
811.0056480135719 213118000.0
811.3102636461938 226461420.0
811.6151183412665 233861660.0
811.9202120987901 237168000.0
812.2255449187645 233901660.0
812.5311168011899 217362820.0
812.8369277460662 191969800.0
813.1429777533934 170783520.0
813.4492668231715 154857420.0
813.7557949554005 141818190.0
814.0625621500802 130741190.0
814.3695684072109 120226790.0
814.6768137267925 113444660.0
814.984298108825 108324560.0
815.2920215533085 102637600.0
815.5999840602427 97672820.0
815.908185629628 90671560.0
816.216626261464 82591130.0
816.5253059557509 76933020.0
816.8342247124888 70275420.0
817.1433825316776 61649784.0
817.4527794133171 53946384.0
817.7624153574077 47519730.0
818.072290363949 43013650.0
818.3824044329415 39276970.0
818.6927575643846 39026244.0
819.0033497582787 40763124.0
819.3141810146236 45012944.0
819.6252513334194 49143670.0
819.9365607146663 55594744.0
820.2481091583638 63558136.0
820.5598966645124 67770770.0
820.8719232331118 72532670.0
821.1841888641621 81670500.0
821.4966935576633 92158760.0
821.8094373136155 104968930.0
822.1224201320184 121316620.0
822.4356420128723 141774820.0
822.749102956177 164573310.0
823.0628029619327 188029400.0
823.3767420301392 212053060.0
823.6909201607966 240147800.0
824.005337353905 265449040.0
824.3199936094642 286603800.0
824.6348889274743 298807330.0
824.9500233079352 301889540.0
825.2653967508472 295359800.0
825.5810092562099 271911940.0
825.8968608240236 229153890.0
826.2129514542881 174829460.0
826.5292811470036 125434890.0
826.8458499021699 90991540.0
827.1626577197871 68059350.0
827.4797045998553 52203780.0
827.7969905423743 42707436.0
828.1145155473441 36313496.0
828.4322796147649 31310812.0
828.7502827446367 26658764.0
829.0685249369592 21731264.0
829.3870061917327 18015986.0
829.705726508957 15550449.0
830.0246858886322 14013555.0
830.3438843307583 12197620.0
830.6633218353354 11270820.0
830.9829984023633 10528546.0
831.3029140318422 10222518.0
831.6230687237718 10080754.0
831.9434624781525 9485574.0
832.2640952949838 9087131.0
832.5849671742662 9267261.0
832.9060781159994 9610838.0
833.2274281201835 9985628.0
833.5490171868187 10528881.0
833.8708453159045 10808555.0
834.1929125074414 10645848.0
834.515218761429 10855780.0
834.8377640778676 10774675.0
835.160548456757 10891526.0
835.4835718980975 11196844.0
835.8068344018886 11928650.0
836.1303359681309 14262794.0
836.4540765968239 15894002.0
836.778056287968 16365511.0
837.1022750415626 17042928.0
837.4267328576084 18206684.0
837.7514297361049 18699222.0
838.0763656770524 19394178.0
838.4015406804508 19958388.0
838.7269547463001 19705804.0
839.0526078746003 20541268.0
839.3785000653513 20515752.0
839.7046313185533 20686372.0
840.0310016342061 20837480.0
840.3576110123099 21845236.0
840.6844594528644 22748262.0
841.01154695587 22357940.0
841.3388735213264 21113280.0
841.6664391492336 20773212.0
841.9942438395917 20699686.0
842.3222875924008 21154496.0
842.6505704076608 22045224.0
842.9790922853716 22579496.0
843.3078532255333 22428568.0
843.636853228146 22129400.0
843.9660922932096 21422550.0
844.2955704207238 20237072.0
844.6252876106893 19739656.0
844.9552438631054 20596458.0
845.2854391779725 20570252.0
845.6158735552905 19656318.0
845.9465469950594 19195634.0
846.2774594972791 20368470.0
846.6086110619498 22561460.0
846.9400016890712 25089084.0
847.2716313786436 29407570.0
847.603500130667 33649972.0
847.9356079451411 36322104.0
848.2679548220663 40224490.0
848.6005407614422 44285190.0
848.9333657632692 47857444.0
849.2664298275467 51129524.0
849.5997329542755 55895984.0
849.933275143455 59828870.0
850.2670563950855 62653860.0
850.6010767091668 63579070.0
850.935336085699 60679910.0
851.2698345246821 58111824.0
851.6045720261161 58144376.0
851.939548590001 57057476.0
852.2747642163367 54927996.0
852.6102189051235 52362230.0
852.9459126563609 46567730.0
853.2818454700493 41254880.0
853.6180173461887 36149676.0
853.9544282847789 31149158.0
854.29107828582 29018744.0
854.627967349312 27757752.0
854.9650954752549 27915424.0
855.3024626636488 28786848.0
855.6400689144934 30427218.0
855.9779142277889 31755476.0
856.3159986035355 33203536.0
856.6543220417327 36223924.0
856.992884542381 38983656.0
857.33168610548 40814504.0
857.6707267310301 43726180.0
858.010006419031 45264050.0
858.3495251694828 47852600.0
858.6892829823855 52123456.0
859.0292798577391 54052124.0
859.3695157955435 57109624.0
859.709990795799 60485100.0
860.0507048585051 65131690.0
860.3916579836623 68768670.0
860.7328501712702 71094170.0
861.0742814213293 72933210.0
861.415951733839 74815650.0
861.7578611087997 79401250.0
862.1000095462114 84008310.0
862.4423970460737 84090310.0
862.7850236083872 81155580.0
863.1278892331513 76201300.0
863.4709939203666 68571730.0
863.8143376700325 59234040.0
864.1579204821496 50692000.0
864.5017423567174 42322404.0
864.845803293736 35159480.0
865.1901032932057 29919370.0
865.5346423551262 25239480.0
865.8794204794975 22847936.0
866.2244376663198 22564724.0
866.569693915593 25210872.0
866.9151892273169 27595088.0
867.2609236014919 29283912.0
867.6068970381177 30973898.0
867.9531095371945 33917532.0
868.299561098722 37009588.0
868.6462517227006 40096420.0
868.9931814091299 44182600.0
869.3403501580103 50211596.0
869.6877579693414 55846304.0
870.0354048431236 61513736.0
870.3832907793565 65210444.0
870.7314157780402 67909910.0
871.079779839175 70691190.0
871.4283829627606 74081170.0
871.7772251487971 77528000.0
872.1263063972845 81676990.0
872.4756267082229 85390020.0
872.825186081612 87195980.0
873.1749845174521 85072640.0
873.525022015743 77220310.0
873.875298576485 65080150.0
874.2258141996776 54569100.0
874.5765688853213 47509104.0
874.9275626334158 43592624.0
875.2787954439613 44212540.0
875.6302673169575 44898350.0
875.9819782524048 45121404.0
876.3339282503027 44867056.0
876.6861173106518 44473510.0
877.0385454334516 43811164.0
877.3912126187024 42101680.0
877.744118866404 40862220.0
878.0972641765566 37487532.0
878.45064854916 33656890.0
878.8042719842143 29770918.0
879.1581344817196 24214736.0
879.5122360416756 21023452.0
879.8665766640827 17952078.0
880.2211563489404 16228851.0
880.5759750962493 16318118.0
880.9310329060089 16786296.0
881.2863297782194 16907110.0
881.6418657128809 16670178.0
881.9976407099932 17192242.0
882.3536547695564 17335352.0
882.7099078915705 17040994.0
883.0664000760355 17096746.0
883.4231313229513 18142122.0
883.7801016323183 19666202.0
884.1373110041359 20173412.0
884.4947594384045 20229258.0
884.8524469351239 19809980.0
885.2103734942943 19190084.0
885.5685391159154 18354208.0
885.9269437999875 16961504.0
886.2855875465107 16270656.0
886.6444703554844 17317632.0
887.0035922269093 16834972.0
887.3629531607849 15921460.0
887.7225531571116 16282150.0
888.082392215889 16594086.0
888.4424703371174 17865596.0
888.8027875207965 19058752.0
889.1633437669268 19713670.0
889.5241390755077 22224424.0
889.8851734465397 22617980.0
890.2464468800224 24461738.0
890.6079593759562 26432868.0
890.9697109343408 27837964.0
891.3317015551763 30468660.0
891.6939312384626 33178224.0
892.0563999841997 36764396.0
892.419107792388 40553344.0
892.7820546630269 45844844.0
893.145240596117 49289340.0
893.5086655916577 51269870.0
893.8723296496495 51805100.0
894.2362327700921 53616476.0
894.6003749529856 56423616.0
894.96475619833 59449884.0
895.3293765061252 61887976.0
895.6942358763713 67369770.0
896.0593343090684 73597690.0
896.4246718042164 77282650.0
896.7902483618151 77926730.0
897.1560639818649 77691890.0
897.5221186643654 72525590.0
897.888412409317 63080484.0
898.2549452167193 51708890.0
898.6217170865726 39277704.0
898.9887280188768 28919778.0
899.3559780136319 23620608.0
899.7234670708378 20300398.0
900.0911951904947 16916306.0
900.4591623726023 15099245.0
900.827368617161 14264216.0
901.1958139241705 12729220.0
901.5644982936308 12471670.0
901.9334217255422 12486591.0
902.3025842199042 12682351.0
902.6719857767174 13110466.0
903.0416263959813 13016738.0
903.4115060776962 12593389.0
903.7816248218619 13096470.0
904.1519826284787 13412370.0
904.5225794975461 12999305.0
904.8934154290646 13395899.0
905.2644904230337 12702741.0
905.635804479454 12152459.0
906.0073575983251 11535949.0
906.3791497796472 11670931.0
906.7511810234199 11564466.0
907.1234513296438 10901055.0
907.4959606983184 10621971.0
907.8687091294438 10618448.0
908.2416966230203 10580944.0
908.6149231790475 10147238.0
908.9883887975259 10031457.0
909.3620934784549 9209332.0
909.736037221835 8935482.0
910.1102200276657 9768371.0
910.4846418959476 9612880.0
910.8593028266802 9765497.0
911.2342028198638 8874371.0
911.6093418754981 8616550.0
911.9847199935836 8744925.0
912.3603371741196 9402501.0
912.7361934171067 9608054.0
913.1122887225448 10756095.0
913.4886230904336 12230760.0
913.8651965207735 13348342.0
914.242009013564 13844601.0
914.6190605688057 13652032.0
914.996351186498 13215390.0
915.3738808666415 13625558.0
915.7516496092356 14968181.0
916.1296574142808 16009914.0
916.5079042817767 15960068.0
916.8863902117237 16808696.0
917.2651152041215 17263468.0
917.6440792589702 17344220.0
918.0232823762697 17578830.0
918.4027245560201 16416239.0
918.7824057982216 14700420.0
919.1623261028737 14125352.0
919.542485469977 14494278.0
919.9228838995309 13201042.0
920.3035213915359 13842222.0
920.6843979459916 14213648.0
921.0655135628983 15631952.0
921.446868242256 16717625.0
921.8284619840645 16690646.0
922.2102947883237 16369006.0
922.5923666550341 15772886.0
922.9746775841952 16014940.0
923.3572275758072 16588119.0
923.7400166298701 18075296.0
924.1230447463838 20110940.0
924.5063119253487 21524188.0
924.8898181667641 21575138.0
925.2735634706307 21821600.0
925.657547836948 21122618.0
926.0417712657163 19711984.0
926.4262337569354 18944426.0
926.8109353106056 17584806.0
927.1958759267263 16239190.0
927.5810556052983 16031769.0
927.966474346321 16446175.0
928.3521321497947 17298326.0
928.7380290157191 16021580.0
929.1241649440944 15221124.0
929.5105399349206 15562054.0
929.8971539881978 15183834.0
930.2840071039259 13880460.0
930.6710992821048 12690520.0
931.0584305227347 12872204.0
931.4460008258154 12645941.0
931.8338101913471 12321274.0
932.2218586193296 10592524.0
932.610146109763 8825510.0
932.9986726626472 7039206.0
933.3874382779825 5133838.5
933.7764429557685 4126468.5
934.1656866960054 3349527.2
934.5551694986933 3059770.5
934.9448913638321 3225401.0
935.3348522914216 2933290.0
935.7250522814621 3204559.8
936.1154913339535 3864046.2
936.5061694488959 4039356.2
936.8970866262891 4119047.5
937.288242866133 4126682.5
937.6796381684281 3817086.5
938.0712725331739 3647664.5
938.4631459603708 4005244.8
938.8552584500184 3710998.8
939.247610002117 4318573.5
939.6402006166663 4800826.0
940.0330302936667 5391559.5
940.4260990331178 5617431.0
940.8194068350199 5857279.0
941.212953699373 5879379.0
941.6067396261767 5550790.0
942.0007646154315 5447653.0
942.3950286671371 5860848.0
942.7895317812938 5493289.5
943.184273957901 5235471.0
943.5792551969595 4992877.5
943.9744754984687 4762927.0
944.3699348624289 4984293.0
944.7656332888398 4753974.5
945.1615707777016 4432936.0
945.5577473290144 3913013.0
945.9541629427781 3667677.0
946.3508176189927 3642856.5
946.7477113576581 4382798.0
947.1448441587745 4674279.5
947.5422160223416 4840463.0
947.9398269483597 5237068.0
948.3376769368288 5497345.5
948.7357659877487 5198099.0
949.1340941011194 5675599.5
949.5326612769411 6687962.5
949.9314675152136 6558325.5
950.3305128159373 6124406.0
950.7297971791115 6196720.5
951.1293206047367 6334026.0
951.5290830928128 6449810.5
951.9290846433399 6575315.5
952.3293252563178 6352814.5
952.7298049317465 6213891.0
953.1305236696262 6108827.0
953.5314814699568 6489937.0
953.9326783327383 6188209.5
954.3341142579707 6214909.5
954.7357892456539 6531112.0
955.137703295788 6147674.5
955.5398564083731 5938569.0
955.942248583409 5728128.0
956.3448798208958 5046890.5
956.7477501208334 4731555.5
957.1508594832221 4625090.0
957.5542079080615 3674174.5
957.9577953953519 3970237.0
958.3616219450932 3769775.2
958.7656875572852 4057216.2
959.1699922319283 4467756.0
959.5745359690222 5198922.5
959.979318768567 5651966.0
960.3843406305627 5214464.0
960.7896015550094 4940203.0
961.1951015419069 5029073.5
961.6008405912553 6099373.0
962.0068187030545 6691122.0
962.4130358773048 5761715.0
962.8194921140057 5695233.0
963.2261874131577 6105700.0
963.6331217747605 6522385.0
964.0402951988142 6235827.0
964.4477076853188 6353071.0
964.8553592342744 6829622.5
965.2632498456808 6790247.5
965.671379519538 7000150.0
966.0797482558462 7428349.0
966.4883560546052 7236966.0
966.8972029158153 6265707.0
967.3062888394761 5208349.0
967.7156138255879 4746926.5
968.1251778741505 4393368.0
968.534980985164 4181543.8
968.9450231586284 3638740.5
969.3553043945437 3518397.2
969.7658246929099 3202855.0
970.1765840537269 3012107.0
970.5875824769948 3457486.2
970.9988199627137 3809342.8
971.4102965108834 3929802.8
971.822012121504 4004772.2
972.2339667945757 4214082.0
972.6461605300981 4281482.0
973.0585933280714 4204074.0
973.4712651884955 4275707.0
973.8841761113707 5111505.5
974.2973260966967 5516129.0
974.7107151444736 5453112.0
975.1243432547012 5648433.0
975.5382104273799 6222340.5
975.9523166625095 6715689.5
976.3666619600898 7958517.0
976.7812463201212 7333584.0
977.1960697426034 7405000.0
977.6111322275365 7643670.0
978.0264337749204 8322627.0
978.4419743847554 8452915.0
978.8577540570411 8042725.5
979.2737727917779 8300131.0
979.6900305889653 7936832.0
980.1065274486039 7264274.5
980.523263370693 7432838.0
980.9402383552333 7824319.5
981.3574524022245 7690638.0
981.7749055116664 7777977.0
982.1925976835594 8403394.0
982.6105289179031 8455685.0
983.0286992146978 8773616.0
983.4471085739433 10042352.0
983.8657569956398 10423107.0
984.2846444797872 10508868.0
984.7037710263854 10871069.0
985.1231366354345 11935044.0
985.5427413069345 13374469.0
985.9625850408854 13841264.0
986.3826678372873 12134100.0
986.8029896961399 11865756.0
987.2235506174435 12362244.0
987.6443506011979 12791550.0
988.0653896474032 12223274.0
988.4866677560595 11301770.0
988.9081849271665 10422749.0
989.3299411607247 9705076.0
989.7519364567336 9960778.0
990.1741708151934 9551058.0
990.5966442361041 9474782.0
991.0193567194657 9163783.0
991.4423082652781 8878319.0
991.8654988735416 8042593.0
992.2889285442558 6949274.5
992.712597277421 7517180.5
993.1365050730369 7224442.5
993.5606519311038 6848659.5
993.9850378516217 7263413.0
994.4096628345903 7612993.0
994.83452688001 7984495.5
995.2596299878804 8604219.0
995.6849721582018 9084879.0
996.110553390974 9599057.0
996.5363736861973 10208523.0
996.9624330438713 10785620.0
997.3887314639962 10381993.0
997.8152689465721 9883334.0
998.2420454915989 10225641.0
998.6690610990764 10116736.0
999.0963157690048 9590062.0
999.5238095013843 8121074.0
999.9515422962145 8609416.0
1000.3795141534958 7984815.5
1000.8077250732279 7140949.5
1001.2361750554107 6186069.0
1001.6648641000446 5821555.0
1002.0937922071294 5539724.0
1002.522959376665 5461634.0
1002.9523656086515 5623277.0
1003.3820109030889 5537538.0
1003.8118952599773 4762749.5
1004.2420186793163 5287094.0
1004.6723811611065 6415770.0
1005.1029827053474 7427454.5
1005.5338233120393 8399180.0
1005.9649029811819 9468593.0
1006.3962217127755 10296801.0
1006.8277795068202 11354814.0
1007.2595763633155 12260849.0
1007.6916122822619 13043686.0
1008.1238872636591 14301890.0
1008.5564013075071 16068551.0
1008.9891544138061 17795590.0
1009.422146582556 19533208.0
1009.8553778137567 18692284.0
1010.2888481074084 19358652.0
1010.7225574635108 20822372.0
1011.1565058820644 20424034.0
1011.5906933630686 20053362.0
1012.0251199065237 17852518.0
1012.45978551243 15030401.0
1012.8946901807869 12428716.0
1013.3298339115948 10154038.0
1013.7652167048535 8118917.0
1014.2008385605632 6289295.5
1014.6366994787238 4974657.5
1015.0727994593352 5406653.0
1015.5091385023975 5527678.0
1015.9457166079108 5645954.5
1016.3825337758749 6176896.0
1016.8195900062899 6911636.0
1017.2568852991558 7563878.0
1017.6944196544725 9010729.0
1018.1321930722402 9428422.0
1018.5702055524587 10984154.0
1019.0084570951283 11993074.0
1019.4469477002485 13286656.0
1019.8856773678198 14195744.0
1020.3246460978419 13803576.0
1020.763853890315 14120642.0
1021.2033007452387 14766754.0
1021.6429866626136 15812480.0
1022.0829116424393 17750914.0
1022.5230756847159 18156362.0
1022.9634787894433 17863018.0
1023.4041209566217 16061349.0
1023.8450021862509 12009619.0
1024.286122478331 9528709.0
1024.727481832862 6833442.0
1025.1690802498438 5577991.0
1025.6109177292767 4297255.5
1026.0529942711605 3441369.8
1026.495309875495 2970081.0
1026.9378645422805 2692337.5
1027.380658271517 2267598.0
1027.823691063204 2140872.0
1028.2669629173424 2202833.0
1028.7104738339312 1931114.8
1029.1542238129714 1457976.1
1029.598212854462 1379940.5
1030.0424409584039 1354589.5
1030.4869081247964 1052813.5
1030.9316143536398 1058163.1
1031.376559644934 1183476.5
1031.8217439986793 1226832.4
1032.2671674148755 1286491.0
1032.7128298935227 1259462.4
1033.1587314346207 1281868.6
1033.6048720381693 1227512.4
1034.051251704169 1190810.1
1034.4978704326197 1092960.8
1034.9447282235212 1054640.1
1035.3918250768736 1202312.1
1035.8391609926769 1050620.4
1036.286735970931 1382664.0
1036.734550011636 1368910.2
1037.182603114792 1369629.8
1037.6308952803988 1203427.0
1038.0794265084567 1274197.6
1038.5281967989652 1210009.8
1038.9772061519247 1182873.5
1039.426454567335 1260816.8
1039.8759420451966 1337919.4
1040.3256685855085 1123462.2
1040.7756341882716 1400212.0
1041.2258388534856 1709243.1
1041.6762825811506 1815331.9
1042.1269653712661 1387183.0
1042.577887223833 950644.7
1043.0290481388504 1171763.9
1043.4804481163187 1420904.4
1043.9320871562381 1542121.8
1044.3839652586082 1807002.8
1044.8360824234294 2046115.6
1045.2884386507012 1825877.5
1045.7410339404241 2040569.5
1046.193868292598 1999327.5
1046.6469417072226 1669361.5
1047.1002541842981 1544222.2
1047.5538057238246 1528780.0
1048.0075963258018 2110502.0
1048.46162599023 1914413.2
1048.915894717109 1591787.0
1049.3704025064392 1700294.5
1049.82514935822 1707488.2
1050.2801352724516 1320731.1
1050.7353602491344 1332079.4
1051.1908242882678 1658881.1
1051.6465273898525 1874291.9
1052.1024695538877 2137426.0
1052.558650780374 1963831.5
1053.015071069311 1680800.0
1053.471730420699 1536659.0
1053.928628834538 1403101.4
1054.3857663108276 1415910.6
1054.8431428495683 1784326.8
1055.30075845076 1725129.8
1055.7586131144024 2100905.5
1056.2167068404956 2101022.2
1056.67503962904 2248777.5
1057.133611480035 2298590.5
1057.592422393481 2207932.8
1058.0514723693777 2127194.0
1058.5107614077258 2667257.5
1058.9702895085243 2581966.5
1059.4300566717739 2267731.5
1059.8900628974743 2099824.5
1060.3503081856259 2507799.2
1060.8107925362278 2662571.2
1061.2715159492811 1125996.2
1061.732478424785 -633450.5
1062.1936799627401 -1796361.1
1062.6551205631458 -3842425.2
1063.1168002260026 -5349636.0
1063.57871895131 -6427770.5
1064.0408767390686 -7798570.0
1064.503273589278 -10017171.0
1064.965909501938 -12082776.0
1065.4287844770492 -14084555.0
1065.8918985146113 -16076100.0
1066.3552516146242 -18219022.0
1066.818843777088 -20186986.0
1067.2826750020029 -22248752.0
1067.7467452893684 -24083352.0
1068.211054639185 -26161080.0
1068.6756030514523 -28227838.0
1069.1403905261704 -30100404.0
1069.6054170633397 0.0
1070.0706826629596 0.0
1070.5361873250306 0.0
1071.0019310495525 0.0
1071.4679138365252 0.0
1071.9341356859486 0.0
