string
description: px_shifted, calibration parameter: [ 1.19531225e-04 -2.30194563e-02  6.18194146e+02]
converted file:R_100ms_Fe_S3_x_1_57_binned_y back: data/dark_100msRZP-structure:___RZP_S3100msRoi:[0, 1040, 2048, 2048]
eV counts/s
618.1712462133476 1769937.8
618.1485853507007 1293377.9
618.1261635505048 1450182.4
618.1039808127597 1687890.6
618.0820371374655 1735372.6
618.0603325246223 1435765.6
618.0388669742298 1787103.5
618.0176404862883 1925893.1
617.9966530607976 1806395.1
617.9759046977579 2087180.5
617.955395397169 2016467.0
617.9351251590311 1921719.5
617.9150939833439 1799151.1
617.8953018701078 1892286.0
617.8757488193226 2004018.9
617.8564348309881 2380726.0
617.8373599051046 2059425.0
617.8185240416719 2290385.0
617.7999272406903 2094254.4
617.7815695021593 2195984.8
617.7634508260794 2232029.0
617.7455712124504 2152861.0
617.7279306612722 2470639.8
617.7105291725449 2429070.5
617.6933667462686 2288828.8
617.676443382443 2196452.5
617.6597590810685 1957144.5
617.6433138421447 1792829.0
617.6271076656718 1660458.0
617.6111405516499 2113724.5
617.5954125000789 2174765.5
617.5799235109587 1692254.9
617.5646735842894 1861615.6
617.5496627200711 2302767.5
617.5348909183035 2124311.0
617.520358178987 1841152.4
617.5060645021213 2230286.5
617.4920098877064 2702586.2
617.4781943357425 2856268.5
617.4646178462295 2704999.8
617.4512804191673 2600499.2
617.4381820545561 2692743.8
617.4253227523957 2826223.0
617.4127025126862 2585887.8
617.4003213354276 2508085.2
617.3881792206199 2419500.2
617.3762761682632 2694115.5
617.3646121783572 2320585.0
617.3531872509022 2098043.2
617.342001385898 1769716.4
617.3310545833449 1697720.2
617.3203468432424 1814344.9
617.309878165591 1751593.1
617.2996485503904 1839253.2
617.2896579976408 1705546.2
617.2799065073419 1734648.6
617.270394079494 1720491.4
617.261120714097 1877379.5
617.2520864111508 2227369.0
617.2432911706557 2979992.0
617.2347349926113 2808592.8
617.2264178770179 2940580.2
617.2183398238752 2667928.0
617.2105008331837 2655850.5
617.2029009049428 2901987.5
617.195540039153 2515030.8
617.188418235814 2452081.0
617.1815354949258 2476446.0
617.1748918164886 2705103.0
617.1684872005023 2666492.5
617.1623216469668 2246554.8
617.1563951558823 2478458.5
617.1507077272486 2741007.0
617.1452593610658 3264086.0
617.140050057334 3835593.0
617.1350798160529 4066078.5
617.1303486372229 3664037.5
617.1258565208436 3624426.5
617.1216034669154 4158236.2
617.1175894754379 4452480.5
617.1138145464114 4332452.5
617.1102786798357 4311131.5
617.106981875711 3911652.0
617.1039241340371 3656474.8
617.1011054548142 3282785.5
617.0985258380421 3137190.2
617.0961852837207 3004139.5
617.0940837918505 2927362.0
617.092221362431 3408074.0
617.0905979954625 3682140.0
617.0892136909449 3760780.0
617.0880684488782 3514825.2
617.0871622692623 3702157.2
617.0864951520974 4272274.5
617.0860670973833 5380983.0
617.0858781051202 5655447.0
617.0859281753078 5589024.5
617.0862173079464 5449890.5
617.0867455030359 4403866.0
617.0875127605763 3591800.5
617.0885190805675 3191954.5
617.0897644630096 1766156.5
617.0912489079027 1460327.6
617.0929724152465 1451206.4
617.0949349850415 1313764.2
617.0971366172871 1340725.0
617.0995773119838 1359755.1
617.1022570691313 1316692.2
617.1051758887297 1486075.8
617.1083337707789 1590643.9
617.1117307152791 1356233.9
617.1153667222302 1813043.9
617.1192417916321 1885862.2
617.123355923485 1606683.2
617.1277091177888 1914475.5
617.1323013745433 2424179.8
617.1371326937488 2669516.0
617.1422030754052 3087183.8
617.1475125195125 3709665.0
617.1530610260706 3832444.8
617.1588485950797 4028647.5
617.1648752265397 4839483.0
617.1711409204505 6191832.5
617.1776456768123 5680257.0
617.1843894956249 5320262.0
617.1913723768885 5281494.5
617.1985943206029 5106043.0
617.2060553267681 5482793.0
617.2137553953843 5090717.0
617.2216945264513 5298230.5
617.2298727199694 5012074.0
617.2382899759382 3879960.2
617.246946294358 2795816.0
617.2558416752286 1572453.0
617.2649761185502 1324549.4
617.2743496243226 1187091.9
617.2839621925459 1310726.8
617.29381382322 1185821.9
617.3039045163453 811844.25
617.3142342719211 744031.3
617.3248030899481 730182.44
617.3356109704258 568976.94
617.3466579133545 554215.7
617.357943918734 542000.06
617.3694689865644 629871.94
617.3812331168458 455254.53
617.3932363095779 608909.1
617.4054785647611 556737.0
617.417959882395 717958.06
617.43068026248 877657.9
617.4436397050157 818648.1
617.4568382100024 977806.3
617.47027577744 1067734.8
617.4839524073284 1950222.8
617.4978680996677 2601375.0
617.512022854458 3188893.8
617.526416671699 4083450.5
617.5410495513911 5303590.5
617.555921493534 6041002.5
617.5710324981277 5870389.5
617.5863825651725 5426405.0
617.601971694668 4819672.0
617.6177998866144 3405768.8
617.6338671410118 2568303.5
617.6501734578601 2462219.0
617.6667188371591 2010764.5
617.6835032789093 2420187.0
617.70052678311 2734244.8
617.7177893497619 3207378.0
617.7352909788646 3444186.0
617.7530316704182 3195039.5
617.7710114244226 3399457.2
617.7892302408779 3549382.0
617.8076881197842 3013538.5
617.8263850611413 3280518.0
617.8453210649494 4212297.0
617.8644961312083 5164343.5
617.8839102599181 6480599.5
617.9035634510788 7446289.0
617.9234557046905 10029184.0
617.9435870207528 12319068.0
617.9639573992663 12583380.0
617.9845668402305 11628778.0
618.0054153436457 9438439.0
618.0265029095117 7361119.0
618.0478295378288 6360301.0
618.0693952285965 4394659.5
618.0911999818152 2877249.8
618.1132437974848 1864112.2
618.1355266756052 1797753.9
618.1580486161766 1650232.5
618.180809619199 1424064.0
618.2038096846721 1559695.2
618.2270488125961 1522306.8
618.2505270029711 1497954.8
618.2742442557969 1358578.2
618.2982005710737 1049710.0
618.3223959488013 988277.0
618.3468303889798 869925.3
618.3715038916091 754654.3
618.3964164566895 742591.3
618.4215680842207 1008975.06
618.4469587742026 1001589.4
618.4725885266356 1024034.44
618.4984573415195 1033272.4
618.5245652188543 1137740.9
618.5509121586398 1433943.5
618.5774981608764 1490847.2
618.6043232255638 1406471.4
618.6313873527021 1222843.9
618.6586905422912 1519223.1
618.6862327943314 2106619.5
618.7140141088223 2576344.5
618.7420344857642 3154691.5
618.7702939251569 4010761.0
618.7987924270005 5286490.5
618.827529991295 6582275.5
618.8565066180404 6647897.5
618.8857223072368 7540917.5
618.915177058884 7815440.5
618.944870872982 7996383.0
618.974803749531 7417805.0
619.004975688531 6059839.0
619.0353866899817 4548152.5
619.0660367538834 3830152.0
619.0969258802359 3381412.0
619.1280540690393 2343089.8
619.1594213202936 1891658.1
619.1910276339989 2009981.4
619.2228730101549 1996239.4
619.2549574487618 1346119.4
619.2872809498198 1228279.0
619.3198435133286 1334166.9
619.3526451392883 1307075.5
619.3856858276988 1260849.5
619.4189655785602 1027573.2
619.4524843918725 602560.75
619.4862422676358 565332.9
619.5202392058499 745634.75
619.5544752065149 1214716.2
619.5889502696308 1078046.8
619.6236643951976 1009929.06
619.6586175832152 1050060.8
619.6938098336839 1465719.0
619.7292411466033 1842235.6
619.7649115219735 2481460.8
619.8008209597948 2544350.2
619.8369694600669 3127878.8
619.8733570227901 3769694.5
619.9099836479638 4520007.0
619.9468493355887 5251109.5
619.9839540856643 5536765.0
620.0212978981909 5382957.0
620.0588807731684 5700575.5
620.0967027105968 4681196.0
620.134763710476 3687059.8
620.1730637728062 2260530.0
620.2116028975872 1989686.8
620.2503810848191 1304701.0
620.2893983345019 1245901.0
620.3286546466355 1330306.1
620.3681500212202 1084259.9
620.4078844582556 770679.44
620.447857957742 1042648.1
620.4880705196792 1136617.9
620.5285221440674 965137.5
620.5692128309064 900314.44
620.6101425801965 954105.1
620.6513113919372 696216.94
620.692719266129 829128.4
620.7343662027715 842865.25
620.7762522018651 669168.6
620.8183772634094 857011.25
620.8607413874046 783613.0
620.9033445738509 982610.56
620.9461868227478 899749.0
620.9892681340958 1346947.6
621.0325885078946 1036842.75
621.0761479441444 1072875.8
621.1199464428449 1257305.5
621.1639840039965 764089.25
621.2082606275989 605416.2
621.2527763136521 422909.44
621.2975310621563 838278.2
621.3425248731114 754309.6
621.3877577465173 919916.3
621.4332296823742 1081522.2
621.478940680682 833599.44
621.5248907414405 798213.4
621.5710798646501 845030.3
621.6175080503104 819343.75
621.6641752984218 1050960.1
621.7110816089839 714486.25
621.758226981997 1006828.5
621.8056114174609 1111597.2
621.8532349153759 747318.1
621.9010974757415 796902.9
621.9491990985582 1069962.0
621.9975397838257 1187292.5
622.0461195315442 1000529.94
622.0949383417135 1107896.0
622.1439962143336 1599091.9
622.1932931494047 1626515.0
622.2428291469266 1601645.6
622.2926042068996 1360832.0
622.3426183293233 1401042.2
622.392871514198 1643760.8
622.4433637615234 1409987.5
622.4940950713 1089942.2
622.5450654435272 889302.5
622.5962748782055 1088934.2
622.6477233753345 1307644.6
622.6994109349146 1448973.9
622.7513375569454 1500472.2
622.8035032414273 1372514.2
622.8559079883598 1341874.8
622.9085517977434 1916794.8
622.9614346695778 2474527.2
623.0145566038631 2643961.2
623.0679176005993 2450922.5
623.1215176597865 2459421.5
623.1753567814245 2242927.0
623.2294349655133 2496262.5
623.2837522120532 2763846.5
623.3383085210438 3091982.0
623.3931038924854 2994980.2
623.4481383263778 2754695.2
623.5034118227212 3045300.0
623.5589243815153 3441538.8
623.6146760027606 4624592.0
623.6706666864566 5679373.0
623.7268964326033 5932601.0
623.7833652412012 5781892.0
623.8400731122499 5276954.5
623.8970200457495 4239606.0
623.9542060416999 3303979.8
624.0116311001013 2509445.2
624.0692952209534 2024919.4
624.1271984042567 1647119.0
624.1853406500106 1466511.9
624.2437219582156 1663781.8
624.3023423288714 1431582.8
624.3612017619781 1228813.5
624.4203002575357 988720.75
624.4796378155443 1037686.2
624.5392144360035 984090.3
624.5990301189137 950224.1
624.659084864275 1140772.1
624.7193786720869 1459901.8
624.7799115423499 1176339.8
624.8406834750637 1010551.56
624.9016944702284 1299346.5
624.962944527844 1005433.1
625.0244336479105 892705.06
625.0861618304278 981116.6
625.1481290753961 1008417.9
625.2103353828153 937150.6
625.2727807526853 1173660.5
625.3354651850062 1364466.8
625.398388679778 1753108.1
625.4615512370008 1532941.4
625.5249528566744 1798867.5
625.5885935387989 2311780.5
625.6524732833743 2143150.2
625.7165920904006 2688304.5
625.7809499598777 3201585.5
625.8455468918058 3515834.0
625.9103828861847 3636081.2
625.9754579430146 3069952.8
626.0407720622953 2927839.5
626.106325244027 2583104.0
626.1721174882094 2057138.0
626.2381487948429 1619642.4
626.3044191639272 1678688.5
626.3709285954623 1234885.5
626.4376770894484 1167485.6
626.5046646458853 973904.06
626.5718912647732 1275129.8
626.6393569461119 1252444.9
626.7070616899016 1266300.0
626.7750054961421 975040.25
626.8431883648335 975435.5
626.9116102959758 854819.1
626.980271289569 901879.5
627.0491713456131 877734.4
627.1183104641082 975876.9
627.1876886450539 804798.8
627.2573058884507 815366.2
627.3271621942984 1165593.2
627.3972575625968 965059.6
627.4675919933463 996512.56
627.5381654865465 1551312.8
627.6089780421978 1983279.0
627.6800296602999 2282829.2
627.7513203408529 2613737.2
627.8228500838567 2175198.2
627.8946188893116 1938882.2
627.9666267572171 1997945.2
628.0388736875738 1854145.6
628.1113596803812 1746925.2
628.1840847356395 1696070.6
628.2570488533487 1839973.1
628.3302520335087 1541817.2
628.4036942761198 1334120.5
628.4773755811816 1505697.5
628.5512959486945 1626792.6
628.6254553786581 1791533.8
628.6998538710727 2086781.0
628.7744914259381 2475004.5
628.8493680432545 2502378.5
628.9244837230217 2242429.0
628.9998384652398 2201343.2
629.0754322699088 2344843.0
629.1512651370288 2268775.0
629.2273370665995 2597157.8
629.3036480586212 2970628.0
629.3801981130938 3448887.0
629.4569872300171 3791171.5
629.5340154093916 3281215.0
629.6112826512167 2671226.2
629.6887889554929 2400440.2
629.7665343222199 2160151.5
629.8445187513979 1704139.8
629.9227422430266 1293618.5
630.0012047971064 1590507.0
630.0799064136369 1501213.6
630.1588470926184 1425865.5
630.2380268340507 1128947.8
630.317445637934 1426590.6
630.3971035042681 1539325.2
630.4770004330533 1480656.0
630.5571364242891 1665872.0
630.6375114779759 1382066.0
630.7181255941136 1047230.06
630.7989787727022 1456694.9
630.8800710137417 1597116.2
630.961402317232 1501119.9
631.0429726831734 1603338.2
631.1247821115654 1290376.2
631.2068306024086 1188058.0
631.2891181557025 880798.5
631.3716447714473 1168297.6
631.454410449643 1276090.8
631.5374151902896 1275978.5
631.6206589933871 1076446.8
631.7041418589355 825031.3
631.7878637869347 1212474.9
631.8718247773849 1478974.8
631.956024830286 1660162.4
632.0404639456378 2082464.2
632.1251421234408 2136662.0
632.2100593636944 1868926.2
632.2952156663991 1772819.9
632.3806110315546 1832968.9
632.4662454591611 1848368.1
632.5521189492183 1976235.8
632.6382315017265 1523711.4
632.7245831166855 998122.25
632.8111737940956 1028166.0
632.8980035339563 1337968.6
632.985072336268 1902313.8
633.0723802010307 1550550.0
633.1599271282441 1743485.8
633.2477131179087 2119639.8
633.3357381700239 2093231.2
633.4240022845902 2287705.8
633.5125054616071 2488358.5
633.6012477010752 2301357.5
633.690229002994 2092093.2
633.7794493673638 1940918.8
633.8689087941844 2000743.2
633.958607283456 1938911.5
634.0485448351784 1879599.8
634.1387214493517 1490401.9
634.2291371259759 1205671.8
634.3197918650509 1292484.8
634.4106856665769 1164322.2
634.5018185305538 1029125.0
634.5931904569816 911630.75
634.6848014458602 1213558.6
634.7766514971898 1451695.5
634.8687406109701 1270965.8
634.9610687872016 997059.94
635.0536360258837 729202.2
635.1464423270169 813777.8
635.2394876906009 679322.44
635.3327721166357 678872.2
635.4262956051215 985906.56
635.5200581560582 790896.6
635.6140597694457 784656.94
635.7083004452841 801894.1
635.8027801835735 1011139.7
635.8974989843136 927491.9
635.9924568475049 973634.94
636.0876537731468 892877.8
636.1830897612398 1202142.4
636.2787648117835 1086905.5
636.3746789247782 803117.4
636.4708321002237 928587.44
636.5672243381202 834913.44
636.6638556384676 1211122.8
636.7607260012659 1809102.6
636.857835426515 2154399.5
636.9551839142149 2208575.2
637.0527714643658 2061925.2
637.1505980769675 2090576.1
637.2486637520203 2080482.8
637.3469684895239 1932471.1
637.4455122894784 1647241.0
637.5442951518837 1384315.0
637.64331707674 1442272.6
637.742578064047 1398897.8
637.8420781138052 1255999.1
637.941817226014 1419003.9
638.0417954006739 1458739.0
638.1420126377845 1282924.0
638.2424689373462 1023561.5
638.3431642993586 991641.25
638.444098723822 1168714.4
638.5452722107362 862399.6
638.6466847601014 920100.7
638.7483363719175 768667.1
638.8502270461844 836087.25
638.9523567829023 930458.8
639.0547255820709 1325456.2
639.1573334436905 1288959.1
639.260180367761 1483627.4
639.3632663542825 1304566.2
639.4665914032546 1114147.8
639.5701555146778 1248252.6
639.6739586885519 1315921.1
639.7780009248769 1484523.2
639.8822822236526 1659959.8
639.9868025848793 1925513.5
640.091562008557 1975064.0
640.1965604946854 2109638.5
640.3017980432649 2059199.9
640.4072746542952 2454390.2
640.5129903277764 2961214.5
640.6189450637083 2404704.8
640.7251388620914 1615683.8
640.8315717229252 1467741.8
640.93824364621 1670319.8
641.0451546319456 1538166.1
641.1523046801321 1266714.0
641.2596937907695 1160496.0
641.3673219638578 1067151.4
641.4751891993969 1180500.9
641.583295497387 1291095.9
641.691640857828 962594.9
641.8002252807198 838869.3
641.9090487660626 925738.25
642.0181113138563 1042799.25
642.1274129241008 1077398.9
642.2369535967962 922650.0
642.3467333319426 1128486.5
642.4567521295397 1135105.2
642.5670099895879 1183691.5
642.6775069120868 1200088.1
642.7882428970366 1400835.1
642.8992179444374 1198373.4
643.010432054289 1156894.4
643.1218852265915 1168729.9
643.2335774613449 1271990.8
643.3455087585494 1458940.1
643.4576791182045 1331973.8
643.5700885403106 1118062.5
643.6827370248676 1299336.5
643.7956245718756 1369860.8
643.9087511813342 1323377.0
644.0221168532439 1291782.2
644.1357215876045 894396.2
644.249565384416 888839.6
644.3636482436782 1053843.0
644.4779701653915 1315141.0
644.5925311495556 1293606.8
644.7073311961706 1141780.5
644.8223703052365 1054180.1
644.9376484767532 1117504.2
645.0531657107209 1404401.2
645.1689220071395 1469679.9
645.2849173660089 1682575.8
645.4011517873292 1662677.8
645.5176252711005 1411666.2
645.6343378173226 1192656.4
645.7512894259957 944686.2
645.8684800971196 1142579.8
645.9859098306944 1200328.2
646.10357862672 1092494.5
646.2214864851966 1364900.6
646.3396334061241 1373410.2
646.4580193895024 1008208.4
646.5766444353317 1148949.8
646.6955085436118 1213934.6
646.8146117143428 1329016.5
646.9339539475247 1075133.8
647.0535352431576 1049206.1
647.1733556012413 1129781.6
647.2934150217759 1061797.8
647.4137135047613 861551.4
647.5342510501977 935927.1
647.6550276580849 933035.4
647.7760433284232 1167749.9
647.8972980612122 928988.25
648.018791856452 848478.2
648.1405247141429 1041762.6
648.2624966342845 1082695.8
648.3847076168772 859399.6
648.5071576619206 1016039.0
648.629846769415 981586.75
648.7527749393603 1232353.6
648.8759421717565 1342016.8
648.9993484666035 1298509.4
649.1229938239015 1125913.0
649.2468782436503 1122126.4
649.3710017258501 1049107.1
649.4953642705007 1090701.5
649.6199658776021 1033181.56
649.7448065471544 1036323.44
649.8698862791578 800874.25
649.9952050736119 1179727.2
650.120762930517 1001841.56
650.2465598498729 1040488.75
650.3725958316797 1288550.2
650.4988708759375 1283977.5
650.6253849826461 1100531.5
650.7521381518056 948696.3
650.879130383416 1187496.6
651.0063616774773 1184103.2
651.1338320339895 1234771.1
651.2615414529527 989750.25
651.3894899343666 1059865.6
651.5176774782313 1242568.0
651.6461040845472 930291.6
651.7747697533138 930639.3
651.9036744845314 1033295.1
652.0328182781997 1327044.9
652.162201134319 1641931.1
652.2918230528892 1384055.2
652.4216840339103 1333744.9
652.5517840773823 1254497.6
652.6821231833052 1314827.5
652.8127013516789 1167337.5
652.9435185825037 1266958.4
653.074574875779 1299606.0
653.2058702315056 1334954.9
653.3374046496829 1178109.6
653.469178130311 900318.06
653.6011906733902 848686.75
653.73344227892 888142.75
653.865932946901 914240.5
653.9986626773327 994486.25
654.1316314702154 897445.5
654.2648393255489 1033848.8
654.3982862433335 991853.4
654.5319722235687 1075840.1
654.665897266255 814380.94
654.8000613713921 1014793.2
654.9344645389801 974499.6
655.069106769019 1014628.7
655.2039880615088 908174.94
655.3391084164494 1062676.8
655.4744678338409 961549.9
655.6100663136834 948785.4
655.7459038559767 1027388.75
655.881980460721 1197895.2
656.0182961279161 951421.56
656.1548508575621 938798.4
656.291644649659 1171849.5
656.4286775042068 1322424.5
656.5659494212055 1327360.8
656.7034604006551 1253987.9
656.8412104425555 1393950.0
656.9791995469069 1602011.1
657.117427713709 1624169.9
657.2558949429622 1159723.6
657.3946012346663 952564.25
657.5335465888211 891347.5
657.672731005427 777463.44
657.8121544844836 1097524.9
657.9518170259913 1258662.9
658.0917186299497 1079631.5
658.2318592963591 931512.56
658.3722390252193 957913.2
658.5128578165305 1107606.8
658.6537156702925 967947.1
658.7948125865055 997654.25
658.9361485651692 606641.5
659.077723606284 721910.9
659.2195377098495 767012.9
659.361590875866 847461.4
659.5038831043335 1020869.9
659.6464143952517 1236075.5
659.7891847486209 1196214.1
659.9321941644408 1077192.6
660.0754426427119 1137204.4
660.2189301834336 1065530.4
660.3626567866064 1033814.25
660.50662245223 893536.8
660.6508271803045 846614.4
660.7952709708298 1013146.8
660.9399538238061 1004465.56
661.0848757392333 857664.25
661.2300367171114 796068.7
661.3754367574403 867783.0
661.5210758602201 1092249.6
661.6669540254509 989807.56
661.8130712531324 785227.75
661.9594275432651 976467.9
662.1060228958484 1124291.5
662.2528573108827 1033312.1
662.3999307883678 929811.8
662.5472433283039 874190.1
662.6947949306908 912819.4
662.8425855955288 1003880.94
662.9906153228175 1257729.1
663.1388841125572 1018804.5
663.2873919647476 984156.94
663.436138879389 1296754.0
663.5851248564813 1132075.2
663.7343498960245 1176529.5
663.8838139980186 938229.7
664.0335171624636 1082165.0
664.1834593893594 1195719.2
664.3336406787062 977178.9
664.4840610305039 1081180.6
664.6347204447524 990213.4
664.7856189214518 1057983.4
664.936756460602 1028291.3
665.0881330622034 1028993.6
665.2397487262554 969810.3
665.3916034527584 820799.6
665.5436972417123 1155316.5
665.6960300931171 1307886.0
665.8486020069727 1132839.4
666.0014129832791 995595.94
666.1544630220367 862404.94
666.3077521232449 1062847.4
666.4612802869042 1028818.5
666.6150475130142 1189336.0
666.7690538015753 1154288.2
666.9232991525871 1413380.0
667.07778356605 1576884.9
667.2325070419636 1252011.0
667.3874695803282 1448843.1
667.5426711811436 1360412.8
667.69811184441 1405153.8
667.8537915701272 1452561.8
668.0097103582953 1925351.4
668.1658682089143 1698043.1
668.3222651219842 1859113.8
668.4789010975051 1624114.5
668.6357761354766 1264229.9
668.7928902358992 1079110.9
668.9502433987727 1233247.0
669.1078356240971 1140129.4
669.2656669118722 1102206.8
669.4237372620985 1424769.8
669.5820466747754 1331809.2
669.7405951499034 1379423.0
669.8993826874821 1381573.2
670.0584092875117 1287299.5
670.2176749499924 1143106.9
670.3771796749238 962506.8
670.5369234623063 1222819.9
670.6969063121394 1305649.0
670.8571282244236 1127085.2
671.0175891991586 1053181.1
671.1782892363447 985534.44
671.3392283359814 783032.5
671.5004064980691 826169.9
671.6618237226077 905299.4
671.8234800095972 1097201.0
671.9853753590376 1408894.4
672.1475097709289 1348508.0
672.309883245271 1385136.9
672.472495782064 1181806.8
672.635347381308 986228.0
672.7984380430028 1325235.5
672.9617677671484 1562366.0
673.125336553745 1426633.8
673.2891444027925 1528238.2
673.453191314291 1230081.4
673.6174772882403 1257762.8
673.7820023246404 1328880.1
673.9467664234915 1263155.2
674.1117695847934 822444.06
674.2770118085463 1014105.7
674.4424930947499 1169678.1
674.6082134434046 1330702.5
674.7741728545101 1184116.1
674.9403713280664 980583.7
675.1068088640737 1077935.1
675.2734854625319 1151012.2
675.440401123441 1393024.9
675.6075558468009 1291767.4
675.7749496326118 1165769.9
675.9425824808735 1369192.5
676.1104543915861 1745193.0
676.2785653647496 1627763.9
676.4469154003641 1423355.1
676.6155044984293 1430798.0
676.7843326589456 1270020.4
676.9533998819127 1484774.4
677.1227061673306 1740466.4
677.2922515151995 1343360.8
677.4620359255191 1316378.1
677.6320593982898 1123273.4
677.8023219335114 1123539.9
677.9728235311838 1097122.9
678.1435641913071 1032179.1
678.3145439138814 1108243.0
678.4857626989063 919341.25
678.6572205463824 1190539.1
678.8289174563092 1308933.0
679.000853428687 1354876.4
679.1730284635156 1305206.1
679.3454425607953 1533753.5
679.5180957205256 1572729.9
679.690987942707 1144002.4
679.8641192273392 938084.9
680.0374895744222 1203255.2
680.2110989839563 1286344.8
680.3849474559411 1103969.5
680.559034990377 1150046.8
680.7333615872635 1339552.4
680.9079272466012 1256364.8
681.0827319683896 1469030.5
681.257775752629 1358939.2
681.4330585993191 1259261.0
681.6085805084602 1099007.4
681.7843414800523 970986.6
681.9603415140951 1220629.5
682.1365806105889 1196125.4
682.3130587695335 1086568.1
682.4897759909292 1245769.4
682.6667322747755 1014286.5
682.8439276210729 1164817.4
683.0213620298211 1020336.4
683.1990355010204 1113833.2
683.3769480346702 1334967.6
683.5550996307712 1095950.8
683.7334902893231 1277124.9
683.9121200103258 1173528.2
684.0909887937793 1367527.0
684.2700966396839 1342540.6
684.4494435480391 1401259.9
684.6290295188454 1259139.0
684.8088545521025 1296222.2
684.9889186478105 1290886.5
685.1692218059694 1369032.4
685.3497640265792 1237944.0
685.5305453096399 1268212.8
685.7115656551515 1335106.4
685.8928250631141 1361633.6
686.0743235335274 1083444.8
686.2560610663917 838700.94
686.4380376617067 1201512.6
686.6202533194729 1167718.2
686.8027080396897 1467362.4
686.9854018223576 1479898.8
687.1683346674763 1395876.9
687.351506575046 1213136.5
687.5349175450664 1202966.1
687.7185675775377 1210376.0
687.9024566724601 1177451.5
688.0865848298331 1182223.2
688.2709520496572 1184569.8
688.4555583319321 1400221.2
688.640403676658 1374861.9
688.8254880838347 1255783.5
689.0108115534624 965979.44
689.1963740855408 867876.4
689.3821756800703 989287.1
689.5682163370506 1261977.6
689.7544960564818 1448904.8
689.9410148383638 1360125.5
690.1277726826967 1309473.9
690.3147695894805 1474824.9
690.5020055587153 1763970.8
690.689480590401 1605463.0
690.8771946845374 1582605.1
691.0651478411248 1380682.0
691.253340060163 1235235.4
691.4417713416524 1429282.2
691.6304416855924 1566365.1
691.8193510919834 1592375.0
692.0084995608252 1470741.2
692.197887092118 1373961.5
692.3875136858616 1475451.8
692.5773793420561 1620687.5
692.7674840607016 1424525.2
692.9578278417978 1612544.8
693.1484106853451 1545271.2
693.339232591343 1261434.2
693.5302935597921 1613695.5
693.7215935906919 1720899.2
693.9131326840427 1801823.5
694.1049108398444 1634907.2
694.2969280580969 1483738.9
694.4891843388003 1343391.0
694.6816796819547 1669264.0
694.8744140875599 1595513.1
695.067387555616 1492150.2
695.260600086123 1704639.0
695.4540516790809 1696901.4
695.6477423344896 1702948.9
695.8416720523492 1690912.6
696.0358408326598 1613627.5
696.2302486754212 1879426.9
696.4248955806336 1873506.2
696.6197815482967 2066601.0
696.814906578411 2041497.6
697.0102706709758 2159558.5
697.2058738259918 1965423.8
697.4017160434586 2077223.8
697.5977973233763 2350069.2
697.7941176657448 2413800.2
697.9906770705643 1942531.9
698.1874755378346 1737030.0
698.3845130675558 2208408.2
698.581789659728 2156316.5
698.779305314351 2393054.5
698.9770600314249 2265177.2
699.1750538109496 2306770.2
699.3732866529253 2447165.8
699.5717585573519 2582394.8
699.7704695242294 2689197.2
699.9694195535577 2458035.5
700.168608645337 2366879.5
700.3680367995671 2600491.0
700.5677040162482 2535220.5
700.7676102953801 2666314.8
700.9677556369629 2427432.8
701.1681400409966 2346852.2
701.368763507481 2416548.0
701.5696260364166 2443991.5
701.7707276278029 2637385.2
701.9720682816403 2597309.8
702.1736479979284 2328683.5
702.3754667766674 2754424.0
702.5775246178573 2593963.5
702.7798215214982 2366522.8
702.9823574875899 2374632.8
703.1851325161325 2457065.8
703.3881466071259 2546830.8
703.5913997605704 2368907.0
703.7948919764656 2494119.2
703.9986232548118 2675602.0
704.2025935956088 3000987.8
704.4068029988567 2970365.5
704.6112514645556 2931316.0
704.8159389927052 2939781.5
705.020865583306 2620619.2
705.2260312363574 2263306.8
705.4314359518598 2536088.5
705.6370797298131 2691143.8
705.8429625702173 2559791.5
706.0490844730723 2663836.5
706.2554454383783 2728153.8
706.4620454661351 2470100.5
706.6688845563428 2840531.5
706.8759627090014 3044339.0
707.0832799241109 3234826.0
707.2908362016714 3324605.2
707.4986315416826 3021876.0
707.7066659441448 3244881.5
707.9149394090579 3727637.2
708.1234519364218 3640113.8
708.3322035262366 3514611.2
708.5411941785025 3444215.0
708.750423893219 3998205.0
708.9598926703866 4493318.0
709.169600510005 4302994.0
709.3795474120743 4442787.0
709.5897333765945 4551404.0
709.8001584035657 4345475.5
710.0108224929876 4521203.0
710.2217256448604 4270051.5
710.4328678591842 3872516.0
710.6442491359588 4106879.0
710.8558694751844 4808830.5
711.0677288768608 4773417.5
711.2798273409882 5312227.5
711.4921648675663 6408917.0
711.7047414565955 7538510.5
711.9175571080754 8588687.0
712.1306118220064 10104016.0
712.343905598388 10790555.0
712.5574384372208 10380300.0
712.7712103385043 10282731.0
712.9852213022388 10032209.0
713.199471328424 9421395.0
713.4139604170601 9089538.0
713.6286885681474 8251506.0
713.8436557816852 7981185.0
714.0588620576742 7921362.5
714.274307396114 8172639.0
714.4899917970047 8953429.0
714.7059152603462 9374753.0
714.9220777861387 9301349.0
715.138479374382 9391131.0
715.3551200250763 10104626.0
715.5719997382214 11174078.0
715.7891185138174 11452496.0
716.0064763518642 11021078.0
716.224073252362 10649580.0
716.4419092153107 10357896.0
716.6599842407103 10057836.0
716.8782983285607 9416887.0
717.096851478862 9181588.0
717.3156436916144 9173245.0
717.5346749668174 8787039.0
717.7539453044715 8504135.0
717.9734547045764 7458842.0
718.1932031671322 6020444.0
718.4131906921389 5072353.0
718.6334172795965 4741283.5
718.853882929505 4623953.0
719.0745876418644 4586908.5
719.2955314166745 4213195.0
719.5167142539357 3908782.0
719.7381361536477 3337610.5
719.9597971158106 3257714.0
720.1816971404245 3528747.8
720.4038362274891 3606118.0
720.6262143770048 3914815.2
720.8488315889713 4553369.5
721.0716878633887 4830680.5
721.2947832002569 5223912.0
721.518117599576 5978304.0
721.741691061346 6559640.5
721.965503585567 7833567.5
722.1895551722389 8803534.0
722.4138458213616 10142255.0
722.6383755329352 12002326.0
722.8631443069596 12857430.0
723.0881521434351 13331320.0
723.3133990423613 13868468.0
723.5388850037385 14210018.0
723.7646100275665 13657999.0
723.9905741138455 12539950.0
724.2167772625753 12256729.0
724.4432194737561 11704270.0
724.6699007473876 11475015.0
724.8968210834703 11077840.0
725.1239804820036 11522698.0
725.3513789429879 12496875.0
725.579016466423 12675142.0
725.8068930523091 12844964.0
726.0350087006461 14266590.0
726.2633634114338 15666048.0
726.4919571846726 14933174.0
726.7207900203623 15239376.0
726.9498619185028 16642464.0
727.1791728790942 19134192.0
727.4087229021366 23735098.0
727.6385119876297 29964930.0
727.8685401355738 39478850.0
728.0988073459687 53200960.0
728.3293136188147 70784580.0
728.5600589541114 91009640.0
728.7910433518591 111363750.0
729.0222668120575 126442340.0
729.2537293347069 130352320.0
729.4854309198073 120818510.0
729.7173715673584 99559830.0
729.9495512773606 76212320.0
730.1819700498136 51410680.0
730.4146278847174 33204116.0
730.6475247820722 21514240.0
730.8806607418778 15309496.0
731.1140357641343 13695638.0
731.3476498488419 12357496.0
731.5815029960002 11584592.0
731.8155952056094 10602446.0
732.0499264776695 9379372.0
732.2844968121806 8347082.0
732.5193062091423 7620585.0
732.754354668555 6668860.5
732.9896421904187 5661064.5
733.2251687747333 5002137.0
733.4609344214988 4697639.0
733.6969391307151 4665994.5
733.9331829023823 4982133.0
734.1696657365004 5307545.5
734.4063876330695 5777325.5
734.6433485920893 6350115.0
734.8805486135602 6419840.5
735.1179876974818 6917697.0
735.3556658438545 6930251.0
735.5935830526778 7145269.0
735.8317393239522 7760847.5
736.0701346576775 7689179.5
736.3087690538534 6967694.5
736.5476425124806 6004957.0
736.7867550335584 5535139.5
737.0261066170873 5429690.5
737.265697263067 5911067.5
737.5055269714976 7585657.0
737.745595742379 8936884.0
737.9859035757114 10287211.0
738.2264504714947 13484545.0
738.4672364297288 18321332.0
738.7082614504138 26462572.0
738.9495255335498 37110056.0
739.1910286791365 51554236.0
739.4327708871742 67565620.0
739.6747521576629 83723190.0
739.9169724906022 98327740.0
740.1594318859927 106952650.0
740.4021303438338 108098850.0
740.6450678641261 96685640.0
740.8882444468691 76029070.0
741.131660092063 52764390.0
741.3753147997079 34699124.0
741.6192085698036 23857330.0
741.8633414023502 17014174.0
742.1077132973477 12856685.0
742.352324254796 9994011.0
742.5971742746954 7992750.0
742.8422633570456 6814642.5
743.0875915018465 6955140.0
743.3331587090985 7088414.0
743.5789649788013 6347672.0
743.8250103109551 4732687.0
744.0712947055597 3588283.5
744.3178181626151 3097259.0
744.5645806821216 2657024.8
744.8115822640789 2490059.2
745.058822908487 2420827.0
745.3063026153461 2258459.0
745.554021384656 2818331.5
745.801979216417 2962479.0
746.0501761106286 3440257.5
746.2986120672912 3862376.5
746.5472870864048 3685563.8
746.7962011679691 3595487.8
747.0453543119845 3521056.5
747.2947465184507 3610197.2
747.5443777873677 3618937.8
747.7942481187357 3126674.5
748.0443575125546 2669973.8
748.2947059688242 2332748.0
748.545293487545 2193568.0
748.7961200687164 1789012.4
749.0471857123389 1642042.2
749.2984904184123 1909718.6
749.5500341869365 2119853.5
749.8018170179115 2027138.0
750.0538389113375 1925423.1
750.3060998672144 1918721.5
750.558599885542 1952388.1
750.8113389663208 2082164.9
751.0643171095503 1917787.0
751.3175343152308 1837540.6
751.570990583362 1782881.4
751.8246859139442 1886298.0
752.0786203069773 2079139.8
752.3327937624614 2093574.4
752.5872062803962 2344579.0
752.841857860782 2336787.8
753.0967485036186 2112943.5
753.3518782089062 2165119.0
753.6072469766447 2216084.2
753.8628548068339 2251424.2
754.1187016994742 2223093.0
754.3747876545652 2379466.5
754.6311126721073 2350768.5
754.8876767521001 2591694.2
755.144479894544 2796110.5
755.4015220994386 2610514.0
755.6588033667842 2654055.5
755.9163236965807 2702717.0
756.1740830888281 2567628.2
756.4320815435262 2650452.0
756.6903190606754 2698684.8
756.9487956402754 2570334.0
757.2075112823263 2648999.8
757.4664659868281 2774098.5
757.7256597537807 2958142.5
757.9850925831844 3086159.5
758.2447644750388 2918062.2
758.5046754293442 3230993.5
758.7648254461004 3614374.0
759.0252145253075 4125497.5
759.2858426669656 4252846.5
759.5467098710745 4229944.0
759.8078161376343 4140505.2
760.069161466645 4368330.5
760.3307458581066 4583950.0
760.5925693120191 4344462.5
760.8546318283825 4447049.5
761.1169334071967 4124366.5
761.3794740484618 3963587.8
761.6422537521778 3524367.2
761.9052725183449 4034692.0
762.1685303469626 4091592.2
762.4320272380314 4154179.8
762.6957631915509 3606288.0
762.9597382075215 3409887.0
763.2239522859428 3228601.2
763.4884054268151 3381430.2
763.7530976301382 3228707.8
764.0180288959123 3111122.8
764.2831992241372 3278460.2
764.5486086148131 3290618.5
764.8142570679397 3661470.2
765.0801445835173 3887493.0
765.3462711615459 4525929.5
765.6126368020252 4837236.5
765.8792415049556 5905505.5
766.1460852703367 7069420.5
766.4131680981689 7016846.0
766.6804899884517 5805922.0
766.9480509411856 6073605.5
767.2158509563703 5955857.5
767.483890034006 5568864.0
767.7521681740925 5212631.0
768.0206853766299 4901197.0
768.2894416416182 4111630.5
768.5584369690574 4132481.2
768.8276713589474 4176739.8
769.0971448112883 4203687.0
769.3668573260802 4250255.5
769.636808903323 4695795.0
769.9069995430166 4620033.0
770.1774292451611 4919855.0
770.4480980097566 5636192.5
770.7190058368028 6664797.0
770.9901527263 6983615.5
771.2615386782481 7392517.0
771.5331636926471 7395427.0
771.805027769497 7862564.5
772.0771309087978 8771296.0
772.3494731105494 10626151.0
772.622054374752 12603972.0
772.8948747014053 14826122.0
773.1679340905096 17774936.0
773.4412325420649 20158990.0
773.714770056071 22215556.0
773.9885466325279 22471052.0
774.2625622714359 21410698.0
774.5368169727947 18793684.0
774.8113107366042 16924812.0
775.0860435628648 14035722.0
775.3610154515762 10353637.0
775.6362264027387 7757737.5
775.9116764163518 6695937.5
776.1873654924159 5741434.5
776.4632936309309 5909195.5
776.7394608318967 6342969.5
777.0158670953135 6029163.0
777.2925124211812 5778192.5
777.5693968094998 5868396.0
777.8465202602692 6428128.0
778.1238827734896 6676499.5
778.4014843491608 6623006.0
778.6793249872829 7400755.0
778.957404687856 8671466.0
779.23572345088 10155501.0
779.5142812763546 11551906.0
779.7930781642804 12547438.0
780.0721141146569 13718098.0
780.3513891274845 15208231.0
780.6309032027627 17496096.0
780.9106563404919 18241876.0
781.1906485406721 18230128.0
781.4708798033031 16211258.0
781.7513501283851 15889945.0
782.0320595159178 15453370.0
782.3130079659015 14258074.0
782.5941954783361 14877569.0
782.8756220532216 15016356.0
783.157287690558 14403742.0
783.4391923903453 13676864.0
783.7213361525834 12898751.0
784.0037189772725 12231044.0
784.2863408644123 11880196.0
784.5692018140032 12433568.0
784.8523018260448 13361172.0
785.1356409005374 13813866.0
785.419219037481 13709636.0
785.7030362368753 14726065.0
785.9870924987206 14425219.0
786.2713878230167 14221326.0
786.5559222097638 14014701.0
786.8406956589616 13120928.0
787.1257081706106 12413168.0
787.4109597447102 12095376.0
787.6964503812609 12739170.0
787.9821800802623 13119971.0
788.2681488417147 13746034.0
788.554356665618 13712464.0
788.8408035519722 13682022.0
789.1274895007773 14630540.0
789.4144145120331 14986666.0
789.70157858574 15368429.0
789.9889817218977 15589570.0
790.2766239205064 16320275.0
790.5645051815659 16941668.0
790.8526255050763 18346802.0
791.1409848910375 20527972.0
791.4295833394498 22412078.0
791.7184208503128 24124644.0
792.0074974236268 26287290.0
792.2968130593916 26483248.0
792.5863677576074 28267820.0
792.876161518274 31550082.0
793.1661943413915 32895290.0
793.45646622696 33096950.0
793.7469771749792 31879104.0
794.0377271854495 30806042.0
794.3287162583705 29813970.0
794.6199443937426 29961948.0
794.9114115915653 30432840.0
795.2031178518391 31630698.0
795.4950631745637 33323964.0
795.7872475597393 34034548.0
796.0796710073657 35126984.0
796.372333517443 35774508.0
796.6652350899712 37523330.0
796.9583757249504 38601716.0
797.2517554223803 39448144.0
797.5453741822612 41736016.0
797.839232004593 44672620.0
798.1333288893755 48394844.0
798.4276648366092 52390704.0
798.7222398462935 54943536.0
799.0170539184289 57446730.0
799.3121070530151 58820476.0
799.6073992500523 59690420.0
799.9029305095402 62632100.0
800.1987008314792 65052370.0
800.4947102158688 65420084.0
800.7909586627096 64749816.0
801.0874461720011 65505604.0
801.3841727437435 67063424.0
801.6811383779369 66283144.0
801.9783430745811 64070056.0
802.2757868336762 62964910.0
802.5734696552222 59682824.0
802.8713915392192 56136784.0
803.1695524856669 52532940.0
803.4679524945657 49919284.0
803.7665915659152 49196616.0
804.0654696997157 48306100.0
804.364586895967 50321296.0
804.6639431546693 50814736.0
804.9635384758224 51413700.0
805.2633728594265 54385940.0
805.5634463054813 57216870.0
805.863758813987 59079756.0
806.1643103849437 59576360.0
806.4651010183513 60466316.0
806.7661307142098 61620600.0
807.0673994725191 60865344.0
807.3689072932794 59366464.0
807.6706541764905 59285160.0
807.9726401221526 62126080.0
808.2748651302655 66425056.0
808.5773292008294 71504536.0
808.880032333844 77489130.0
809.1829745293097 88534090.0
809.4861557872262 102822690.0
809.7895761075936 119029380.0
810.0932354904118 137696450.0
810.3971339356808 156739660.0
810.701271443401 176122100.0
811.0056480135719 196013310.0
811.3102636461938 210853820.0
811.6151183412665 219980480.0
811.9202120987901 222951710.0
812.2255449187645 217473630.0
812.5311168011899 205571340.0
812.8369277460662 188860540.0
813.1429777533934 167117500.0
813.4492668231715 146011820.0
813.7557949554005 133180090.0
814.0625621500802 124617120.0
814.3695684072109 115599970.0
814.6768137267925 108910570.0
814.984298108825 104837890.0
815.2920215533085 98149260.0
815.5999840602427 91912130.0
815.908185629628 86597290.0
816.216626261464 81609304.0
816.5253059557509 74757740.0
816.8342247124888 66992070.0
817.1433825316776 59369864.0
817.4527794133171 53643144.0
817.7624153574077 48140970.0
818.072290363949 43457944.0
818.3824044329415 39790628.0
818.6927575643846 38756924.0
819.0033497582787 39363036.0
819.3141810146236 41312244.0
819.6252513334194 45419004.0
819.9365607146663 49790224.0
820.2481091583638 55271050.0
820.5598966645124 62209936.0
820.8719232331118 68288420.0
821.1841888641621 74499340.0
821.4966935576633 84388680.0
821.8094373136155 95987380.0
822.1224201320184 108752720.0
822.4356420128723 123173990.0
822.749102956177 141141890.0
823.0628029619327 163530180.0
823.3767420301392 189145220.0
823.6909201607966 214794940.0
824.005337353905 242693860.0
824.3199936094642 265604560.0
824.6348889274743 279283840.0
824.9500233079352 285977020.0
825.2653967508472 275281000.0
825.5810092562099 254505630.0
825.8968608240236 223480960.0
826.2129514542881 180785140.0
826.5292811470036 134958960.0
826.8458499021699 93217280.0
827.1626577197871 67906460.0
827.4797045998553 52919060.0
827.7969905423743 41567652.0
828.1145155473441 34119896.0
828.4322796147649 29067912.0
828.7502827446367 25728378.0
829.0685249369592 23081920.0
829.3870061917327 21443878.0
829.705726508957 18723854.0
830.0246858886322 16509989.0
830.3438843307583 14422255.0
830.6633218353354 11873105.0
830.9829984023633 9615073.0
831.3029140318422 9045067.0
831.6230687237718 9549395.0
831.9434624781525 9607757.0
832.2640952949838 8432448.0
832.5849671742662 8097801.0
832.9060781159994 8233429.5
833.2274281201835 9038357.0
833.5490171868187 9710373.0
833.8708453159045 8993446.0
834.1929125074414 8494716.0
834.515218761429 8866452.0
834.8377640778676 9119854.0
835.160548456757 9525588.0
835.4835718980975 9950111.0
835.8068344018886 10550011.0
836.1303359681309 11474270.0
836.4540765968239 12718194.0
836.778056287968 13415621.0
837.1022750415626 14455202.0
837.4267328576084 15760181.0
837.7514297361049 15912225.0
838.0763656770524 16499062.0
838.4015406804508 16835084.0
838.7269547463001 17984400.0
839.0526078746003 18741216.0
839.3785000653513 18897664.0
839.7046313185533 19110476.0
840.0310016342061 18831074.0
840.3576110123099 19413644.0
840.6844594528644 20360482.0
841.01154695587 19629688.0
841.3388735213264 19398264.0
841.6664391492336 19694164.0
841.9942438395917 18871032.0
842.3222875924008 18473472.0
842.6505704076608 19270712.0
842.9790922853716 19996332.0
843.3078532255333 20597148.0
843.636853228146 20375082.0
843.9660922932096 18929358.0
844.2955704207238 17422802.0
844.6252876106893 17744716.0
844.9552438631054 17839026.0
845.2854391779725 18085226.0
845.6158735552905 18471112.0
845.9465469950594 18246520.0
846.2774594972791 18121722.0
846.6086110619498 19349914.0
846.9400016890712 21479470.0
847.2716313786436 24587970.0
847.603500130667 27521670.0
847.9356079451411 30242220.0
848.2679548220663 34793910.0
848.6005407614422 40126588.0
848.9333657632692 42262420.0
849.2664298275467 44922920.0
849.5997329542755 47825616.0
849.933275143455 49176916.0
850.2670563950855 50690840.0
850.6010767091668 53002210.0
850.935336085699 54928764.0
851.2698345246821 54194540.0
851.6045720261161 51521936.0
851.939548590001 50290824.0
852.2747642163367 49011036.0
852.6102189051235 46641700.0
852.9459126563609 43578536.0
853.2818454700493 38802980.0
853.6180173461887 33863510.0
853.9544282847789 28463938.0
854.29107828582 26359936.0
854.627967349312 26446860.0
854.9650954752549 25482284.0
855.3024626636488 25886248.0
855.6400689144934 26708838.0
855.9779142277889 27648476.0
856.3159986035355 29076362.0
856.6543220417327 30193762.0
856.992884542381 33061818.0
857.33168610548 36257860.0
857.6707267310301 38339972.0
858.010006419031 39899804.0
858.3495251694828 41351184.0
858.6892829823855 43069944.0
859.0292798577391 45785216.0
859.3695157955435 50113700.0
859.709990795799 53100260.0
860.0507048585051 56389916.0
860.3916579836623 58283956.0
860.7328501712702 60748144.0
861.0742814213293 64702600.0
861.415951733839 68964220.0
861.7578611087997 71494090.0
862.1000095462114 73874550.0
862.4423970460737 73375930.0
862.7850236083872 71705540.0
863.1278892331513 68439960.0
863.4709939203666 63015476.0
863.8143376700325 55774680.0
864.1579204821496 48758260.0
864.5017423567174 40768316.0
864.845803293736 33734696.0
865.1901032932057 28625472.0
865.5346423551262 24979722.0
865.8794204794975 21851796.0
866.2244376663198 20288110.0
866.569693915593 21194468.0
866.9151892273169 22459950.0
867.2609236014919 23805924.0
867.6068970381177 25753724.0
867.9531095371945 28372102.0
868.299561098722 30793308.0
868.6462517227006 35287490.0
868.9931814091299 40315100.0
869.3403501580103 44229020.0
869.6877579693414 49403196.0
870.0354048431236 52366960.0
870.3832907793565 54137936.0
870.7314157780402 57064236.0
871.079779839175 60951790.0
871.4283829627606 64907164.0
871.7772251487971 69300320.0
872.1263063972845 72372880.0
872.4756267082229 76732530.0
872.825186081612 76808100.0
873.1749845174521 74600390.0
873.525022015743 71493270.0
873.875298576485 63877780.0
874.2258141996776 52606490.0
874.5765688853213 44682276.0
874.9275626334158 40233384.0
875.2787954439613 38241296.0
875.6302673169575 39762890.0
875.9819782524048 39458360.0
876.3339282503027 39477544.0
876.6861173106518 39714736.0
877.0385454334516 40449976.0
877.3912126187024 39306990.0
877.744118866404 35704430.0
878.0972641765566 34112200.0
878.45064854916 31429728.0
878.8042719842143 28704024.0
879.1581344817196 24562404.0
879.5122360416756 20226632.0
879.8665766640827 16902896.0
880.2211563489404 15966711.0
880.5759750962493 15417538.0
880.9310329060089 13988566.0
881.2863297782194 13179219.0
881.6418657128809 14039921.0
881.9976407099932 14422390.0
882.3536547695564 15299659.0
882.7099078915705 17045182.0
883.0664000760355 16858396.0
883.4231313229513 18206556.0
883.7801016323183 18361640.0
884.1373110041359 18793774.0
884.4947594384045 18703152.0
884.8524469351239 17699972.0
885.2103734942943 16321622.0
885.5685391159154 16406332.0
885.9269437999875 15078418.0
886.2855875465107 14803576.0
886.6444703554844 15088600.0
887.0035922269093 15548448.0
887.3629531607849 16963188.0
887.7225531571116 16487781.0
888.082392215889 15332576.0
888.4424703371174 15189788.0
888.8027875207965 16226218.0
889.1633437669268 17679382.0
889.5241390755077 18482958.0
889.8851734465397 19257146.0
890.2464468800224 20439848.0
890.6079593759562 23649758.0
890.9697109343408 26401524.0
891.3317015551763 28668130.0
891.6939312384626 31031456.0
892.0563999841997 33695100.0
892.419107792388 37779068.0
892.7820546630269 40848184.0
893.145240596117 43421184.0
893.5086655916577 44571630.0
893.8723296496495 45261660.0
894.2362327700921 45840930.0
894.6003749529856 49033424.0
894.96475619833 52238620.0
895.3293765061252 54711376.0
895.6942358763713 60206904.0
896.0593343090684 66819736.0
896.4246718042164 71386770.0
896.7902483618151 73612130.0
897.1560639818649 73940050.0
897.5221186643654 71758050.0
897.888412409317 64299900.0
898.2549452167193 53104560.0
898.6217170865726 41550532.0
898.9887280188768 30984702.0
899.3559780136319 21726696.0
899.7234670708378 16804722.0
900.0911951904947 14521362.0
900.4591623726023 13353270.0
900.827368617161 13236598.0
901.1958139241705 12849714.0
901.5644982936308 11652639.0
901.9334217255422 11622284.0
902.3025842199042 10644004.0
902.6719857767174 10902716.0
903.0416263959813 11617704.0
903.4115060776962 12304788.0
903.7816248218619 11947899.0
904.1519826284787 11015886.0
904.5225794975461 11390256.0
904.8934154290646 11512164.0
905.2644904230337 11085931.0
905.635804479454 10265835.0
906.0073575983251 10516411.0
906.3791497796472 9858671.0
906.7511810234199 9544611.0
907.1234513296438 9227159.0
907.4959606983184 9575946.0
907.8687091294438 9418312.0
908.2416966230203 9137958.0
908.6149231790475 8625526.0
908.9883887975259 8436610.0
909.3620934784549 8556555.0
909.736037221835 8701376.0
910.1102200276657 8759830.0
910.4846418959476 8905499.0
910.8593028266802 8843809.0
911.2342028198638 8836048.0
911.6093418754981 8637301.0
911.9847199935836 8733449.0
912.3603371741196 8193067.5
912.7361934171067 8301204.0
913.1122887225448 8682198.0
913.4886230904336 9372242.0
913.8651965207735 10520236.0
914.242009013564 10832409.0
914.6190605688057 11228422.0
914.996351186498 11145490.0
915.3738808666415 10998454.0
915.7516496092356 11911771.0
916.1296574142808 12521870.0
916.5079042817767 13401351.0
916.8863902117237 15088169.0
917.2651152041215 15081811.0
917.6440792589702 15361925.0
918.0232823762697 15424890.0
918.4027245560201 15934901.0
918.7824057982216 15570138.0
919.1623261028737 13980234.0
919.542485469977 12176321.0
919.9228838995309 12142445.0
920.3035213915359 12727250.0
920.6843979459916 12548649.0
921.0655135628983 12259976.0
921.446868242256 13346599.0
921.8284619840645 13128078.0
922.2102947883237 13943844.0
922.5923666550341 14105156.0
922.9746775841952 13602044.0
923.3572275758072 14114982.0
923.7400166298701 15302232.0
924.1230447463838 16631539.0
924.5063119253487 16843298.0
924.8898181667641 17251828.0
925.2735634706307 18426920.0
925.657547836948 17931232.0
926.0417712657163 16576422.0
926.4262337569354 15739881.0
926.8109353106056 15160879.0
927.1958759267263 14759849.0
927.5810556052983 13543996.0
927.966474346321 13110062.0
928.3521321497947 13459895.0
928.7380290157191 13972722.0
929.1241649440944 13858560.0
929.5105399349206 13709666.0
929.8971539881978 13723632.0
930.2840071039259 12522285.0
930.6710992821048 11449930.0
931.0584305227347 10532021.0
931.4460008258154 10112472.0
931.8338101913471 9221761.0
932.2218586193296 7989510.0
932.610146109763 7270667.5
932.9986726626472 6099070.5
933.3874382779825 4940117.5
933.7764429557685 3596042.5
934.1656866960054 3023927.2
934.5551694986933 2805035.0
934.9448913638321 2618835.8
935.3348522914216 2601263.8
935.7250522814621 2882006.5
936.1154913339535 2831570.2
936.5061694488959 3036532.8
936.8970866262891 3062564.8
937.288242866133 3575696.0
937.6796381684281 3708664.0
938.0712725331739 3314854.0
938.4631459603708 3292014.0
938.8552584500184 3633249.5
939.247610002117 3727015.5
939.6402006166663 3840458.5
940.0330302936667 4080675.0
940.4260990331178 4793337.0
940.8194068350199 4808053.0
941.212953699373 4784865.5
941.6067396261767 4888634.5
942.0007646154315 4608414.0
942.3950286671371 4630307.5
942.7895317812938 4293858.0
943.184273957901 3978977.5
943.5792551969595 3699238.8
943.9744754984687 4157733.0
944.3699348624289 4528688.0
944.7656332888398 3848697.8
945.1615707777016 3569169.0
945.5577473290144 3628541.2
945.9541629427781 3660297.0
946.3508176189927 3889127.2
946.7477113576581 3770742.5
947.1448441587745 3653326.2
947.5422160223416 3898437.8
947.9398269483597 3981389.5
948.3376769368288 4635365.5
948.7357659877487 4984046.5
949.1340941011194 4544383.0
949.5326612769411 4893014.0
949.9314675152136 5350828.0
950.3305128159373 5528659.0
950.7297971791115 5637999.5
951.1293206047367 5622799.0
951.5290830928128 5403790.0
951.9290846433399 5517208.0
952.3293252563178 6042058.0
952.7298049317465 5912740.0
953.1305236696262 5161935.5
953.5314814699568 5664101.0
953.9326783327383 5838460.5
954.3341142579707 6128796.0
954.7357892456539 5863415.5
955.137703295788 6093880.5
955.5398564083731 5579733.0
955.942248583409 4963562.5
956.3448798208958 4753463.0
956.7477501208334 4914104.5
957.1508594832221 4987993.0
957.5542079080615 4237804.0
957.9577953953519 3802475.5
958.3616219450932 4410894.5
958.7656875572852 4203839.0
959.1699922319283 3839591.5
959.5745359690222 4081145.5
959.979318768567 4172205.2
960.3843406305627 4237594.0
960.7896015550094 4267679.0
961.1951015419069 4986063.5
961.6008405912553 5002134.0
962.0068187030545 4911589.5
962.4130358773048 5421364.5
962.8194921140057 5167412.0
963.2261874131577 5379999.0
963.6331217747605 5542860.0
964.0402951988142 6151777.5
964.4477076853188 6018254.5
964.8553592342744 5954402.5
965.2632498456808 5671121.0
965.671379519538 5879884.0
966.0797482558462 6400877.5
966.4883560546052 6234047.0
966.8972029158153 5706466.0
967.3062888394761 5256083.0
967.7156138255879 4720634.5
968.1251778741505 3839882.2
968.534980985164 3592632.8
968.9450231586284 3745660.5
969.3553043945437 3855483.5
969.7658246929099 3393717.2
970.1765840537269 3360712.2
970.5875824769948 3014438.8
970.9988199627137 2786276.5
971.4102965108834 2645047.8
971.822012121504 2673762.5
972.2339667945757 2546187.5
972.6461605300981 2984196.0
973.0585933280714 3471059.8
973.4712651884955 4033605.0
973.8841761113707 4043021.5
974.2973260966967 4377286.0
974.7107151444736 4815303.5
975.1243432547012 5290284.5
975.5382104273799 4990943.0
975.9523166625095 4824256.5
976.3666619600898 5167897.0
976.7812463201212 6023039.5
977.1960697426034 7218430.0
977.6111322275365 8245700.0
978.0264337749204 7535967.0
978.4419743847554 7709133.0
978.8577540570411 7772867.0
979.2737727917779 7576547.5
979.6900305889653 7249801.0
980.1065274486039 6105057.5
980.523263370693 5566092.5
980.9402383552333 5160555.0
981.3574524022245 5604247.5
981.7749055116664 6076725.5
982.1925976835594 6001987.5
982.6105289179031 6805244.5
983.0286992146978 7533178.0
983.4471085739433 7579279.0
983.8657569956398 8541602.0
984.2846444797872 9558147.0
984.7037710263854 9302374.0
985.1231366354345 10313709.0
985.5427413069345 11107291.0
985.9625850408854 11664808.0
986.3826678372873 10461407.0
986.8029896961399 10627051.0
987.2235506174435 10991069.0
987.6443506011979 11325608.0
988.0653896474032 11083005.0
988.4866677560595 11234436.0
988.9081849271665 10295237.0
989.3299411607247 9269652.0
989.7519364567336 9273658.0
990.1741708151934 8299753.0
990.5966442361041 8574174.0
991.0193567194657 8531237.0
991.4423082652781 7700670.5
991.8654988735416 6979959.0
992.2889285442558 6781719.5
992.712597277421 6606675.0
993.1365050730369 6451700.0
993.5606519311038 6235480.0
993.9850378516217 6649757.5
994.4096628345903 7536362.0
994.83452688001 8277739.0
995.2596299878804 7883485.0
995.6849721582018 7491942.5
996.110553390974 8154508.0
996.5363736861973 8845176.0
996.9624330438713 10094366.0
997.3887314639962 10259139.0
997.8152689465721 9244731.0
998.2420454915989 9619609.0
998.6690610990764 9564646.0
999.0963157690048 8877856.0
999.5238095013843 8323709.5
999.9515422962145 7945410.5
1000.3795141534958 7499115.0
1000.8077250732279 7350819.0
1001.2361750554107 6481013.0
1001.6648641000446 5921661.0
1002.0937922071294 5046833.5
1002.522959376665 4177620.2
1002.9523656086515 4462162.0
1003.3820109030889 4456661.0
1003.8118952599773 4493508.0
1004.2420186793163 4414087.0
1004.6723811611065 4632015.0
1005.1029827053474 5128432.0
1005.5338233120393 6075544.0
1005.9649029811819 7368846.0
1006.3962217127755 8806264.0
1006.8277795068202 8965870.0
1007.2595763633155 9384138.0
1007.6916122822619 11323094.0
1008.1238872636591 13459779.0
1008.5564013075071 15115580.0
1008.9891544138061 15255071.0
1009.422146582556 16862938.0
1009.8553778137567 19764686.0
1010.2888481074084 19854072.0
1010.7225574635108 20091314.0
1011.1565058820644 20711916.0
1011.5906933630686 19956122.0
1012.0251199065237 18703302.0
1012.45978551243 15359158.0
1012.8946901807869 12755186.0
1013.3298339115948 9634742.0
1013.7652167048535 8317709.0
1014.2008385605632 7002378.0
1014.6366994787238 5404596.0
1015.0727994593352 4910740.0
1015.5091385023975 5207833.0
1015.9457166079108 5078882.0
1016.3825337758749 4319117.0
1016.8195900062899 4900290.5
1017.2568852991558 5521735.0
1017.6944196544725 6487202.5
1018.1321930722402 8623144.0
1018.5702055524587 9079360.0
1019.0084570951283 9569491.0
1019.4469477002485 10549510.0
1019.8856773678198 10850905.0
1020.3246460978419 11759366.0
1020.763853890315 12975208.0
1021.2033007452387 14380256.0
1021.6429866626136 14867136.0
1022.0829116424393 16029982.0
1022.5230756847159 15601794.0
1022.9634787894433 15334258.0
1023.4041209566217 14494880.0
1023.8450021862509 13003905.0
1024.286122478331 11031949.0
1024.727481832862 7446094.5
1025.1690802498438 4907177.0
1025.6109177292767 4111259.0
1026.0529942711605 3625289.5
1026.495309875495 3367671.5
1026.9378645422805 3007439.0
1027.380658271517 2791939.5
1027.823691063204 2750503.8
1028.2669629173424 2180381.0
1028.7104738339312 1627873.0
1029.1542238129714 1543568.0
1029.598212854462 1414881.0
1030.0424409584039 1302380.2
1030.4869081247964 1019850.7
1030.9316143536398 887380.25
1031.376559644934 1286112.0
1031.8217439986793 1313749.0
1032.2671674148755 1100893.6
1032.7128298935227 881239.75
1033.1587314346207 946850.4
1033.6048720381693 1025856.94
1034.051251704169 1095177.6
1034.4978704326197 1018049.9
1034.9447282235212 1014953.6
1035.3918250768736 1015697.2
1035.8391609926769 867148.9
1036.286735970931 720632.9
1036.734550011636 834923.75
1037.182603114792 908284.3
1037.6308952803988 978522.0
1038.0794265084567 1140122.0
1038.5281967989652 1151544.9
1038.9772061519247 1321404.0
1039.426454567335 1161333.6
1039.8759420451966 1348291.4
1040.3256685855085 1312552.8
1040.7756341882716 1581344.8
1041.2258388534856 1399386.5
1041.6762825811506 1269540.0
1042.1269653712661 1464307.5
1042.577887223833 1102850.6
1043.0290481388504 994453.06
1043.4804481163187 899290.56
1043.9320871562381 1146843.6
1044.3839652586082 1237524.8
1044.8360824234294 1449237.0
1045.2884386507012 1355733.2
1045.7410339404241 1543298.6
1046.193868292598 1712461.8
1046.6469417072226 1361319.4
1047.1002541842981 1275032.1
1047.5538057238246 1373941.5
1048.0075963258018 1711876.4
1048.46162599023 1699401.2
1048.915894717109 1696070.2
1049.3704025064392 1526180.0
1049.82514935822 1306339.4
1050.2801352724516 1191130.2
1050.7353602491344 1329075.8
1051.1908242882678 1210980.8
1051.6465273898525 1369435.6
1052.1024695538877 1621072.6
1052.558650780374 1861597.5
1053.015071069311 1345109.9
1053.471730420699 1362115.0
1053.928628834538 1354894.9
1054.3857663108276 1596245.6
1054.8431428495683 1376696.2
1055.30075845076 1386541.4
1055.7586131144024 1565294.5
1056.2167068404956 1758518.2
1056.67503962904 1934183.1
1057.133611480035 708406.4
1057.592422393481 -914650.7
1058.0514723693777 -2479019.0
1058.5107614077258 -4628794.0
1058.9702895085243 -6285697.0
1059.4300566717739 -7815462.5
1059.8900628974743 -9589341.0
1060.3503081856259 -11376821.0
1060.8107925362278 -13373152.0
1061.2715159492811 -15270720.0
1061.732478424785 -17020502.0
1062.1936799627401 -18829134.0
1062.6551205631458 -20458576.0
1063.1168002260026 -22522952.0
1063.57871895131 -24489888.0
1064.0408767390686 -26115460.0
1064.503273589278 -28252510.0
1064.965909501938 -30100404.0
1065.4287844770492 0.0
1065.8918985146113 0.0
1066.3552516146242 0.0
1066.818843777088 0.0
1067.2826750020029 0.0
1067.7467452893684 0.0
1068.211054639185 0.0
1068.6756030514523 0.0
1069.1403905261704 0.0
1069.6054170633397 0.0
1070.0706826629596 0.0
1070.5361873250306 0.0
1071.0019310495525 0.0
1071.4679138365252 0.0
1071.9341356859486 0.0
