string
description: px_shifted, calibration parameter: [ 1.19531225e-04 -2.30194563e-02  6.18194146e+02]
converted file:R_100ms_Fe_S3_x_2_37_binned_y back: data/dark_100msRZP-structure:___RZP_S3100msRoi:[0, 1040, 2048, 2048]
eV counts/s
618.1712462133476 2030653.6
618.1485853507007 2081866.8
618.1261635505048 1915542.4
618.1039808127597 1779394.8
618.0820371374655 2222889.0
618.0603325246223 2068238.5
618.0388669742298 2267050.8
618.0176404862883 2144479.5
617.9966530607976 2073159.8
617.9759046977579 2054232.0
617.955395397169 2057840.0
617.9351251590311 2312054.0
617.9150939833439 2050205.0
617.8953018701078 1976073.5
617.8757488193226 1925623.5
617.8564348309881 2290886.0
617.8373599051046 2590900.2
617.8185240416719 2561987.2
617.7999272406903 2255871.5
617.7815695021593 2281562.0
617.7634508260794 2425562.8
617.7455712124504 2240257.2
617.7279306612722 1837508.1
617.7105291725449 1691284.8
617.6933667462686 1870193.5
617.676443382443 1614264.4
617.6597590810685 1462775.6
617.6433138421447 1882577.5
617.6271076656718 1955478.9
617.6111405516499 1998459.4
617.5954125000789 1851550.0
617.5799235109587 1991607.4
617.5646735842894 1840024.4
617.5496627200711 1808274.5
617.5348909183035 1942299.4
617.520358178987 2178407.5
617.5060645021213 2391306.2
617.4920098877064 2609004.5
617.4781943357425 2747752.0
617.4646178462295 2640477.2
617.4512804191673 2678949.0
617.4381820545561 2863906.0
617.4253227523957 3106839.0
617.4127025126862 2918638.0
617.4003213354276 2717326.2
617.3881792206199 2380038.5
617.3762761682632 2073487.6
617.3646121783572 2024554.0
617.3531872509022 1820384.4
617.342001385898 2029060.2
617.3310545833449 1487198.9
617.3203468432424 1854706.0
617.309878165591 1951617.0
617.2996485503904 1998044.2
617.2896579976408 2152762.0
617.2799065073419 2210104.0
617.270394079494 2268045.5
617.261120714097 2502648.0
617.2520864111508 2477326.8
617.2432911706557 2733183.8
617.2347349926113 3454193.8
617.2264178770179 3908203.0
617.2183398238752 3564995.2
617.2105008331837 3064243.5
617.2029009049428 2923688.8
617.195540039153 2551198.0
617.188418235814 2235670.5
617.1815354949258 2151442.8
617.1748918164886 2569989.5
617.1684872005023 2583277.5
617.1623216469668 2692380.5
617.1563951558823 2819047.5
617.1507077272486 3059740.5
617.1452593610658 2957422.2
617.140050057334 3342236.2
617.1350798160529 3398284.5
617.1303486372229 3308342.5
617.1258565208436 3905812.2
617.1216034669154 4142407.0
617.1175894754379 4056116.2
617.1138145464114 3829434.8
617.1102786798357 3612492.5
617.106981875711 3397618.5
617.1039241340371 3246168.0
617.1011054548142 3383116.0
617.0985258380421 3160143.0
617.0961852837207 2817660.5
617.0940837918505 3216174.5
617.092221362431 3443672.2
617.0905979954625 3618140.5
617.0892136909449 3328715.2
617.0880684488782 3508645.5
617.0871622692623 3300240.2
617.0864951520974 3748948.8
617.0860670973833 3932092.0
617.0858781051202 5187804.0
617.0859281753078 5786190.5
617.0862173079464 6577611.0
617.0867455030359 5676150.0
617.0875127605763 4017640.2
617.0885190805675 2369125.5
617.0897644630096 1763223.8
617.0912489079027 1206015.8
617.0929724152465 1324058.9
617.0949349850415 1630927.5
617.0971366172871 1349761.9
617.0995773119838 1422980.2
617.1022570691313 1367992.2
617.1051758887297 1499147.2
617.1083337707789 1586118.2
617.1117307152791 1460976.4
617.1153667222302 1556403.6
617.1192417916321 1080495.1
617.123355923485 1469696.1
617.1277091177888 1926532.2
617.1323013745433 2156995.8
617.1371326937488 2292225.2
617.1422030754052 2938805.0
617.1475125195125 3489824.8
617.1530610260706 4184310.5
617.1588485950797 5375325.0
617.1648752265397 5769774.0
617.1711409204505 5603710.5
617.1776456768123 5524540.5
617.1843894956249 5350115.5
617.1913723768885 5147836.0
617.1985943206029 5270017.5
617.2060553267681 5299847.5
617.2137553953843 4930046.0
617.2216945264513 5529081.0
617.2298727199694 4790635.5
617.2382899759382 3920562.0
617.246946294358 3190200.0
617.2558416752286 1985141.4
617.2649761185502 1472037.8
617.2743496243226 1453776.0
617.2839621925459 1158320.8
617.29381382322 992092.6
617.3039045163453 1439331.2
617.3142342719211 1359826.4
617.3248030899481 1017522.4
617.3356109704258 1116269.2
617.3466579133545 871522.0
617.357943918734 1113406.4
617.3694689865644 958822.44
617.3812331168458 945842.8
617.3932363095779 972661.3
617.4054785647611 822052.1
617.417959882395 796216.8
617.43068026248 722485.9
617.4436397050157 978688.1
617.4568382100024 1294472.9
617.47027577744 1380165.1
617.4839524073284 1462468.0
617.4978680996677 2190439.5
617.512022854458 3435798.0
617.526416671699 4389148.0
617.5410495513911 5224787.5
617.555921493534 5899253.0
617.5710324981277 6534793.0
617.5863825651725 6240432.5
617.601971694668 5629717.0
617.6177998866144 4376660.5
617.6338671410118 3293253.0
617.6501734578601 2905603.5
617.6667188371591 2996756.5
617.6835032789093 3253547.2
617.70052678311 2911302.2
617.7177893497619 3080133.5
617.7352909788646 3234670.0
617.7530316704182 3570264.0
617.7710114244226 3704467.2
617.7892302408779 4099375.0
617.8076881197842 3554395.5
617.8263850611413 3338844.8
617.8453210649494 4604638.0
617.8644961312083 5478800.5
617.8839102599181 6327247.0
617.9035634510788 8527555.0
617.9234557046905 10295724.0
617.9435870207528 10944259.0
617.9639573992663 12060589.0
617.9845668402305 12818629.0
618.0054153436457 12263115.0
618.0265029095117 8170690.5
618.0478295378288 5591841.0
618.0693952285965 4107568.8
618.0911999818152 2927818.0
618.1132437974848 2809774.8
618.1355266756052 2531353.8
618.1580486161766 2060756.5
618.180809619199 1611634.8
618.2038096846721 1437834.4
618.2270488125961 1057222.6
618.2505270029711 848371.25
618.2742442557969 854072.9
618.2982005710737 964293.44
618.3223959488013 1076413.6
618.3468303889798 1094274.9
618.3715038916091 948205.9
618.3964164566895 1151047.4
618.4215680842207 1421464.4
618.4469587742026 1421757.4
618.4725885266356 865609.6
618.4984573415195 808597.0
618.5245652188543 878415.1
618.5509121586398 1087653.2
618.5774981608764 1116802.2
618.6043232255638 1237084.2
618.6313873527021 1276159.0
618.6586905422912 1528324.4
618.6862327943314 2229841.5
618.7140141088223 2539058.0
618.7420344857642 2964074.5
618.7702939251569 3720747.2
618.7987924270005 5617403.0
618.827529991295 6779127.0
618.8565066180404 8452442.0
618.8857223072368 9411848.0
618.915177058884 9965964.0
618.944870872982 9757589.0
618.974803749531 8128372.5
619.004975688531 6336229.5
619.0353866899817 4844805.5
619.0660367538834 3141411.5
619.0969258802359 1962513.5
619.1280540690393 1568218.8
619.1594213202936 1586632.6
619.1910276339989 1705452.5
619.2228730101549 1546339.5
619.2549574487618 1592140.6
619.2872809498198 1444407.6
619.3198435133286 1437283.1
619.3526451392883 1174699.4
619.3856858276988 1362878.1
619.4189655785602 1270290.8
619.4524843918725 992099.94
619.4862422676358 851329.7
619.5202392058499 850099.06
619.5544752065149 848468.75
619.5889502696308 1082095.5
619.6236643951976 967298.9
619.6586175832152 1034612.56
619.6938098336839 1361210.1
619.7292411466033 1414750.8
619.7649115219735 1814982.8
619.8008209597948 2650210.2
619.8369694600669 3405196.2
619.8733570227901 4204921.0
619.9099836479638 5454072.0
619.9468493355887 5798362.0
619.9839540856643 6292099.0
620.0212978981909 6448363.0
620.0588807731684 5890925.0
620.0967027105968 4814540.5
620.134763710476 3347232.0
620.1730637728062 2434370.5
620.2116028975872 1875481.9
620.2503810848191 1541189.8
620.2893983345019 1755881.9
620.3286546466355 1711012.8
620.3681500212202 1431134.8
620.4078844582556 1335104.0
620.447857957742 1261568.5
620.4880705196792 930727.9
620.5285221440674 669523.06
620.5692128309064 835239.7
620.6101425801965 934286.75
620.6513113919372 1058550.0
620.692719266129 1047369.7
620.7343662027715 917337.6
620.7762522018651 765768.0
620.8183772634094 1059927.5
620.8607413874046 966354.44
620.9033445738509 919435.5
620.9461868227478 704446.8
620.9892681340958 727848.7
621.0325885078946 847464.44
621.0761479441444 962928.6
621.1199464428449 942981.25
621.1639840039965 915632.8
621.2082606275989 1086399.9
621.2527763136521 910919.0
621.2975310621563 1099477.6
621.3425248731114 1233632.8
621.3877577465173 1333795.1
621.4332296823742 835434.44
621.478940680682 660559.4
621.5248907414405 873196.5
621.5710798646501 834249.25
621.6175080503104 911988.2
621.6641752984218 1161510.4
621.7110816089839 1074747.2
621.758226981997 860043.75
621.8056114174609 844739.44
621.8532349153759 1319716.0
621.9010974757415 1271790.2
621.9491990985582 1007913.75
621.9975397838257 972870.1
622.0461195315442 1075965.1
622.0949383417135 1371039.2
622.1439962143336 1542667.5
622.1932931494047 1410457.2
622.2428291469266 1716391.8
622.2926042068996 1728830.8
622.3426183293233 1494842.8
622.392871514198 1468450.5
622.4433637615234 1432274.8
622.4940950713 1366550.6
622.5450654435272 1079015.4
622.5962748782055 1211705.8
622.6477233753345 1068122.9
622.6994109349146 1055731.8
622.7513375569454 1287860.5
622.8035032414273 1791036.9
622.8559079883598 1553582.6
622.9085517977434 1691312.5
622.9614346695778 1992404.2
623.0145566038631 2472213.5
623.0679176005993 2932905.5
623.1215176597865 2747752.2
623.1753567814245 3090801.5
623.2294349655133 2920413.5
623.2837522120532 3064636.5
623.3383085210438 2910898.5
623.3931038924854 2707761.2
623.4481383263778 2894224.0
623.5034118227212 3092140.2
623.5589243815153 3775986.2
623.6146760027606 5097018.5
623.6706666864566 5922367.5
623.7268964326033 6202330.5
623.7833652412012 6555054.5
623.8400731122499 5591816.0
623.8970200457495 4417250.0
623.9542060416999 3583750.5
624.0116311001013 3282210.2
624.0692952209534 2878425.5
624.1271984042567 2664754.8
624.1853406500106 2246407.0
624.2437219582156 1741701.8
624.3023423288714 1921668.0
624.3612017619781 1959985.5
624.4203002575357 1861354.2
624.4796378155443 1404909.0
624.5392144360035 1170809.9
624.5990301189137 864352.25
624.659084864275 824401.56
624.7193786720869 862080.94
624.7799115423499 1379293.2
624.8406834750637 1178681.0
624.9016944702284 1132435.9
624.962944527844 989870.3
625.0244336479105 1016923.75
625.0861618304278 969663.1
625.1481290753961 1058870.8
625.2103353828153 1276259.0
625.2727807526853 1321082.4
625.3354651850062 1729786.9
625.398388679778 1772332.8
625.4615512370008 1876554.4
625.5249528566744 1868457.6
625.5885935387989 1611727.0
625.6524732833743 2063011.4
625.7165920904006 2655459.8
625.7809499598777 3000873.8
625.8455468918058 3295718.8
625.9103828861847 3130733.8
625.9754579430146 3909885.5
626.0407720622953 3471323.0
626.106325244027 2823902.0
626.1721174882094 2397024.2
626.2381487948429 1809568.1
626.3044191639272 1794954.0
626.3709285954623 1673417.4
626.4376770894484 1179085.5
626.5046646458853 1413652.2
626.5718912647732 1564273.9
626.6393569461119 1362308.6
626.7070616899016 1426701.1
626.7750054961421 1746178.5
626.8431883648335 1441644.8
626.9116102959758 1802145.8
626.980271289569 1448265.1
627.0491713456131 1278339.8
627.1183104641082 870455.6
627.1876886450539 995901.75
627.2573058884507 1098259.8
627.3271621942984 1461755.0
627.3972575625968 1498290.1
627.4675919933463 1480309.5
627.5381654865465 1438023.8
627.6089780421978 1636437.2
627.6800296602999 1819000.6
627.7513203408529 1754154.4
627.8228500838567 1961493.0
627.8946188893116 1722368.6
627.9666267572171 2105153.0
628.0388736875738 1973703.1
628.1113596803812 1939599.0
628.1840847356395 1721609.9
628.2570488533487 1278086.6
628.3302520335087 1272169.0
628.4036942761198 1559652.5
628.4773755811816 1743094.8
628.5512959486945 2061405.6
628.6254553786581 1972975.2
628.6998538710727 2309200.0
628.7744914259381 2472133.2
628.8493680432545 2517087.8
628.9244837230217 2535721.5
628.9998384652398 2545827.2
629.0754322699088 2265103.5
629.1512651370288 2153693.5
629.2273370665995 2674693.0
629.3036480586212 3234384.0
629.3801981130938 3823338.0
629.4569872300171 3968047.0
629.5340154093916 3338742.8
629.6112826512167 3074918.0
629.6887889554929 2540746.5
629.7665343222199 2112997.5
629.8445187513979 1869308.5
629.9227422430266 1765503.0
630.0012047971064 1747209.0
630.0799064136369 1310123.5
630.1588470926184 1617007.2
630.2380268340507 1555400.5
630.317445637934 1569301.4
630.3971035042681 1854780.0
630.4770004330533 1956247.8
630.5571364242891 1984747.4
630.6375114779759 1855504.9
630.7181255941136 1475035.8
630.7989787727022 1546537.6
630.8800710137417 2043080.2
630.961402317232 2098745.0
631.0429726831734 1718156.2
631.1247821115654 1648181.8
631.2068306024086 1602615.2
631.2891181557025 1087669.1
631.3716447714473 1115395.5
631.454410449643 981025.1
631.5374151902896 877021.6
631.6206589933871 1214397.8
631.7041418589355 1555335.2
631.7878637869347 1496358.2
631.8718247773849 1486590.5
631.956024830286 1701448.1
632.0404639456378 1726601.1
632.1251421234408 1987048.2
632.2100593636944 2203037.0
632.2952156663991 2036381.5
632.3806110315546 1730925.1
632.4662454591611 1725596.2
632.5521189492183 1505622.0
632.6382315017265 1600063.0
632.7245831166855 1440792.8
632.8111737940956 1319716.2
632.8980035339563 1821810.5
632.985072336268 1998287.6
633.0723802010307 1603698.5
633.1599271282441 1503366.1
633.2477131179087 1879810.8
633.3357381700239 1670051.9
633.4240022845902 2389524.0
633.5125054616071 2563659.8
633.6012477010752 2448364.5
633.690229002994 2101930.5
633.7794493673638 1913335.8
633.8689087941844 2025849.9
633.958607283456 1872731.0
634.0485448351784 1777416.1
634.1387214493517 2028015.0
634.2291371259759 1950057.5
634.3197918650509 1868513.9
634.4106856665769 1687699.0
634.5018185305538 1809553.6
634.5931904569816 1799371.5
634.6848014458602 1322779.0
634.7766514971898 1150522.6
634.8687406109701 1191192.1
634.9610687872016 1289624.8
635.0536360258837 1207152.5
635.1464423270169 1199634.9
635.2394876906009 1084660.5
635.3327721166357 1304809.2
635.4262956051215 1357345.8
635.5200581560582 913345.5
635.6140597694457 785849.75
635.7083004452841 803682.0
635.8027801835735 815008.44
635.8974989843136 873512.25
635.9924568475049 868312.0
636.0876537731468 891096.25
636.1830897612398 805936.6
636.2787648117835 1099216.5
636.3746789247782 1313774.5
636.4708321002237 1564870.2
636.5672243381202 1555483.5
636.6638556384676 1520224.2
636.7607260012659 1514638.0
636.857835426515 1617162.8
636.9551839142149 1723883.6
637.0527714643658 1860886.8
637.1505980769675 1688048.1
637.2486637520203 1672213.0
637.3469684895239 1659142.6
637.4455122894784 1343242.6
637.5442951518837 1364860.1
637.64331707674 1792925.5
637.742578064047 1548435.6
637.8420781138052 1357486.1
637.941817226014 1329174.4
638.0417954006739 1874581.4
638.1420126377845 1592151.0
638.2424689373462 1235643.8
638.3431642993586 1331172.4
638.444098723822 1282549.6
638.5452722107362 1144939.1
638.6466847601014 1151805.5
638.7483363719175 1295419.0
638.8502270461844 1518133.8
638.9523567829023 969011.6
639.0547255820709 1174921.9
639.1573334436905 1568863.5
639.260180367761 1614320.2
639.3632663542825 1350311.1
639.4665914032546 1285807.4
639.5701555146778 1260697.4
639.6739586885519 1264769.2
639.7780009248769 1713046.2
639.8822822236526 1799010.0
639.9868025848793 1951517.0
640.091562008557 2034427.2
640.1965604946854 2004527.8
640.3017980432649 1950843.6
640.4072746542952 2248801.5
640.5129903277764 2497474.0
640.6189450637083 2457489.2
640.7251388620914 2046003.9
640.8315717229252 1784204.0
640.93824364621 1708058.9
641.0451546319456 1449980.1
641.1523046801321 1464698.9
641.2596937907695 1155138.0
641.3673219638578 1178214.2
641.4751891993969 981224.6
641.583295497387 946062.75
641.691640857828 1273669.4
641.8002252807198 1365576.4
641.9090487660626 1312884.8
642.0181113138563 1503585.0
642.1274129241008 1809260.0
642.2369535967962 1805531.5
642.3467333319426 1826684.8
642.4567521295397 1925064.4
642.5670099895879 1915630.0
642.6775069120868 1840609.9
642.7882428970366 1411149.8
642.8992179444374 1474738.6
643.010432054289 1341451.8
643.1218852265915 1216087.0
643.2335774613449 1258525.8
643.3455087585494 1096551.0
643.4576791182045 1145887.8
643.5700885403106 1326316.1
643.6827370248676 1100703.5
643.7956245718756 1129014.2
643.9087511813342 933930.1
644.0221168532439 872269.7
644.1357215876045 1217941.1
644.249565384416 1643194.0
644.3636482436782 1488779.8
644.4779701653915 1452125.5
644.5925311495556 1534050.8
644.7073311961706 1478256.8
644.8223703052365 989901.25
644.9376484767532 1161395.4
645.0531657107209 1804590.0
645.1689220071395 1610993.6
645.2849173660089 1227120.5
645.4011517873292 1283967.1
645.5176252711005 1252341.2
645.6343378173226 1345439.5
645.7512894259957 1428863.8
645.8684800971196 1402181.2
645.9859098306944 1533429.5
646.10357862672 1446595.8
646.2214864851966 995147.9
646.3396334061241 776416.25
646.4580193895024 994687.2
646.5766444353317 1147364.9
646.6955085436118 1004729.9
646.8146117143428 1120437.8
646.9339539475247 1177704.0
647.0535352431576 1269652.0
647.1733556012413 1277620.1
647.2934150217759 899318.4
647.4137135047613 1335629.8
647.5342510501977 1338505.1
647.6550276580849 1173736.1
647.7760433284232 1070253.8
647.8972980612122 962805.94
648.018791856452 1006201.6
648.1405247141429 1281408.8
648.2624966342845 1402400.5
648.3847076168772 1252097.4
648.5071576619206 1207635.2
648.629846769415 1366168.8
648.7527749393603 1491757.0
648.8759421717565 1231558.2
648.9993484666035 1213562.6
649.1229938239015 1455455.1
649.2468782436503 1428858.9
649.3710017258501 1332620.1
649.4953642705007 1351275.2
649.6199658776021 1443543.5
649.7448065471544 1441146.4
649.8698862791578 1127229.5
649.9952050736119 1095053.0
650.120762930517 1081366.5
650.2465598498729 859136.94
650.3725958316797 917981.5
650.4988708759375 1208541.8
650.6253849826461 1410343.9
650.7521381518056 1202345.1
650.879130383416 1248717.6
651.0063616774773 1325161.0
651.1338320339895 1049648.8
651.2615414529527 962769.4
651.3894899343666 1222517.6
651.5176774782313 1241392.0
651.6461040845472 1200726.9
651.7747697533138 1205096.5
651.9036744845314 930624.3
652.0328182781997 1362860.1
652.162201134319 1442910.2
652.2918230528892 1444936.5
652.4216840339103 1124138.9
652.5517840773823 804071.94
652.6821231833052 1372580.1
652.8127013516789 1541095.5
652.9435185825037 1455084.5
653.074574875779 1675771.4
653.2058702315056 1672484.8
653.3374046496829 1743316.1
653.469178130311 1568885.1
653.6011906733902 1199908.2
653.73344227892 969287.2
653.865932946901 977898.25
653.9986626773327 1043816.75
654.1316314702154 1274254.9
654.2648393255489 1399989.2
654.3982862433335 1372397.5
654.5319722235687 1406835.8
654.665897266255 1269692.8
654.8000613713921 997290.5
654.9344645389801 865836.4
655.069106769019 955145.6
655.2039880615088 1011928.8
655.3391084164494 1146943.2
655.4744678338409 1218750.5
655.6100663136834 947401.1
655.7459038559767 1241813.0
655.881980460721 1257630.0
656.0182961279161 1299508.6
656.1548508575621 1016694.75
656.291644649659 1225437.1
656.4286775042068 1490650.2
656.5659494212055 1247215.2
656.7034604006551 1391338.1
656.8412104425555 1733616.4
656.9791995469069 1807251.4
657.117427713709 1903688.9
657.2558949429622 1769670.8
657.3946012346663 1605894.4
657.5335465888211 1338481.1
657.672731005427 1022177.8
657.8121544844836 1338810.0
657.9518170259913 1232621.2
658.0917186299497 1164250.2
658.2318592963591 973733.7
658.3722390252193 1144863.9
658.5128578165305 1306758.5
658.6537156702925 1211263.8
658.7948125865055 1276745.4
658.9361485651692 1136153.4
659.077723606284 1191722.4
659.2195377098495 1539383.5
659.361590875866 1337373.2
659.5038831043335 1367306.9
659.6464143952517 1258706.4
659.7891847486209 1339363.2
659.9321941644408 1012401.6
660.0754426427119 1119851.4
660.2189301834336 1303284.2
660.3626567866064 1309961.4
660.50662245223 1276109.0
660.6508271803045 1265265.8
660.7952709708298 1179714.1
660.9399538238061 1171491.9
661.0848757392333 1128554.9
661.2300367171114 1104520.1
661.3754367574403 1185464.8
661.5210758602201 1193897.4
661.6669540254509 1004894.5
661.8130712531324 1039126.6
661.9594275432651 1167446.0
662.1060228958484 1043793.9
662.2528573108827 858408.8
662.3999307883678 996393.0
662.5472433283039 920239.75
662.6947949306908 840857.75
662.8425855955288 761928.06
662.9906153228175 1191857.8
663.1388841125572 1274961.6
663.2873919647476 1291201.9
663.436138879389 1566602.8
663.5851248564813 1092389.8
663.7343498960245 917259.5
663.8838139980186 1127331.2
664.0335171624636 1032308.06
664.1834593893594 953724.5
664.3336406787062 955226.3
664.4840610305039 1058993.9
664.6347204447524 1013215.5
664.7856189214518 919969.7
664.936756460602 817340.1
665.0881330622034 1185045.2
665.2397487262554 1254968.0
665.3916034527584 955318.44
665.5436972417123 1192440.9
665.6960300931171 1533283.2
665.8486020069727 1383153.9
666.0014129832791 1163650.8
666.1544630220367 1051293.8
666.3077521232449 864410.1
666.4612802869042 781150.06
666.6150475130142 1189326.8
666.7690538015753 1412436.0
666.9232991525871 1722948.2
667.07778356605 1899326.9
667.2325070419636 1324916.4
667.3874695803282 1455637.2
667.5426711811436 1626138.1
667.69811184441 1637584.5
667.8537915701272 1653909.5
668.0097103582953 1989449.9
668.1658682089143 1704356.0
668.3222651219842 1385110.6
668.4789010975051 1706754.0
668.6357761354766 1516313.5
668.7928902358992 1346863.1
668.9502433987727 1236481.8
669.1078356240971 1403891.4
669.2656669118722 1436283.5
669.4237372620985 1171595.0
669.5820466747754 1204744.0
669.7405951499034 1364310.5
669.8993826874821 1255000.8
670.0584092875117 1229367.0
670.2176749499924 1193859.5
670.3771796749238 1022066.25
670.5369234623063 1340729.9
670.6969063121394 1001039.06
670.8571282244236 876384.25
671.0175891991586 913962.6
671.1782892363447 1044270.1
671.3392283359814 1148167.5
671.5004064980691 1269197.1
671.6618237226077 1575430.5
671.8234800095972 1465309.8
671.9853753590376 1271655.6
672.1475097709289 1145431.0
672.309883245271 1179213.6
672.472495782064 1107593.0
672.635347381308 1279258.4
672.7984380430028 1364839.8
672.9617677671484 1140290.5
673.125336553745 1317463.8
673.2891444027925 1011747.25
673.453191314291 990946.6
673.6174772882403 1142136.6
673.7820023246404 1251987.8
673.9467664234915 1575794.4
674.1117695847934 1467945.2
674.2770118085463 1428814.0
674.4424930947499 1284228.2
674.6082134434046 1114170.8
674.7741728545101 1224332.6
674.9403713280664 1299300.1
675.1068088640737 1543345.6
675.2734854625319 1590675.6
675.440401123441 1883017.0
675.6075558468009 1640767.4
675.7749496326118 1552462.4
675.9425824808735 1863265.6
676.1104543915861 2143023.8
676.2785653647496 2098994.5
676.4469154003641 1994232.0
676.6155044984293 1929662.6
676.7843326589456 1783528.0
676.9533998819127 1523959.0
677.1227061673306 1327942.8
677.2922515151995 1191802.0
677.4620359255191 1345025.1
677.6320593982898 1341044.2
677.8023219335114 1249426.9
677.9728235311838 1282341.1
678.1435641913071 1287485.2
678.3145439138814 1391356.1
678.4857626989063 1467291.1
678.6572205463824 1346247.8
678.8289174563092 1489623.6
679.000853428687 1443248.8
679.1730284635156 1055042.6
679.3454425607953 1219208.8
679.5180957205256 1545094.8
679.690987942707 1417129.8
679.8641192273392 1288178.5
680.0374895744222 1158853.1
680.2110989839563 1312826.4
680.3849474559411 1343136.2
680.559034990377 1303343.2
680.7333615872635 1534369.4
680.9079272466012 1393191.1
681.0827319683896 1407615.2
681.257775752629 1433844.8
681.4330585993191 1391315.0
681.6085805084602 1097529.5
681.7843414800523 1234937.4
681.9603415140951 1334262.8
682.1365806105889 1289646.0
682.3130587695335 1432120.5
682.4897759909292 1429898.2
682.6667322747755 1612620.6
682.8439276210729 1561948.1
683.0213620298211 1447207.0
683.1990355010204 1782650.1
683.3769480346702 1735613.8
683.5550996307712 1463067.6
683.7334902893231 1303609.4
683.9121200103258 1212726.5
684.0909887937793 1260137.4
684.2700966396839 981736.56
684.4494435480391 1222053.2
684.6290295188454 1620457.6
684.8088545521025 1576611.2
684.9889186478105 1659025.1
685.1692218059694 1729427.8
685.3497640265792 1802297.4
685.5305453096399 1407611.8
685.7115656551515 1417719.9
685.8928250631141 1482809.5
686.0743235335274 1456541.9
686.2560610663917 1444826.4
686.4380376617067 1679201.4
686.6202533194729 1614186.1
686.8027080396897 1725662.4
686.9854018223576 1776877.0
687.1683346674763 1476203.2
687.351506575046 1332065.8
687.5349175450664 1285540.8
687.7185675775377 1609802.4
687.9024566724601 1378689.8
688.0865848298331 1279381.4
688.2709520496572 1610058.5
688.4555583319321 1336597.5
688.640403676658 1311575.6
688.8254880838347 1491557.6
689.0108115534624 1701676.0
689.1963740855408 1477901.1
689.3821756800703 1665354.8
689.5682163370506 1365179.9
689.7544960564818 1301561.2
689.9410148383638 1458371.2
690.1277726826967 1731583.5
690.3147695894805 1428249.5
690.5020055587153 1444867.0
690.689480590401 1395617.8
690.8771946845374 1494738.0
691.0651478411248 1698174.8
691.253340060163 1750226.4
691.4417713416524 1844604.5
691.6304416855924 1536015.1
691.8193510919834 1552090.5
692.0084995608252 1501873.6
692.197887092118 1542284.9
692.3875136858616 1479922.8
692.5773793420561 1920175.6
692.7674840607016 1676732.5
692.9578278417978 1425463.9
693.1484106853451 1450106.2
693.339232591343 1386271.5
693.5302935597921 1604331.5
693.7215935906919 1847431.8
693.9131326840427 1820166.5
694.1049108398444 1868395.6
694.2969280580969 1740014.8
694.4891843388003 1637341.2
694.6816796819547 1846973.8
694.8744140875599 2135246.5
695.067387555616 2019589.5
695.260600086123 2252584.8
695.4540516790809 2251067.5
695.6477423344896 2066748.0
695.8416720523492 1734871.2
696.0358408326598 1697704.0
696.2302486754212 1647872.5
696.4248955806336 1554531.0
696.6197815482967 1954138.8
696.814906578411 2247290.5
697.0102706709758 2453119.2
697.2058738259918 2623372.8
697.4017160434586 2519467.8
697.5977973233763 2590956.8
697.7941176657448 2411637.5
697.9906770705643 2439711.0
698.1874755378346 2539128.5
698.3845130675558 2533088.2
698.581789659728 2125103.8
698.779305314351 2056833.5
698.9770600314249 2315239.5
699.1750538109496 2753899.0
699.3732866529253 2416101.2
699.5717585573519 2520381.0
699.7704695242294 2619988.2
699.9694195535577 2683317.2
700.168608645337 2660332.8
700.3680367995671 2504417.8
700.5677040162482 2335790.5
700.7676102953801 2622404.8
700.9677556369629 2208785.0
701.1681400409966 2575136.5
701.368763507481 2607854.5
701.5696260364166 2714521.0
701.7707276278029 2677060.2
701.9720682816403 2677840.2
702.1736479979284 2708554.8
702.3754667766674 2436042.2
702.5775246178573 2922971.0
702.7798215214982 3080219.8
702.9823574875899 2709330.5
703.1851325161325 2570615.5
703.3881466071259 2659242.2
703.5913997605704 2850972.0
703.7948919764656 2746114.0
703.9986232548118 2424632.5
704.2025935956088 2602042.8
704.4068029988567 2657792.5
704.6112514645556 2635366.5
704.8159389927052 2557411.8
705.020865583306 2789947.2
705.2260312363574 2977848.8
705.4314359518598 2990193.0
705.6370797298131 3090017.8
705.8429625702173 3145857.0
706.0490844730723 3027805.2
706.2554454383783 2720960.2
706.4620454661351 2884678.0
706.6688845563428 2749296.0
706.8759627090014 2895854.5
707.0832799241109 2791634.5
707.2908362016714 2732421.0
707.4986315416826 3515738.5
707.7066659441448 3804754.5
707.9149394090579 3537097.0
708.1234519364218 3632570.2
708.3322035262366 3767478.5
708.5411941785025 3965206.0
708.750423893219 4529795.5
708.9598926703866 5231703.5
709.169600510005 5075143.5
709.3795474120743 4534054.0
709.5897333765945 4634833.0
709.8001584035657 4328490.5
710.0108224929876 3653916.2
710.2217256448604 3825665.0
710.4328678591842 4725200.0
710.6442491359588 4902834.5
710.8558694751844 4834107.0
711.0677288768608 5574435.0
711.2798273409882 6020224.0
711.4921648675663 6345616.0
711.7047414565955 7187931.0
711.9175571080754 8088613.0
712.1306118220064 8587928.0
712.343905598388 9251125.0
712.5574384372208 9883340.0
712.7712103385043 10327339.0
712.9852213022388 9811246.0
713.199471328424 9294489.0
713.4139604170601 8201017.5
713.6286885681474 7857254.0
713.8436557816852 7624826.0
714.0588620576742 7979536.0
714.274307396114 8000325.0
714.4899917970047 8129574.0
714.7059152603462 8406572.0
714.9220777861387 8109498.0
715.138479374382 8222926.0
715.3551200250763 8673494.0
715.5719997382214 9182434.0
715.7891185138174 10004397.0
716.0064763518642 11155121.0
716.224073252362 11029704.0
716.4419092153107 10579916.0
716.6599842407103 9937571.0
716.8782983285607 9892818.0
717.096851478862 9630101.0
717.3156436916144 9264506.0
717.5346749668174 8739061.0
717.7539453044715 8143985.0
717.9734547045764 7206377.0
718.1932031671322 6071184.0
718.4131906921389 4993850.5
718.6334172795965 4637329.0
718.853882929505 4424630.5
719.0745876418644 4356184.0
719.2955314166745 4103962.2
719.5167142539357 3967490.0
719.7381361536477 3619917.2
719.9597971158106 3816828.8
720.1816971404245 3978242.2
720.4038362274891 4277933.0
720.6262143770048 4588888.5
720.8488315889713 4655135.5
721.0716878633887 5084032.0
721.2947832002569 5541135.5
721.518117599576 6604581.0
721.741691061346 6999752.5
721.965503585567 7971927.5
722.1895551722389 9477269.0
722.4138458213616 10566586.0
722.6383755329352 12531796.0
722.8631443069596 13168806.0
723.0881521434351 14112079.0
723.3133990423613 14377318.0
723.5388850037385 14988984.0
723.7646100275665 13525505.0
723.9905741138455 12164482.0
724.2167772625753 11817785.0
724.4432194737561 11730974.0
724.6699007473876 11450854.0
724.8968210834703 11578598.0
725.1239804820036 11787529.0
725.3513789429879 12225388.0
725.579016466423 12752354.0
725.8068930523091 12872600.0
726.0350087006461 12877100.0
726.2633634114338 14060266.0
726.4919571846726 15398280.0
726.7207900203623 16540212.0
726.9498619185028 17703182.0
727.1791728790942 19895716.0
727.4087229021366 25011056.0
727.6385119876297 33262816.0
727.8685401355738 45293704.0
728.0988073459687 60856270.0
728.3293136188147 77255200.0
728.5600589541114 95558950.0
728.7910433518591 111285770.0
729.0222668120575 119748090.0
729.2537293347069 119761020.0
729.4854309198073 112092960.0
729.7173715673584 94643860.0
729.9495512773606 70816530.0
730.1819700498136 47861196.0
730.4146278847174 32851444.0
730.6475247820722 24545432.0
730.8806607418778 19535478.0
731.1140357641343 16183841.0
731.3476498488419 13152744.0
731.5815029960002 11476040.0
731.8155952056094 9080102.0
732.0499264776695 6847734.5
732.2844968121806 5699112.5
732.5193062091423 5477534.0
732.754354668555 4814528.0
732.9896421904187 4431849.5
733.2251687747333 4475429.0
733.4609344214988 4392224.0
733.6969391307151 4353594.5
733.9331829023823 5262232.0
734.1696657365004 5770727.0
734.4063876330695 5734505.0
734.6433485920893 6661073.0
734.8805486135602 6861434.5
735.1179876974818 7400124.5
735.3556658438545 7771356.0
735.5935830526778 6931367.0
735.8317393239522 6744770.0
736.0701346576775 6735825.0
736.3087690538534 6452412.5
736.5476425124806 6033510.5
736.7867550335584 5984770.0
737.0261066170873 6256239.5
737.265697263067 7099060.0
737.5055269714976 8329859.5
737.745595742379 9931570.0
737.9859035757114 12282298.0
738.2264504714947 15624121.0
738.4672364297288 21325650.0
738.7082614504138 28778690.0
738.9495255335498 39433924.0
739.1910286791365 53991900.0
739.4327708871742 69901610.0
739.6747521576629 87779700.0
739.9169724906022 101156090.0
740.1594318859927 107369880.0
740.4021303438338 103262200.0
740.6450678641261 91183120.0
740.8882444468691 71720184.0
741.131660092063 49812980.0
741.3753147997079 32965228.0
741.6192085698036 22739144.0
741.8633414023502 18086174.0
742.1077132973477 14985814.0
742.352324254796 12250931.0
742.5971742746954 9793146.0
742.8422633570456 7274184.0
743.0875915018465 6236749.0
743.3331587090985 5471389.5
743.5789649788013 4911266.5
743.8250103109551 3979762.8
744.0712947055597 2841628.5
744.3178181626151 2403357.2
744.5645806821216 2680723.5
744.8115822640789 2532693.0
745.058822908487 2287467.5
745.3063026153461 2374058.5
745.554021384656 2904996.2
745.801979216417 3043751.0
746.0501761106286 3327589.0
746.2986120672912 3720943.5
746.5472870864048 3541399.5
746.7962011679691 3475446.0
747.0453543119845 3744197.8
747.2947465184507 3734721.0
747.5443777873677 3220887.2
747.7942481187357 2880059.5
748.0443575125546 2544556.0
748.2947059688242 2398304.8
748.545293487545 2136936.5
748.7961200687164 2009425.1
749.0471857123389 1951368.0
749.2984904184123 1931138.9
749.5500341869365 1987112.5
749.8018170179115 2230905.5
750.0538389113375 2133808.5
750.3060998672144 2054987.0
750.558599885542 2053922.0
750.8113389663208 2329982.2
751.0643171095503 2457918.2
751.3175343152308 2417544.0
751.570990583362 2140868.0
751.8246859139442 1953403.5
752.0786203069773 2071101.0
752.3327937624614 1796698.1
752.5872062803962 1814584.2
752.841857860782 1963297.0
753.0967485036186 2188400.5
753.3518782089062 2098901.0
753.6072469766447 2423858.0
753.8628548068339 2943218.8
754.1187016994742 2847474.0
754.3747876545652 2482849.0
754.6311126721073 2610267.8
754.8876767521001 2678594.0
755.144479894544 2674029.8
755.4015220994386 2968433.8
755.6588033667842 2644636.2
755.9163236965807 2612383.0
756.1740830888281 2644486.0
756.4320815435262 2801528.0
756.6903190606754 2913627.2
756.9487956402754 2736880.5
757.2075112823263 2532434.8
757.4664659868281 2316186.2
757.7256597537807 2990947.0
757.9850925831844 3276371.0
758.2447644750388 3131842.5
758.5046754293442 3447042.8
758.7648254461004 3769473.0
759.0252145253075 3834202.2
759.2858426669656 3731809.0
759.5467098710745 3869063.8
759.8078161376343 4613349.5
760.069161466645 4919828.0
760.3307458581066 5065205.5
760.5925693120191 4750210.5
760.8546318283825 4435617.5
761.1169334071967 4351548.0
761.3794740484618 4218286.5
761.6422537521778 4087404.0
761.9052725183449 3441389.8
762.1685303469626 3543360.0
762.4320272380314 3656323.0
762.6957631915509 3637569.0
762.9597382075215 3473395.2
763.2239522859428 3590787.2
763.4884054268151 3404748.5
763.7530976301382 3419560.5
764.0180288959123 3393551.5
764.2831992241372 4060059.0
764.5486086148131 4125898.0
764.8142570679397 4066436.2
765.0801445835173 4015691.2
765.3462711615459 4595029.0
765.6126368020252 5416124.0
765.8792415049556 5940951.0
766.1460852703367 6053317.0
766.4131680981689 6117884.5
766.6804899884517 6346124.5
766.9480509411856 6497380.0
767.2158509563703 6053802.5
767.483890034006 4740026.0
767.7521681740925 4364965.5
768.0206853766299 4423139.0
768.2894416416182 4085983.5
768.5584369690574 4312389.0
768.8276713589474 4624504.0
769.0971448112883 4751791.0
769.3668573260802 5376470.5
769.636808903323 5509699.5
769.9069995430166 5233506.0
770.1774292451611 5431732.0
770.4480980097566 5838234.0
770.7190058368028 6810239.5
770.9901527263 7250990.5
771.2615386782481 7743199.5
771.5331636926471 8261235.5
771.805027769497 8681731.0
772.0771309087978 9927560.0
772.3494731105494 11588379.0
772.622054374752 13763066.0
772.8948747014053 16256436.0
773.1679340905096 18999104.0
773.4412325420649 21163322.0
773.714770056071 21388482.0
773.9885466325279 21983072.0
774.2625622714359 21976920.0
774.5368169727947 19737158.0
774.8113107366042 17336594.0
775.0860435628648 13968909.0
775.3610154515762 10738548.0
775.6362264027387 8081309.5
775.9116764163518 6675320.5
776.1873654924159 6849397.5
776.4632936309309 6107593.0
776.7394608318967 6030757.0
777.0158670953135 6290199.0
777.2925124211812 6120761.0
777.5693968094998 5715154.0
777.8465202602692 6054615.5
778.1238827734896 6399834.5
778.4014843491608 6663575.0
778.6793249872829 7401097.0
778.957404687856 8432872.0
779.23572345088 10074066.0
779.5142812763546 11906912.0
779.7930781642804 13756184.0
780.0721141146569 15871830.0
780.3513891274845 16899386.0
780.6309032027627 17236594.0
780.9106563404919 18263956.0
781.1906485406721 19190806.0
781.4708798033031 17856966.0
781.7513501283851 16700241.0
782.0320595159178 15911671.0
782.3130079659015 15310588.0
782.5941954783361 15775436.0
782.8756220532216 15693851.0
783.157287690558 15061529.0
783.4391923903453 15038409.0
783.7213361525834 14021275.0
784.0037189772725 12382585.0
784.2863408644123 11013931.0
784.5692018140032 10860200.0
784.8523018260448 11648562.0
785.1356409005374 12801788.0
785.419219037481 13451430.0
785.7030362368753 13304819.0
785.9870924987206 13359908.0
786.2713878230167 13300846.0
786.5559222097638 13572219.0
786.8406956589616 13011341.0
787.1257081706106 12994195.0
787.4109597447102 12950116.0
787.6964503812609 12538228.0
787.9821800802623 12835728.0
788.2681488417147 12935026.0
788.554356665618 13095546.0
788.8408035519722 13569278.0
789.1274895007773 14307058.0
789.4144145120331 15470065.0
789.70157858574 15558532.0
789.9889817218977 16097621.0
790.2766239205064 16403390.0
790.5645051815659 16550209.0
790.8526255050763 18114084.0
791.1409848910375 20565508.0
791.4295833394498 22182572.0
791.7184208503128 24304338.0
792.0074974236268 26245390.0
792.2968130593916 28939332.0
792.5863677576074 31425872.0
792.876161518274 32761770.0
793.1661943413915 33294838.0
793.45646622696 33389940.0
793.7469771749792 31315150.0
794.0377271854495 29773156.0
794.3287162583705 29960168.0
794.6199443937426 30668104.0
794.9114115915653 31744920.0
795.2031178518391 32719628.0
795.4950631745637 32576504.0
795.7872475597393 32628822.0
796.0796710073657 34238016.0
796.372333517443 35908252.0
796.6652350899712 36335150.0
796.9583757249504 38603064.0
797.2517554223803 40683296.0
797.5453741822612 42225564.0
797.839232004593 44464044.0
798.1333288893755 49642100.0
798.4276648366092 53384440.0
798.7222398462935 56375104.0
799.0170539184289 60043056.0
799.3121070530151 60657110.0
799.6073992500523 61294204.0
799.9029305095402 63872656.0
800.1987008314792 63353270.0
800.4947102158688 61370056.0
800.7909586627096 62238596.0
801.0874461720011 63289840.0
801.3841727437435 63380056.0
801.6811383779369 64185164.0
801.9783430745811 63071530.0
802.2757868336762 60268610.0
802.5734696552222 56598110.0
802.8713915392192 54179540.0
803.1695524856669 50912860.0
803.4679524945657 49526270.0
803.7665915659152 49548700.0
804.0654696997157 50447676.0
804.364586895967 49889596.0
804.6639431546693 49457250.0
804.9635384758224 51150496.0
805.2633728594265 53995720.0
805.5634463054813 56870830.0
805.863758813987 58063370.0
806.1643103849437 59127840.0
806.4651010183513 58414744.0
806.7661307142098 59340636.0
807.0673994725191 60695670.0
807.3689072932794 62516340.0
807.6706541764905 62791790.0
807.9726401221526 64513650.0
808.2748651302655 66445164.0
808.5773292008294 73460270.0
808.880032333844 84648310.0
809.1829745293097 94539790.0
809.4861557872262 107093720.0
809.7895761075936 125442840.0
810.0932354904118 144268770.0
810.3971339356808 163961860.0
810.701271443401 183683230.0
811.0056480135719 198662500.0
811.3102636461938 210844940.0
811.6151183412665 219563520.0
811.9202120987901 220595140.0
812.2255449187645 215210340.0
812.5311168011899 202424340.0
812.8369277460662 179516060.0
813.1429777533934 159378060.0
813.4492668231715 142949580.0
813.7557949554005 131959940.0
814.0625621500802 124107300.0
814.3695684072109 115000650.0
814.6768137267925 105626580.0
814.984298108825 101249040.0
815.2920215533085 94138570.0
815.5999840602427 87143910.0
815.908185629628 82042390.0
816.216626261464 76652984.0
816.5253059557509 69844170.0
816.8342247124888 63159280.0
817.1433825316776 56550730.0
817.4527794133171 50320720.0
817.7624153574077 44170704.0
818.072290363949 40132508.0
818.3824044329415 38542616.0
818.6927575643846 37876276.0
819.0033497582787 38015610.0
819.3141810146236 42290044.0
819.6252513334194 46155404.0
819.9365607146663 49644524.0
820.2481091583638 55199976.0
820.5598966645124 62030004.0
820.8719232331118 67215330.0
821.1841888641621 76127020.0
821.4966935576633 88350170.0
821.8094373136155 102615640.0
822.1224201320184 120246580.0
822.4356420128723 138616700.0
822.749102956177 156256820.0
823.0628029619327 176972290.0
823.3767420301392 199553440.0
823.6909201607966 222532000.0
824.005337353905 244759500.0
824.3199936094642 263116660.0
824.6348889274743 273883550.0
824.9500233079352 279440220.0
825.2653967508472 269796640.0
825.5810092562099 248524220.0
825.8968608240236 213727140.0
826.2129514542881 171551940.0
826.5292811470036 127831300.0
826.8458499021699 90177000.0
827.1626577197871 65022884.0
827.4797045998553 49557216.0
827.7969905423743 41426496.0
828.1145155473441 33176988.0
828.4322796147649 26323104.0
828.7502827446367 21631404.0
829.0685249369592 18859972.0
829.3870061917327 16439319.0
829.705726508957 13916156.0
830.0246858886322 12162719.0
830.3438843307583 11261950.0
830.6633218353354 10335790.0
830.9829984023633 10045345.0
831.3029140318422 9438715.0
831.6230687237718 8206140.5
831.9434624781525 8273161.0
832.2640952949838 8539954.0
832.5849671742662 8211685.5
832.9060781159994 8104013.0
833.2274281201835 9179511.0
833.5490171868187 8936678.0
833.8708453159045 8824556.0
834.1929125074414 8875707.0
834.515218761429 9536587.0
834.8377640778676 9885169.0
835.160548456757 9566239.0
835.4835718980975 10605076.0
835.8068344018886 11500969.0
836.1303359681309 11741111.0
836.4540765968239 13206146.0
836.778056287968 13777039.0
837.1022750415626 14555080.0
837.4267328576084 15142931.0
837.7514297361049 15711208.0
838.0763656770524 16720168.0
838.4015406804508 17916878.0
838.7269547463001 18484576.0
839.0526078746003 18507836.0
839.3785000653513 18911624.0
839.7046313185533 19970198.0
840.0310016342061 19460248.0
840.3576110123099 19615302.0
840.6844594528644 19213660.0
841.01154695587 19386344.0
841.3388735213264 19200762.0
841.6664391492336 18075018.0
841.9942438395917 19209778.0
842.3222875924008 20033594.0
842.6505704076608 20835298.0
842.9790922853716 21281590.0
843.3078532255333 20459128.0
843.636853228146 19290762.0
843.9660922932096 18746584.0
844.2955704207238 17703972.0
844.6252876106893 16888776.0
844.9552438631054 17808342.0
845.2854391779725 18027472.0
845.6158735552905 17981676.0
845.9465469950594 18503434.0
846.2774594972791 20316458.0
846.6086110619498 22690822.0
846.9400016890712 23999422.0
847.2716313786436 25702222.0
847.603500130667 28157564.0
847.9356079451411 32103178.0
848.2679548220663 35716484.0
848.6005407614422 39498264.0
848.9333657632692 44247156.0
849.2664298275467 47158810.0
849.5997329542755 48699370.0
849.933275143455 51444964.0
850.2670563950855 53733410.0
850.6010767091668 54547760.0
850.935336085699 52000864.0
851.2698345246821 50776904.0
851.6045720261161 50354750.0
851.939548590001 49665196.0
852.2747642163367 47806444.0
852.6102189051235 46285996.0
852.9459126563609 41138428.0
853.2818454700493 36282772.0
853.6180173461887 32667998.0
853.9544282847789 28626140.0
854.29107828582 25926282.0
854.627967349312 25207622.0
854.9650954752549 24784236.0
855.3024626636488 24786110.0
855.6400689144934 27003868.0
855.9779142277889 29086872.0
856.3159986035355 31066242.0
856.6543220417327 31016424.0
856.992884542381 33390120.0
857.33168610548 36555976.0
857.6707267310301 38880910.0
858.010006419031 41160764.0
858.3495251694828 42874164.0
858.6892829823855 46242164.0
859.0292798577391 50402510.0
859.3695157955435 52282500.0
859.709990795799 55354880.0
860.0507048585051 57148730.0
860.3916579836623 59665184.0
860.7328501712702 63847676.0
861.0742814213293 64689440.0
861.415951733839 67004476.0
861.7578611087997 68991090.0
862.1000095462114 70752960.0
862.4423970460737 71214590.0
862.7850236083872 70377740.0
863.1278892331513 66927400.0
863.4709939203666 59866896.0
863.8143376700325 52891070.0
864.1579204821496 46290696.0
864.5017423567174 37658190.0
864.845803293736 30328776.0
865.1901032932057 25593032.0
865.5346423551262 22575436.0
865.8794204794975 22661664.0
866.2244376663198 22076860.0
866.569693915593 22131278.0
866.9151892273169 23197570.0
867.2609236014919 25584868.0
867.6068970381177 28795668.0
867.9531095371945 31787076.0
868.299561098722 34166370.0
868.6462517227006 36195304.0
868.9931814091299 40822652.0
869.3403501580103 45504364.0
869.6877579693414 51108604.0
870.0354048431236 53777490.0
870.3832907793565 57558064.0
870.7314157780402 59910484.0
871.079779839175 61173436.0
871.4283829627606 64608864.0
871.7772251487971 67001004.0
872.1263063972845 72560504.0
872.4756267082229 76478610.0
872.825186081612 76553780.0
873.1749845174521 74162950.0
873.525022015743 70184380.0
873.875298576485 62398590.0
874.2258141996776 52537404.0
874.5765688853213 43203970.0
874.9275626334158 38325124.0
875.2787954439613 36578904.0
875.6302673169575 37182380.0
875.9819782524048 38377256.0
876.3339282503027 39404690.0
876.6861173106518 39011700.0
877.0385454334516 37910876.0
877.3912126187024 37055944.0
877.744118866404 36728560.0
878.0972641765566 32943776.0
878.45064854916 29675700.0
878.8042719842143 25928116.0
879.1581344817196 22785238.0
879.5122360416756 19403238.0
879.8665766640827 16086235.0
880.2211563489404 14591952.0
880.5759750962493 14743736.0
880.9310329060089 15375121.0
881.2863297782194 14849328.0
881.6418657128809 14481819.0
881.9976407099932 14278614.0
882.3536547695564 16338691.0
882.7099078915705 17276642.0
883.0664000760355 16808630.0
883.4231313229513 17139818.0
883.7801016323183 17340742.0
884.1373110041359 17095862.0
884.4947594384045 16738786.0
884.8524469351239 16198290.0
885.2103734942943 16824844.0
885.5685391159154 16646276.0
885.9269437999875 15571956.0
886.2855875465107 14820411.0
886.6444703554844 14427282.0
887.0035922269093 15077232.0
887.3629531607849 15742396.0
887.7225531571116 15733622.0
888.082392215889 16087109.0
888.4424703371174 15213196.0
888.8027875207965 16786838.0
889.1633437669268 18848936.0
889.5241390755077 20502368.0
889.8851734465397 21345592.0
890.2464468800224 22791902.0
890.6079593759562 24595788.0
890.9697109343408 25863692.0
891.3317015551763 29252648.0
891.6939312384626 33213650.0
892.0563999841997 34588836.0
892.419107792388 38005964.0
892.7820546630269 41775644.0
893.145240596117 44979496.0
893.5086655916577 48250224.0
893.8723296496495 49306220.0
894.2362327700921 50328660.0
894.6003749529856 51534090.0
894.96475619833 54149684.0
895.3293765061252 57923336.0
895.6942358763713 62065484.0
896.0593343090684 66050556.0
896.4246718042164 69199630.0
896.7902483618151 71928570.0
897.1560639818649 68871050.0
897.5221186643654 62565024.0
897.888412409317 55624316.0
898.2549452167193 45373730.0
898.6217170865726 35568350.0
898.9887280188768 27038052.0
899.3559780136319 21925402.0
899.7234670708378 17517766.0
900.0911951904947 15740282.0
900.4591623726023 13720851.0
900.827368617161 12188890.0
901.1958139241705 11721979.0
901.5644982936308 11862115.0
901.9334217255422 11082892.0
902.3025842199042 10662094.0
902.6719857767174 10818534.0
903.0416263959813 11216136.0
903.4115060776962 11347386.0
903.7816248218619 10768679.0
904.1519826284787 10686805.0
904.5225794975461 10577022.0
904.8934154290646 10878180.0
905.2644904230337 11105959.0
905.635804479454 11882080.0
906.0073575983251 11374699.0
906.3791497796472 11190001.0
906.7511810234199 10075898.0
907.1234513296438 8933608.0
907.4959606983184 8730204.0
907.8687091294438 9837085.0
908.2416966230203 9882766.0
908.6149231790475 9226362.0
908.9883887975259 8612752.0
909.3620934784549 8962648.0
909.736037221835 8949621.0
910.1102200276657 9014688.0
910.4846418959476 8421941.0
910.8593028266802 7946590.5
911.2342028198638 7791415.0
911.6093418754981 8290740.0
911.9847199935836 8122114.5
912.3603371741196 8143234.5
912.7361934171067 8286000.5
913.1122887225448 8838160.0
913.4886230904336 9647871.0
913.8651965207735 10147679.0
914.242009013564 10999002.0
914.6190605688057 12085315.0
914.996351186498 11705878.0
915.3738808666415 12264096.0
915.7516496092356 12224869.0
916.1296574142808 12567479.0
916.5079042817767 13287756.0
916.8863902117237 13211168.0
917.2651152041215 13349772.0
917.6440792589702 13797345.0
918.0232823762697 13402118.0
918.4027245560201 12906545.0
918.7824057982216 11937386.0
919.1623261028737 11207391.0
919.542485469977 10765928.0
919.9228838995309 11506586.0
920.3035213915359 12347536.0
920.6843979459916 12107031.0
921.0655135628983 12505286.0
921.446868242256 13157624.0
921.8284619840645 13740821.0
922.2102947883237 13753750.0
922.5923666550341 14179939.0
922.9746775841952 14743888.0
923.3572275758072 15116828.0
923.7400166298701 16279734.0
924.1230447463838 16870052.0
924.5063119253487 17130524.0
924.8898181667641 17888572.0
925.2735634706307 18877984.0
925.657547836948 18411578.0
926.0417712657163 17607928.0
926.4262337569354 16104561.0
926.8109353106056 14506640.0
927.1958759267263 13951316.0
927.5810556052983 13957999.0
927.966474346321 14551048.0
928.3521321497947 14286440.0
928.7380290157191 14758084.0
929.1241649440944 14303116.0
929.5105399349206 13651621.0
929.8971539881978 13421386.0
930.2840071039259 12946681.0
930.6710992821048 11247535.0
931.0584305227347 10087011.0
931.4460008258154 9335069.0
931.8338101913471 9527531.0
932.2218586193296 9386711.0
932.610146109763 8392192.0
932.9986726626472 6060266.0
933.3874382779825 4544778.5
933.7764429557685 4207654.5
934.1656866960054 3812850.2
934.5551694986933 3297029.5
934.9448913638321 2912671.0
935.3348522914216 2870707.5
935.7250522814621 3173737.0
936.1154913339535 3387678.0
936.5061694488959 3704160.0
936.8970866262891 3910207.2
937.288242866133 3783564.5
937.6796381684281 3185547.0
938.0712725331739 3315512.0
938.4631459603708 4207194.0
938.8552584500184 3850514.8
939.247610002117 3978601.5
939.6402006166663 4338384.5
940.0330302936667 5335320.5
940.4260990331178 5632294.0
940.8194068350199 5552419.5
941.212953699373 5019832.5
941.6067396261767 4811050.0
942.0007646154315 5037867.0
942.3950286671371 4832753.0
942.7895317812938 4451027.5
943.184273957901 4113575.5
943.5792551969595 3902192.2
943.9744754984687 3696315.0
944.3699348624289 3599704.8
944.7656332888398 3544781.2
945.1615707777016 3416085.5
945.5577473290144 3799316.5
945.9541629427781 3648248.0
946.3508176189927 3506138.8
946.7477113576581 3410686.2
947.1448441587745 3836580.2
947.5422160223416 4288929.0
947.9398269483597 4526421.0
948.3376769368288 5222362.5
948.7357659877487 4911067.5
949.1340941011194 5047168.5
949.5326612769411 5578653.0
949.9314675152136 5827583.0
950.3305128159373 5480329.0
950.7297971791115 5234398.0
951.1293206047367 5582877.0
951.5290830928128 6104565.5
951.9290846433399 5834298.0
952.3293252563178 5427925.5
952.7298049317465 5123548.0
953.1305236696262 4978616.0
953.5314814699568 5311459.0
953.9326783327383 5819535.0
954.3341142579707 5251470.5
954.7357892456539 5023939.5
955.137703295788 5198702.0
955.5398564083731 5325560.5
955.942248583409 5546379.0
956.3448798208958 5575220.0
956.7477501208334 4333093.0
957.1508594832221 3898606.2
957.5542079080615 3678776.0
957.9577953953519 4098635.5
958.3616219450932 4054185.5
958.7656875572852 4243112.5
959.1699922319283 4312273.0
959.5745359690222 4384353.5
959.979318768567 3992873.5
960.3843406305627 4486594.0
960.7896015550094 4837683.0
961.1951015419069 5179085.0
961.6008405912553 5103737.5
962.0068187030545 5325092.5
962.4130358773048 5679749.5
962.8194921140057 5676981.0
963.2261874131577 6013886.0
963.6331217747605 6041701.0
964.0402951988142 5879595.0
964.4477076853188 6240457.0
964.8553592342744 5827163.0
965.2632498456808 6034637.5
965.671379519538 5663319.0
966.0797482558462 5342807.5
966.4883560546052 5185558.5
966.8972029158153 5582307.5
967.3062888394761 5063337.5
967.7156138255879 4460244.0
968.1251778741505 4173701.2
968.534980985164 4108497.2
968.9450231586284 3905863.0
969.3553043945437 3581596.2
969.7658246929099 3311887.0
970.1765840537269 3094232.8
970.5875824769948 3243351.0
970.9988199627137 3153501.5
971.4102965108834 3140331.0
971.822012121504 3040869.5
972.2339667945757 3345193.5
972.6461605300981 3550666.5
973.0585933280714 3877441.5
973.4712651884955 4128717.5
973.8841761113707 4735668.5
974.2973260966967 4817575.5
974.7107151444736 5147712.0
975.1243432547012 5687067.0
975.5382104273799 5477112.0
975.9523166625095 5113519.5
976.3666619600898 6223272.5
976.7812463201212 6348572.0
977.1960697426034 6103495.0
977.6111322275365 6679859.5
978.0264337749204 7438257.5
978.4419743847554 8011559.5
978.8577540570411 7479564.0
979.2737727917779 7174038.0
979.6900305889653 6945787.0
980.1065274486039 6506733.0
980.523263370693 6059050.5
980.9402383552333 6234245.0
981.3574524022245 6519795.0
981.7749055116664 6989415.5
982.1925976835594 6551329.5
982.6105289179031 6470369.0
983.0286992146978 7626777.5
983.4471085739433 8559932.0
983.8657569956398 9465626.0
984.2846444797872 10123824.0
984.7037710263854 10457868.0
985.1231366354345 10965441.0
985.5427413069345 11087451.0
985.9625850408854 10792065.0
986.3826678372873 10259299.0
986.8029896961399 10566012.0
987.2235506174435 11811379.0
987.6443506011979 11396469.0
988.0653896474032 11330098.0
988.4866677560595 11365940.0
988.9081849271665 10532106.0
989.3299411607247 10236437.0
989.7519364567336 9791154.0
990.1741708151934 8408304.0
990.5966442361041 8371589.5
991.0193567194657 8208632.5
991.4423082652781 7627531.0
991.8654988735416 7535779.5
992.2889285442558 6912054.5
992.712597277421 6421705.0
993.1365050730369 6326032.5
993.5606519311038 6546643.0
993.9850378516217 6852537.5
994.4096628345903 7658419.5
994.83452688001 8221591.0
995.2596299878804 7172718.0
995.6849721582018 7429765.0
996.110553390974 8158400.0
996.5363736861973 9318324.0
996.9624330438713 9293593.0
997.3887314639962 9232522.0
997.8152689465721 8967796.0
998.2420454915989 8683074.0
998.6690610990764 7625774.5
999.0963157690048 7634897.0
999.5238095013843 8566177.0
999.9515422962145 7758839.5
1000.3795141534958 6965067.0
1000.8077250732279 6070975.5
1001.2361750554107 6157703.0
1001.6648641000446 5676704.5
1002.0937922071294 4960010.0
1002.522959376665 4505854.0
1002.9523656086515 4239229.5
1003.3820109030889 4417141.5
1003.8118952599773 4224660.0
1004.2420186793163 4882110.5
1004.6723811611065 5611829.5
1005.1029827053474 6121732.0
1005.5338233120393 7190732.0
1005.9649029811819 9951186.0
1006.3962217127755 11208062.0
1006.8277795068202 12102229.0
1007.2595763633155 12099654.0
1007.6916122822619 13150781.0
1008.1238872636591 13720602.0
1008.5564013075071 14484179.0
1008.9891544138061 15620151.0
1009.422146582556 16874158.0
1009.8553778137567 17854298.0
1010.2888481074084 19194388.0
1010.7225574635108 20287702.0
1011.1565058820644 20143406.0
1011.5906933630686 18766838.0
1012.0251199065237 17322906.0
1012.45978551243 14558971.0
1012.8946901807869 11840134.0
1013.3298339115948 9304229.0
1013.7652167048535 7632169.5
1014.2008385605632 6795534.5
1014.6366994787238 5534929.0
1015.0727994593352 5114069.5
1015.5091385023975 5004129.0
1015.9457166079108 5726395.0
1016.3825337758749 6344461.0
1016.8195900062899 7035245.5
1017.2568852991558 7454717.5
1017.6944196544725 8442340.0
1018.1321930722402 9030586.0
1018.5702055524587 9905273.0
1019.0084570951283 11161374.0
1019.4469477002485 11507416.0
1019.8856773678198 11943262.0
1020.3246460978419 11829209.0
1020.763853890315 13154151.0
1021.2033007452387 14959491.0
1021.6429866626136 15689959.0
1022.0829116424393 15269000.0
1022.5230756847159 15862260.0
1022.9634787894433 15865315.0
1023.4041209566217 15332709.0
1023.8450021862509 13127185.0
1024.286122478331 11230625.0
1024.727481832862 7691287.0
1025.1690802498438 5363815.5
1025.6109177292767 4274331.5
1026.0529942711605 3115895.5
1026.495309875495 2817368.0
1026.9378645422805 2167182.0
1027.380658271517 1675563.8
1027.823691063204 2018115.2
1028.2669629173424 1693526.8
1028.7104738339312 1520710.5
1029.1542238129714 1518819.5
1029.598212854462 1391104.2
1030.0424409584039 1205603.5
1030.4869081247964 1395238.6
1030.9316143536398 1457371.4
1031.376559644934 1404932.4
1031.8217439986793 1346912.4
1032.2671674148755 1345668.5
1032.7128298935227 1013592.75
1033.1587314346207 905930.25
1033.6048720381693 988661.0
1034.051251704169 1195350.2
1034.4978704326197 1445282.2
1034.9447282235212 1025470.4
1035.3918250768736 1162693.5
1035.8391609926769 1150899.8
1036.286735970931 1209960.5
1036.734550011636 1116637.0
1037.182603114792 1291028.1
1037.6308952803988 1282529.8
1038.0794265084567 1014593.6
1038.5281967989652 1335125.8
1038.9772061519247 1140108.9
1039.426454567335 1205802.4
1039.8759420451966 1461592.4
1040.3256685855085 1473343.8
1040.7756341882716 1321852.0
1041.2258388534856 1397103.0
1041.6762825811506 1486486.0
1042.1269653712661 1739484.0
1042.577887223833 1607144.8
1043.0290481388504 1676551.1
1043.4804481163187 1457732.5
1043.9320871562381 1864865.6
1044.3839652586082 1661747.2
1044.8360824234294 1590828.9
1045.2884386507012 1705837.5
1045.7410339404241 1607432.2
1046.193868292598 1621082.8
1046.6469417072226 1746810.6
1047.1002541842981 1904142.0
1047.5538057238246 1712523.2
1048.0075963258018 1721467.4
1048.46162599023 1736904.2
1048.915894717109 1819458.6
1049.3704025064392 1604761.4
1049.82514935822 1608839.0
1050.2801352724516 1648131.4
1050.7353602491344 1422621.5
1051.1908242882678 1495346.4
1051.6465273898525 1342431.0
1052.1024695538877 1595319.4
1052.558650780374 1647769.8
1053.015071069311 1485271.4
1053.471730420699 1293300.8
1053.928628834538 1590046.1
1054.3857663108276 1489130.2
1054.8431428495683 1353086.0
1055.30075845076 1432752.6
1055.7586131144024 1567837.2
1056.2167068404956 1408769.5
1056.67503962904 1794473.5
1057.133611480035 2051014.2
1057.592422393481 1994514.8
1058.0514723693777 2064596.5
1058.5107614077258 2207421.5
1058.9702895085243 2085634.9
1059.4300566717739 2234169.2
1059.8900628974743 1918872.8
1060.3503081856259 566297.0
1060.8107925362278 -895601.2
1061.2715159492811 -2513839.0
1061.732478424785 -4216194.5
1062.1936799627401 -5724238.0
1062.6551205631458 -7273052.5
1063.1168002260026 -9050099.0
1063.57871895131 -10599230.0
1064.0408767390686 -12550285.0
1064.503273589278 -14299416.0
1064.965909501938 -16251019.0
1065.4287844770492 -18399612.0
1065.8918985146113 -20568908.0
1066.3552516146242 -22105036.0
1066.818843777088 -24051712.0
1067.2826750020029 -26120420.0
1067.7467452893684 -28331138.0
1068.211054639185 -30100404.0
1068.6756030514523 0.0
1069.1403905261704 0.0
1069.6054170633397 0.0
1070.0706826629596 0.0
1070.5361873250306 0.0
1071.0019310495525 0.0
1071.4679138365252 0.0
1071.9341356859486 0.0
