string
description: px_shifted, calibration parameter: [ 1.19531225e-04 -2.30194563e-02  6.18194146e+02]
converted file:R_100ms_Fe_S3_x_2_7_binned_y back: data/dark_100msRZP-structure:___RZP_S3100msRoi:[0, 1040, 2048, 2048]
eV counts/s
618.1712462133476 2200557.2
618.1485853507007 1973482.6
618.1261635505048 1529935.2
618.1039808127597 1842718.9
618.0820371374655 2044838.8
618.0603325246223 2439561.2
618.0388669742298 2569040.0
618.0176404862883 2372286.8
617.9966530607976 2667419.8
617.9759046977579 2977259.5
617.955395397169 2796194.8
617.9351251590311 1961945.6
617.9150939833439 1749464.0
617.8953018701078 1986803.8
617.8757488193226 2666736.2
617.8564348309881 3038931.2
617.8373599051046 2577417.2
617.8185240416719 2589231.5
617.7999272406903 2274971.2
617.7815695021593 2636902.8
617.7634508260794 2577947.8
617.7455712124504 2082928.8
617.7279306612722 1757464.8
617.7105291725449 2103393.5
617.6933667462686 1889213.1
617.676443382443 1904226.2
617.6597590810685 2207979.2
617.6433138421447 2476484.8
617.6271076656718 2575580.2
617.6111405516499 2433611.2
617.5954125000789 2274159.5
617.5799235109587 2258674.5
617.5646735842894 2176583.5
617.5496627200711 2644248.8
617.5348909183035 3089906.2
617.520358178987 3150125.0
617.5060645021213 3269313.8
617.4920098877064 3119511.2
617.4781943357425 3181007.2
617.4646178462295 3244417.8
617.4512804191673 3184797.2
617.4381820545561 3158950.2
617.4253227523957 3169596.2
617.4127025126862 2997548.0
617.4003213354276 2581708.5
617.3881792206199 2441699.0
617.3762761682632 2550598.5
617.3646121783572 2359124.0
617.3531872509022 2390150.2
617.342001385898 2471889.5
617.3310545833449 2170196.8
617.3203468432424 2135807.2
617.309878165591 2369026.0
617.2996485503904 2470325.8
617.2896579976408 2455374.0
617.2799065073419 2563406.5
617.270394079494 2764647.0
617.261120714097 3137036.5
617.2520864111508 3222033.0
617.2432911706557 2966231.2
617.2347349926113 3234373.8
617.2264178770179 3314796.0
617.2183398238752 3463354.0
617.2105008331837 3706538.8
617.2029009049428 3458847.5
617.195540039153 3095321.2
617.188418235814 3279692.2
617.1815354949258 3465191.0
617.1748918164886 2940107.0
617.1684872005023 2997760.0
617.1623216469668 3096128.0
617.1563951558823 3091750.5
617.1507077272486 3815561.5
617.1452593610658 4148155.0
617.140050057334 4849424.5
617.1350798160529 4964192.0
617.1303486372229 4032692.8
617.1258565208436 4211955.0
617.1216034669154 4281447.5
617.1175894754379 4263775.5
617.1138145464114 4168152.5
617.1102786798357 4392657.0
617.106981875711 4567247.5
617.1039241340371 4322206.5
617.1011054548142 4022035.5
617.0985258380421 3466540.0
617.0961852837207 3631464.5
617.0940837918505 3950731.5
617.092221362431 3936801.2
617.0905979954625 3462364.8
617.0892136909449 4365136.0
617.0880684488782 4761709.5
617.0871622692623 5267479.5
617.0864951520974 5867390.5
617.0860670973833 6492397.5
617.0858781051202 7642969.0
617.0859281753078 7168920.5
617.0862173079464 6118682.0
617.0867455030359 5656983.0
617.0875127605763 4111586.2
617.0885190805675 3666571.5
617.0897644630096 2614273.5
617.0912489079027 1866428.6
617.0929724152465 2191827.0
617.0949349850415 2044030.6
617.0971366172871 1802749.8
617.0995773119838 1801452.5
617.1022570691313 1883836.9
617.1051758887297 2091057.4
617.1083337707789 2087556.8
617.1117307152791 2398307.0
617.1153667222302 2190785.2
617.1192417916321 2642963.0
617.123355923485 3074892.8
617.1277091177888 4092797.5
617.1323013745433 3712647.0
617.1371326937488 3675315.5
617.1422030754052 4121476.5
617.1475125195125 4666930.5
617.1530610260706 5503647.0
617.1588485950797 5652512.5
617.1648752265397 5981929.5
617.1711409204505 6849417.5
617.1776456768123 6868582.0
617.1843894956249 6637854.0
617.1913723768885 6311629.5
617.1985943206029 6190052.0
617.2060553267681 6107900.0
617.2137553953843 7067010.5
617.2216945264513 6806807.0
617.2298727199694 5375562.5
617.2382899759382 4092928.8
617.246946294358 2435701.0
617.2558416752286 1655488.5
617.2649761185502 1622434.8
617.2743496243226 1510310.6
617.2839621925459 1424323.5
617.29381382322 1400401.5
617.3039045163453 1298996.6
617.3142342719211 921062.56
617.3248030899481 946568.6
617.3356109704258 727302.2
617.3466579133545 958216.6
617.357943918734 643243.0
617.3694689865644 561174.25
617.3812331168458 747871.3
617.3932363095779 1016702.75
617.4054785647611 1218635.9
617.417959882395 1110518.2
617.43068026248 1062609.0
617.4436397050157 1236733.2
617.4568382100024 1213435.2
617.47027577744 1685967.6
617.4839524073284 2843358.5
617.4978680996677 3752727.5
617.512022854458 4481508.0
617.526416671699 5065258.5
617.5410495513911 6646483.0
617.555921493534 7585187.0
617.5710324981277 7394703.0
617.5863825651725 5817538.0
617.601971694668 4749600.5
617.6177998866144 4180302.5
617.6338671410118 4188584.0
617.6501734578601 3728476.0
617.6667188371591 3599847.2
617.6835032789093 4383255.5
617.70052678311 4191393.5
617.7177893497619 3882709.5
617.7352909788646 4194204.0
617.7530316704182 4183168.5
617.7710114244226 4127265.5
617.7892302408779 4545125.5
617.8076881197842 4677944.5
617.8263850611413 4999756.0
617.8453210649494 6464263.0
617.8644961312083 7983940.5
617.8839102599181 10540338.0
617.9035634510788 12868009.0
617.9234557046905 14800005.0
617.9435870207528 15611602.0
617.9639573992663 14812480.0
617.9845668402305 12654296.0
618.0054153436457 10324298.0
618.0265029095117 7925448.0
618.0478295378288 6227912.5
618.0693952285965 5122050.5
618.0911999818152 4230936.0
618.1132437974848 2960694.5
618.1355266756052 2788227.0
618.1580486161766 2320964.8
618.180809619199 2147554.5
618.2038096846721 1837922.0
618.2270488125961 1891860.8
618.2505270029711 1721882.5
618.2742442557969 1373743.9
618.2982005710737 1136783.2
618.3223959488013 1218544.8
618.3468303889798 1015765.56
618.3715038916091 1086868.6
618.3964164566895 1255854.8
618.4215680842207 1347157.6
618.4469587742026 1263429.0
618.4725885266356 1430336.2
618.4984573415195 1524135.1
618.5245652188543 1830702.0
618.5509121586398 1541822.2
618.5774981608764 1377504.4
618.6043232255638 1342219.0
618.6313873527021 1660715.0
618.6586905422912 2195250.5
618.6862327943314 2795219.8
618.7140141088223 2677304.5
618.7420344857642 3897406.5
618.7702939251569 5877142.5
618.7987924270005 7507034.5
618.827529991295 10052751.0
618.8565066180404 11476471.0
618.8857223072368 11863956.0
618.915177058884 11252414.0
618.944870872982 9942662.0
618.974803749531 8577785.0
619.004975688531 6048877.0
619.0353866899817 4409890.5
619.0660367538834 3295244.8
619.0969258802359 3103478.0
619.1280540690393 3061848.8
619.1594213202936 3073812.2
619.1910276339989 2423107.2
619.2228730101549 2093930.6
619.2549574487618 2359649.2
619.2872809498198 1991232.8
619.3198435133286 1514340.0
619.3526451392883 1443328.5
619.3856858276988 1196640.8
619.4189655785602 1165220.5
619.4524843918725 1327829.0
619.4862422676358 1232678.4
619.5202392058499 1276228.0
619.5544752065149 1773545.6
619.5889502696308 1756769.0
619.6236643951976 1511233.1
619.6586175832152 1579569.9
619.6938098336839 2164361.5
619.7292411466033 3279292.8
619.7649115219735 3569857.2
619.8008209597948 4035488.0
619.8369694600669 4376951.0
619.8733570227901 5626883.0
619.9099836479638 6684255.0
619.9468493355887 6997829.5
619.9839540856643 7787270.5
620.0212978981909 7511627.5
620.0588807731684 6397444.0
620.0967027105968 4955109.5
620.134763710476 3612127.2
620.1730637728062 3525123.8
620.2116028975872 2671862.2
620.2503810848191 2105281.0
620.2893983345019 2064533.5
620.3286546466355 1625684.8
620.3681500212202 1563784.4
620.4078844582556 1321729.0
620.447857957742 1104376.9
620.4880705196792 996842.75
620.5285221440674 1059709.9
620.5692128309064 1192936.1
620.6101425801965 1293809.9
620.6513113919372 1282868.6
620.692719266129 1184008.5
620.7343662027715 1070617.8
620.7762522018651 1041807.2
620.8183772634094 835944.3
620.8607413874046 1052255.6
620.9033445738509 882116.5
620.9461868227478 1211236.0
620.9892681340958 1321193.2
621.0325885078946 1542297.5
621.0761479441444 1510600.0
621.1199464428449 1272575.2
621.1639840039965 1552290.8
621.2082606275989 1734988.5
621.2527763136521 1852698.2
621.2975310621563 1404422.8
621.3425248731114 1488956.4
621.3877577465173 1422525.2
621.4332296823742 1433709.9
621.478940680682 1247906.5
621.5248907414405 1023797.9
621.5710798646501 1139917.4
621.6175080503104 1177330.1
621.6641752984218 1206257.6
621.7110816089839 1415573.6
621.758226981997 1555269.8
621.8056114174609 1364235.6
621.8532349153759 1358550.5
621.9010974757415 1415493.9
621.9491990985582 1525671.1
621.9975397838257 1256835.5
622.0461195315442 1541748.6
622.0949383417135 1500977.8
622.1439962143336 1655147.2
622.1932931494047 1789522.0
622.2428291469266 1870090.5
622.2926042068996 1954492.8
622.3426183293233 1987940.1
622.392871514198 2061914.8
622.4433637615234 2035001.5
622.4940950713 1825505.0
622.5450654435272 1606565.2
622.5962748782055 1623572.4
622.6477233753345 1692011.9
622.6994109349146 1602380.8
622.7513375569454 1782596.9
622.8035032414273 2036151.8
622.8559079883598 2566382.8
622.9085517977434 2699651.0
622.9614346695778 2860876.0
623.0145566038631 3226733.8
623.0679176005993 3329480.5
623.1215176597865 3074531.0
623.1753567814245 2656854.0
623.2294349655133 3091956.0
623.2837522120532 3165888.5
623.3383085210438 3153730.0
623.3931038924854 3052024.0
623.4481383263778 3713281.5
623.5034118227212 5190478.0
623.5589243815153 6580278.0
623.6146760027606 7665425.5
623.6706666864566 7819697.5
623.7268964326033 7412064.5
623.7833652412012 6897057.5
623.8400731122499 5834338.0
623.8970200457495 4626009.5
623.9542060416999 3339662.8
624.0116311001013 2931605.0
624.0692952209534 2648884.8
624.1271984042567 2307707.0
624.1853406500106 2277493.0
624.2437219582156 2626227.0
624.3023423288714 2341176.5
624.3612017619781 2037624.5
624.4203002575357 1714129.4
624.4796378155443 1619259.0
624.5392144360035 1628182.2
624.5990301189137 1738671.4
624.659084864275 1487351.2
624.7193786720869 1327733.0
624.7799115423499 1392509.5
624.8406834750637 1380125.2
624.9016944702284 1653880.0
624.962944527844 1771415.8
625.0244336479105 1479442.4
625.0861618304278 1753001.4
625.1481290753961 2006368.5
625.2103353828153 1959442.4
625.2727807526853 1806516.5
625.3354651850062 1688073.5
625.398388679778 2197725.0
625.4615512370008 2263458.0
625.5249528566744 2587348.2
625.5885935387989 2631770.0
625.6524732833743 2610540.8
625.7165920904006 3042813.8
625.7809499598777 4008638.8
625.8455468918058 4423112.5
625.9103828861847 4564785.5
625.9754579430146 4646622.5
626.0407720622953 3544412.0
626.106325244027 3211876.2
626.1721174882094 2503626.0
626.2381487948429 2484574.2
626.3044191639272 2412287.0
626.3709285954623 2049603.9
626.4376770894484 2125221.5
626.5046646458853 2161564.0
626.5718912647732 1986888.2
626.6393569461119 1615921.4
626.7070616899016 1690698.5
626.7750054961421 1564365.0
626.8431883648335 1621615.8
626.9116102959758 1583345.1
626.980271289569 1840340.0
627.0491713456131 1698083.6
627.1183104641082 1797539.4
627.1876886450539 1909948.9
627.2573058884507 1735784.8
627.3271621942984 1778340.1
627.3972575625968 1608498.6
627.4675919933463 2051103.5
627.5381654865465 2212727.0
627.6089780421978 2512060.8
627.6800296602999 2499915.2
627.7513203408529 2504273.0
627.8228500838567 3164217.0
627.8946188893116 3226391.2
627.9666267572171 3196990.2
628.0388736875738 3070009.5
628.1113596803812 2523289.5
628.1840847356395 1970977.8
628.2570488533487 2373519.2
628.3302520335087 2323242.0
628.4036942761198 2503884.5
628.4773755811816 3221485.5
628.5512959486945 3084336.0
628.6254553786581 2931599.8
628.6998538710727 2810173.8
628.7744914259381 2712218.8
628.8493680432545 2942143.8
628.9244837230217 3134305.5
628.9998384652398 2566374.5
629.0754322699088 2920961.2
629.1512651370288 3345152.5
629.2273370665995 3436264.0
629.3036480586212 3984258.0
629.3801981130938 4217457.5
629.4569872300171 4383801.5
629.5340154093916 4118328.0
629.6112826512167 3554386.2
629.6887889554929 2766148.5
629.7665343222199 2112877.8
629.8445187513979 1570592.6
629.9227422430266 1736849.0
630.0012047971064 1844623.5
630.0799064136369 1955297.2
630.1588470926184 1987890.5
630.2380268340507 2043432.4
630.317445637934 2167820.0
630.3971035042681 2031678.1
630.4770004330533 1655046.4
630.5571364242891 1946834.2
630.6375114779759 2185565.8
630.7181255941136 2217257.8
630.7989787727022 2097460.0
630.8800710137417 1915725.2
630.961402317232 2146466.2
631.0429726831734 2273452.2
631.1247821115654 2226775.0
631.2068306024086 1933350.5
631.2891181557025 1780305.5
631.3716447714473 1744806.9
631.454410449643 1654789.5
631.5374151902896 1393948.0
631.6206589933871 1598626.0
631.7041418589355 1895998.6
631.7878637869347 2050409.9
631.8718247773849 2187588.5
631.956024830286 1874920.8
632.0404639456378 1768778.2
632.1251421234408 1984377.2
632.2100593636944 2301321.5
632.2952156663991 2399676.0
632.3806110315546 2603624.5
632.4662454591611 2929812.8
632.5521189492183 2558753.8
632.6382315017265 1965801.0
632.7245831166855 1874236.2
632.8111737940956 1764930.8
632.8980035339563 1733437.6
632.985072336268 2100068.0
633.0723802010307 2249956.0
633.1599271282441 3017970.5
633.2477131179087 2668760.5
633.3357381700239 2591893.0
633.4240022845902 2749328.5
633.5125054616071 2624594.5
633.6012477010752 2671278.0
633.690229002994 2786992.2
633.7794493673638 2588899.5
633.8689087941844 2777211.2
633.958607283456 2477004.8
634.0485448351784 2363365.5
634.1387214493517 1903287.5
634.2291371259759 1972683.6
634.3197918650509 1793729.0
634.4106856665769 1711563.6
634.5018185305538 1584161.2
634.5931904569816 1575289.0
634.6848014458602 1512061.9
634.7766514971898 1472541.4
634.8687406109701 1611965.0
634.9610687872016 1345572.2
635.0536360258837 1333954.9
635.1464423270169 1736480.2
635.2394876906009 1694939.2
635.3327721166357 1309575.9
635.4262956051215 962585.1
635.5200581560582 818269.75
635.6140597694457 1069122.2
635.7083004452841 1235459.0
635.8027801835735 1346872.8
635.8974989843136 1048862.0
635.9924568475049 1150346.4
636.0876537731468 1230235.2
636.1830897612398 1299916.6
636.2787648117835 1518304.5
636.3746789247782 1758760.0
636.4708321002237 1826583.5
636.5672243381202 1936414.9
636.6638556384676 2026056.8
636.7607260012659 2152002.5
636.857835426515 2120144.8
636.9551839142149 2257216.8
637.0527714643658 2526137.2
637.1505980769675 2224372.2
637.2486637520203 2060532.4
637.3469684895239 2115982.2
637.4455122894784 2234289.2
637.5442951518837 2262695.2
637.64331707674 1938806.0
637.742578064047 1929846.1
637.8420781138052 1685283.1
637.941817226014 1737801.4
638.0417954006739 1563821.9
638.1420126377845 1348424.8
638.2424689373462 1223962.6
638.3431642993586 1287639.2
638.444098723822 1075989.5
638.5452722107362 1188475.1
638.6466847601014 1287649.5
638.7483363719175 1443733.5
638.8502270461844 1259631.5
638.9523567829023 1256921.8
639.0547255820709 1506193.8
639.1573334436905 1504670.2
639.260180367761 1378021.1
639.3632663542825 1447877.4
639.4665914032546 1495208.0
639.5701555146778 1897748.2
639.6739586885519 2283405.5
639.7780009248769 1878980.6
639.8822822236526 2031757.4
639.9868025848793 2188567.0
640.091562008557 2561529.0
640.1965604946854 3172635.0
640.3017980432649 3208914.5
640.4072746542952 2813011.2
640.5129903277764 2355129.8
640.6189450637083 2679187.2
640.7251388620914 2353563.8
640.8315717229252 2003518.2
640.93824364621 1942959.5
641.0451546319456 1736299.2
641.1523046801321 1537357.5
641.2596937907695 1666354.8
641.3673219638578 1397714.4
641.4751891993969 1688022.0
641.583295497387 1834509.4
641.691640857828 1797196.1
641.8002252807198 1807116.2
641.9090487660626 1556315.2
642.0181113138563 1791829.8
642.1274129241008 2409361.8
642.2369535967962 2470662.0
642.3467333319426 2267094.8
642.4567521295397 2331650.2
642.5670099895879 2402449.8
642.6775069120868 2268809.0
642.7882428970366 2217409.0
642.8992179444374 1997700.5
643.010432054289 1955335.5
643.1218852265915 1512945.8
643.2335774613449 1147650.9
643.3455087585494 1574677.8
643.4576791182045 1941815.8
643.5700885403106 1624353.2
643.6827370248676 1602454.2
643.7956245718756 1283980.1
643.9087511813342 1029169.7
644.0221168532439 1407070.8
644.1357215876045 1590593.1
644.249565384416 1636260.2
644.3636482436782 2106315.5
644.4779701653915 1913271.1
644.5925311495556 1516306.8
644.7073311961706 1425481.9
644.8223703052365 1536475.1
644.9376484767532 1693208.5
645.0531657107209 1563513.9
645.1689220071395 1896651.5
645.2849173660089 2302187.8
645.4011517873292 2241992.0
645.5176252711005 1825739.2
645.6343378173226 1441073.8
645.7512894259957 1442691.5
645.8684800971196 1638619.9
645.9859098306944 1800525.1
646.10357862672 1983748.1
646.2214864851966 1889955.6
646.3396334061241 1673036.1
646.4580193895024 1600804.9
646.5766444353317 1486909.5
646.6955085436118 1602546.2
646.8146117143428 1836612.6
646.9339539475247 1757140.6
647.0535352431576 1423029.0
647.1733556012413 1127158.9
647.2934150217759 1391050.0
647.4137135047613 1185815.5
647.5342510501977 1330756.2
647.6550276580849 1607654.0
647.7760433284232 2033617.4
647.8972980612122 2152831.8
648.018791856452 1635699.8
648.1405247141429 1560900.1
648.2624966342845 1560426.8
648.3847076168772 1504756.2
648.5071576619206 1578788.1
648.629846769415 1440826.8
648.7527749393603 1665457.6
648.8759421717565 1871813.8
648.9993484666035 1738654.2
649.1229938239015 1273028.4
649.2468782436503 1329809.5
649.3710017258501 1666375.2
649.4953642705007 1637123.5
649.6199658776021 1435966.1
649.7448065471544 1447818.9
649.8698862791578 1407213.9
649.9952050736119 1226156.8
650.120762930517 1448556.5
650.2465598498729 1836531.8
650.3725958316797 1584752.2
650.4988708759375 1475714.5
650.6253849826461 1597864.9
650.7521381518056 1662968.0
650.879130383416 1443840.6
651.0063616774773 1360738.0
651.1338320339895 1396090.0
651.2615414529527 1369007.8
651.3894899343666 1531021.4
651.5176774782313 1374897.2
651.6461040845472 1449886.9
651.7747697533138 1278183.4
651.9036744845314 1615269.5
652.0328182781997 1620820.6
652.162201134319 1483026.2
652.2918230528892 1502507.8
652.4216840339103 1191761.8
652.5517840773823 1668550.0
652.6821231833052 1673494.2
652.8127013516789 1328414.9
652.9435185825037 1233401.0
653.074574875779 1255466.6
653.2058702315056 1694166.4
653.3374046496829 1300886.4
653.469178130311 1366116.9
653.6011906733902 1669376.2
653.73344227892 1724068.1
653.865932946901 1538767.0
653.9986626773327 1224934.5
654.1316314702154 1242609.9
654.2648393255489 1430087.5
654.3982862433335 1404635.5
654.5319722235687 1512722.5
654.665897266255 1483561.2
654.8000613713921 1426646.2
654.9344645389801 1370005.2
655.069106769019 1361819.9
655.2039880615088 1581612.2
655.3391084164494 1384889.9
655.4744678338409 1204501.4
655.6100663136834 1419543.1
655.7459038559767 1278760.6
655.881980460721 1639849.5
656.0182961279161 1505945.6
656.1548508575621 1486896.0
656.291644649659 1709260.2
656.4286775042068 1557145.2
656.5659494212055 1693119.0
656.7034604006551 1891466.8
656.8412104425555 1848072.0
656.9791995469069 1927949.2
657.117427713709 1815800.8
657.2558949429622 1586134.8
657.3946012346663 1454901.1
657.5335465888211 1277958.2
657.672731005427 1524550.0
657.8121544844836 1426970.5
657.9518170259913 1438620.1
658.0917186299497 1083463.9
658.2318592963591 1331614.5
658.3722390252193 1272978.1
658.5128578165305 1337083.6
658.6537156702925 1436115.6
658.7948125865055 1545104.8
658.9361485651692 1658221.4
659.077723606284 1671983.1
659.2195377098495 1593673.2
659.361590875866 1855077.5
659.5038831043335 1584426.1
659.6464143952517 1363683.9
659.7891847486209 1219951.4
659.9321941644408 1553883.2
660.0754426427119 1505924.4
660.2189301834336 1592560.6
660.3626567866064 1574378.8
660.50662245223 1314575.6
660.6508271803045 1281194.0
660.7952709708298 1208362.5
660.9399538238061 1296493.9
661.0848757392333 1508811.0
661.2300367171114 1630025.6
661.3754367574403 1348077.5
661.5210758602201 1329764.2
661.6669540254509 1159476.8
661.8130712531324 1088115.5
661.9594275432651 1373073.8
662.1060228958484 1495249.5
662.2528573108827 1680371.9
662.3999307883678 1676498.6
662.5472433283039 1606686.2
662.6947949306908 1439226.5
662.8425855955288 1721348.1
662.9906153228175 1541760.6
663.1388841125572 1460251.9
663.2873919647476 1568273.1
663.436138879389 1551321.5
663.5851248564813 1635350.0
663.7343498960245 1726921.5
663.8838139980186 1458968.6
664.0335171624636 1139694.4
664.1834593893594 1085466.8
664.3336406787062 1285584.1
664.4840610305039 1642054.8
664.6347204447524 1838871.1
664.7856189214518 1498039.5
664.936756460602 1372965.0
665.0881330622034 1562917.6
665.2397487262554 1551998.8
665.3916034527584 1180830.6
665.5436972417123 1074143.4
665.6960300931171 1581032.6
665.8486020069727 1379531.0
666.0014129832791 1338114.9
666.1544630220367 1363190.6
666.3077521232449 1450449.5
666.4612802869042 1712856.9
666.6150475130142 1666217.0
666.7690538015753 1632998.9
666.9232991525871 1741207.2
667.07778356605 1466964.5
667.2325070419636 1757747.5
667.3874695803282 1691737.8
667.5426711811436 1420015.1
667.69811184441 1498708.9
667.8537915701272 1665949.8
668.0097103582953 1631315.8
668.1658682089143 1751241.0
668.3222651219842 1719464.0
668.4789010975051 1810824.0
668.6357761354766 1570603.1
668.7928902358992 1693851.4
668.9502433987727 1677101.9
669.1078356240971 1538162.8
669.2656669118722 1471693.8
669.4237372620985 1380175.1
669.5820466747754 1365129.9
669.7405951499034 1249201.2
669.8993826874821 1096447.6
670.0584092875117 977329.25
670.2176749499924 1111226.4
670.3771796749238 1254509.1
670.5369234623063 1042849.25
670.6969063121394 1224533.9
670.8571282244236 1172213.1
671.0175891991586 1332189.8
671.1782892363447 1485676.5
671.3392283359814 1281887.0
671.5004064980691 1649950.1
671.6618237226077 1728099.0
671.8234800095972 1339145.6
671.9853753590376 1587650.6
672.1475097709289 1816762.4
672.309883245271 1397643.9
672.472495782064 1440298.9
672.635347381308 1734740.0
672.7984380430028 1729390.6
672.9617677671484 1524374.4
673.125336553745 1487398.2
673.2891444027925 1441946.8
673.453191314291 1422237.2
673.6174772882403 1540757.8
673.7820023246404 1435424.4
673.9467664234915 1111255.5
674.1117695847934 1189924.5
674.2770118085463 1420068.0
674.4424930947499 1328341.8
674.6082134434046 1330622.0
674.7741728545101 1377978.9
674.9403713280664 1516445.6
675.1068088640737 1762485.0
675.2734854625319 1961777.0
675.440401123441 1555708.0
675.6075558468009 1838782.0
675.7749496326118 1932936.5
675.9425824808735 1696103.1
676.1104543915861 1782114.5
676.2785653647496 1550201.4
676.4469154003641 1564523.6
676.6155044984293 1685208.2
676.7843326589456 1892469.4
676.9533998819127 1784682.4
677.1227061673306 1823862.4
677.2922515151995 1784174.9
677.4620359255191 2077463.6
677.6320593982898 1823347.6
677.8023219335114 1709840.8
677.9728235311838 1808315.0
678.1435641913071 1884436.1
678.3145439138814 1590310.8
678.4857626989063 1605046.5
678.6572205463824 1589343.9
678.8289174563092 1791639.0
679.000853428687 1727733.1
679.1730284635156 1639759.4
679.3454425607953 1599573.8
679.5180957205256 1270781.1
679.690987942707 1529908.8
679.8641192273392 1693973.9
680.0374895744222 1811956.1
680.2110989839563 1424666.2
680.3849474559411 1453413.8
680.559034990377 1923128.8
680.7333615872635 1974492.0
680.9079272466012 1605045.0
681.0827319683896 1526814.8
681.257775752629 1577274.8
681.4330585993191 1545499.8
681.6085805084602 1506717.2
681.7843414800523 1416151.5
681.9603415140951 1308925.0
682.1365806105889 1604409.2
682.3130587695335 1324888.9
682.4897759909292 1511460.2
682.6667322747755 1572318.2
682.8439276210729 1516486.5
683.0213620298211 1329149.0
683.1990355010204 1547253.5
683.3769480346702 1512456.8
683.5550996307712 1329880.0
683.7334902893231 1378726.5
683.9121200103258 1581586.5
684.0909887937793 1394215.6
684.2700966396839 1627260.6
684.4494435480391 1744877.4
684.6290295188454 1424690.0
684.8088545521025 1472965.1
684.9889186478105 1624458.1
685.1692218059694 1747567.6
685.3497640265792 1824890.0
685.5305453096399 1830469.5
685.7115656551515 1578809.5
685.8928250631141 1576642.2
686.0743235335274 1457056.8
686.2560610663917 1549081.4
686.4380376617067 1703446.4
686.6202533194729 1843962.6
686.8027080396897 1846127.0
686.9854018223576 1559693.9
687.1683346674763 1577255.5
687.351506575046 1515020.1
687.5349175450664 1696352.6
687.7185675775377 1724180.0
687.9024566724601 1794772.0
688.0865848298331 1626058.8
688.2709520496572 1465227.5
688.4555583319321 1558356.2
688.640403676658 1816537.6
688.8254880838347 1892866.0
689.0108115534624 2100090.8
689.1963740855408 2577993.5
689.3821756800703 2005809.5
689.5682163370506 1638491.0
689.7544960564818 1731421.0
689.9410148383638 1769213.1
690.1277726826967 1386509.5
690.3147695894805 1579347.0
690.5020055587153 1877858.8
690.689480590401 2015638.5
690.8771946845374 1822183.5
691.0651478411248 1553046.4
691.253340060163 1740584.2
691.4417713416524 1993184.9
691.6304416855924 1885190.1
691.8193510919834 1830533.6
692.0084995608252 1735815.1
692.197887092118 1743061.2
692.3875136858616 1805126.2
692.5773793420561 1960743.1
692.7674840607016 2144064.5
692.9578278417978 2146814.5
693.1484106853451 1999781.0
693.339232591343 2025921.2
693.5302935597921 1908712.6
693.7215935906919 1908487.8
693.9131326840427 1903925.6
694.1049108398444 2231785.2
694.2969280580969 1991831.0
694.4891843388003 2111093.5
694.6816796819547 2220125.8
694.8744140875599 2036979.5
695.067387555616 2274784.8
695.260600086123 2141407.2
695.4540516790809 2042018.2
695.6477423344896 2040441.5
695.8416720523492 2357324.0
696.0358408326598 2215732.8
696.2302486754212 2329311.2
696.4248955806336 2645319.5
696.6197815482967 2342060.2
696.814906578411 2267039.0
697.0102706709758 2606413.0
697.2058738259918 2572608.0
697.4017160434586 2732345.2
697.5977973233763 2626737.2
697.7941176657448 2374081.2
697.9906770705643 2304768.0
698.1874755378346 2609078.5
698.3845130675558 2794294.5
698.581789659728 2362693.5
698.779305314351 2236069.2
698.9770600314249 2696339.0
699.1750538109496 2499431.5
699.3732866529253 2435490.5
699.5717585573519 3014911.5
699.7704695242294 3123717.8
699.9694195535577 3048411.5
700.168608645337 3053476.5
700.3680367995671 3115736.5
700.5677040162482 3213386.5
700.7676102953801 2926906.2
700.9677556369629 2975037.2
701.1681400409966 3183942.2
701.368763507481 3061619.8
701.5696260364166 2888310.2
701.7707276278029 2715971.2
701.9720682816403 3108594.8
702.1736479979284 3035111.2
702.3754667766674 3102452.2
702.5775246178573 3133270.2
702.7798215214982 3068869.5
702.9823574875899 3339396.0
703.1851325161325 2772152.5
703.3881466071259 2746893.0
703.5913997605704 3184734.8
703.7948919764656 2928303.0
703.9986232548118 2611972.2
704.2025935956088 3037534.5
704.4068029988567 3116367.8
704.6112514645556 3256098.5
704.8159389927052 3190875.5
705.020865583306 3052679.5
705.2260312363574 3085891.2
705.4314359518598 3372017.8
705.6370797298131 3589618.0
705.8429625702173 3280086.5
706.0490844730723 2977482.5
706.2554454383783 3225870.2
706.4620454661351 3706766.0
706.6688845563428 4047915.5
706.8759627090014 4057696.2
707.0832799241109 4058621.5
707.2908362016714 4144797.8
707.4986315416826 4400225.0
707.7066659441448 4241436.0
707.9149394090579 4182818.5
708.1234519364218 4061608.5
708.3322035262366 4635886.0
708.5411941785025 4775166.0
708.750423893219 4790723.5
708.9598926703866 4652083.5
709.169600510005 4568305.5
709.3795474120743 4716782.5
709.5897333765945 4750341.0
709.8001584035657 4826625.0
710.0108224929876 4886435.5
710.2217256448604 4610480.0
710.4328678591842 5065282.0
710.6442491359588 5708251.0
710.8558694751844 6133572.0
711.0677288768608 6938005.0
711.2798273409882 8247332.0
711.4921648675663 9063471.0
711.7047414565955 9796735.0
711.9175571080754 10556649.0
712.1306118220064 11334148.0
712.343905598388 10977026.0
712.5574384372208 11127594.0
712.7712103385043 10995378.0
712.9852213022388 10310358.0
713.199471328424 9780429.0
713.4139604170601 9196696.0
713.6286885681474 9089628.0
713.8436557816852 9477696.0
714.0588620576742 10020472.0
714.274307396114 9512396.0
714.4899917970047 9194332.0
714.7059152603462 9424156.0
714.9220777861387 10167256.0
715.138479374382 10177463.0
715.3551200250763 10415225.0
715.5719997382214 11839466.0
715.7891185138174 12070652.0
716.0064763518642 12349210.0
716.224073252362 12149070.0
716.4419092153107 11453145.0
716.6599842407103 11101330.0
716.8782983285607 10820591.0
717.096851478862 10988742.0
717.3156436916144 10222301.0
717.5346749668174 8757198.0
717.7539453044715 8036627.5
717.9734547045764 7932258.0
718.1932031671322 6837904.0
718.4131906921389 5828169.0
718.6334172795965 5207100.5
718.853882929505 5293842.0
719.0745876418644 5273670.5
719.2955314166745 5072359.0
719.5167142539357 4586908.0
719.7381361536477 4576641.0
719.9597971158106 4494573.0
720.1816971404245 4495614.0
720.4038362274891 4763318.5
720.6262143770048 4955994.5
720.8488315889713 5654871.0
721.0716878633887 6214274.0
721.2947832002569 7255880.5
721.518117599576 7758469.0
721.741691061346 8795736.0
721.965503585567 10210307.0
722.1895551722389 11157085.0
722.4138458213616 11950806.0
722.6383755329352 12957976.0
722.8631443069596 14174426.0
723.0881521434351 15256620.0
723.3133990423613 15095421.0
723.5388850037385 13834594.0
723.7646100275665 13621730.0
723.9905741138455 13140920.0
724.2167772625753 13181115.0
724.4432194737561 13720460.0
724.6699007473876 13755705.0
724.8968210834703 14394200.0
725.1239804820036 14397852.0
725.3513789429879 15047538.0
725.579016466423 16025314.0
725.8068930523091 15454372.0
726.0350087006461 15718528.0
726.2633634114338 17268222.0
726.4919571846726 18788772.0
726.7207900203623 21853230.0
726.9498619185028 25308000.0
727.1791728790942 31245020.0
727.4087229021366 40843170.0
727.6385119876297 53229444.0
727.8685401355738 69834080.0
728.0988073459687 87841500.0
728.3293136188147 105895920.0
728.5600589541114 123880090.0
728.7910433518591 134858620.0
729.0222668120575 135972340.0
729.2537293347069 127722720.0
729.4854309198073 109482820.0
729.7173715673584 85945540.0
729.9495512773606 63305256.0
730.1819700498136 44054264.0
730.4146278847174 31029318.0
730.6475247820722 23296020.0
730.8806607418778 19866616.0
731.1140357641343 16920486.0
731.3476498488419 14095308.0
731.5815029960002 12153016.0
731.8155952056094 10106517.0
732.0499264776695 7998712.5
732.2844968121806 6523369.5
732.5193062091423 5476957.5
732.754354668555 4863669.5
732.9896421904187 4954728.5
733.2251687747333 5293865.5
733.4609344214988 5856322.0
733.6969391307151 6054765.5
733.9331829023823 5958665.5
734.1696657365004 6363092.0
734.4063876330695 7437940.0
734.6433485920893 8504711.0
734.8805486135602 8318054.5
735.1179876974818 8556667.0
735.3556658438545 8324219.0
735.5935830526778 8251443.0
735.8317393239522 8387220.0
736.0701346576775 8222436.0
736.3087690538534 8168774.0
736.5476425124806 7488955.0
736.7867550335584 7588582.5
737.0261066170873 8247599.5
737.265697263067 9333868.0
737.5055269714976 12273728.0
737.745595742379 15552950.0
737.9859035757114 20030696.0
738.2264504714947 27356056.0
738.4672364297288 36452890.0
738.7082614504138 48326510.0
738.9495255335498 63206344.0
739.1910286791365 80716100.0
739.4327708871742 96718210.0
739.6747521576629 109192940.0
739.9169724906022 114800540.0
740.1594318859927 113579080.0
740.4021303438338 103646130.0
740.6450678641261 87145130.0
740.8882444468691 66195424.0
741.131660092063 46962876.0
741.3753147997079 33272272.0
741.6192085698036 23157952.0
741.8633414023502 17104178.0
742.1077132973477 13516255.0
742.352324254796 11638218.0
742.5971742746954 10218958.0
742.8422633570456 8446814.0
743.0875915018465 6833137.0
743.3331587090985 5389136.0
743.5789649788013 4231062.0
743.8250103109551 3469407.2
744.0712947055597 2934835.5
744.3178181626151 2770252.8
744.5645806821216 2763172.2
744.8115822640789 2891346.2
745.058822908487 2878987.8
745.3063026153461 3351187.5
745.554021384656 3756702.8
745.801979216417 3609628.5
746.0501761106286 3811803.5
746.2986120672912 4275168.0
746.5472870864048 4492348.0
746.7962011679691 4562238.0
747.0453543119845 4215772.0
747.2947465184507 3911017.2
747.5443777873677 3379728.8
747.7942481187357 3261786.0
748.0443575125546 3181193.8
748.2947059688242 2936745.2
748.545293487545 2734865.2
748.7961200687164 2293597.8
749.0471857123389 2023658.6
749.2984904184123 2015991.9
749.5500341869365 1802915.2
749.8018170179115 1955608.5
750.0538389113375 2084877.4
750.3060998672144 2163002.0
750.558599885542 2076531.9
750.8113389663208 2155708.0
751.0643171095503 2300223.5
751.3175343152308 2593747.2
751.570990583362 2425744.0
751.8246859139442 2274191.5
752.0786203069773 2012678.5
752.3327937624614 2237834.5
752.5872062803962 2400576.8
752.841857860782 2569040.2
753.0967485036186 2486531.0
753.3518782089062 2445228.0
753.6072469766447 2617139.0
753.8628548068339 2923704.0
754.1187016994742 3038851.2
754.3747876545652 3324299.5
754.6311126721073 3135376.5
754.8876767521001 3092170.2
755.144479894544 3526783.8
755.4015220994386 3484787.8
755.6588033667842 3202562.8
755.9163236965807 3525327.2
756.1740830888281 3893987.5
756.4320815435262 3560721.0
756.6903190606754 3201129.5
756.9487956402754 3093667.5
757.2075112823263 3482867.5
757.4664659868281 4102437.5
757.7256597537807 4139081.0
757.9850925831844 4443144.0
758.2447644750388 4752024.5
758.5046754293442 4599060.5
758.7648254461004 4896011.0
759.0252145253075 5163557.0
759.2858426669656 5391922.5
759.5467098710745 5532411.0
759.8078161376343 5313842.0
760.069161466645 5994154.0
760.3307458581066 5904041.0
760.5925693120191 5578114.5
760.8546318283825 5876069.5
761.1169334071967 5457436.0
761.3794740484618 5129474.0
761.6422537521778 4895678.5
761.9052725183449 4779391.0
762.1685303469626 4772872.5
762.4320272380314 5028888.5
762.6957631915509 4899066.5
762.9597382075215 4410246.0
763.2239522859428 3841518.5
763.4884054268151 4042062.5
763.7530976301382 3880622.8
764.0180288959123 4275939.5
764.2831992241372 4359448.0
764.5486086148131 4786887.5
764.8142570679397 4901720.5
765.0801445835173 5335052.0
765.3462711615459 5995084.5
765.6126368020252 6861678.0
765.8792415049556 7643055.5
766.1460852703367 8034666.0
766.4131680981689 7734149.5
766.6804899884517 7321290.0
766.9480509411856 6669083.0
767.2158509563703 6116358.0
767.483890034006 5840064.5
767.7521681740925 5185809.5
768.0206853766299 4637345.5
768.2894416416182 4247267.0
768.5584369690574 4624333.0
768.8276713589474 5193951.0
769.0971448112883 5578982.0
769.3668573260802 5708127.5
769.636808903323 6587594.0
769.9069995430166 7045980.0
770.1774292451611 7241692.0
770.4480980097566 7735057.5
770.7190058368028 7488020.5
770.9901527263 7815991.0
771.2615386782481 8696896.0
771.5331636926471 9650681.0
771.805027769497 11557732.0
772.0771309087978 14242266.0
772.3494731105494 16991032.0
772.622054374752 19094692.0
772.8948747014053 21643348.0
773.1679340905096 24601502.0
773.4412325420649 26504904.0
773.714770056071 26346684.0
773.9885466325279 25224318.0
774.2625622714359 22758070.0
774.5368169727947 20443804.0
774.8113107366042 16704358.0
775.0860435628648 12200459.0
775.3610154515762 9303489.0
775.6362264027387 8254294.5
775.9116764163518 7970082.5
776.1873654924159 6934285.5
776.4632936309309 6264454.5
776.7394608318967 6248029.0
777.0158670953135 6006543.0
777.2925124211812 6372817.5
777.5693968094998 7507277.0
777.8465202602692 7846148.0
778.1238827734896 8508245.0
778.4014843491608 9376636.0
778.6793249872829 10704205.0
778.957404687856 12366979.0
779.23572345088 14188831.0
779.5142812763546 16225380.0
779.7930781642804 17467922.0
780.0721141146569 19199728.0
780.3513891274845 20015836.0
780.6309032027627 20808236.0
780.9106563404919 20221178.0
781.1906485406721 19725056.0
781.4708798033031 18954584.0
781.7513501283851 18042196.0
782.0320595159178 17214258.0
782.3130079659015 16885544.0
782.5941954783361 16192610.0
782.8756220532216 16572490.0
783.157287690558 16112445.0
783.4391923903453 14498568.0
783.7213361525834 14176389.0
784.0037189772725 14016011.0
784.2863408644123 13592942.0
784.5692018140032 15080908.0
784.8523018260448 15947615.0
785.1356409005374 15899132.0
785.419219037481 15936588.0
785.7030362368753 15642400.0
785.9870924987206 16219324.0
786.2713878230167 15379820.0
786.5559222097638 13996255.0
786.8406956589616 13027656.0
787.1257081706106 13468335.0
787.4109597447102 13820712.0
787.6964503812609 14850992.0
787.9821800802623 15094840.0
788.2681488417147 15743134.0
788.554356665618 15824188.0
788.8408035519722 16412358.0
789.1274895007773 17981478.0
789.4144145120331 18071428.0
789.70157858574 17821812.0
789.9889817218977 18999768.0
790.2766239205064 20158522.0
790.5645051815659 22045120.0
790.8526255050763 24004810.0
791.1409848910375 26702632.0
791.4295833394498 29572748.0
791.7184208503128 30343050.0
792.0074974236268 31452712.0
792.2968130593916 34530428.0
792.5863677576074 37068396.0
792.876161518274 37722276.0
793.1661943413915 36430110.0
793.45646622696 35984324.0
793.7469771749792 35205332.0
794.0377271854495 33521180.0
794.3287162583705 34114260.0
794.6199443937426 34997052.0
794.9114115915653 36252780.0
795.2031178518391 37168656.0
795.4950631745637 38490424.0
795.7872475597393 39297292.0
796.0796710073657 39923016.0
796.372333517443 41867724.0
796.6652350899712 43654970.0
796.9583757249504 45647564.0
797.2517554223803 47586124.0
797.5453741822612 50905476.0
797.839232004593 53630720.0
798.1333288893755 55123180.0
798.4276648366092 58272176.0
798.7222398462935 63991096.0
799.0170539184289 68799110.0
799.3121070530151 71137410.0
799.6073992500523 72915610.0
799.9029305095402 74272140.0
800.1987008314792 74027220.0
800.4947102158688 72762630.0
800.7909586627096 71925980.0
801.0874461720011 73246970.0
801.3841727437435 73273690.0
801.6811383779369 72305080.0
801.9783430745811 70228220.0
802.2757868336762 65664676.0
802.5734696552222 63516044.0
802.8713915392192 61397550.0
803.1695524856669 58658200.0
803.4679524945657 56534990.0
803.7665915659152 56402990.0
804.0654696997157 56942900.0
804.364586895967 57717950.0
804.6639431546693 59327180.0
804.9635384758224 60366350.0
805.2633728594265 63060720.0
805.5634463054813 64276244.0
805.863758813987 64610080.0
806.1643103849437 65441864.0
806.4651010183513 68330990.0
806.7661307142098 69509096.0
807.0673994725191 69970580.0
807.3689072932794 68804584.0
807.6706541764905 71928580.0
807.9726401221526 75984300.0
808.2748651302655 85093100.0
808.5773292008294 95277010.0
808.880032333844 108212920.0
809.1829745293097 125246350.0
809.4861557872262 145606320.0
809.7895761075936 166562880.0
810.0932354904118 186821140.0
810.3971339356808 207176940.0
810.701271443401 224341090.0
811.0056480135719 237189440.0
811.3102636461938 244891800.0
811.6151183412665 248417060.0
811.9202120987901 243742620.0
812.2255449187645 228454620.0
812.5311168011899 208546540.0
812.8369277460662 188770530.0
813.1429777533934 168194160.0
813.4492668231715 150990690.0
813.7557949554005 138799650.0
814.0625621500802 131615990.0
814.3695684072109 123549700.0
814.6768137267925 115216450.0
814.984298108825 106646260.0
815.2920215533085 100089960.0
815.5999840602427 92006070.0
815.908185629628 85100230.0
816.216626261464 81291600.0
816.5253059557509 74355740.0
816.8342247124888 66714856.0
817.1433825316776 60036276.0
817.4527794133171 52931884.0
817.7624153574077 49132060.0
818.072290363949 46760676.0
818.3824044329415 45127640.0
818.6927575643846 43960204.0
819.0033497582787 45753476.0
819.3141810146236 49824120.0
819.6252513334194 56369136.0
819.9365607146663 62108250.0
820.2481091583638 70746504.0
820.5598966645124 81274504.0
820.8719232331118 92468230.0
821.1841888641621 104951230.0
821.4966935576633 118301350.0
821.8094373136155 135114900.0
822.1224201320184 156501650.0
822.4356420128723 182476940.0
822.749102956177 209102560.0
823.0628029619327 236026260.0
823.3767420301392 258980830.0
823.6909201607966 278881660.0
824.005337353905 299924770.0
824.3199936094642 310430000.0
824.6348889274743 312457300.0
824.9500233079352 304504580.0
825.2653967508472 282332540.0
825.5810092562099 247070560.0
825.8968608240236 203758910.0
826.2129514542881 157724500.0
826.5292811470036 117714960.0
826.8458499021699 87703810.0
827.1626577197871 66045090.0
827.4797045998553 51595840.0
827.7969905423743 41596372.0
828.1145155473441 34361716.0
828.4322796147649 28485592.0
828.7502827446367 23880112.0
829.0685249369592 19703458.0
829.3870061917327 16625561.0
829.705726508957 14213778.0
830.0246858886322 12560838.0
830.3438843307583 11221574.0
830.6633218353354 10020964.0
830.9829984023633 9994524.0
831.3029140318422 9607039.0
831.6230687237718 9950551.0
831.9434624781525 9797468.0
832.2640952949838 10231428.0
832.5849671742662 10521759.0
832.9060781159994 10723814.0
833.2274281201835 10546265.0
833.5490171868187 10676595.0
833.8708453159045 11294500.0
834.1929125074414 11400134.0
834.515218761429 11734421.0
834.8377640778676 12552620.0
835.160548456757 13399979.0
835.4835718980975 13945680.0
835.8068344018886 15610901.0
836.1303359681309 16583110.0
836.4540765968239 17252910.0
836.778056287968 18182392.0
837.1022750415626 18871484.0
837.4267328576084 18907164.0
837.7514297361049 19059354.0
838.0763656770524 19649226.0
838.4015406804508 21431540.0
838.7269547463001 23067758.0
839.0526078746003 22836236.0
839.3785000653513 23071792.0
839.7046313185533 23152984.0
840.0310016342061 22519610.0
840.3576110123099 21568838.0
840.6844594528644 21560518.0
841.01154695587 21679350.0
841.3388735213264 21683124.0
841.6664391492336 21288048.0
841.9942438395917 22282196.0
842.3222875924008 22493064.0
842.6505704076608 24299148.0
842.9790922853716 24279044.0
843.3078532255333 23900588.0
843.636853228146 24631858.0
843.9660922932096 23296578.0
844.2955704207238 22032862.0
844.6252876106893 22441080.0
844.9552438631054 22388740.0
845.2854391779725 22360692.0
845.6158735552905 22544770.0
845.9465469950594 23283850.0
846.2774594972791 25177552.0
846.6086110619498 28955808.0
846.9400016890712 32291122.0
847.2716313786436 36000476.0
847.603500130667 39625532.0
847.9356079451411 44574750.0
848.2679548220663 49908164.0
848.6005407614422 53237980.0
848.9333657632692 54184090.0
849.2664298275467 57639860.0
849.5997329542755 61643390.0
849.933275143455 62740564.0
850.2670563950855 64636930.0
850.6010767091668 63925000.0
850.935336085699 63060520.0
851.2698345246821 60848604.0
851.6045720261161 59482430.0
851.939548590001 58184076.0
852.2747642163367 54398464.0
852.6102189051235 49125596.0
852.9459126563609 44712356.0
853.2818454700493 39527670.0
853.6180173461887 33806536.0
853.9544282847789 31908340.0
854.29107828582 31297820.0
854.627967349312 31336764.0
854.9650954752549 32431256.0
855.3024626636488 33342208.0
855.6400689144934 35018604.0
855.9779142277889 36617250.0
856.3159986035355 39072844.0
856.6543220417327 40732530.0
856.992884542381 42447350.0
857.33168610548 44190556.0
857.6707267310301 46989924.0
858.010006419031 50241640.0
858.3495251694828 52873676.0
858.6892829823855 55401644.0
859.0292798577391 60998020.0
859.3695157955435 64755016.0
859.709990795799 69247496.0
860.0507048585051 75182830.0
860.3916579836623 76770130.0
860.7328501712702 77413720.0
861.0742814213293 80777464.0
861.415951733839 81681930.0
861.7578611087997 85393450.0
862.1000095462114 87577010.0
862.4423970460737 83486460.0
862.7850236083872 79411260.0
863.1278892331513 73008300.0
863.4709939203666 63849320.0
863.8143376700325 56065870.0
864.1579204821496 47397624.0
864.5017423567174 38564716.0
864.845803293736 32419262.0
865.1901032932057 29691998.0
865.5346423551262 28527818.0
865.8794204794975 27856082.0
866.2244376663198 28490708.0
866.569693915593 29296412.0
866.9151892273169 31246110.0
867.2609236014919 34963064.0
867.6068970381177 37532304.0
867.9531095371945 41539876.0
868.299561098722 46830930.0
868.6462517227006 50557824.0
868.9931814091299 54558070.0
869.3403501580103 59278890.0
869.6877579693414 65750830.0
870.0354048431236 68975010.0
870.3832907793565 71091960.0
870.7314157780402 74956300.0
871.079779839175 79605976.0
871.4283829627606 83442950.0
871.7772251487971 88432870.0
872.1263063972845 90583580.0
872.4756267082229 89635210.0
872.825186081612 85943400.0
873.1749845174521 81369830.0
873.525022015743 73703420.0
873.875298576485 65431516.0
874.2258141996776 57153290.0
874.5765688853213 50344696.0
874.9275626334158 47978440.0
875.2787954439613 45994784.0
875.6302673169575 45577824.0
875.9819782524048 47227816.0
876.3339282503027 48187980.0
876.6861173106518 47141200.0
877.0385454334516 45087876.0
877.3912126187024 42272364.0
877.744118866404 40064916.0
878.0972641765566 34479700.0
878.45064854916 30610052.0
878.8042719842143 27162420.0
879.1581344817196 23151544.0
879.5122360416756 20535244.0
879.8665766640827 18726044.0
880.2211563489404 17477662.0
880.5759750962493 16854108.0
880.9310329060089 16911118.0
881.2863297782194 18590622.0
881.6418657128809 18996318.0
881.9976407099932 18474008.0
882.3536547695564 19248472.0
882.7099078915705 19987752.0
883.0664000760355 19482542.0
883.4231313229513 18868966.0
883.7801016323183 19745404.0
884.1373110041359 19162834.0
884.4947594384045 18855202.0
884.8524469351239 17982838.0
885.2103734942943 17622696.0
885.5685391159154 17412902.0
885.9269437999875 16653100.0
886.2855875465107 17850754.0
886.6444703554844 18242952.0
887.0035922269093 18449844.0
887.3629531607849 18405662.0
887.7225531571116 17876902.0
888.082392215889 19044428.0
888.4424703371174 21425130.0
888.8027875207965 23132368.0
889.1633437669268 24133644.0
889.5241390755077 25327102.0
889.8851734465397 27251598.0
890.2464468800224 30830988.0
890.6079593759562 32682102.0
890.9697109343408 35067800.0
891.3317015551763 37429830.0
891.6939312384626 41709684.0
892.0563999841997 47591420.0
892.419107792388 50853340.0
892.7820546630269 53489020.0
893.145240596117 55291890.0
893.5086655916577 57412140.0
893.8723296496495 61767240.0
894.2362327700921 62902496.0
894.6003749529856 64532656.0
894.96475619833 68464500.0
895.3293765061252 72591530.0
895.6942358763713 76373170.0
896.0593343090684 76639864.0
896.4246718042164 78526080.0
896.7902483618151 80349960.0
897.1560639818649 75059064.0
897.5221186643654 66000364.0
897.888412409317 56133024.0
898.2549452167193 44252524.0
898.6217170865726 34378496.0
898.9887280188768 27584796.0
899.3559780136319 22279682.0
899.7234670708378 18216022.0
900.0911951904947 16348364.0
900.4591623726023 16133785.0
900.827368617161 14597469.0
901.1958139241705 13099456.0
901.5644982936308 13284676.0
901.9334217255422 12235570.0
902.3025842199042 11918852.0
902.6719857767174 11893146.0
903.0416263959813 11762889.0
903.4115060776962 12180212.0
903.7816248218619 12793378.0
904.1519826284787 12270998.0
904.5225794975461 12517318.0
904.8934154290646 12618355.0
905.2644904230337 12341981.0
905.635804479454 12452229.0
906.0073575983251 12759535.0
906.3791497796472 11977958.0
906.7511810234199 11466151.0
907.1234513296438 12036124.0
907.4959606983184 11801489.0
907.8687091294438 10504471.0
908.2416966230203 10831290.0
908.6149231790475 10471210.0
908.9883887975259 9531312.0
909.3620934784549 9918461.0
909.736037221835 10005147.0
910.1102200276657 9432812.0
910.4846418959476 9452119.0
910.8593028266802 9201686.0
911.2342028198638 8610499.0
911.6093418754981 8552872.0
911.9847199935836 9829376.0
912.3603371741196 10864945.0
912.7361934171067 11400366.0
913.1122887225448 11516364.0
913.4886230904336 11887884.0
913.8651965207735 12512365.0
914.242009013564 13170001.0
914.6190605688057 13891746.0
914.996351186498 15152951.0
915.3738808666415 15310818.0
915.7516496092356 14769712.0
916.1296574142808 14588648.0
916.5079042817767 15363705.0
916.8863902117237 16531180.0
917.2651152041215 16701500.0
917.6440792589702 16079032.0
918.0232823762697 15574940.0
918.4027245560201 15288586.0
918.7824057982216 14996908.0
919.1623261028737 14082129.0
919.542485469977 13109299.0
919.9228838995309 13719969.0
920.3035213915359 14123644.0
920.6843979459916 14668874.0
921.0655135628983 14646940.0
921.446868242256 15635951.0
921.8284619840645 16803916.0
922.2102947883237 17377308.0
922.5923666550341 17769406.0
922.9746775841952 19231848.0
923.3572275758072 21394272.0
923.7400166298701 22176102.0
924.1230447463838 22354630.0
924.5063119253487 22603610.0
924.8898181667641 23034550.0
925.2735634706307 23135530.0
925.657547836948 22039288.0
926.0417712657163 20559280.0
926.4262337569354 18933238.0
926.8109353106056 18511768.0
927.1958759267263 18703460.0
927.5810556052983 18351698.0
927.966474346321 17646374.0
928.3521321497947 17827942.0
928.7380290157191 18033252.0
929.1241649440944 16390951.0
929.5105399349206 15231298.0
929.8971539881978 14496369.0
930.2840071039259 13317181.0
930.6710992821048 13329136.0
931.0584305227347 13045175.0
931.4460008258154 11776075.0
931.8338101913471 10578642.0
932.2218586193296 9195282.0
932.610146109763 7793950.0
932.9986726626472 5807656.0
933.3874382779825 4894964.5
933.7764429557685 4153589.8
934.1656866960054 3389549.5
934.5551694986933 3127539.8
934.9448913638321 3390567.5
935.3348522914216 3276456.2
935.7250522814621 3501907.0
936.1154913339535 3492300.0
936.5061694488959 3904896.5
936.8970866262891 4336275.0
937.288242866133 4165505.2
937.6796381684281 4132418.8
938.0712725331739 4174584.8
938.4631459603708 4138065.2
938.8552584500184 4374951.5
939.247610002117 4803414.5
939.6402006166663 5377850.0
940.0330302936667 5816335.5
940.4260990331178 5158425.5
940.8194068350199 5116802.5
941.212953699373 5455201.0
941.6067396261767 5382777.0
942.0007646154315 5350264.0
942.3950286671371 5169817.5
942.7895317812938 5350175.5
943.184273957901 5257962.5
943.5792551969595 5301529.0
943.9744754984687 4479975.5
944.3699348624289 4155773.8
944.7656332888398 4285437.0
945.1615707777016 4235979.0
945.5577473290144 4148688.0
945.9541629427781 4263029.0
946.3508176189927 4389723.0
946.7477113576581 4684578.0
947.1448441587745 4805739.0
947.5422160223416 5014760.5
947.9398269483597 4928413.0
948.3376769368288 5286024.0
948.7357659877487 6206027.0
949.1340941011194 6915257.0
949.5326612769411 6993770.5
949.9314675152136 6828219.0
950.3305128159373 6903949.0
950.7297971791115 7312038.0
951.1293206047367 7200434.0
951.5290830928128 7031957.5
951.9290846433399 6442857.5
952.3293252563178 6950729.5
952.7298049317465 7415980.0
953.1305236696262 7133979.5
953.5314814699568 6802163.0
953.9326783327383 6993339.5
954.3341142579707 6910529.5
954.7357892456539 6202351.0
955.137703295788 5507590.0
955.5398564083731 5692938.0
955.942248583409 5440260.5
956.3448798208958 4775315.0
956.7477501208334 5097125.5
957.1508594832221 4694474.0
957.5542079080615 4527606.0
957.9577953953519 4294565.0
958.3616219450932 4975353.0
958.7656875572852 5423065.5
959.1699922319283 5045804.0
959.5745359690222 4779222.0
959.979318768567 5444504.5
960.3843406305627 5505464.0
960.7896015550094 6035481.0
961.1951015419069 6065454.0
961.6008405912553 6023213.0
962.0068187030545 6216659.5
962.4130358773048 6682344.0
962.8194921140057 6182906.0
963.2261874131577 6045880.5
963.6331217747605 6924672.5
964.0402951988142 6866046.0
964.4477076853188 6607822.5
964.8553592342744 6663958.0
965.2632498456808 6980297.0
965.671379519538 7138535.5
966.0797482558462 6561049.0
966.4883560546052 6599689.5
966.8972029158153 6104135.0
967.3062888394761 5117464.0
967.7156138255879 4503250.5
968.1251778741505 4630879.0
968.534980985164 4383993.0
968.9450231586284 4335365.0
969.3553043945437 4258286.0
969.7658246929099 4181473.5
970.1765840537269 3588232.2
970.5875824769948 3202442.8
970.9988199627137 3147341.0
971.4102965108834 3454970.0
971.822012121504 3895252.8
972.2339667945757 4101497.2
972.6461605300981 4323430.5
973.0585933280714 4789667.5
973.4712651884955 5166399.0
973.8841761113707 5892354.0
974.2973260966967 6272360.0
974.7107151444736 6210737.5
975.1243432547012 6680354.0
975.5382104273799 7341825.0
975.9523166625095 8156431.0
976.3666619600898 8611098.0
976.7812463201212 9018244.0
977.1960697426034 9730526.0
977.6111322275365 9753674.0
978.0264337749204 8973970.0
978.4419743847554 8462459.0
978.8577540570411 8565376.0
979.2737727917779 7994544.5
979.6900305889653 7134289.5
980.1065274486039 7092167.0
980.523263370693 7324087.5
980.9402383552333 7137638.0
981.3574524022245 7479877.5
981.7749055116664 7857217.5
982.1925976835594 8959261.0
982.6105289179031 10051298.0
983.0286992146978 9975461.0
983.4471085739433 10149397.0
983.8657569956398 10923574.0
984.2846444797872 10995574.0
984.7037710263854 11899181.0
985.1231366354345 12475725.0
985.5427413069345 13693892.0
985.9625850408854 12854734.0
986.3826678372873 12462101.0
986.8029896961399 12453394.0
987.2235506174435 12334085.0
987.6443506011979 11859398.0
988.0653896474032 11469469.0
988.4866677560595 11620055.0
988.9081849271665 11026061.0
989.3299411607247 10271732.0
989.7519364567336 10148012.0
990.1741708151934 9445689.0
990.5966442361041 9031979.0
991.0193567194657 8698633.0
991.4423082652781 8258839.0
991.8654988735416 8095641.0
992.2889285442558 7291711.0
992.712597277421 6710844.0
993.1365050730369 6963182.5
993.5606519311038 7976005.5
993.9850378516217 8816547.0
994.4096628345903 8579499.0
994.83452688001 8651426.0
995.2596299878804 9987334.0
995.6849721582018 10579929.0
996.110553390974 10145434.0
996.5363736861973 10817819.0
996.9624330438713 11058761.0
997.3887314639962 10947055.0
997.8152689465721 10321072.0
998.2420454915989 10009653.0
998.6690610990764 9639358.0
999.0963157690048 8611574.0
999.5238095013843 8216469.0
999.9515422962145 7760647.5
1000.3795141534958 7271782.5
1000.8077250732279 6956743.0
1001.2361750554107 6841045.0
1001.6648641000446 6212049.5
1002.0937922071294 5401999.0
1002.522959376665 5405493.0
1002.9523656086515 5686152.0
1003.3820109030889 6093249.5
1003.8118952599773 5980776.0
1004.2420186793163 6342549.5
1004.6723811611065 7134333.0
1005.1029827053474 7504950.5
1005.5338233120393 9407978.0
1005.9649029811819 11292652.0
1006.3962217127755 12553998.0
1006.8277795068202 13225302.0
1007.2595763633155 14671662.0
1007.6916122822619 15500998.0
1008.1238872636591 16978548.0
1008.5564013075071 19347408.0
1008.9891544138061 20579982.0
1009.422146582556 20464882.0
1009.8553778137567 21708262.0
1010.2888481074084 23348748.0
1010.7225574635108 24086084.0
1011.1565058820644 22507950.0
1011.5906933630686 19870524.0
1012.0251199065237 17273542.0
1012.45978551243 15778566.0
1012.8946901807869 13205998.0
1013.3298339115948 9283819.0
1013.7652167048535 7348149.5
1014.2008385605632 6396277.0
1014.6366994787238 6042264.0
1015.0727994593352 6212255.5
1015.5091385023975 7451942.5
1015.9457166079108 7418959.0
1016.3825337758749 7626438.0
1016.8195900062899 8240305.0
1017.2568852991558 10101869.0
1017.6944196544725 10846374.0
1018.1321930722402 11738418.0
1018.5702055524587 11898334.0
1019.0084570951283 12903042.0
1019.4469477002485 13751800.0
1019.8856773678198 14199839.0
1020.3246460978419 16120520.0
1020.763853890315 17107324.0
1021.2033007452387 17203966.0
1021.6429866626136 18419402.0
1022.0829116424393 18941330.0
1022.5230756847159 19019684.0
1022.9634787894433 17731646.0
1023.4041209566217 14299134.0
1023.8450021862509 12862456.0
1024.286122478331 10063906.0
1024.727481832862 7467443.0
1025.1690802498438 5488882.5
1025.6109177292767 3983166.2
1026.0529942711605 3172327.0
1026.495309875495 2616011.5
1026.9378645422805 2880312.2
1027.380658271517 2744206.5
1027.823691063204 2614055.8
1028.2669629173424 2553629.8
1028.7104738339312 2122879.2
1029.1542238129714 1862233.9
1029.598212854462 1407074.4
1030.0424409584039 1453169.2
1030.4869081247964 1201752.4
1030.9316143536398 1211311.0
1031.376559644934 1068612.5
1031.8217439986793 1304678.5
1032.2671674148755 1351402.2
1032.7128298935227 1333141.0
1033.1587314346207 1513442.0
1033.6048720381693 1346081.0
1034.051251704169 1644072.5
1034.4978704326197 1422029.8
1034.9447282235212 1429234.8
1035.3918250768736 1304259.6
1035.8391609926769 1329090.6
1036.286735970931 1188746.8
1036.734550011636 1197948.0
1037.182603114792 1222979.5
1037.6308952803988 1024613.25
1038.0794265084567 1072207.0
1038.5281967989652 1372668.8
1038.9772061519247 1396353.1
1039.426454567335 1320062.6
1039.8759420451966 1731992.8
1040.3256685855085 1664431.9
1040.7756341882716 1731111.4
1041.2258388534856 1892506.0
1041.6762825811506 2179323.0
1042.1269653712661 2140044.5
1042.577887223833 1870262.0
1043.0290481388504 1981283.1
1043.4804481163187 2053466.0
1043.9320871562381 1924296.9
1044.3839652586082 1693008.9
1044.8360824234294 1946458.1
1045.2884386507012 2000691.5
1045.7410339404241 2019893.1
1046.193868292598 1948461.2
1046.6469417072226 1965842.4
1047.1002541842981 1699213.0
1047.5538057238246 1424947.6
1048.0075963258018 1550003.0
1048.46162599023 1984738.6
1048.915894717109 2050733.0
1049.3704025064392 1928209.4
1049.82514935822 1829741.1
1050.2801352724516 1847261.9
1050.7353602491344 1952895.8
1051.1908242882678 1816661.0
1051.6465273898525 1745500.0
1052.1024695538877 2146020.0
1052.558650780374 2610583.5
1053.015071069311 2528002.0
1053.471730420699 2221276.5
1053.928628834538 2083729.0
1054.3857663108276 2320876.0
1054.8431428495683 2114322.2
1055.30075845076 2391347.2
1055.7586131144024 2349990.5
1056.2167068404956 2208573.5
1056.67503962904 2312784.2
1057.133611480035 2480095.2
1057.592422393481 2399636.5
1058.0514723693777 1992661.8
1058.5107614077258 2128104.8
1058.9702895085243 2271639.2
1059.4300566717739 2180723.0
1059.8900628974743 1234416.1
1060.3503081856259 -447920.88
1060.8107925362278 -2365308.8
1061.2715159492811 -3883655.2
1061.732478424785 -5368697.0
1062.1936799627401 -6950192.5
1062.6551205631458 -8197970.5
1063.1168002260026 -10200191.0
1063.57871895131 -11936175.0
1064.0408767390686 -13613094.0
1064.503273589278 -15683202.0
1064.965909501938 -17663722.0
1065.4287844770492 -20110198.0
1065.8918985146113 -21768056.0
1066.3552516146242 -23714930.0
1066.818843777088 -25858238.0
1067.2826750020029 -28387348.0
1067.7467452893684 -30100404.0
1068.211054639185 0.0
1068.6756030514523 0.0
1069.1403905261704 0.0
1069.6054170633397 0.0
1070.0706826629596 0.0
1070.5361873250306 0.0
1071.0019310495525 0.0
1071.4679138365252 0.0
1071.9341356859486 0.0
