string
description: px_shifted, calibration parameter: [ 1.19531225e-04 -2.30194563e-02  6.18194146e+02]
converted file:R_100ms_Fe_S3_x_2_34_binned_y back: data/dark_100msRZP-structure:___RZP_S3100msRoi:[0, 1040, 2048, 2048]
eV counts/s
618.1712462133476 2171743.0
618.1485853507007 2054335.8
618.1261635505048 1988122.4
618.1039808127597 2112985.0
618.0820371374655 2473776.8
618.0603325246223 2277020.0
618.0388669742298 2167351.0
618.0176404862883 2005137.5
617.9966530607976 1943060.0
617.9759046977579 2501180.2
617.955395397169 2661060.5
617.9351251590311 2683235.2
617.9150939833439 2285894.0
617.8953018701078 2872329.8
617.8757488193226 2470214.0
617.8564348309881 2383816.5
617.8373599051046 2609010.8
617.8185240416719 2618167.0
617.7999272406903 2491202.2
617.7815695021593 2255251.2
617.7634508260794 1755996.2
617.7455712124504 1802248.6
617.7279306612722 1719748.5
617.7105291725449 1600514.4
617.6933667462686 1963273.5
617.676443382443 2193836.2
617.6597590810685 2184484.2
617.6433138421447 2352609.5
617.6271076656718 2107298.5
617.6111405516499 2355529.0
617.5954125000789 2325641.5
617.5799235109587 2448299.2
617.5646735842894 2490853.5
617.5496627200711 2284914.0
617.5348909183035 2623968.8
617.520358178987 2801245.5
617.5060645021213 2719765.0
617.4920098877064 2840514.5
617.4781943357425 2354272.5
617.4646178462295 2534487.0
617.4512804191673 2886618.5
617.4381820545561 2743026.0
617.4253227523957 2539489.8
617.4127025126862 2898868.0
617.4003213354276 3227497.5
617.3881792206199 2811787.2
617.3762761682632 2412949.0
617.3646121783572 2616669.2
617.3531872509022 2396703.5
617.342001385898 2101850.5
617.3310545833449 1582618.9
617.3203468432424 1493836.2
617.309878165591 1804336.8
617.2996485503904 2031183.6
617.2896579976408 2001862.2
617.2799065073419 1943383.9
617.270394079494 2099375.8
617.261120714097 2311940.2
617.2520864111508 2430466.8
617.2432911706557 2760874.5
617.2347349926113 3007972.0
617.2264178770179 3666643.8
617.2183398238752 3910566.0
617.2105008331837 3253143.5
617.2029009049428 3312359.5
617.195540039153 2876196.2
617.188418235814 2945991.2
617.1815354949258 2844332.8
617.1748918164886 2484381.0
617.1684872005023 2063595.5
617.1623216469668 2644182.0
617.1563951558823 3311548.8
617.1507077272486 3537570.0
617.1452593610658 3812341.5
617.140050057334 3773845.0
617.1350798160529 4420775.0
617.1303486372229 4759142.0
617.1258565208436 4347724.0
617.1216034669154 4377016.0
617.1175894754379 4200616.0
617.1138145464114 4634915.5
617.1102786798357 4743132.0
617.106981875711 4029068.5
617.1039241340371 3760168.0
617.1011054548142 4265886.5
617.0985258380421 3719365.5
617.0961852837207 3653851.2
617.0940837918505 4043932.5
617.092221362431 3517491.0
617.0905979954625 3975982.0
617.0892136909449 4205164.0
617.0880684488782 4671216.0
617.0871622692623 4710289.5
617.0864951520974 5263228.0
617.0860670973833 6241390.0
617.0858781051202 6794887.5
617.0859281753078 7089237.5
617.0862173079464 7761571.0
617.0867455030359 7676061.0
617.0875127605763 5510604.0
617.0885190805675 3988105.5
617.0897644630096 2539393.0
617.0912489079027 1874375.1
617.0929724152465 1990659.9
617.0949349850415 1782216.9
617.0971366172871 1397411.2
617.0995773119838 1571290.6
617.1022570691313 2150342.0
617.1051758887297 2096477.5
617.1083337707789 1906977.6
617.1117307152791 1833817.0
617.1153667222302 1865333.0
617.1192417916321 1837894.8
617.123355923485 2132254.0
617.1277091177888 2149213.8
617.1323013745433 2516677.0
617.1371326937488 3053727.0
617.1422030754052 3624435.0
617.1475125195125 4425346.5
617.1530610260706 4891544.5
617.1588485950797 6029515.0
617.1648752265397 6959265.0
617.1711409204505 6276200.5
617.1776456768123 6475857.0
617.1843894956249 7076222.5
617.1913723768885 6951695.5
617.1985943206029 6549289.0
617.2060553267681 6621573.0
617.2137553953843 6828890.0
617.2216945264513 6950460.0
617.2298727199694 6285537.5
617.2382899759382 5054253.5
617.246946294358 3650788.8
617.2558416752286 3194421.0
617.2649761185502 2627621.2
617.2743496243226 1886834.8
617.2839621925459 1369110.0
617.29381382322 1265403.1
617.3039045163453 1552191.5
617.3142342719211 1360577.0
617.3248030899481 931492.25
617.3356109704258 767259.06
617.3466579133545 689502.5
617.357943918734 1061667.0
617.3694689865644 989672.5
617.3812331168458 1342342.5
617.3932363095779 1125031.1
617.4054785647611 875432.56
617.417959882395 883346.8
617.43068026248 797615.7
617.4436397050157 940868.1
617.4568382100024 1084843.4
617.47027577744 1421665.1
617.4839524073284 1735848.2
617.4978680996677 2302466.5
617.512022854458 3186968.8
617.526416671699 4587338.0
617.5410495513911 6260760.5
617.555921493534 7464602.5
617.5710324981277 7034435.5
617.5863825651725 7498545.0
617.601971694668 6406407.5
617.6177998866144 5258833.0
617.6338671410118 3979062.5
617.6501734578601 3868284.0
617.6667188371591 3906346.0
617.6835032789093 3165877.2
617.70052678311 3080824.0
617.7177893497619 3321152.2
617.7352909788646 4082209.5
617.7530316704182 4356143.5
617.7710114244226 4204117.0
617.7892302408779 4124685.0
617.8076881197842 3771055.5
617.8263850611413 4226824.5
617.8453210649494 4860117.0
617.8644961312083 5893244.0
617.8839102599181 6600068.0
617.9035634510788 8045956.0
617.9234557046905 10102606.0
617.9435870207528 12989386.0
617.9639573992663 15340451.0
617.9845668402305 15662526.0
618.0054153436457 13786759.0
618.0265029095117 10915710.0
618.0478295378288 7392628.0
618.0693952285965 5801983.0
618.0911999818152 4147177.0
618.1132437974848 2719856.0
618.1355266756052 2053056.4
618.1580486161766 2204776.5
618.180809619199 1748285.0
618.2038096846721 2074414.8
618.2270488125961 1855002.4
618.2505270029711 1770591.1
618.2742442557969 1552962.8
618.2982005710737 1598383.6
618.3223959488013 1633152.2
618.3468303889798 1461324.4
618.3715038916091 1087994.2
618.3964164566895 922608.6
618.4215680842207 1128244.9
618.4469587742026 1387807.4
618.4725885266356 1227008.8
618.4984573415195 1454747.2
618.5245652188543 1280724.9
618.5509121586398 1115143.9
618.5774981608764 984291.3
618.6043232255638 1181664.0
618.6313873527021 1307409.0
618.6586905422912 1410704.4
618.6862327943314 2016481.4
618.7140141088223 2727699.0
618.7420344857642 2873003.0
618.7702939251569 3536656.5
618.7987924270005 4718072.0
618.827529991295 6675947.0
618.8565066180404 8436071.0
618.8857223072368 9552917.0
618.915177058884 10871660.0
618.944870872982 11954026.0
618.974803749531 9742243.0
619.004975688531 7393496.0
619.0353866899817 5677086.0
619.0660367538834 4095179.8
619.0969258802359 3679224.0
619.1280540690393 3168317.5
619.1594213202936 2517250.5
619.1910276339989 1760801.9
619.2228730101549 1763440.5
619.2549574487618 1568840.2
619.2872809498198 1689858.0
619.3198435133286 1582533.1
619.3526451392883 1641290.0
619.3856858276988 1664238.5
619.4189655785602 1233240.4
619.4524843918725 1205470.9
619.4862422676358 1172119.1
619.5202392058499 891989.5
619.5544752065149 964658.9
619.5889502696308 1107335.2
619.6236643951976 1564418.8
619.6586175832152 1522002.2
619.6938098336839 1530439.9
619.7292411466033 1703360.8
619.7649115219735 2517113.5
619.8008209597948 3235686.5
619.8369694600669 4286259.0
619.8733570227901 5084141.0
619.9099836479638 5792632.0
619.9468493355887 6079064.0
619.9839540856643 7672470.0
620.0212978981909 7735150.0
620.0588807731684 6657605.0
620.0967027105968 6143293.0
620.134763710476 4599882.5
620.1730637728062 2993297.8
620.2116028975872 2395841.2
620.2503810848191 2046450.2
620.2893983345019 1778201.2
620.3286546466355 1938283.8
620.3681500212202 1697894.8
620.4078844582556 1537554.8
620.447857957742 1443078.8
620.4880705196792 1584446.1
620.5285221440674 1293741.2
620.5692128309064 1050309.5
620.6101425801965 861627.0
620.6513113919372 951760.1
620.692719266129 890759.44
620.7343662027715 729917.4
620.7762522018651 707467.8
620.8183772634094 845287.6
620.8607413874046 683044.3
620.9033445738509 862905.6
620.9461868227478 838256.3
620.9892681340958 924548.7
621.0325885078946 1273613.0
621.0761479441444 1361498.5
621.1199464428449 1170510.8
621.1639840039965 1287155.8
621.2082606275989 1473861.4
621.2527763136521 1439528.5
621.2975310621563 1724418.2
621.3425248731114 1494232.8
621.3877577465173 1195236.1
621.4332296823742 1244935.1
621.478940680682 1003989.5
621.5248907414405 968816.75
621.5710798646501 939429.5
621.6175080503104 990587.0
621.6641752984218 873749.94
621.7110816089839 1235646.1
621.758226981997 1116613.0
621.8056114174609 1041499.94
621.8532349153759 1395876.4
621.9010974757415 1332660.1
621.9491990985582 1275453.9
621.9975397838257 1349690.1
622.0461195315442 1213456.1
622.0949383417135 1419858.2
622.1439962143336 1224007.6
622.1932931494047 1484867.8
622.2428291469266 1583051.1
622.2926042068996 1470310.8
622.3426183293233 1580593.1
622.392871514198 1567050.1
622.4433637615234 1563384.8
622.4940950713 1461941.5
622.5450654435272 1121815.2
622.5962748782055 1546755.2
622.6477233753345 1996002.4
622.6994109349146 1684952.2
622.7513375569454 1393920.5
622.8035032414273 1474306.5
622.8559079883598 1666962.0
622.9085517977434 2353802.2
622.9614346695778 3321481.5
623.0145566038631 3244505.2
623.0679176005993 2787033.8
623.1215176597865 3451220.5
623.1753567814245 4199561.0
623.2294349655133 3570014.0
623.2837522120532 3308386.0
623.3383085210438 3259429.8
623.3931038924854 3291280.0
623.4481383263778 3307943.5
623.5034118227212 3751620.2
623.5589243815153 4290067.0
623.6146760027606 4869163.5
623.6706666864566 5821067.0
623.7268964326033 6381379.5
623.7833652412012 6845354.0
623.8400731122499 5935717.5
623.8970200457495 5508698.0
623.9542060416999 4493889.5
624.0116311001013 3394611.5
624.0692952209534 2271242.8
624.1271984042567 2084692.0
624.1853406500106 1934206.5
624.2437219582156 1986663.0
624.3023423288714 1594877.6
624.3612017619781 1169524.8
624.4203002575357 1410275.1
624.4796378155443 1328099.4
624.5392144360035 1322578.8
624.5990301189137 1110751.8
624.659084864275 1243662.0
624.7193786720869 1296311.6
624.7799115423499 1039652.75
624.8406834750637 934530.75
624.9016944702284 1106096.0
624.962944527844 1262339.5
625.0244336479105 1327965.1
625.0861618304278 1344013.2
625.1481290753961 1382571.8
625.2103353828153 1604849.4
625.2727807526853 1558052.6
625.3354651850062 1863636.5
625.398388679778 2168933.8
625.4615512370008 1952275.0
625.5249528566744 2051447.6
625.5885935387989 1912928.0
625.6524732833743 2258150.8
625.7165920904006 2612979.5
625.7809499598777 3216404.5
625.8455468918058 3529668.8
625.9103828861847 4418041.0
625.9754579430146 4444555.5
626.0407720622953 4336362.5
626.106325244027 3854863.0
626.1721174882094 2837105.0
626.2381487948429 2401496.5
626.3044191639272 2362944.5
626.3709285954623 2010217.0
626.4376770894484 1835794.5
626.5046646458853 1838151.9
626.5718912647732 1708274.2
626.6393569461119 1776188.0
626.7070616899016 1379591.4
626.7750054961421 1441128.5
626.8431883648335 1425484.8
626.9116102959758 1245715.9
626.980271289569 1417445.8
627.0491713456131 1895499.8
627.1183104641082 1526113.6
627.1876886450539 1246979.4
627.2573058884507 1198220.1
627.3271621942984 1204705.2
627.3972575625968 1311669.9
627.4675919933463 1551649.5
627.5381654865465 1839313.1
627.6089780421978 2168277.5
627.6800296602999 2325570.5
627.7513203408529 2707593.8
627.8228500838567 2797491.2
627.8946188893116 3351947.5
627.9666267572171 3626090.0
628.0388736875738 3234091.0
628.1113596803812 2536987.8
628.1840847356395 2025189.5
628.2570488533487 1750247.5
628.3302520335087 1895348.0
628.4036942761198 1818172.5
628.4773755811816 1659984.8
628.5512959486945 1931245.2
628.6254553786581 2391164.5
628.6998538710727 2605690.5
628.7744914259381 2198103.0
628.8493680432545 2406357.0
628.9244837230217 3270524.5
628.9998384652398 3028275.5
629.0754322699088 3019194.5
629.1512651370288 2602982.2
629.2273370665995 2818133.0
629.3036480586212 3475275.2
629.3801981130938 3949938.0
629.4569872300171 3704707.0
629.5340154093916 3330141.0
629.6112826512167 3396388.0
629.6887889554929 3228295.0
629.7665343222199 2467097.8
629.8445187513979 1577198.5
629.9227422430266 1389033.2
630.0012047971064 1490269.0
630.0799064136369 1128104.2
630.1588470926184 1437747.8
630.2380268340507 1702860.5
630.317445637934 1794272.4
630.3971035042681 1943919.8
630.4770004330533 2274418.5
630.5571364242891 2164458.0
630.6375114779759 2525668.0
630.7181255941136 2479845.5
630.7989787727022 2287387.2
630.8800710137417 2143399.8
630.961402317232 1973456.0
631.0429726831734 2081446.2
631.1247821115654 2103252.2
631.2068306024086 1817105.2
631.2891181557025 1556880.8
631.3716447714473 1412235.1
631.454410449643 1348906.5
631.5374151902896 1373361.1
631.6206589933871 1297948.2
631.7041418589355 2021644.4
631.7878637869347 2271878.0
631.8718247773849 1831190.5
631.956024830286 1656988.5
632.0404639456378 1517601.1
632.1251421234408 2243249.0
632.2100593636944 2576085.8
632.2952156663991 2167171.5
632.3806110315546 1889015.5
632.4662454591611 2275806.0
632.5521189492183 1644092.0
632.6382315017265 1444533.0
632.7245831166855 1208602.8
632.8111737940956 1381376.2
632.8980035339563 1738000.8
632.985072336268 1877258.0
633.0723802010307 1875148.1
633.1599271282441 2000645.8
633.2477131179087 2057550.8
633.3357381700239 2440731.0
633.4240022845902 2759182.5
633.5125054616071 2873598.5
633.6012477010752 2357054.2
633.690229002994 1987400.0
633.7794493673638 1612734.5
633.8689087941844 2018080.5
633.958607283456 2270431.0
634.0485448351784 2311466.0
634.1387214493517 2113735.0
634.2291371259759 1846337.8
634.3197918650509 1912223.2
634.4106856665769 1945149.0
634.5018185305538 1823973.9
634.5931904569816 1768531.0
634.6848014458602 1658579.4
634.7766514971898 1686251.5
634.8687406109701 1568511.8
634.9610687872016 1824464.8
635.0536360258837 1598381.5
635.1464423270169 1347995.5
635.2394876906009 1224421.4
635.3327721166357 1257419.2
635.4262956051215 1137465.6
635.5200581560582 864435.0
635.6140597694457 779699.75
635.7083004452841 1001092.0
635.8027801835735 1234188.5
635.8974989843136 1386112.2
635.9924568475049 1411292.8
636.0876537731468 1453486.9
636.1830897612398 1422895.2
636.2787648117835 1300947.0
636.3746789247782 1211124.2
636.4708321002237 1641850.6
636.5672243381202 1860003.5
636.6638556384676 2077554.9
636.7607260012659 1900257.0
636.857835426515 2066802.2
636.9551839142149 2074674.5
637.0527714643658 2007816.8
637.1505980769675 1968108.1
637.2486637520203 1882952.4
637.3469684895239 2125062.8
637.4455122894784 2487202.8
637.5442951518837 2115439.2
637.64331707674 1722915.5
637.742578064047 1682805.0
637.8420781138052 2038586.1
637.941817226014 1626901.5
638.0417954006739 1411432.0
638.1420126377845 1298971.0
638.2424689373462 1319124.8
638.3431642993586 1341853.2
638.444098723822 1245480.1
638.5452722107362 1260698.9
638.6466847601014 1177195.1
638.7483363719175 1078249.4
638.8502270461844 1380473.5
638.9523567829023 1015081.3
639.0547255820709 1091060.9
639.1573334436905 1444283.8
639.260180367761 1426139.8
639.3632663542825 1257140.5
639.4665914032546 1139177.6
639.5701555146778 1426766.8
639.6739586885519 1831978.0
639.7780009248769 1991196.0
639.8822822236526 1923691.0
639.9868025848793 2002097.4
640.091562008557 2230906.5
640.1965604946854 2169158.0
640.3017980432649 2118294.8
640.4072746542952 2358031.8
640.5129903277764 2709212.0
640.6189450637083 2460188.5
640.7251388620914 2439663.8
640.8315717229252 1960004.0
640.93824364621 2312118.2
641.0451546319456 2089699.9
641.1523046801321 1998779.2
641.2596937907695 1492477.8
641.3673219638578 1392574.4
641.4751891993969 1585894.8
641.583295497387 1922581.8
641.691640857828 1799619.8
641.8002252807198 1555016.4
641.9090487660626 1322214.4
642.0181113138563 1302865.4
642.1274129241008 1166021.0
642.2369535967962 1378341.9
642.3467333319426 1596435.6
642.4567521295397 1606944.4
642.5670099895879 1842469.8
642.6775069120868 1669999.5
642.7882428970366 1523219.8
642.8992179444374 1593919.2
643.010432054289 1206922.0
643.1218852265915 1312186.8
643.2335774613449 1544165.5
643.3455087585494 1281821.2
643.4576791182045 1370268.8
643.5700885403106 1141696.6
643.6827370248676 977393.6
643.7956245718756 1271104.0
643.9087511813342 1219239.9
644.0221168532439 1255400.9
644.1357215876045 1393281.1
644.249565384416 1296613.4
644.3636482436782 1322811.5
644.4779701653915 1414876.1
644.5925311495556 1697520.5
644.7073311961706 1806596.1
644.8223703052365 1617342.2
644.9376484767532 1462325.1
645.0531657107209 1715398.5
645.1689220071395 1671143.2
645.2849173660089 2065431.5
645.4011517873292 2002547.4
645.5176252711005 1913372.0
645.6343378173226 1508309.2
645.7512894259957 1184944.1
645.8684800971196 1352091.5
645.9859098306944 1459839.9
646.10357862672 1758166.1
646.2214864851966 1259837.2
646.3396334061241 1382706.2
646.4580193895024 1359837.0
646.5766444353317 1306944.6
646.6955085436118 1339149.9
646.8146117143428 1445176.2
646.9339539475247 1542043.6
647.0535352431576 1386221.5
647.1733556012413 1276000.1
647.2934150217759 1262769.6
647.4137135047613 1585840.6
647.5342510501977 1156075.5
647.6550276580849 1003726.56
647.7760433284232 1053664.0
647.8972980612122 1319366.1
648.018791856452 1223131.4
648.1405247141429 1398229.4
648.2624966342845 1460070.5
648.3847076168772 1203837.4
648.5071576619206 1174235.2
648.629846769415 1440468.5
648.7527749393603 1548997.0
648.8759421717565 1869618.0
648.9993484666035 1724693.5
649.1229938239015 1608563.9
649.2468782436503 1616158.1
649.3710017258501 1407610.1
649.4953642705007 1027916.56
649.6199658776021 857533.8
649.7448065471544 1001816.1
649.8698862791578 1191109.2
649.9952050736119 1547043.0
650.120762930517 1373257.2
650.2465598498729 1282616.5
650.3725958316797 1358591.8
650.4988708759375 1592201.9
650.6253849826461 1267123.9
650.7521381518056 1171204.8
650.879130383416 1502107.6
651.0063616774773 1280141.4
651.1338320339895 1571008.6
651.2615414529527 1397550.2
651.3894899343666 1426337.5
651.5176774782313 1456711.4
651.6461040845472 1278867.0
651.7747697533138 1563986.5
651.9036744845314 1249053.4
652.0328182781997 1411040.1
652.162201134319 1578079.8
652.2918230528892 1584576.0
652.4216840339103 1742728.1
652.5517840773823 1324101.2
652.6821231833052 1370580.5
652.8127013516789 1457545.5
652.9435185825037 1424904.9
653.074574875779 1278691.1
653.2058702315056 1278115.8
653.3374046496829 1813896.1
653.469178130311 1597375.8
653.6011906733902 1397427.2
653.73344227892 1334847.2
653.865932946901 1293947.4
653.9986626773327 1105526.8
654.1316314702154 1297714.2
654.2648393255489 1442169.9
654.3982862433335 1267267.6
654.5319722235687 1147837.5
654.665897266255 1089342.6
654.8000613713921 1434030.6
654.9344645389801 1240326.4
655.069106769019 1156196.5
655.2039880615088 1177739.5
655.3391084164494 1625871.5
655.4744678338409 1598109.2
655.6100663136834 1308611.4
655.7459038559767 1235153.2
655.881980460721 1083560.1
656.0182961279161 1368849.5
656.1548508575621 1299636.1
656.291644649659 1681576.2
656.4286775042068 1749401.0
656.5659494212055 1766984.8
656.7034604006551 1764039.4
656.8412104425555 1790826.8
656.9791995469069 1485241.4
657.117427713709 1584998.0
657.2558949429622 1726691.4
657.3946012346663 1879785.0
657.5335465888211 1652439.2
657.672731005427 1463177.6
657.8121544844836 1415249.4
657.9518170259913 1527790.8
658.0917186299497 1680330.8
658.2318592963591 1233783.8
658.3722390252193 1266514.1
658.5128578165305 1251598.1
658.6537156702925 1201653.5
658.7948125865055 1273106.0
658.9361485651692 1467244.4
659.077723606284 1598251.4
659.2195377098495 1508052.8
659.361590875866 1191693.0
659.5038831043335 1104206.8
659.6464143952517 1225636.8
659.7891847486209 1344584.2
659.9321941644408 1413972.0
660.0754426427119 1566453.9
660.2189301834336 1253774.0
660.3626567866064 1404250.6
660.50662245223 1521538.1
660.6508271803045 1422075.0
660.7952709708298 1264944.1
660.9399538238061 1279242.6
661.0848757392333 1283053.9
661.2300367171114 1514271.0
661.3754367574403 1414316.0
661.5210758602201 1281637.6
661.6669540254509 1352784.2
661.8130712531324 1201506.5
661.9594275432651 1257315.9
662.1060228958484 1237284.2
662.2528573108827 986278.7
662.3999307883678 1046573.0
662.5472433283039 1086179.9
662.6947949306908 978997.75
662.8425855955288 1086928.0
662.9906153228175 1454218.5
663.1388841125572 1503611.9
663.2873919647476 1147982.0
663.436138879389 1295792.9
663.5851248564813 1215461.1
663.7343498960245 1292560.0
663.8838139980186 1450311.5
664.0335171624636 1232089.4
664.1834593893594 1249353.8
664.3336406787062 1263156.9
664.4840610305039 1329643.2
664.6347204447524 1249594.4
664.7856189214518 1342789.5
664.936756460602 1116410.0
665.0881330622034 938535.0
665.2397487262554 1122468.6
665.3916034527584 1160208.9
665.5436972417123 1384340.5
665.6960300931171 1437653.2
665.8486020069727 1376523.0
666.0014129832791 1163101.0
666.1544630220367 1152193.6
666.3077521232449 1204950.2
666.4612802869042 1184720.2
666.6150475130142 1462696.5
666.7690538015753 1133116.0
666.9232991525871 1412139.9
667.07778356605 1945906.5
667.2325070419636 1798084.9
667.3874695803282 1587457.2
667.5426711811436 1197848.8
667.69811184441 1731755.1
667.8537915701272 1894439.9
668.0097103582953 1873719.2
668.1658682089143 1974306.0
668.3222651219842 1732361.0
668.4789010975051 1514893.5
668.6357761354766 1456743.5
668.7928902358992 1379743.5
668.9502433987727 1629171.8
669.1078356240971 1511231.8
669.2656669118722 1436372.8
669.4237372620985 1278174.8
669.5820466747754 1314714.5
669.7405951499034 1290639.2
669.8993826874821 1188151.0
670.0584092875117 1253757.2
670.2176749499924 1319649.9
670.3771796749238 1458936.0
670.5369234623063 1611930.0
670.6969063121394 1368399.2
670.8571282244236 1754472.6
671.0175891991586 1753463.2
671.1782892363447 1542109.0
671.3392283359814 1581966.9
671.5004064980691 1396306.8
671.6618237226077 1346370.1
671.8234800095972 1314760.0
671.9853753590376 997795.6
672.1475097709289 1070980.9
672.309883245271 1325322.4
672.472495782064 970813.0
672.635347381308 1167269.5
672.7984380430028 1600320.6
672.9617677671484 1337680.2
673.125336553745 1308954.1
673.2891444027925 1268418.2
673.453191314291 1282056.4
673.6174772882403 1381517.2
673.7820023246404 1543958.1
673.9467664234915 1623094.8
674.1117695847934 1462415.6
674.2770118085463 1491244.0
674.4424930947499 1478868.0
674.6082134434046 1374601.4
674.7741728545101 1443843.0
674.9403713280664 1489258.9
675.1068088640737 1564735.2
675.2734854625319 1600715.2
675.440401123441 1826246.8
675.6075558468009 1626417.0
675.7749496326118 1421071.5
675.9425824808735 1488516.0
676.1104543915861 1721703.1
676.2785653647496 1645994.9
676.4469154003641 1712461.8
676.6155044984293 1669873.2
676.7843326589456 1457508.6
676.9533998819127 1673159.8
677.1227061673306 1820242.0
677.2922515151995 1661923.0
677.4620359255191 1336535.1
677.6320593982898 1335004.5
677.8023219335114 1354507.6
677.9728235311838 1531031.1
678.1435641913071 1526134.8
678.3145439138814 1510246.8
678.4857626989063 1390580.8
678.6572205463824 1330017.8
678.8289174563092 1253243.5
679.000853428687 1423819.4
679.1730284635156 1325202.6
679.3454425607953 1497529.0
679.5180957205256 1795634.8
679.690987942707 1567909.8
679.8641192273392 1518449.0
680.0374895744222 1713693.6
680.2110989839563 1624586.1
680.3849474559411 1779986.4
680.559034990377 1751543.1
680.7333615872635 1920279.0
680.9079272466012 1434591.1
681.0827319683896 1352775.0
681.257775752629 1333354.0
681.4330585993191 1483854.4
681.6085805084602 1247369.4
681.7843414800523 1146016.5
681.9603415140951 1222433.0
682.1365806105889 1151606.6
682.3130587695335 1300300.8
682.4897759909292 1100109.0
682.6667322747755 1045801.56
682.8439276210729 1241727.6
683.0213620298211 1098416.8
683.1990355010204 1215099.5
683.3769480346702 1389214.8
683.5550996307712 1461797.6
683.7334902893231 1631009.0
683.9121200103258 1447396.5
684.0909887937793 1507046.2
684.2700966396839 1178986.4
684.4494435480391 1154653.2
684.6290295188454 1466228.0
684.8088545521025 1475660.6
684.9889186478105 1491515.5
685.1692218059694 1452697.8
685.3497640265792 1404467.4
685.5305453096399 1606840.6
685.7115656551515 1508119.5
685.8928250631141 1288339.5
686.0743235335274 1348571.9
686.2560610663917 1410416.4
686.4380376617067 1590062.0
686.6202533194729 1370365.5
686.8027080396897 1439823.0
686.9854018223576 1637647.4
687.1683346674763 1596613.6
687.351506575046 1621575.8
687.5349175450664 1580940.8
687.7185675775377 1850823.0
687.9024566724601 1450699.0
688.0865848298331 1536802.4
688.2709520496572 1937747.5
688.4555583319321 2003386.2
688.640403676658 1693757.2
688.8254880838347 1743418.0
689.0108115534624 1536046.0
689.1963740855408 1426711.8
689.3821756800703 1642394.4
689.5682163370506 1575719.2
689.7544960564818 1658330.2
689.9410148383638 1667991.5
690.1277726826967 1670223.5
690.3147695894805 1411989.9
690.5020055587153 1596907.4
690.689480590401 1773528.5
690.8771946845374 1782227.5
691.0651478411248 1579574.8
691.253340060163 1653896.1
691.4417713416524 1822773.9
691.6304416855924 1810595.1
691.8193510919834 2023130.5
692.0084995608252 1783933.6
692.197887092118 1896325.5
692.3875136858616 1954951.9
692.5773793420561 1524186.5
692.7674840607016 1408842.2
692.9578278417978 1388414.2
693.1484106853451 1567874.8
693.339232591343 1449131.5
693.5302935597921 1688352.2
693.7215935906919 1668171.8
693.9131326840427 1736717.2
694.1049108398444 1819255.6
694.2969280580969 1523034.8
694.4891843388003 1681150.6
694.6816796819547 1855733.5
694.8744140875599 2142316.0
695.067387555616 1997569.9
695.260600086123 2433324.5
695.4540516790809 2394087.2
695.6477423344896 2011648.0
695.8416720523492 1714921.5
696.0358408326598 1832204.0
696.2302486754212 2168602.5
696.4248955806336 2220751.2
696.6197815482967 2382548.8
696.814906578411 2491949.8
697.0102706709758 2263649.2
697.2058738259918 2472963.2
697.4017160434586 2367697.2
697.5977973233763 2682435.2
697.7941176657448 2559567.0
697.9906770705643 2515701.2
698.1874755378346 2367028.0
698.3845130675558 2544528.2
698.581789659728 2724384.5
698.779305314351 2738135.2
698.9770600314249 2470019.5
699.1750538109496 2339380.8
699.3732866529253 2305391.5
699.5717585573519 2304840.5
699.7704695242294 2412368.2
699.9694195535577 2504327.5
700.168608645337 2696442.8
700.3680367995671 2873045.2
700.5677040162482 3142537.2
700.7676102953801 3489227.2
700.9677556369629 3214295.5
701.1681400409966 2854557.2
701.368763507481 2786104.8
701.5696260364166 2786389.8
701.7707276278029 2949039.5
701.9720682816403 2942438.0
702.1736479979284 3264814.0
702.3754667766674 3048981.2
702.5775246178573 2826361.5
702.7798215214982 2601867.2
702.9823574875899 2368231.0
703.1851325161325 2676045.2
703.3881466071259 2853651.5
703.5913997605704 2973251.5
703.7948919764656 3313244.0
703.9986232548118 2590012.2
704.2025935956088 2613712.8
704.4068029988567 2881473.8
704.6112514645556 3086528.5
704.8159389927052 2848902.2
705.020865583306 2963236.5
705.2260312363574 2805648.8
705.4314359518598 2787972.0
705.6370797298131 2823059.0
705.8429625702173 3380287.5
706.0490844730723 3537086.0
706.2554454383783 3523381.0
706.4620454661351 3755119.0
706.6688845563428 3777485.2
706.8759627090014 3987865.5
707.0832799241109 3897616.2
707.2908362016714 3919140.2
707.4986315416826 4069256.5
707.7066659441448 4136795.5
707.9149394090579 3759575.5
708.1234519364218 3945949.0
708.3322035262366 4447449.0
708.5411941785025 4427176.0
708.750423893219 4389006.5
708.9598926703866 4494494.5
709.169600510005 4083995.2
709.3795474120743 4094426.5
709.5897333765945 4752534.0
709.8001584035657 4551810.5
710.0108224929876 4340986.0
710.2217256448604 4660535.0
710.4328678591842 4843149.5
710.6442491359588 4246784.5
710.8558694751844 4932666.5
711.0677288768608 5673604.5
711.2798273409882 6283197.5
711.4921648675663 7213451.0
711.7047414565955 7976071.0
711.9175571080754 8819325.0
712.1306118220064 10502735.0
712.343905598388 11266000.0
712.5574384372208 11225806.0
712.7712103385043 11405166.0
712.9852213022388 11183298.0
713.199471328424 10332599.0
713.4139604170601 9049829.0
713.6286885681474 8862746.0
713.8436557816852 8770266.0
714.0588620576742 8770928.0
714.274307396114 9250512.0
714.4899917970047 9700058.0
714.7059152603462 9196014.0
714.9220777861387 9113467.0
715.138479374382 9354927.0
715.3551200250763 10088622.0
715.5719997382214 11075324.0
715.7891185138174 11533420.0
716.0064763518642 11351080.0
716.224073252362 11392930.0
716.4419092153107 11255800.0
716.6599842407103 11022364.0
716.8782983285607 10977429.0
717.096851478862 11272061.0
717.3156436916144 10230034.0
717.5346749668174 8901671.0
717.7539453044715 8569178.0
717.9734547045764 8512797.0
718.1932031671322 7587377.5
718.4131906921389 6139987.0
718.6334172795965 5388678.0
718.853882929505 4793680.0
719.0745876418644 4390284.5
719.2955314166745 4353253.0
719.5167142539357 4459730.0
719.7381361536477 4347228.5
719.9597971158106 4125919.5
720.1816971404245 4340902.0
720.4038362274891 4135652.2
720.6262143770048 4418588.5
720.8488315889713 4706695.0
721.0716878633887 5158992.0
721.2947832002569 5232481.0
721.518117599576 6297284.0
721.741691061346 7498930.0
721.965503585567 8927326.0
722.1895551722389 10752189.0
722.4138458213616 11401574.0
722.6383755329352 12073295.0
722.8631443069596 13539888.0
723.0881521434351 14950200.0
723.3133990423613 14998501.0
723.5388850037385 15151438.0
723.7646100275665 14380374.0
723.9905741138455 12976330.0
724.2167772625753 12570290.0
724.4432194737561 12379126.0
724.6699007473876 13041678.0
724.8968210834703 13149472.0
725.1239804820036 12935330.0
725.3513789429879 13258201.0
725.579016466423 14136090.0
725.8068930523091 15363255.0
726.0350087006461 17070056.0
726.2633634114338 18440688.0
726.4919571846726 17838056.0
726.7207900203623 18363406.0
726.9498619185028 19544542.0
727.1791728790942 21856382.0
727.4087229021366 26797840.0
727.6385119876297 34797444.0
727.8685401355738 45634980.0
728.0988073459687 62505840.0
728.3293136188147 81749740.0
728.5600589541114 101570870.0
728.7910433518591 122561900.0
729.0222668120575 137693200.0
729.2537293347069 141688820.0
729.4854309198073 133614590.0
729.7173715673584 115272480.0
729.9495512773606 87296350.0
730.1819700498136 58842500.0
730.4146278847174 39184364.0
730.6475247820722 27805944.0
730.8806607418778 20681758.0
731.1140357641343 17191982.0
731.3476498488419 14826579.0
731.5815029960002 12214860.0
731.8155952056094 9848911.0
732.0499264776695 7830583.0
732.2844968121806 7276921.0
732.5193062091423 6739509.0
732.754354668555 5679948.0
732.9896421904187 4637180.0
733.2251687747333 4800969.0
733.4609344214988 4899733.5
733.6969391307151 5015683.0
733.9331829023823 5310431.0
734.1696657365004 6017875.5
734.4063876330695 5950012.5
734.6433485920893 6453534.5
734.8805486135602 6992655.5
735.1179876974818 7340224.0
735.3556658438545 7707306.0
735.5935830526778 7485349.5
735.8317393239522 7947253.0
736.0701346576775 8267638.0
736.3087690538534 7473616.0
736.5476425124806 6171240.5
736.7867550335584 6655948.0
737.0261066170873 7020702.0
737.265697263067 7362210.5
737.5055269714976 8593639.0
737.745595742379 11106261.0
737.9859035757114 13291986.0
738.2264504714947 16936962.0
738.4672364297288 23032884.0
738.7082614504138 31948704.0
738.9495255335498 43507260.0
739.1910286791365 58002560.0
739.4327708871742 75948376.0
739.6747521576629 92260780.0
739.9169724906022 107995740.0
740.1594318859927 118449880.0
740.4021303438338 118711940.0
740.6450678641261 110967950.0
740.8882444468691 95031210.0
741.131660092063 68325290.0
741.3753147997079 42502484.0
741.6192085698036 27151078.0
741.8633414023502 19638788.0
742.1077132973477 14997611.0
742.352324254796 12380194.0
742.5971742746954 10320656.0
742.8422633570456 9036871.0
743.0875915018465 7461475.0
743.3331587090985 5781317.0
743.5789649788013 5003487.0
743.8250103109551 4462763.5
744.0712947055597 3894186.0
744.3178181626151 3176287.0
744.5645806821216 2965333.5
744.8115822640789 2919172.8
745.058822908487 2721136.2
745.3063026153461 2632570.0
745.554021384656 2903515.5
745.801979216417 3220252.2
746.0501761106286 3651868.5
746.2986120672912 3901983.5
746.5472870864048 4225609.0
746.7962011679691 4411938.0
747.0453543119845 4138588.5
747.2947465184507 4183691.5
747.5443777873677 3916277.8
747.7942481187357 3289839.5
748.0443575125546 2813406.0
748.2947059688242 2445544.5
748.545293487545 2373006.5
748.7961200687164 2524865.5
749.0471857123389 2468536.5
749.2984904184123 2459299.2
749.5500341869365 2448203.0
749.8018170179115 2270706.0
750.0538389113375 2157208.5
750.3060998672144 2141997.2
750.558599885542 2025952.4
750.8113389663208 2071912.2
751.0643171095503 2083208.9
751.3175343152308 2287233.5
751.570990583362 2165997.0
751.8246859139442 2327063.0
752.0786203069773 2471391.5
752.3327937624614 2466487.2
752.5872062803962 2430604.8
752.841857860782 2203987.0
753.0967485036186 2189081.0
753.3518782089062 2213080.8
753.6072469766447 2474278.5
753.8628548068339 2482229.0
754.1187016994742 2531982.8
754.3747876545652 2298739.5
754.6311126721073 2377417.5
754.8876767521001 2669644.0
755.144479894544 3150260.2
755.4015220994386 3306383.8
755.6588033667842 3154417.8
755.9163236965807 3240782.2
756.1740830888281 3194347.8
756.4320815435262 3356637.0
756.6903190606754 3467259.0
756.9487956402754 3192790.5
757.2075112823263 3199848.0
757.4664659868281 3430657.0
757.7256597537807 3367176.2
757.9850925831844 2937859.8
758.2447644750388 3124693.0
758.5046754293442 3412713.5
758.7648254461004 3787643.0
759.0252145253075 4102670.2
759.2858426669656 4110326.5
759.5467098710745 4607964.0
759.8078161376343 5659901.0
760.069161466645 5866994.0
760.3307458581066 5283393.0
760.5925693120191 4863040.5
760.8546318283825 5093285.5
761.1169334071967 5252738.0
761.3794740484618 5281155.0
761.6422537521778 4897334.5
761.9052725183449 4316429.5
762.1685303469626 4326151.0
762.4320272380314 4015432.0
762.6957631915509 4455868.5
762.9597382075215 4806337.0
763.2239522859428 4202336.5
763.4884054268151 4254759.5
763.7530976301382 4538172.5
764.0180288959123 4433523.0
764.2831992241372 4025879.0
764.5486086148131 3342429.5
764.8142570679397 3536375.5
765.0801445835173 4390880.5
765.3462711615459 5240739.0
765.6126368020252 5923105.0
765.8792415049556 6126160.5
766.1460852703367 6168076.0
766.4131680981689 6924684.5
766.6804899884517 7072148.0
766.9480509411856 7095540.0
767.2158509563703 7370932.5
767.483890034006 6859677.5
767.7521681740925 6392596.0
768.0206853766299 5568160.0
768.2894416416182 4705135.5
768.5584369690574 4374089.5
768.8276713589474 4717404.5
769.0971448112883 5023390.5
769.3668573260802 5329342.0
769.636808903323 5711368.0
769.9069995430166 6145474.5
770.1774292451611 6622982.0
770.4480980097566 6775943.0
770.7190058368028 7385769.0
770.9901527263 8183549.5
771.2615386782481 8670650.0
771.5331636926471 9161661.0
771.805027769497 9386729.0
772.0771309087978 10867861.0
772.3494731105494 12899186.0
772.622054374752 15304690.0
772.8948747014053 17897484.0
773.1679340905096 20758642.0
773.4412325420649 23460302.0
773.714770056071 26147964.0
773.9885466325279 27738740.0
774.2625622714359 26336164.0
774.5368169727947 23414188.0
774.8113107366042 20497128.0
775.0860435628648 16666565.0
775.3610154515762 13385498.0
775.6362264027387 10084679.0
775.9116764163518 7401509.5
776.1873654924159 6507789.5
776.4632936309309 6467813.0
776.7394608318967 6353685.5
777.0158670953135 7046009.5
777.2925124211812 7127560.5
777.5693968094998 7088840.0
777.8465202602692 6950007.0
778.1238827734896 7246680.5
778.4014843491608 7671765.0
778.6793249872829 8199158.0
778.957404687856 9293572.0
779.23572345088 10924418.0
779.5142812763546 13204952.0
779.7930781642804 15357500.0
780.0721141146569 16889162.0
780.3513891274845 19195216.0
780.6309032027627 19666566.0
780.9106563404919 20069240.0
781.1906485406721 20518838.0
781.4708798033031 20161786.0
781.7513501283851 18414708.0
782.0320595159178 17092938.0
782.3130079659015 16560789.0
782.5941954783361 16355245.0
782.8756220532216 16339520.0
783.157287690558 17641598.0
783.4391923903453 17016198.0
783.7213361525834 14729378.0
784.0037189772725 12652834.0
784.2863408644123 11861716.0
784.5692018140032 12852530.0
784.8523018260448 14220305.0
785.1356409005374 14994734.0
785.419219037481 15483575.0
785.7030362368753 16340275.0
785.9870924987206 16344321.0
786.2713878230167 16371222.0
786.5559222097638 16772326.0
786.8406956589616 15334534.0
787.1257081706106 14169706.0
787.4109597447102 13602119.0
787.6964503812609 13620796.0
787.9821800802623 14575309.0
788.2681488417147 14666960.0
788.554356665618 15102141.0
788.8408035519722 15858878.0
789.1274895007773 15920769.0
789.4144145120331 16052525.0
789.70157858574 16597470.0
789.9889817218977 17149774.0
790.2766239205064 17873500.0
790.5645051815659 19128020.0
790.8526255050763 20543114.0
791.1409848910375 23287760.0
791.4295833394498 25591544.0
791.7184208503128 26855936.0
792.0074974236268 28779110.0
792.2968130593916 31356508.0
792.5863677576074 34602120.0
792.876161518274 35836970.0
793.1661943413915 36095930.0
793.45646622696 37086244.0
793.7469771749792 36534596.0
794.0377271854495 35760564.0
794.3287162583705 33832828.0
794.6199443937426 33536524.0
794.9114115915653 34896356.0
795.2031178518391 35739772.0
795.4950631745637 37738684.0
795.7872475597393 37458384.0
796.0796710073657 37071416.0
796.372333517443 37045410.0
796.6652350899712 38707624.0
796.9583757249504 40705056.0
797.2517554223803 43965030.0
797.5453741822612 46626430.0
797.839232004593 50068084.0
798.1333288893755 54324256.0
798.4276648366092 57476180.0
798.7222398462935 61815040.0
799.0170539184289 65523104.0
799.3121070530151 66778350.0
799.6073992500523 66932610.0
799.9029305095402 69198950.0
800.1987008314792 71013370.0
800.4947102158688 70616090.0
800.7909586627096 71206120.0
801.0874461720011 70980650.0
801.3841727437435 70941750.0
801.6811383779369 71412950.0
801.9783430745811 72892340.0
802.2757868336762 72007420.0
802.5734696552222 68287580.0
802.8713915392192 60419350.0
803.1695524856669 55898016.0
803.4679524945657 53703430.0
803.7665915659152 53899820.0
804.0654696997157 54593650.0
804.364586895967 55024396.0
804.6639431546693 55734964.0
804.9635384758224 57621620.0
805.2633728594265 59896140.0
805.5634463054813 59962900.0
805.863758813987 61639660.0
806.1643103849437 63365104.0
806.4651010183513 65814116.0
806.7661307142098 66953984.0
807.0673994725191 66863856.0
807.3689072932794 66714160.0
807.6706541764905 67759830.0
807.9726401221526 69458310.0
808.2748651302655 73074490.0
808.5773292008294 80078610.0
808.880032333844 91730410.0
809.1829745293097 104077490.0
809.4861557872262 118860120.0
809.7895761075936 135663760.0
810.0932354904118 155296300.0
810.3971339356808 178646800.0
810.701271443401 200511980.0
811.0056480135719 218962140.0
811.3102636461938 235115540.0
811.6151183412665 245643420.0
811.9202120987901 251133620.0
812.2255449187645 246259970.0
812.5311168011899 233130740.0
812.8369277460662 212330740.0
813.1429777533934 184250700.0
813.4492668231715 160955820.0
813.7557949554005 146561010.0
814.0625621500802 137340900.0
814.3695684072109 127360880.0
814.6768137267925 119908630.0
814.984298108825 112539590.0
815.2920215533085 105776240.0
815.5999840602427 98758070.0
815.908185629628 90865820.0
816.216626261464 83619740.0
816.5253059557509 77126670.0
816.8342247124888 70850940.0
817.1433825316776 65032856.0
817.4527794133171 57843436.0
817.7624153574077 51265970.0
818.072290363949 43985624.0
818.3824044329415 40520988.0
818.6927575643846 40435590.0
819.0033497582787 42138590.0
819.3141810146236 46983290.0
819.6252513334194 50674036.0
819.9365607146663 56318080.0
820.2481091583638 61866896.0
820.5598966645124 67375930.0
820.8719232331118 75193830.0
821.1841888641621 83854420.0
821.4966935576633 96788110.0
821.8094373136155 111469990.0
822.1224201320184 127927630.0
822.4356420128723 146126460.0
822.749102956177 167894320.0
823.0628029619327 196610740.0
823.3767420301392 223734620.0
823.6909201607966 248167200.0
824.005337353905 274545920.0
824.3199936094642 294440670.0
824.6348889274743 312851400.0
824.9500233079352 322046560.0
825.2653967508472 312714000.0
825.5810092562099 288619000.0
825.8968608240236 248761300.0
826.2129514542881 202546820.0
826.5292811470036 156153280.0
826.8458499021699 112246890.0
827.1626577197871 78659940.0
827.4797045998553 57897396.0
827.7969905423743 45855824.0
828.1145155473441 37397676.0
828.4322796147649 31240918.0
828.7502827446367 25205852.0
829.0685249369592 21038202.0
829.3870061917327 18464398.0
829.705726508957 16674854.0
830.0246858886322 14620629.0
830.3438843307583 13164809.0
830.6633218353354 11950402.0
830.9829984023633 10930035.0
831.3029140318422 9912854.0
831.6230687237718 9131309.0
831.9434624781525 8816819.0
832.2640952949838 8876388.0
832.5849671742662 9209855.0
832.9060781159994 10099621.0
833.2274281201835 10522658.0
833.5490171868187 9854347.0
833.8708453159045 11036809.0
834.1929125074414 10664182.0
834.515218761429 10098378.0
834.8377640778676 11056329.0
835.160548456757 11976032.0
835.4835718980975 12721659.0
835.8068344018886 13042771.0
836.1303359681309 13980945.0
836.4540765968239 15290231.0
836.778056287968 16420406.0
837.1022750415626 16917482.0
837.4267328576084 18582412.0
837.7514297361049 19196072.0
838.0763656770524 19534784.0
838.4015406804508 19945598.0
838.7269547463001 20169782.0
839.0526078746003 21345808.0
839.3785000653513 22542652.0
839.7046313185533 23260502.0
840.0310016342061 23318238.0
840.3576110123099 22710070.0
840.6844594528644 22717622.0
841.01154695587 22702610.0
841.3388735213264 21357378.0
841.6664391492336 20680146.0
841.9942438395917 21515882.0
842.3222875924008 22934532.0
842.6505704076608 23271144.0
842.9790922853716 24062436.0
843.3078532255333 24846702.0
843.636853228146 23197872.0
843.9660922932096 22154780.0
844.2955704207238 21809698.0
844.6252876106893 21507536.0
844.9552438631054 21409490.0
845.2854391779725 20695198.0
845.6158735552905 21039938.0
845.9465469950594 21741298.0
846.2774594972791 23906256.0
846.6086110619498 25989476.0
846.9400016890712 27777670.0
847.2716313786436 29853382.0
847.603500130667 32785168.0
847.9356079451411 36330330.0
848.2679548220663 40880736.0
848.6005407614422 45172060.0
848.9333657632692 50877736.0
849.2664298275467 54614144.0
849.5997329542755 57331190.0
849.933275143455 59965140.0
850.2670563950855 62156930.0
850.6010767091668 64311570.0
850.935336085699 63575990.0
851.2698345246821 61838724.0
851.6045720261161 60450144.0
851.939548590001 59735064.0
852.2747642163367 56094340.0
852.6102189051235 51862280.0
852.9459126563609 47970860.0
853.2818454700493 44984264.0
853.6180173461887 40055790.0
853.9544282847789 34965964.0
854.29107828582 32334224.0
854.627967349312 31180162.0
854.9650954752549 31328282.0
855.3024626636488 31244222.0
855.6400689144934 32048044.0
855.9779142277889 33483560.0
856.3159986035355 35519904.0
856.6543220417327 37544730.0
856.992884542381 40869060.0
857.33168610548 41320456.0
857.6707267310301 43912130.0
858.010006419031 46313310.0
858.3495251694828 48712610.0
858.6892829823855 52202300.0
859.0292798577391 55517300.0
859.3695157955435 59956740.0
859.709990795799 64793876.0
860.0507048585051 68422360.0
860.3916579836623 71772820.0
860.7328501712702 76963290.0
861.0742814213293 78596904.0
861.415951733839 79920216.0
861.7578611087997 82997090.0
862.1000095462114 83809224.0
862.4423970460737 85318290.0
862.7850236083872 84050630.0
863.1278892331513 80689250.0
863.4709939203666 73661310.0
863.8143376700325 64055024.0
864.1579204821496 54706980.0
864.5017423567174 46720070.0
864.845803293736 39653520.0
865.1901032932057 32200038.0
865.5346423551262 28127056.0
865.8794204794975 25065970.0
866.2244376663198 24614318.0
866.569693915593 25721600.0
866.9151892273169 27405616.0
867.2609236014919 30430524.0
867.6068970381177 32908058.0
867.9531095371945 35783630.0
868.299561098722 39634664.0
868.6462517227006 42390440.0
868.9931814091299 45567084.0
869.3403501580103 51103090.0
869.6877579693414 58830030.0
870.0354048431236 66737756.0
870.3832907793565 70146370.0
870.7314157780402 70900550.0
871.079779839175 72740760.0
871.4283829627606 74543500.0
871.7772251487971 77195510.0
872.1263063972845 82505940.0
872.4756267082229 88419870.0
872.825186081612 90756850.0
873.1749845174521 88113280.0
873.525022015743 83141220.0
873.875298576485 74767320.0
874.2258141996776 63732956.0
874.5765688853213 53679836.0
874.9275626334158 48523656.0
875.2787954439613 45915624.0
875.6302673169575 45060816.0
875.9819782524048 46687176.0
876.3339282503027 47856296.0
876.6861173106518 46899004.0
877.0385454334516 46794500.0
877.3912126187024 44566510.0
877.744118866404 41104760.0
878.0972641765566 38078056.0
878.45064854916 34382404.0
878.8042719842143 31836600.0
879.1581344817196 28611844.0
879.5122360416756 24059090.0
879.8665766640827 19678928.0
880.2211563489404 17814734.0
880.5759750962493 16561251.0
880.9310329060089 16271291.0
881.2863297782194 16298262.0
881.6418657128809 17250272.0
881.9976407099932 17525816.0
882.3536547695564 18550780.0
882.7099078915705 18692478.0
883.0664000760355 19569532.0
883.4231313229513 19837954.0
883.7801016323183 20132764.0
884.1373110041359 20026232.0
884.4947594384045 19479608.0
884.8524469351239 19294572.0
885.2103734942943 18345928.0
885.5685391159154 18187016.0
885.9269437999875 18486312.0
886.2855875465107 18062362.0
886.6444703554844 16978976.0
887.0035922269093 17201522.0
887.3629531607849 18206592.0
887.7225531571116 18226912.0
888.082392215889 19429132.0
888.4424703371174 20016908.0
888.8027875207965 21413020.0
889.1633437669268 22137700.0
889.5241390755077 23495776.0
889.8851734465397 24995752.0
890.2464468800224 25437900.0
890.6079593759562 26485028.0
890.9697109343408 29851064.0
891.3317015551763 33516388.0
891.6939312384626 36213590.0
892.0563999841997 39629624.0
892.419107792388 43703590.0
892.7820546630269 46582916.0
893.145240596117 48616330.0
893.5086655916577 52802330.0
893.8723296496495 56585400.0
894.2362327700921 58448650.0
894.6003749529856 61855280.0
894.96475619833 63442110.0
895.3293765061252 66075464.0
895.6942358763713 70885030.0
896.0593343090684 74190860.0
896.4246718042164 77970500.0
896.7902483618151 78603010.0
897.1560639818649 78885380.0
897.5221186643654 75234220.0
897.888412409317 69358550.0
898.2549452167193 58552720.0
898.6217170865726 45481990.0
898.9887280188768 34522564.0
899.3559780136319 27502524.0
899.7234670708378 22253320.0
900.0911951904947 18957004.0
900.4591623726023 16098754.0
900.827368617161 14769466.0
901.1958139241705 13062336.0
901.5644982936308 13052161.0
901.9334217255422 12251132.0
902.3025842199042 11538739.0
902.6719857767174 12370371.0
903.0416263959813 12596680.0
903.4115060776962 13227680.0
903.7816248218619 13271216.0
904.1519826284787 13183170.0
904.5225794975461 13749254.0
904.8934154290646 13285532.0
905.2644904230337 13972612.0
905.635804479454 14109656.0
906.0073575983251 13614460.0
906.3791497796472 13131774.0
906.7511810234199 12688138.0
907.1234513296438 12022542.0
907.4959606983184 11352615.0
907.8687091294438 10747455.0
908.2416966230203 10951636.0
908.6149231790475 10943525.0
908.9883887975259 10153719.0
909.3620934784549 10257424.0
909.736037221835 10509642.0
910.1102200276657 10391367.0
910.4846418959476 10684301.0
910.8593028266802 11193238.0
911.2342028198638 10697568.0
911.6093418754981 9669500.0
911.9847199935836 9290174.0
912.3603371741196 10039966.0
912.7361934171067 11049248.0
913.1122887225448 10983539.0
913.4886230904336 11038198.0
913.8651965207735 11782701.0
914.242009013564 13113578.0
914.6190605688057 13167132.0
914.996351186498 13390519.0
915.3738808666415 14655611.0
915.7516496092356 15164990.0
916.1296574142808 15602865.0
916.5079042817767 15780666.0
916.8863902117237 16444860.0
917.2651152041215 16847620.0
917.6440792589702 17313178.0
918.0232823762697 17176842.0
918.4027245560201 16216909.0
918.7824057982216 15696465.0
919.1623261028737 15319439.0
919.542485469977 15090882.0
919.9228838995309 14249316.0
920.3035213915359 14864324.0
920.6843979459916 14930734.0
921.0655135628983 15522768.0
921.446868242256 15943076.0
921.8284619840645 16469775.0
922.2102947883237 16870256.0
922.5923666550341 16727096.0
922.9746775841952 17767772.0
923.3572275758072 18531148.0
923.7400166298701 18588156.0
924.1230447463838 19826754.0
924.5063119253487 20985840.0
924.8898181667641 22695628.0
925.2735634706307 22338212.0
925.657547836948 22434488.0
926.0417712657163 21403878.0
926.4262337569354 19113188.0
926.8109353106056 18162818.0
927.1958759267263 17946218.0
927.5810556052983 17756148.0
927.966474346321 17116868.0
928.3521321497947 15267884.0
928.7380290157191 15855694.0
929.1241649440944 16074668.0
929.5105399349206 16068538.0
929.8971539881978 15491406.0
930.2840071039259 15076929.0
930.6710992821048 14172346.0
931.0584305227347 12762475.0
931.4460008258154 11857304.0
931.8338101913471 11640122.0
932.2218586193296 11783856.0
932.610146109763 10515178.0
932.9986726626472 8048622.5
933.3874382779825 5905987.5
933.7764429557685 4380624.5
934.1656866960054 3647621.0
934.5551694986933 3482179.0
934.9448913638321 3122939.8
935.3348522914216 3535845.5
935.7250522814621 3721105.5
936.1154913339535 3485207.0
936.5061694488959 3345230.0
936.8970866262891 3320547.8
937.288242866133 3477073.8
937.6796381684281 3664545.2
938.0712725331739 3724789.5
938.4631459603708 4343144.0
938.8552584500184 4792964.5
939.247610002117 4705891.5
939.6402006166663 4403914.0
940.0330302936667 4411476.0
940.4260990331178 4774471.5
940.8194068350199 4810065.5
941.212953699373 5143723.0
941.6067396261767 4929370.5
942.0007646154315 4343517.0
942.3950286671371 4665250.5
942.7895317812938 4989157.0
943.184273957901 5160907.0
943.5792551969595 4814003.5
943.9744754984687 4640814.5
944.3699348624289 4857326.0
944.7656332888398 4807003.0
945.1615707777016 4388366.0
945.5577473290144 4629948.0
945.9541629427781 4489028.0
946.3508176189927 3994538.8
946.7477113576581 3760654.5
947.1448441587745 4287478.0
947.5422160223416 4061026.0
947.9398269483597 4451580.5
948.3376769368288 5069652.5
948.7357659877487 5319285.0
949.1340941011194 5881455.5
949.5326612769411 6222997.0
949.9314675152136 6288150.5
950.3305128159373 6763987.0
950.7297971791115 6832279.5
951.1293206047367 6863125.0
951.5290830928128 6671156.0
951.9290846433399 6073789.0
952.3293252563178 5733977.0
952.7298049317465 5824867.5
953.1305236696262 6058018.0
953.5314814699568 6415909.0
953.9326783327383 6937672.5
954.3341142579707 6543942.5
954.7357892456539 6149820.5
955.137703295788 6119950.5
955.5398564083731 6764833.0
955.942248583409 6622595.0
956.3448798208958 5773660.0
956.7477501208334 5496464.5
957.1508594832221 4883916.0
957.5542079080615 4402886.0
957.9577953953519 4103266.2
958.3616219450932 3831525.5
958.7656875572852 4211632.5
959.1699922319283 4970963.5
959.5745359690222 5235524.0
959.979318768567 5169442.0
960.3843406305627 5163114.0
960.7896015550094 5265066.0
961.1951015419069 5615600.0
961.6008405912553 5525735.5
962.0068187030545 5484592.0
962.4130358773048 5958318.0
962.8194921140057 6248182.0
963.2261874131577 6672004.5
963.6331217747605 6900761.0
964.0402951988142 6793152.0
964.4477076853188 7161317.0
964.8553592342744 7480089.0
965.2632498456808 7489499.0
965.671379519538 7618227.5
966.0797482558462 7624167.5
966.4883560546052 6949249.0
966.8972029158153 5768717.5
967.3062888394761 5162557.5
967.7156138255879 5306112.0
968.1251778741505 4520261.0
968.534980985164 4646919.0
968.9450231586284 4630243.0
969.3553043945437 3957797.0
969.7658246929099 3294237.0
970.1765840537269 3371252.8
970.5875824769948 3529133.5
970.9988199627137 3366771.5
971.4102965108834 3443222.8
971.822012121504 3719350.5
972.2339667945757 3997942.8
972.6461605300981 4415548.0
973.0585933280714 4761024.0
973.4712651884955 5681337.5
973.8841761113707 5954993.0
974.2973260966967 5811864.0
974.7107151444736 5979699.5
975.1243432547012 6689117.5
975.5382104273799 6574104.0
975.9523166625095 6403204.5
976.3666619600898 6954621.0
976.7812463201212 7654850.5
977.1960697426034 8082964.5
977.6111322275365 8540115.0
978.0264337749204 8796497.0
978.4419743847554 9313541.0
978.8577540570411 8752008.0
979.2737727917779 8773966.0
979.6900305889653 8202744.0
980.1065274486039 7902380.5
980.523263370693 7579267.0
980.9402383552333 6552804.5
981.3574524022245 6639909.0
981.7749055116664 6966607.5
982.1925976835594 7661078.0
982.6105289179031 8153010.5
983.0286992146978 8947511.0
983.4471085739433 9861342.0
983.8657569956398 9941009.0
984.2846444797872 10794245.0
984.7037710263854 11025046.0
985.1231366354345 11671541.0
985.5427413069345 11884014.0
985.9625850408854 12475984.0
986.3826678372873 13331145.0
986.8029896961399 13138351.0
987.2235506174435 12413584.0
987.6443506011979 12003524.0
988.0653896474032 11400708.0
988.4866677560595 10811176.0
988.9081849271665 10969058.0
989.3299411607247 10202836.0
989.7519364567336 9618602.0
990.1741708151934 9298793.0
990.5966442361041 8832319.0
991.0193567194657 8155941.0
991.4423082652781 7838682.5
991.8654988735416 7809450.0
992.2889285442558 7558142.0
992.712597277421 7562170.0
993.1365050730369 6768522.5
993.5606519311038 6740642.5
993.9850378516217 7268477.0
994.4096628345903 7546069.5
994.83452688001 8288128.0
995.2596299878804 9576606.0
995.6849721582018 9862374.0
996.110553390974 9907591.0
996.5363736861973 9776154.0
996.9624330438713 10339475.0
997.3887314639962 10022270.0
997.8152689465721 9181026.0
998.2420454915989 9368482.0
998.6690610990764 9956383.0
999.0963157690048 10299707.0
999.5238095013843 9632299.0
999.9515422962145 8889819.0
1000.3795141534958 7791305.5
1000.8077250732279 7711461.0
1001.2361750554107 7212524.5
1001.6648641000446 5940375.0
1002.0937922071294 5002350.5
1002.522959376665 5157824.5
1002.9523656086515 5249139.0
1003.3820109030889 5432942.0
1003.8118952599773 5633290.0
1004.2420186793163 6621874.5
1004.6723811611065 6723590.5
1005.1029827053474 6557584.0
1005.5338233120393 7644912.0
1005.9649029811819 9232475.0
1006.3962217127755 10191495.0
1006.8277795068202 11707309.0
1007.2595763633155 12828414.0
1007.6916122822619 13489530.0
1008.1238872636591 14872795.0
1008.5564013075071 17455636.0
1008.9891544138061 17439568.0
1009.422146582556 18870052.0
1009.8553778137567 20385172.0
1010.2888481074084 22173960.0
1010.7225574635108 21797560.0
1011.1565058820644 22425328.0
1011.5906933630686 22054152.0
1012.0251199065237 20606364.0
1012.45978551243 19147532.0
1012.8946901807869 16192456.0
1013.3298339115948 11962389.0
1013.7652167048535 8936140.0
1014.2008385605632 7304350.0
1014.6366994787238 6159017.0
1015.0727994593352 5338922.5
1015.5091385023975 4662299.0
1015.9457166079108 5509705.5
1016.3825337758749 6863229.0
1016.8195900062899 7476245.5
1017.2568852991558 7782465.5
1017.6944196544725 8971528.0
1018.1321930722402 9705175.0
1018.5702055524587 11242248.0
1019.0084570951283 11091674.0
1019.4469477002485 11729769.0
1019.8856773678198 13744225.0
1020.3246460978419 14404608.0
1020.763853890315 16240195.0
1021.2033007452387 17855524.0
1021.6429866626136 17503618.0
1022.0829116424393 17819382.0
1022.5230756847159 18782868.0
1022.9634787894433 16847102.0
1023.4041209566217 15973495.0
1023.8450021862509 14937251.0
1024.286122478331 12719526.0
1024.727481832862 9285597.0
1025.1690802498438 6849283.0
1025.6109177292767 5116860.5
1026.0529942711605 3746906.2
1026.495309875495 3299357.0
1026.9378645422805 2522941.5
1027.380658271517 2310672.8
1027.823691063204 2142954.8
1028.2669629173424 1934086.1
1028.7104738339312 1632500.1
1029.1542238129714 1830608.9
1029.598212854462 1799993.9
1030.0424409584039 1459215.0
1030.4869081247964 1412989.5
1030.9316143536398 1439701.1
1031.376559644934 1746590.8
1031.8217439986793 1779553.9
1032.2671674148755 1606547.6
1032.7128298935227 1303072.4
1033.1587314346207 1388991.5
1033.6048720381693 1359482.0
1034.051251704169 1411811.0
1034.4978704326197 1581901.9
1034.9447282235212 1267940.2
1035.3918250768736 1449974.4
1035.8391609926769 1528320.0
1036.286735970931 1514680.0
1036.734550011636 1379547.4
1037.182603114792 1406488.8
1037.6308952803988 1342189.9
1038.0794265084567 1186063.2
1038.5281967989652 1173807.0
1038.9772061519247 1473148.8
1039.426454567335 1600932.2
1039.8759420451966 1670502.6
1040.3256685855085 1601333.5
1040.7756341882716 1702971.5
1041.2258388534856 1803492.6
1041.6762825811506 1394076.0
1042.1269653712661 1361534.4
1042.577887223833 1414234.0
1043.0290481388504 1375291.4
1043.4804481163187 1532482.5
1043.9320871562381 1799845.2
1044.3839652586082 1579186.2
1044.8360824234294 1831578.2
1045.2884386507012 1995228.5
1045.7410339404241 1922681.5
1046.193868292598 1884892.5
1046.6469417072226 1512890.2
1047.1002541842981 1834101.8
1047.5538057238246 1631733.2
1048.0075963258018 1965367.0
1048.46162599023 2012563.6
1048.915894717109 1955308.9
1049.3704025064392 1870433.0
1049.82514935822 1714779.0
1050.2801352724516 1961521.1
1050.7353602491344 1852001.9
1051.1908242882678 1905246.1
1051.6465273898525 1815331.0
1052.1024695538877 1886460.6
1052.558650780374 2087920.0
1053.015071069311 2043373.0
1053.471730420699 2117711.2
1053.928628834538 2141456.5
1054.3857663108276 1933369.4
1054.8431428495683 2247756.0
1055.30075845076 2453872.2
1055.7586131144024 2409657.2
1056.2167068404956 2284829.8
1056.67503962904 2479763.0
1057.133611480035 2297394.2
1057.592422393481 2436625.2
1058.0514723693777 2517675.5
1058.5107614077258 2213881.0
1058.9702895085243 2078994.9
1059.4300566717739 2181269.5
1059.8900628974743 2094603.1
1060.3503081856259 1020846.56
1060.8107925362278 -882660.9
1061.2715159492811 -2238938.2
1061.732478424785 -3887065.2
1062.1936799627401 -5494178.0
1062.6551205631458 -6786914.0
1063.1168002260026 -8603588.0
1063.57871895131 -10792189.0
1064.0408767390686 -12476085.0
1064.503273589278 -14183105.0
1064.965909501938 -15984700.0
1065.4287844770492 -17894830.0
1065.8918985146113 -20183136.0
1066.3552516146242 -22399736.0
1066.818843777088 -24234904.0
1067.2826750020029 -25879256.0
1067.7467452893684 -28250230.0
1068.211054639185 -30100404.0
1068.6756030514523 0.0
1069.1403905261704 0.0
1069.6054170633397 0.0
1070.0706826629596 0.0
1070.5361873250306 0.0
1071.0019310495525 0.0
1071.4679138365252 0.0
1071.9341356859486 0.0
