string
description: px_shifted, calibration parameter: [ 1.19531225e-04 -2.30194563e-02  6.18194146e+02]
converted file:R_100ms_Fe_S3_x_1_34_binned_y back: data/dark_100msRZP-structure:___RZP_S3100msRoi:[0, 1040, 2048, 2048]
eV counts/s
618.1712462133476 1847091.4
618.1485853507007 1621636.2
618.1261635505048 1734728.9
618.1039808127597 1489208.9
618.0820371374655 1463296.0
618.0603325246223 1569394.2
618.0388669742298 1824836.4
618.0176404862883 2084452.6
617.9966530607976 2130775.0
617.9759046977579 2038198.2
617.955395397169 2292140.2
617.9351251590311 2735409.5
617.9150939833439 2689810.0
617.8953018701078 2245836.2
617.8757488193226 1752092.4
617.8564348309881 1723020.2
617.8373599051046 2102352.0
617.8185240416719 1841415.2
617.7999272406903 2083123.5
617.7815695021593 2297773.5
617.7634508260794 2115426.0
617.7455712124504 2319750.2
617.7279306612722 2344317.0
617.7105291725449 2250152.2
617.6933667462686 1844901.1
617.676443382443 1984526.2
617.6597590810685 1969758.9
617.6433138421447 2008227.8
617.6271076656718 1954834.4
617.6111405516499 1991543.5
617.5954125000789 2031383.5
617.5799235109587 1838716.0
617.5646735842894 2331471.2
617.5496627200711 2173351.0
617.5348909183035 2056679.4
617.520358178987 1766010.6
617.5060645021213 2069148.0
617.4920098877064 2377713.5
617.4781943357425 2431754.8
617.4646178462295 2462520.2
617.4512804191673 2807815.5
617.4381820545561 3310566.2
617.4253227523957 3275073.8
617.4127025126862 2778952.5
617.4003213354276 2779736.5
617.3881792206199 2883019.0
617.3762761682632 2573775.8
617.3646121783572 2396169.8
617.3531872509022 2022454.0
617.342001385898 2023098.2
617.3310545833449 1702798.9
617.3203468432424 1690427.6
617.309878165591 1840943.8
617.2996485503904 1856955.0
617.2896579976408 1983130.6
617.2799065073419 1629128.6
617.270394079494 2100446.0
617.261120714097 2129377.2
617.2520864111508 2165494.2
617.2432911706557 2259234.2
617.2347349926113 2686183.0
617.2264178770179 2735705.5
617.2183398238752 2799287.5
617.2105008331837 3341474.0
617.2029009049428 3212923.0
617.195540039153 3206513.0
617.188418235814 2718544.5
617.1815354949258 2125718.2
617.1748918164886 2329022.2
617.1684872005023 2420537.0
617.1623216469668 2223219.0
617.1563951558823 1968692.2
617.1507077272486 2025322.4
617.1452593610658 2523410.2
617.140050057334 2633227.0
617.1350798160529 2669751.2
617.1303486372229 3178538.8
617.1258565208436 3136190.5
617.1216034669154 3194632.2
617.1175894754379 3825685.0
617.1138145464114 4599435.0
617.1102786798357 4599172.5
617.106981875711 3572852.8
617.1039241340371 3807366.2
617.1011054548142 3563157.0
617.0985258380421 3337264.8
617.0961852837207 3378683.8
617.0940837918505 3253919.8
617.092221362431 3128957.5
617.0905979954625 3636087.2
617.0892136909449 3876887.0
617.0880684488782 4176610.5
617.0871622692623 3978663.0
617.0864951520974 3659121.5
617.0860670973833 4705810.5
617.0858781051202 4958338.0
617.0859281753078 6109656.0
617.0862173079464 6558350.5
617.0867455030359 6871121.0
617.0875127605763 6132475.0
617.0885190805675 5486819.5
617.0897644630096 4113970.0
617.0912489079027 2561647.8
617.0929724152465 1979732.8
617.0949349850415 1281867.8
617.0971366172871 1057520.1
617.0995773119838 1540224.0
617.1022570691313 1616966.1
617.1051758887297 1134848.6
617.1083337707789 1397657.8
617.1117307152791 1209811.8
617.1153667222302 1415520.6
617.1192417916321 1853921.9
617.123355923485 1646217.5
617.1277091177888 1891127.0
617.1323013745433 1915166.4
617.1371326937488 2386979.0
617.1422030754052 2578245.2
617.1475125195125 2913261.2
617.1530610260706 3486672.8
617.1588485950797 3598646.2
617.1648752265397 4643438.0
617.1711409204505 5286904.5
617.1776456768123 5974438.0
617.1843894956249 6314460.5
617.1913723768885 6653764.0
617.1985943206029 6580805.5
617.2060553267681 5975280.0
617.2137553953843 5491599.0
617.2216945264513 5579594.5
617.2298727199694 5703429.0
617.2382899759382 5884610.0
617.246946294358 5098142.5
617.2558416752286 4266868.0
617.2649761185502 3240755.5
617.2743496243226 1713624.8
617.2839621925459 1370141.8
617.29381382322 1389508.1
617.3039045163453 1114691.5
617.3142342719211 888708.25
617.3248030899481 1171955.9
617.3356109704258 872721.56
617.3466579133545 664590.6
617.357943918734 798880.5
617.3694689865644 736046.5
617.3812331168458 605523.0
617.3932363095779 586899.06
617.4054785647611 552442.44
617.417959882395 616696.6
617.43068026248 323422.7
617.4436397050157 534154.25
617.4568382100024 842231.3
617.47027577744 763842.56
617.4839524073284 914346.5
617.4978680996677 1363518.5
617.512022854458 2315101.0
617.526416671699 2543031.5
617.5410495513911 3263743.8
617.555921493534 4518129.0
617.5710324981277 5796114.5
617.5863825651725 6458122.5
617.601971694668 7287819.5
617.6177998866144 6749995.0
617.6338671410118 5916080.5
617.6501734578601 3982074.5
617.6667188371591 2495668.0
617.6835032789093 2437684.0
617.70052678311 2728263.0
617.7177893497619 2928292.5
617.7352909788646 2947482.8
617.7530316704182 3447676.0
617.7710114244226 3582407.8
617.7892302408779 3826124.8
617.8076881197842 4203573.5
617.8263850611413 4201599.5
617.8453210649494 3837132.8
617.8644961312083 3879878.5
617.8839102599181 4180974.5
617.9035634510788 4957889.0
617.9234557046905 6569564.5
617.9435870207528 9259266.0
617.9639573992663 12437639.0
617.9845668402305 13572298.0
618.0054153436457 13644370.0
618.0265029095117 13386280.0
618.0478295378288 10811296.0
618.0693952285965 7914685.0
618.0911999818152 5711730.0
618.1132437974848 3974575.0
618.1355266756052 2982569.8
618.1580486161766 2297241.5
618.180809619199 2287938.5
618.2038096846721 1748871.2
618.2270488125961 1590116.8
618.2505270029711 1509887.6
618.2742442557969 1323846.5
618.2982005710737 1015513.6
618.3223959488013 1339814.8
618.3468303889798 1248512.4
618.3715038916091 1215711.6
618.3964164566895 1112422.4
618.4215680842207 936043.8
618.4469587742026 940304.25
618.4725885266356 1007944.7
618.4984573415195 856787.5
618.5245652188543 761379.0
618.5509121586398 982664.75
618.5774981608764 1163938.0
618.6043232255638 1333690.0
618.6313873527021 1315797.2
618.6586905422912 1230594.2
618.6862327943314 1383612.6
618.7140141088223 1549142.2
618.7420344857642 1939333.8
618.7702939251569 2500867.0
618.7987924270005 2618213.2
618.827529991295 3629401.2
618.8565066180404 5027912.5
618.8857223072368 6882621.0
618.915177058884 8048230.5
618.944870872982 8729757.0
618.974803749531 9969695.0
619.004975688531 8996970.0
619.0353866899817 7568709.0
619.0660367538834 4818052.0
619.0969258802359 3255726.0
619.1280540690393 2218460.2
619.1594213202936 2030950.5
619.1910276339989 2380134.5
619.2228730101549 2294662.0
619.2549574487618 1464713.1
619.2872809498198 1409589.0
619.3198435133286 1592951.8
619.3526451392883 1352532.8
619.3856858276988 1206251.5
619.4189655785602 1066490.8
619.4524843918725 920149.0
619.4862422676358 946981.75
619.5202392058499 1004891.56
619.5544752065149 1312098.8
619.5889502696308 1154399.9
619.6236643951976 1122860.2
619.6586175832152 1347489.4
619.6938098336839 1509548.8
619.7292411466033 1484286.9
619.7649115219735 1444765.0
619.8008209597948 1764458.5
619.8369694600669 2156333.5
619.8733570227901 2723880.0
619.9099836479638 3299354.5
619.9468493355887 4126395.2
619.9839540856643 6306562.0
620.0212978981909 6570311.0
620.0588807731684 6689159.5
620.0967027105968 6799947.5
620.134763710476 7062624.5
620.1730637728062 5060544.5
620.2116028975872 3063100.2
620.2503810848191 1981802.6
620.2893983345019 1444447.5
620.3286546466355 1236432.1
620.3681500212202 952667.4
620.4078844582556 1200381.8
620.447857957742 1437100.0
620.4880705196792 1015700.0
620.5285221440674 729443.6
620.5692128309064 813545.06
620.6101425801965 965393.06
620.6513113919372 872998.2
620.692719266129 879828.06
620.7343662027715 781972.9
620.7762522018651 682620.0
620.8183772634094 548237.25
620.8607413874046 951439.9
620.9033445738509 791419.3
620.9461868227478 794677.5
620.9892681340958 730907.8
621.0325885078946 916537.4
621.0761479441444 760834.3
621.1199464428449 860685.75
621.1639840039965 858996.8
621.2082606275989 997236.75
621.2527763136521 1127413.2
621.2975310621563 1104788.6
621.3425248731114 795441.25
621.3877577465173 797362.8
621.4332296823742 845621.25
621.478940680682 876598.8
621.5248907414405 1143638.4
621.5710798646501 1029513.7
621.6175080503104 785156.4
621.6641752984218 857474.44
621.7110816089839 729698.6
621.758226981997 638906.2
621.8056114174609 698509.25
621.8532349153759 784818.06
621.9010974757415 1121210.1
621.9491990985582 1276396.4
621.9975397838257 1124693.0
622.0461195315442 1053449.6
622.0949383417135 1118195.5
622.1439962143336 1358790.1
622.1932931494047 1289523.9
622.2428291469266 1424499.9
622.2926042068996 1294326.1
622.3426183293233 1055478.9
622.392871514198 1238107.6
622.4433637615234 1427197.2
622.4940950713 1592622.4
622.5450654435272 1588220.5
622.5962748782055 1222822.2
622.6477233753345 965540.06
622.6994109349146 821525.94
622.7513375569454 1198710.8
622.8035032414273 1071015.2
622.8559079883598 1572815.0
622.9085517977434 1437922.0
622.9614346695778 1484752.2
623.0145566038631 1531121.1
623.0679176005993 1920587.5
623.1215176597865 1776821.4
623.1753567814245 1860651.9
623.2294349655133 1726043.6
623.2837522120532 1749603.8
623.3383085210438 1709033.9
623.3931038924854 1454722.5
623.4481383263778 1557454.2
623.5034118227212 2017504.0
623.5589243815153 2398355.5
623.6146760027606 3275288.5
623.6706666864566 4116088.8
623.7268964326033 5006907.0
623.7833652412012 5818854.5
623.8400731122499 6704127.5
623.8970200457495 6476257.0
623.9542060416999 5574099.0
624.0116311001013 4271523.0
624.0692952209534 3171051.0
624.1271984042567 3049907.2
624.1853406500106 2387369.0
624.2437219582156 1916789.9
624.3023423288714 1581824.8
624.3612017619781 1474292.0
624.4203002575357 1459262.6
624.4796378155443 1452107.2
624.5392144360035 1251952.1
624.5990301189137 1277218.0
624.659084864275 1579685.1
624.7193786720869 1628283.9
624.7799115423499 1214028.9
624.8406834750637 1062670.2
624.9016944702284 983102.4
624.962944527844 1126251.8
625.0244336479105 997461.4
625.0861618304278 977012.25
625.1481290753961 675271.1
625.2103353828153 1135145.9
625.2727807526853 1279869.8
625.3354651850062 1045453.75
625.398388679778 1293182.0
625.4615512370008 1601281.4
625.5249528566744 1783199.0
625.5885935387989 1856282.2
625.6524732833743 2034406.5
625.7165920904006 1917743.5
625.7809499598777 2467643.8
625.8455468918058 3261307.0
625.9103828861847 3748199.5
625.9754579430146 4034271.2
626.0407720622953 3960223.5
626.106325244027 3612414.5
626.1721174882094 3950158.0
626.2381487948429 3330901.2
626.3044191639272 2425385.5
626.3709285954623 1776122.2
626.4376770894484 1314720.2
626.5046646458853 1586657.0
626.5718912647732 1546557.8
626.6393569461119 1175055.5
626.7070616899016 1261638.0
626.7750054961421 1647194.5
626.8431883648335 1514412.2
626.9116102959758 1221123.0
626.980271289569 1410037.6
627.0491713456131 1390081.8
627.1183104641082 1632498.8
627.1876886450539 1319454.8
627.2573058884507 1075466.0
627.3271621942984 814545.1
627.3972575625968 1254269.8
627.4675919933463 1340144.9
627.5381654865465 1609700.0
627.6089780421978 1710238.9
627.6800296602999 2252355.2
627.7513203408529 2427408.5
627.8228500838567 2405159.5
627.8946188893116 2407372.8
627.9666267572171 2807724.8
628.0388736875738 2874916.2
628.1113596803812 2709143.0
628.1840847356395 2583923.0
628.2570488533487 2085098.0
628.3302520335087 1551071.8
628.4036942761198 1588182.8
628.4773755811816 1397399.0
628.5512959486945 1455299.9
628.6254553786581 1939546.9
628.6998538710727 2255568.2
628.7744914259381 2096702.2
628.8493680432545 2132275.2
628.9244837230217 2447906.2
628.9998384652398 2324695.0
629.0754322699088 2440820.0
629.1512651370288 2290743.0
629.2273370665995 2052087.2
629.3036480586212 2765343.8
629.3801981130938 3117414.5
629.4569872300171 3248684.5
629.5340154093916 3012381.2
629.6112826512167 3100242.5
629.6887889554929 3202016.5
629.7665343222199 2561548.0
629.8445187513979 1748559.0
629.9227422430266 1724753.2
630.0012047971064 1607173.1
630.0799064136369 1254646.8
630.1588470926184 1069647.8
630.2380268340507 1116868.1
630.317445637934 1305162.4
630.3971035042681 1784739.0
630.4770004330533 1763133.8
630.5571364242891 1892787.2
630.6375114779759 1393910.8
630.7181255941136 1547921.8
630.7989787727022 1831990.0
630.8800710137417 1684508.5
630.961402317232 1461296.4
631.0429726831734 1502263.2
631.1247821115654 1761966.1
631.2068306024086 1834457.4
631.2891181557025 1911979.4
631.3716447714473 1766385.6
631.454410449643 1528635.6
631.5374151902896 1206352.4
631.6206589933871 1076244.5
631.7041418589355 1188219.2
631.7878637869347 1051595.6
631.8718247773849 1086996.2
631.956024830286 1193391.5
632.0404639456378 1457998.2
632.1251421234408 1796076.0
632.2100593636944 1795588.2
632.2952156663991 2258309.8
632.3806110315546 2730850.2
632.4662454591611 2317171.5
632.5521189492183 2163658.2
632.6382315017265 1801706.9
632.7245831166855 1614031.0
632.8111737940956 1421686.1
632.8980035339563 1398904.8
632.985072336268 1541733.0
633.0723802010307 1797692.6
633.1599271282441 1856902.2
633.2477131179087 1985516.2
633.3357381700239 1888390.8
633.4240022845902 2129908.5
633.5125054616071 1990688.5
633.6012477010752 2434265.8
633.690229002994 2612231.8
633.7794493673638 2092361.2
633.8689087941844 2258724.5
633.958607283456 2473989.5
634.0485448351784 2801705.0
634.1387214493517 2261849.8
634.2291371259759 1595786.1
634.3197918650509 1573719.9
634.4106856665769 1494711.0
634.5018185305538 1193834.9
634.5931904569816 1346465.6
634.6848014458602 1358458.5
634.7766514971898 1374814.2
634.8687406109701 1409760.2
634.9610687872016 1590594.5
635.0536360258837 1250921.4
635.1464423270169 1234229.4
635.2394876906009 991221.94
635.3327721166357 927812.1
635.4262956051215 787744.44
635.5200581560582 443480.94
635.6140597694457 710154.9
635.7083004452841 935920.6
635.8027801835735 1153019.2
635.8974989843136 896773.5
635.9924568475049 774135.1
636.0876537731468 820110.06
636.1830897612398 1203662.6
636.2787648117835 1261198.5
636.3746789247782 1234251.9
636.4708321002237 1416582.8
636.5672243381202 1401496.5
636.6638556384676 1573265.6
636.7607260012659 1787627.4
636.857835426515 1607565.8
636.9551839142149 1634800.2
637.0527714643658 1219762.6
637.1505980769675 1791905.8
637.2486637520203 2268426.8
637.3469684895239 1782922.2
637.4455122894784 1859274.5
637.5442951518837 2086017.4
637.64331707674 1809148.5
637.742578064047 1428972.4
637.8420781138052 1503762.6
637.941817226014 1566972.6
638.0417954006739 1430119.9
638.1420126377845 1378025.1
638.2424689373462 1169995.9
638.3431642993586 1199156.6
638.444098723822 1183244.8
638.5452722107362 1211532.8
638.6466847601014 1108050.2
638.7483363719175 1006384.9
638.8502270461844 841703.5
638.9523567829023 995879.1
639.0547255820709 1245189.5
639.1573334436905 1023625.0
639.260180367761 943239.4
639.3632663542825 1161163.2
639.4665914032546 1111320.5
639.5701555146778 1024051.4
639.6739586885519 1305824.8
639.7780009248769 1508580.2
639.8822822236526 1752311.1
639.9868025848793 1881948.6
640.091562008557 2247678.0
640.1965604946854 2279918.2
640.3017980432649 2171026.5
640.4072746542952 2409340.0
640.5129903277764 2480648.8
640.6189450637083 2544624.2
640.7251388620914 2987049.0
640.8315717229252 3018363.0
640.93824364621 2023891.1
641.0451546319456 1306073.4
641.1523046801321 1085179.9
641.2596937907695 1171624.9
641.3673219638578 1340144.4
641.4751891993969 1583498.9
641.583295497387 1487679.5
641.691640857828 1416539.2
641.8002252807198 721777.4
641.9090487660626 1172794.2
642.0181113138563 1235214.9
642.1274129241008 1384101.1
642.2369535967962 1465339.4
642.3467333319426 1433526.4
642.4567521295397 1404975.2
642.5670099895879 1440814.8
642.6775069120868 1514400.6
642.7882428970366 1499031.2
642.8992179444374 1813264.8
643.010432054289 1828374.8
643.1218852265915 1748390.6
643.2335774613449 1372199.2
643.3455087585494 1358748.8
643.4576791182045 1260698.4
643.5700885403106 1219781.8
643.6827370248676 1196346.9
643.7956245718756 1486075.8
643.9087511813342 1551151.0
644.0221168532439 1592348.5
644.1357215876045 1552555.8
644.249565384416 1639843.0
644.3636482436782 1485374.5
644.4779701653915 1124970.1
644.5925311495556 1269930.8
644.7073311961706 1340181.1
644.8223703052365 1274643.4
644.9376484767532 1314540.6
645.0531657107209 1484216.1
645.1689220071395 1555410.5
645.2849173660089 1559416.4
645.4011517873292 1621141.9
645.5176252711005 1923574.9
645.6343378173226 1890088.1
645.7512894259957 1649093.6
645.8684800971196 1904561.2
645.9859098306944 1253776.8
646.10357862672 1025950.75
646.2214864851966 1138909.4
646.3396334061241 1320844.0
646.4580193895024 1149961.9
646.5766444353317 1018639.5
646.6955085436118 1042735.5
646.8146117143428 1032288.06
646.9339539475247 1226306.6
647.0535352431576 1583756.4
647.1733556012413 1426214.5
647.2934150217759 1232120.1
647.4137135047613 1237975.8
647.5342510501977 1459493.2
647.6550276580849 1708911.0
647.7760433284232 1376569.0
647.8972980612122 839088.2
648.018791856452 826948.25
648.1405247141429 716804.75
648.2624966342845 1038826.75
648.3847076168772 1265164.0
648.5071576619206 1183176.0
648.629846769415 1075371.6
648.7527749393603 987057.75
648.8759421717565 796511.25
648.9993484666035 1093797.2
649.1229938239015 1256805.2
649.2468782436503 1292019.5
649.3710017258501 1296267.4
649.4953642705007 1117768.0
649.6199658776021 849062.0
649.7448065471544 890805.94
649.8698862791578 963279.75
649.9952050736119 1498400.1
650.120762930517 1556906.2
650.2465598498729 1441602.8
650.3725958316797 1074596.5
650.4988708759375 1150689.1
650.6253849826461 1200543.4
650.7521381518056 1545797.2
650.879130383416 1448156.2
651.0063616774773 1464621.1
651.1338320339895 1179471.4
651.2615414529527 1154273.6
651.3894899343666 1389524.9
651.5176774782313 1395347.6
651.6461040845472 1208412.1
651.7747697533138 914648.6
651.9036744845314 826198.9
652.0328182781997 1243627.9
652.162201134319 1154421.2
652.2918230528892 1000216.8
652.4216840339103 1473176.9
652.5517840773823 1345633.5
652.6821231833052 1275019.9
652.8127013516789 1255260.0
652.9435185825037 1329946.9
653.074574875779 1558448.5
653.2058702315056 1387421.2
653.3374046496829 1123219.8
653.469178130311 1003155.0
653.6011906733902 1182685.5
653.73344227892 1125560.8
653.865932946901 964535.6
653.9986626773327 1210554.9
654.1316314702154 1309637.0
654.2648393255489 1354477.2
654.3982862433335 1060387.0
654.5319722235687 942088.1
654.665897266255 1068067.2
654.8000613713921 1325344.5
654.9344645389801 1188159.8
655.069106769019 1050308.4
655.2039880615088 1052176.8
655.3391084164494 1084082.8
655.4744678338409 922480.1
655.6100663136834 1144535.8
655.7459038559767 1147895.5
655.881980460721 1001159.0
656.0182961279161 1126083.5
656.1548508575621 1260159.9
656.291644649659 1506052.6
656.4286775042068 1596293.1
656.5659494212055 1256200.1
656.7034604006551 1269938.9
656.8412104425555 1450235.1
656.9791995469069 1511886.0
657.117427713709 1447780.6
657.2558949429622 1504394.8
657.3946012346663 1494300.2
657.5335465888211 1339426.1
657.672731005427 1224621.2
657.8121544844836 1605347.4
657.9518170259913 1272199.5
658.0917186299497 998794.25
658.2318592963591 810951.4
658.3722390252193 762027.6
658.5128578165305 1116609.5
658.6537156702925 1371921.1
658.7948125865055 1619410.5
658.9361485651692 1461274.5
659.077723606284 1257734.1
659.2195377098495 1209047.8
659.361590875866 1030903.25
659.5038831043335 1259145.8
659.6464143952517 1509934.8
659.7891847486209 1122581.5
659.9321941644408 1090862.8
660.0754426427119 1115262.9
660.2189301834336 1133996.9
660.3626567866064 1295976.1
660.50662245223 1410523.6
660.6508271803045 1023281.94
660.7952709708298 1249062.2
660.9399538238061 1154903.2
661.0848757392333 1341831.1
661.2300367171114 1026269.9
661.3754367574403 1051055.9
661.5210758602201 1088403.9
661.6669540254509 1095041.9
661.8130712531324 1018504.7
661.9594275432651 1066120.2
662.1060228958484 1180265.1
662.2528573108827 1166567.4
662.3999307883678 1315373.6
662.5472433283039 1068716.8
662.6947949306908 818165.9
662.8425855955288 906574.4
662.9906153228175 1106538.6
663.1388841125572 1109263.0
663.2873919647476 1001759.94
663.436138879389 902607.9
663.5851248564813 931847.75
663.7343498960245 901547.9
663.8838139980186 926850.94
664.0335171624636 1261341.0
664.1834593893594 1280672.6
664.3336406787062 1131870.0
664.4840610305039 1048249.9
664.6347204447524 1018940.75
664.7856189214518 872988.5
664.936756460602 1178573.6
665.0881330622034 1611757.2
665.2397487262554 1554773.2
665.3916034527584 1195494.9
665.5436972417123 1054270.0
665.6960300931171 1019279.7
665.8486020069727 1040985.0
666.0014129832791 1042618.5
666.1544630220367 1131198.8
666.3077521232449 1215340.8
666.4612802869042 883973.4
666.6150475130142 1092503.4
666.7690538015753 775741.2
666.9232991525871 642354.25
667.07778356605 959550.0
667.2325070419636 1235670.1
667.3874695803282 1344166.9
667.5426711811436 1277346.6
667.69811184441 1396018.6
667.8537915701272 1193806.0
668.0097103582953 1067094.9
668.1658682089143 1364086.9
668.3222651219842 1717567.8
668.4789010975051 1782655.1
668.6357761354766 1573298.9
668.7928902358992 2086519.5
668.9502433987727 1927946.2
669.1078356240971 1298000.2
669.2656669118722 1122483.9
669.4237372620985 1362303.5
669.5820466747754 1349023.1
669.7405951499034 1126272.2
669.8993826874821 1132942.1
670.0584092875117 1258752.2
670.2176749499924 926285.3
670.3771796749238 1206814.8
670.5369234623063 1109218.5
670.6969063121394 1288221.0
670.8571282244236 1378126.0
671.0175891991586 1178149.4
671.1782892363447 862905.75
671.3392283359814 1186518.5
671.5004064980691 835879.06
671.6618237226077 1335963.0
671.8234800095972 1237643.2
671.9853753590376 1215749.9
672.1475097709289 1265976.5
672.309883245271 1311286.8
672.472495782064 1273560.2
672.635347381308 1248448.8
672.7984380430028 967375.5
672.9617677671484 1134581.4
673.125336553745 1222223.4
673.2891444027925 1120543.0
673.453191314291 1165969.5
673.6174772882403 1096259.4
673.7820023246404 1142161.1
673.9467664234915 1330094.4
674.1117695847934 1097757.6
674.2770118085463 930166.8
674.4424930947499 1023476.5
674.6082134434046 917188.44
674.7741728545101 1180665.5
674.9403713280664 1243905.8
675.1068088640737 1436934.8
675.2734854625319 1453937.6
675.440401123441 1572703.9
675.6075558468009 1410662.4
675.7749496326118 1294679.2
675.9425824808735 1576314.4
676.1104543915861 1716446.2
676.2785653647496 1798927.4
676.4469154003641 1562447.4
676.6155044984293 1232762.5
676.7843326589456 1123966.1
676.9533998819127 1067483.4
677.1227061673306 1166325.1
677.2922515151995 1260872.1
677.4620359255191 1091355.6
677.6320593982898 1094007.2
677.8023219335114 1385300.0
677.9728235311838 1526882.4
678.1435641913071 1442992.0
678.3145439138814 1465744.9
678.4857626989063 1730174.5
678.6572205463824 1236966.9
678.8289174563092 1081791.5
679.000853428687 990295.4
679.1730284635156 1184086.6
679.3454425607953 1222091.4
679.5180957205256 1221747.6
679.690987942707 992223.5
679.8641192273392 1303529.8
680.0374895744222 1221402.5
680.2110989839563 1348289.4
680.3849474559411 1570715.0
680.559034990377 1349150.2
680.7333615872635 1477989.0
680.9079272466012 1492433.9
681.0827319683896 1292196.4
681.257775752629 1301156.4
681.4330585993191 1127933.2
681.6085805084602 1269680.4
681.7843414800523 1375631.1
681.9603415140951 1528975.0
682.1365806105889 1468095.0
682.3130587695335 1283054.5
682.4897759909292 1208389.5
682.6667322747755 997156.75
682.8439276210729 1219393.0
683.0213620298211 1179386.8
683.1990355010204 1309220.4
683.3769480346702 1399558.6
683.5550996307712 1348330.6
683.7334902893231 1279427.5
683.9121200103258 989606.6
684.0909887937793 1191969.5
684.2700966396839 1395924.0
684.4494435480391 1208498.0
684.6290295188454 1261479.2
684.8088545521025 1314196.2
684.9889186478105 1432246.2
685.1692218059694 1131636.5
685.3497640265792 1098233.2
685.5305453096399 1327898.6
685.7115656551515 1026110.56
685.8928250631141 1205805.4
686.0743235335274 1230608.2
686.2560610663917 1185257.8
686.4380376617067 1205351.8
686.6202533194729 1453189.5
686.8027080396897 1415038.9
686.9854018223576 1537311.9
687.1683346674763 1393376.4
687.351506575046 1281623.0
687.5349175450664 1288654.2
687.7185675775377 1136232.9
687.9024566724601 1010055.9
688.0865848298331 983034.25
688.2709520496572 1304504.5
688.4555583319321 951330.75
688.640403676658 1110952.2
688.8254880838347 1162857.9
689.0108115534624 1301411.0
689.1963740855408 1428998.1
689.3821756800703 1278367.2
689.5682163370506 1509156.5
689.7544960564818 1543957.6
689.9410148383638 1283166.1
690.1277726826967 1322891.4
690.3147695894805 1487904.4
690.5020055587153 1381049.2
690.689480590401 1443300.6
690.8771946845374 1529031.5
691.0651478411248 1484983.5
691.253340060163 1299449.9
691.4417713416524 1455147.0
691.6304416855924 1516718.5
691.8193510919834 1263238.0
692.0084995608252 1089574.8
692.197887092118 1135864.6
692.3875136858616 1207143.2
692.5773793420561 1466125.1
692.7674840607016 1776569.9
692.9578278417978 1944233.2
693.1484106853451 1797715.1
693.339232591343 1528122.8
693.5302935597921 1769466.0
693.7215935906919 1827421.9
693.9131326840427 1739304.5
694.1049108398444 1720835.0
694.2969280580969 1782731.5
694.4891843388003 1973341.2
694.6816796819547 1810862.0
694.8744140875599 1755227.2
695.067387555616 1949625.2
695.260600086123 1858535.0
695.4540516790809 1746451.0
695.6477423344896 1777213.5
695.8416720523492 1885095.8
696.0358408326598 1859429.5
696.2302486754212 1803043.5
696.4248955806336 1762067.2
696.6197815482967 1773388.6
696.814906578411 1704521.0
697.0102706709758 2287163.8
697.2058738259918 2701472.5
697.4017160434586 2595741.0
697.5977973233763 2604658.8
697.7941176657448 2052749.9
697.9906770705643 2112968.5
698.1874755378346 2134542.8
698.3845130675558 2002467.2
698.581789659728 2133407.0
698.779305314351 2048536.9
698.9770600314249 2063301.2
699.1750538109496 1702268.2
699.3732866529253 1982298.2
699.5717585573519 2254054.5
699.7704695242294 2016293.8
699.9694195535577 2136818.5
700.168608645337 2096271.1
700.3680367995671 2249892.0
700.5677040162482 2649351.0
700.7676102953801 2915000.2
700.9677556369629 2696136.5
701.1681400409966 2854062.2
701.368763507481 2923355.2
701.5696260364166 2894236.5
701.7707276278029 3042286.0
701.9720682816403 2706144.5
702.1736479979284 2539876.5
702.3754667766674 2614796.0
702.5775246178573 2497729.8
702.7798215214982 2255781.2
702.9823574875899 2140190.5
703.1851325161325 2461752.0
703.3881466071259 2413112.8
703.5913997605704 2623921.5
703.7948919764656 2774918.5
703.9986232548118 2559971.5
704.2025935956088 2583025.2
704.4068029988567 2851902.2
704.6112514645556 3326379.8
704.8159389927052 3354554.8
705.020865583306 3099223.0
705.2260312363574 2896472.2
705.4314359518598 2683053.0
705.6370797298131 2549966.0
705.8429625702173 2703171.5
706.0490844730723 2750937.0
706.2554454383783 2908258.8
706.4620454661351 2961802.0
706.6688845563428 2919258.5
706.8759627090014 3245087.0
707.0832799241109 3527656.5
707.2908362016714 3306009.8
707.4986315416826 3051890.5
707.7066659441448 3006164.8
707.9149394090579 3219385.5
708.1234519364218 3249745.5
708.3322035262366 3382901.0
708.5411941785025 3747699.0
708.750423893219 4019495.0
708.9598926703866 3675516.2
709.169600510005 3671211.0
709.3795474120743 4048558.5
709.5897333765945 4244706.0
709.8001584035657 4124227.2
710.0108224929876 4133614.0
710.2217256448604 3734934.0
710.4328678591842 3819547.8
710.6442491359588 4022793.8
710.8558694751844 4420690.0
711.0677288768608 4420096.0
711.2798273409882 4992905.0
711.4921648675663 5276470.0
711.7047414565955 5847192.0
711.9175571080754 7092875.0
712.1306118220064 8928728.0
712.343905598388 9911252.0
712.5574384372208 10512098.0
712.7712103385043 10644491.0
712.9852213022388 10563831.0
713.199471328424 9948374.0
713.4139604170601 10095494.0
713.6286885681474 9838669.0
713.8436557816852 8904851.0
714.0588620576742 7690335.0
714.274307396114 7497110.5
714.4899917970047 8118197.5
714.7059152603462 8560446.0
714.9220777861387 8815718.0
715.138479374382 8259515.5
715.3551200250763 8592844.0
715.5719997382214 9665658.0
715.7891185138174 10473396.0
716.0064763518642 11271992.0
716.224073252362 11770099.0
716.4419092153107 11228489.0
716.6599842407103 10718188.0
716.8782983285607 10842260.0
717.096851478862 11017518.0
717.3156436916144 9675184.0
717.5346749668174 8877819.0
717.7539453044715 8744021.0
717.9734547045764 7632843.0
718.1932031671322 6862130.0
718.4131906921389 5982183.0
718.6334172795965 5651269.0
718.853882929505 5744026.0
719.0745876418644 5301906.0
719.2955314166745 4816032.0
719.5167142539357 3803480.5
719.7381361536477 3202442.8
719.9597971158106 2978719.5
720.1816971404245 3206902.5
720.4038362274891 3926163.5
720.6262143770048 3856920.0
720.8488315889713 3836097.8
721.0716878633887 4086368.0
721.2947832002569 4908113.0
721.518117599576 5591441.0
721.741691061346 6475413.0
721.965503585567 7624475.0
722.1895551722389 9056078.0
722.4138458213616 9680889.0
722.6383755329352 10453965.0
722.8631443069596 11883728.0
723.0881521434351 12972680.0
723.3133990423613 13989214.0
723.5388850037385 14678904.0
723.7646100275665 14273706.0
723.9905741138455 13309810.0
724.2167772625753 12576725.0
724.4432194737561 11836746.0
724.6699007473876 11519909.0
724.8968210834703 11292315.0
725.1239804820036 11885668.0
725.3513789429879 11651580.0
725.579016466423 11465044.0
725.8068930523091 12717098.0
726.0350087006461 13822334.0
726.2633634114338 13637899.0
726.4919571846726 14628351.0
726.7207900203623 15348899.0
726.9498619185028 15268034.0
727.1791728790942 15849126.0
727.4087229021366 18299956.0
727.6385119876297 22373952.0
727.8685401355738 29690010.0
728.0988073459687 39134736.0
728.3293136188147 52728836.0
728.5600589541114 68825750.0
728.7910433518591 84918090.0
729.0222668120575 101475300.0
729.2537293347069 112638870.0
729.4854309198073 119407960.0
729.7173715673584 115813200.0
729.9495512773606 101161360.0
730.1819700498136 79691320.0
730.4146278847174 54482180.0
730.6475247820722 35610390.0
730.8806607418778 25586016.0
731.1140357641343 19633436.0
731.3476498488419 16095255.0
731.5815029960002 13644294.0
731.8155952056094 11403249.0
732.0499264776695 9314695.0
732.2844968121806 7226720.5
732.5193062091423 5824012.0
732.754354668555 4998502.0
732.9896421904187 4894096.0
733.2251687747333 4902744.5
733.4609344214988 4822104.0
733.6969391307151 4826714.0
733.9331829023823 5171808.0
734.1696657365004 5725447.5
734.4063876330695 6283865.0
734.6433485920893 6512387.5
734.8805486135602 6546194.5
735.1179876974818 7395407.0
735.3556658438545 7977565.0
735.5935830526778 7439399.5
735.8317393239522 7568869.5
736.0701346576775 7853882.5
736.3087690538534 7578604.0
736.5476425124806 7247388.0
736.7867550335584 6298848.0
737.0261066170873 5754138.0
737.265697263067 5804125.0
737.5055269714976 6409844.5
737.745595742379 7589612.5
737.9859035757114 9330053.0
738.2264504714947 11907462.0
738.4672364297288 14870346.0
738.7082614504138 19270088.0
738.9495255335498 27105110.0
739.1910286791365 37757796.0
739.4327708871742 50446690.0
739.6747521576629 65612304.0
739.9169724906022 81953896.0
740.1594318859927 94014020.0
740.4021303438338 101560080.0
740.6450678641261 104441830.0
740.8882444468691 97176290.0
741.131660092063 79502990.0
741.3753147997079 57015250.0
741.6192085698036 37166870.0
741.8633414023502 23896944.0
742.1077132973477 17382856.0
742.352324254796 13681806.0
742.5971742746954 11354128.0
742.8422633570456 9318419.0
743.0875915018465 7356055.0
743.3331587090985 6057369.5
743.5789649788013 4357320.0
743.8250103109551 3625991.0
744.0712947055597 3521905.5
744.3178181626151 3854255.0
744.5645806821216 3466542.8
744.8115822640789 2798255.2
745.058822908487 2874126.0
745.3063026153461 2684220.2
745.554021384656 2512407.5
745.801979216417 2399353.5
746.0501761106286 2669632.8
746.2986120672912 3550768.0
746.5472870864048 4102737.2
746.7962011679691 4056157.0
747.0453543119845 4092444.0
747.2947465184507 4188232.2
747.5443777873677 4183394.0
747.7942481187357 3615058.8
748.0443575125546 3364946.5
748.2947059688242 2946669.0
748.545293487545 2797361.5
748.7961200687164 2258811.8
749.0471857123389 1891051.0
749.2984904184123 1963727.5
749.5500341869365 1874605.0
749.8018170179115 1826996.0
750.0538389113375 1961104.9
750.3060998672144 2150967.0
750.558599885542 2080708.6
750.8113389663208 1800102.8
751.0643171095503 2052785.6
751.3175343152308 2196438.8
751.570990583362 1951396.8
751.8246859139442 1598203.0
752.0786203069773 1964871.9
752.3327937624614 2373039.2
752.5872062803962 2594064.5
752.841857860782 2583207.8
753.0967485036186 2523533.8
753.3518782089062 2475711.5
753.6072469766447 2290257.8
753.8628548068339 2435845.2
754.1187016994742 2348626.8
754.3747876545652 2237130.2
754.6311126721073 1997112.0
754.8876767521001 2412028.0
755.144479894544 2757860.0
755.4015220994386 2817014.0
755.6588033667842 2658100.0
755.9163236965807 2639509.0
756.1740830888281 2335433.5
756.4320815435262 2557889.2
756.6903190606754 3119463.0
756.9487956402754 2684327.8
757.2075112823263 2861231.0
757.4664659868281 2871297.8
757.7256597537807 3020157.5
757.9850925831844 3231209.0
758.2447644750388 3226479.5
758.5046754293442 3262707.5
758.7648254461004 3595267.0
759.0252145253075 3901186.2
759.2858426669656 4303951.0
759.5467098710745 4202204.5
759.8078161376343 4290984.0
760.069161466645 4694280.5
760.3307458581066 4939381.5
760.5925693120191 4896186.5
760.8546318283825 4667834.5
761.1169334071967 5327549.0
761.3794740484618 5473705.5
761.6422537521778 4832234.5
761.9052725183449 3900183.5
762.1685303469626 4289157.5
762.4320272380314 4158356.0
762.6957631915509 4109534.8
762.9597382075215 3724665.2
763.2239522859428 3492009.0
763.4884054268151 3755881.2
763.7530976301382 3403873.8
764.0180288959123 3543719.0
764.2831992241372 3850056.5
764.5486086148131 4030627.2
764.8142570679397 3812199.0
765.0801445835173 4061362.0
765.3462711615459 4286332.0
765.6126368020252 4870479.0
765.8792415049556 5051978.0
766.1460852703367 5759207.5
766.4131680981689 6422650.0
766.6804899884517 6703407.5
766.9480509411856 6311944.0
767.2158509563703 5957609.0
767.483890034006 5935327.0
767.7521681740925 5402684.5
768.0206853766299 5011279.0
768.2894416416182 4619550.0
768.5584369690574 5189679.0
768.8276713589474 4836996.5
769.0971448112883 4753815.5
769.3668573260802 4748109.0
769.636808903323 4842514.0
769.9069995430166 5084919.0
770.1774292451611 5900689.5
770.4480980097566 5960157.5
770.7190058368028 6092284.5
770.9901527263 6743445.5
771.2615386782481 7372562.0
771.5331636926471 8100080.5
771.805027769497 9205263.0
772.0771309087978 9870340.0
772.3494731105494 10730601.0
772.622054374752 11891232.0
772.8948747014053 13630972.0
773.1679340905096 16717930.0
773.4412325420649 19672498.0
773.714770056071 21993738.0
773.9885466325279 23468822.0
774.2625622714359 24540850.0
774.5368169727947 23694920.0
774.8113107366042 20954944.0
775.0860435628648 18120404.0
775.3610154515762 15832344.0
775.6362264027387 12816285.0
775.9116764163518 9534924.0
776.1873654924159 7526617.0
776.4632936309309 6555859.0
776.7394608318967 6300384.5
777.0158670953135 6528655.5
777.2925124211812 6627741.0
777.5693968094998 6358399.0
777.8465202602692 5633401.0
778.1238827734896 6437595.5
778.4014843491608 7620768.0
778.6793249872829 7908521.0
778.957404687856 8190250.0
779.23572345088 9467699.0
779.5142812763546 10861110.0
779.7930781642804 12280910.0
780.0721141146569 14249365.0
780.3513891274845 15569000.0
780.6309032027627 17192782.0
780.9106563404919 17899416.0
781.1906485406721 18719668.0
781.4708798033031 19456912.0
781.7513501283851 18174366.0
782.0320595159178 16548309.0
782.3130079659015 15854596.0
782.5941954783361 15715422.0
782.8756220532216 15582869.0
783.157287690558 14700650.0
783.4391923903453 15237922.0
783.7213361525834 15289110.0
784.0037189772725 13779230.0
784.2863408644123 12614235.0
784.5692018140032 12233814.0
784.8523018260448 11670330.0
785.1356409005374 12023170.0
785.419219037481 13471722.0
785.7030362368753 14675124.0
785.9870924987206 15383829.0
786.2713878230167 14789932.0
786.5559222097638 15135691.0
786.8406956589616 14955366.0
787.1257081706106 13983216.0
787.4109597447102 12796138.0
787.6964503812609 12586258.0
787.9821800802623 13116104.0
788.2681488417147 13165215.0
788.554356665618 12337028.0
788.8408035519722 13067326.0
789.1274895007773 13929935.0
789.4144145120331 14313500.0
789.70157858574 14693088.0
789.9889817218977 15378261.0
790.2766239205064 16371019.0
790.5645051815659 17872268.0
790.8526255050763 18979000.0
791.1409848910375 20461354.0
791.4295833394498 22215002.0
791.7184208503128 24024790.0
792.0074974236268 25661256.0
792.2968130593916 27603242.0
792.5863677576074 29975788.0
792.876161518274 31016640.0
793.1661943413915 32216690.0
793.45646622696 32987218.0
793.7469771749792 33884330.0
794.0377271854495 33811890.0
794.3287162583705 32342798.0
794.6199443937426 30228652.0
794.9114115915653 30417116.0
795.2031178518391 32623344.0
795.4950631745637 34832310.0
795.7872475597393 35282796.0
796.0796710073657 33961136.0
796.372333517443 34702330.0
796.6652350899712 35894080.0
796.9583757249504 37305964.0
797.2517554223803 39128188.0
797.5453741822612 42300490.0
797.839232004593 44596770.0
798.1333288893755 46349256.0
798.4276648366092 48438456.0
798.7222398462935 51998930.0
799.0170539184289 56838924.0
799.3121070530151 60452684.0
799.6073992500523 62488664.0
799.9029305095402 62859100.0
800.1987008314792 65726770.0
800.4947102158688 66715044.0
800.7909586627096 66630444.0
801.0874461720011 66315970.0
801.3841727437435 65215510.0
801.6811383779369 67548440.0
801.9783430745811 66683916.0
802.2757868336762 64425990.0
802.5734696552222 63452956.0
802.8713915392192 61506404.0
803.1695524856669 57472584.0
803.4679524945657 53395344.0
803.7665915659152 52698260.0
804.0654696997157 51291360.0
804.364586895967 50483476.0
804.6639431546693 51646336.0
804.9635384758224 52820130.0
805.2633728594265 52507970.0
805.5634463054813 53503060.0
805.863758813987 55261196.0
806.1643103849437 56992110.0
806.4651010183513 59980104.0
806.7661307142098 61413880.0
807.0673994725191 60555610.0
807.3689072932794 61185244.0
807.6706541764905 61647176.0
807.9726401221526 62267810.0
808.2748651302655 63425750.0
808.5773292008294 65762036.0
808.880032333844 73510340.0
809.1829745293097 81578930.0
809.4861557872262 92535280.0
809.7895761075936 106878270.0
810.0932354904118 124131720.0
810.3971339356808 141805000.0
810.701271443401 161191500.0
811.0056480135719 177309180.0
811.3102636461938 190855870.0
811.6151183412665 203057060.0
811.9202120987901 213021360.0
812.2255449187645 217332620.0
812.5311168011899 214882900.0
812.8369277460662 206087360.0
813.1429777533934 186481180.0
813.4492668231715 165462030.0
813.7557949554005 145314610.0
814.0625621500802 132193180.0
814.3695684072109 123226580.0
814.6768137267925 115665240.0
814.984298108825 108450540.0
815.2920215533085 101998010.0
815.5999840602427 95829490.0
815.908185629628 89653770.0
816.216626261464 83002770.0
816.5253059557509 76367710.0
816.8342247124888 70684000.0
817.1433825316776 64418290.0
817.4527794133171 57986800.0
817.7624153574077 52399644.0
818.072290363949 45311630.0
818.3824044329415 40254616.0
818.6927575643846 38506060.0
819.0033497582787 38863756.0
819.3141810146236 39347960.0
819.6252513334194 41805710.0
819.9365607146663 45935260.0
820.2481091583638 51818680.0
820.5598966645124 58471504.0
820.8719232331118 63222020.0
821.1841888641621 67956550.0
821.4966935576633 76159070.0
821.8094373136155 89183940.0
822.1224201320184 102164530.0
822.4356420128723 119330980.0
822.749102956177 139433260.0
823.0628029619327 157183970.0
823.3767420301392 178334400.0
823.6909201607966 202934750.0
824.005337353905 224728450.0
824.3199936094642 243292770.0
824.6348889274743 260686000.0
824.9500233079352 270184060.0
825.2653967508472 272563000.0
825.5810092562099 269870340.0
825.8968608240236 251633060.0
826.2129514542881 219852160.0
826.5292811470036 176959540.0
826.8458499021699 132136290.0
827.1626577197871 92371380.0
827.4797045998553 66444310.0
827.7969905423743 50397110.0
828.1145155473441 40126276.0
828.4322796147649 32634536.0
828.7502827446367 27945004.0
829.0685249369592 24457740.0
829.3870061917327 20500152.0
829.705726508957 17394412.0
830.0246858886322 15291550.0
830.3438843307583 13083261.0
830.6633218353354 12020229.0
830.9829984023633 11335288.0
831.3029140318422 10279129.0
831.6230687237718 9924892.0
831.9434624781525 9431420.0
832.2640952949838 9691099.0
832.5849671742662 9731553.0
832.9060781159994 9614081.0
833.2274281201835 9057011.0
833.5490171868187 9193651.0
833.8708453159045 10029285.0
834.1929125074414 9896436.0
834.515218761429 9525302.0
834.8377640778676 9409771.0
835.160548456757 9152068.0
835.4835718980975 10102694.0
835.8068344018886 11250632.0
836.1303359681309 12454854.0
836.4540765968239 14140760.0
836.778056287968 14203839.0
837.1022750415626 14894432.0
837.4267328576084 15967245.0
837.7514297361049 17172928.0
838.0763656770524 18396784.0
838.4015406804508 18792218.0
838.7269547463001 18656182.0
839.0526078746003 20169422.0
839.3785000653513 20210258.0
839.7046313185533 20856976.0
840.0310016342061 21389176.0
840.3576110123099 20836576.0
840.6844594528644 21420900.0
841.01154695587 21621410.0
841.3388735213264 22761864.0
841.6664391492336 23000912.0
841.9942438395917 21339688.0
842.3222875924008 20418700.0
842.6505704076608 22038852.0
842.9790922853716 21994118.0
843.3078532255333 22161316.0
843.636853228146 22286542.0
843.9660922932096 21937100.0
844.2955704207238 21150728.0
844.6252876106893 19928290.0
844.9552438631054 19790848.0
845.2854391779725 20875702.0
845.6158735552905 21045878.0
845.9465469950594 20797298.0
846.2774594972791 20727532.0
846.6086110619498 21601730.0
846.9400016890712 23816778.0
847.2716313786436 25620142.0
847.603500130667 28403338.0
847.9356079451411 31271202.0
848.2679548220663 34657140.0
848.6005407614422 38294244.0
848.9333657632692 43794776.0
849.2664298275467 47626404.0
849.5997329542755 50356044.0
849.933275143455 54842210.0
850.2670563950855 56220664.0
850.6010767091668 58595550.0
850.935336085699 59431384.0
851.2698345246821 56867376.0
851.6045720261161 56538350.0
851.939548590001 55390340.0
852.2747642163367 53028460.0
852.6102189051235 51122824.0
852.9459126563609 49456810.0
853.2818454700493 46264450.0
853.6180173461887 41605596.0
853.9544282847789 37134376.0
854.29107828582 32623542.0
854.627967349312 28556212.0
854.9650954752549 26597758.0
855.3024626636488 26906530.0
855.6400689144934 27962018.0
855.9779142277889 29093544.0
856.3159986035355 30730722.0
856.6543220417327 31931012.0
856.992884542381 35028428.0
857.33168610548 37791516.0
857.6707267310301 38370864.0
858.010006419031 40837828.0
858.3495251694828 42898840.0
858.6892829823855 45150040.0
859.0292798577391 49884404.0
859.3695157955435 53672804.0
859.709990795799 56790700.0
860.0507048585051 60536640.0
860.3916579836623 63265190.0
860.7328501712702 65200610.0
861.0742814213293 67365096.0
861.415951733839 69147650.0
861.7578611087997 71181900.0
862.1000095462114 73407220.0
862.4423970460737 75908190.0
862.7850236083872 77079810.0
863.1278892331513 76397220.0
863.4709939203666 70353420.0
863.8143376700325 63256984.0
864.1579204821496 56582340.0
864.5017423567174 49198910.0
864.845803293736 41319840.0
865.1901032932057 34220550.0
865.5346423551262 30029160.0
865.8794204794975 26970336.0
866.2244376663198 25129390.0
866.569693915593 24584804.0
866.9151892273169 24503784.0
867.2609236014919 25923796.0
867.6068970381177 28250738.0
867.9531095371945 31648712.0
868.299561098722 33509024.0
868.6462517227006 36526750.0
868.9931814091299 41060588.0
869.3403501580103 44812124.0
869.6877579693414 49059880.0
870.0354048431236 54706610.0
870.3832907793565 60581260.0
870.7314157780402 65499540.0
871.079779839175 67942970.0
871.4283829627606 68681210.0
871.7772251487971 70747480.0
872.1263063972845 74129730.0
872.4756267082229 77739900.0
872.825186081612 79771670.0
873.1749845174521 80449850.0
873.525022015743 78479510.0
873.875298576485 73203940.0
874.2258141996776 66225664.0
874.5765688853213 58247516.0
874.9275626334158 49466516.0
875.2787954439613 44723824.0
875.6302673169575 42830396.0
875.9819782524048 42678190.0
876.3339282503027 43654916.0
876.6861173106518 44518576.0
877.0385454334516 43639150.0
877.3912126187024 42089396.0
877.744118866404 40741984.0
878.0972641765566 37810616.0
878.45064854916 35166868.0
878.8042719842143 33385930.0
879.1581344817196 29428440.0
879.5122360416756 24674742.0
879.8665766640827 21567744.0
880.2211563489404 19084322.0
880.5759750962493 16404880.0
880.9310329060089 16173862.0
881.2863297782194 16232592.0
881.6418657128809 15683655.0
881.9976407099932 15974221.0
882.3536547695564 16984960.0
882.7099078915705 17777978.0
883.0664000760355 18597562.0
883.4231313229513 18685092.0
883.7801016323183 18102664.0
884.1373110041359 18760388.0
884.4947594384045 18835302.0
884.8524469351239 17499232.0
885.2103734942943 18318856.0
885.5685391159154 17734634.0
885.9269437999875 16674060.0
886.2855875465107 16912514.0
886.6444703554844 16168758.0
887.0035922269093 16278211.0
887.3629531607849 16689928.0
887.7225531571116 16696191.0
888.082392215889 17158792.0
888.4424703371174 17462768.0
888.8027875207965 17635380.0
889.1633437669268 19040466.0
889.5241390755077 21064636.0
889.8851734465397 21392352.0
890.2464468800224 21893156.0
890.6079593759562 22509312.0
890.9697109343408 24205188.0
891.3317015551763 27577548.0
891.6939312384626 29974498.0
892.0563999841997 31812332.0
892.419107792388 33876630.0
892.7820546630269 37585196.0
893.145240596117 42167624.0
893.5086655916577 45156520.0
893.8723296496495 47237164.0
894.2362327700921 49929136.0
894.6003749529856 51532176.0
894.96475619833 52266016.0
895.3293765061252 53534224.0
895.6942358763713 57694976.0
896.0593343090684 62826570.0
896.4246718042164 65527200.0
896.7902483618151 65545596.0
897.1560639818649 68921820.0
897.5221186643654 69858170.0
897.888412409317 66292610.0
898.2549452167193 59455240.0
898.6217170865726 50934064.0
898.9887280188768 40359636.0
899.3559780136319 30832628.0
899.7234670708378 22722020.0
900.0911951904947 18969302.0
900.4591623726023 17039466.0
900.827368617161 15929085.0
901.1958139241705 14104610.0
901.5644982936308 13916539.0
901.9334217255422 13085060.0
902.3025842199042 12056030.0
902.6719857767174 11617491.0
903.0416263959813 11528400.0
903.4115060776962 12417720.0
903.7816248218619 13345135.0
904.1519826284787 13395489.0
904.5225794975461 14331424.0
904.8934154290646 14286521.0
905.2644904230337 13901036.0
905.635804479454 13616431.0
906.0073575983251 13214442.0
906.3791497796472 13484994.0
906.7511810234199 12881060.0
907.1234513296438 12648454.0
907.4959606983184 12209491.0
907.8687091294438 12230530.0
908.2416966230203 11368654.0
908.6149231790475 10932345.0
908.9883887975259 10884059.0
909.3620934784549 10402022.0
909.736037221835 10870948.0
910.1102200276657 10658306.0
910.4846418959476 10187449.0
910.8593028266802 9386369.0
911.2342028198638 9583984.0
911.6093418754981 10019453.0
911.9847199935836 9980697.0
912.3603371741196 10158181.0
912.7361934171067 10269968.0
913.1122887225448 10577488.0
913.4886230904336 11623859.0
913.8651965207735 11825856.0
914.242009013564 12575486.0
914.6190605688057 13365076.0
914.996351186498 14291979.0
915.3738808666415 14756922.0
915.7516496092356 14352171.0
916.1296574142808 14604669.0
916.5079042817767 14722444.0
916.8863902117237 15795162.0
917.2651152041215 16980342.0
917.6440792589702 17540388.0
918.0232823762697 17340314.0
918.4027245560201 15896866.0
918.7824057982216 15673280.0
919.1623261028737 15365829.0
919.542485469977 14337550.0
919.9228838995309 14052540.0
920.3035213915359 15291616.0
920.6843979459916 14131395.0
921.0655135628983 14433949.0
921.446868242256 15293639.0
921.8284619840645 15152466.0
922.2102947883237 15448055.0
922.5923666550341 15657556.0
922.9746775841952 16459271.0
923.3572275758072 17120404.0
923.7400166298701 18065318.0
924.1230447463838 19083010.0
924.5063119253487 18782952.0
924.8898181667641 19200636.0
925.2735634706307 20490138.0
925.657547836948 20555964.0
926.0417712657163 19456424.0
926.4262337569354 19372376.0
926.8109353106056 18668402.0
927.1958759267263 17919504.0
927.5810556052983 16444296.0
927.966474346321 15844540.0
928.3521321497947 16065455.0
928.7380290157191 17553040.0
929.1241649440944 16763266.0
929.5105399349206 16665446.0
929.8971539881978 15768510.0
930.2840071039259 14322636.0
930.6710992821048 13576722.0
931.0584305227347 12477208.0
931.4460008258154 11052105.0
931.8338101913471 11250956.0
932.2218586193296 10469085.0
932.610146109763 9095308.0
932.9986726626472 8505051.0
933.3874382779825 7512259.5
933.7764429557685 5362729.0
934.1656866960054 4018628.5
934.5551694986933 3688986.5
934.9448913638321 3553410.2
935.3348522914216 3480256.2
935.7250522814621 2996148.8
936.1154913339535 3336610.2
936.5061694488959 3702638.8
936.8970866262891 3499580.2
937.288242866133 3533825.5
937.6796381684281 3691005.5
938.0712725331739 3699417.0
938.4631459603708 4135671.2
938.8552584500184 4115386.5
939.247610002117 4221634.0
939.6402006166663 4520274.5
940.0330302936667 4704329.5
940.4260990331178 5023094.0
940.8194068350199 5103336.5
941.212953699373 4898552.0
941.6067396261767 4841794.5
942.0007646154315 4894047.0
942.3950286671371 5314311.0
942.7895317812938 4870194.5
943.184273957901 4347293.0
943.5792551969595 4532320.5
943.9744754984687 4588947.0
944.3699348624289 4558279.5
944.7656332888398 4872477.5
945.1615707777016 4761177.5
945.5577473290144 4285413.0
945.9541629427781 3643755.0
946.3508176189927 3587996.0
946.7477113576581 3893543.0
947.1448441587745 3827737.0
947.5422160223416 3913106.5
947.9398269483597 4183678.0
948.3376769368288 4625369.5
948.7357659877487 4737363.0
949.1340941011194 5273009.0
949.5326612769411 5852997.0
949.9314675152136 6041802.0
950.3305128159373 6414010.0
950.7297971791115 6946692.5
951.1293206047367 6996451.0
951.5290830928128 7291746.0
951.9290846433399 7720320.0
952.3293252563178 7982471.0
952.7298049317465 6655339.5
953.1305236696262 5961437.0
953.5314814699568 6404967.0
953.9326783327383 6121557.0
954.3341142579707 5950649.0
954.7357892456539 5789288.0
955.137703295788 5708529.0
955.5398564083731 6153919.0
955.942248583409 5905044.0
956.3448798208958 5937104.5
956.7477501208334 5732869.5
957.1508594832221 5345788.0
957.5542079080615 4363467.5
957.9577953953519 4001214.0
958.3616219450932 3725608.8
958.7656875572852 3711564.5
959.1699922319283 4695387.0
959.5745359690222 5045676.0
959.979318768567 5091867.0
960.3843406305627 4626746.0
960.7896015550094 5448542.0
961.1951015419069 5845595.5
961.6008405912553 5924085.0
962.0068187030545 6338845.5
962.4130358773048 6757234.5
962.8194921140057 6363999.0
963.2261874131577 6954795.0
963.6331217747605 6511214.0
964.0402951988142 6659116.0
964.4477076853188 6866733.0
964.8553592342744 6894157.0
965.2632498456808 6540464.0
965.671379519538 6168370.5
966.0797482558462 6209012.5
966.4883560546052 6347916.0
966.8972029158153 6535852.0
967.3062888394761 5967286.0
967.7156138255879 5395080.5
968.1251778741505 5431567.5
968.534980985164 4876499.5
968.9450231586284 4441025.5
969.3553043945437 3617275.5
969.7658246929099 3849423.8
970.1765840537269 3542571.2
970.5875824769948 3372416.5
970.9988199627137 3358174.5
971.4102965108834 3492757.5
971.822012121504 3505357.5
972.2339667945757 3544123.5
972.6461605300981 3610192.2
973.0585933280714 3885371.5
973.4712651884955 4826241.5
973.8841761113707 4900292.5
974.2973260966967 4744884.0
974.7107151444736 5127769.0
975.1243432547012 5572755.0
975.5382104273799 5932937.5
975.9523166625095 6425394.5
976.3666619600898 6479914.0
976.7812463201212 6873721.0
977.1960697426034 6710967.0
977.6111322275365 7262727.5
978.0264337749204 7253106.0
978.4419743847554 7801411.0
978.8577540570411 7731230.5
979.2737727917779 8183305.0
979.6900305889653 8186325.5
980.1065274486039 7414975.5
980.523263370693 6346406.0
980.9402383552333 6103954.0
981.3574524022245 6724334.0
981.7749055116664 6037700.5
982.1925976835594 6289044.0
982.6105289179031 7878167.0
983.0286992146978 8470317.0
983.4471085739433 9195342.0
983.8657569956398 9082056.0
984.2846444797872 8491198.0
984.7037710263854 9400940.0
985.1231366354345 10515210.0
985.5427413069345 11017856.0
985.9625850408854 12152621.0
986.3826678372873 12264621.0
986.8029896961399 11867835.0
987.2235506174435 11989262.0
987.6443506011979 11879144.0
988.0653896474032 11397065.0
988.4866677560595 11218240.0
988.9081849271665 10839736.0
989.3299411607247 9967648.0
989.7519364567336 9802625.0
990.1741708151934 9267120.0
990.5966442361041 8273335.0
991.0193567194657 8130154.5
991.4423082652781 7971175.0
991.8654988735416 7672783.0
992.2889285442558 7849323.0
992.712597277421 7674819.5
993.1365050730369 6908924.5
993.5606519311038 6037256.0
993.9850378516217 6029504.0
994.4096628345903 6590203.0
994.83452688001 7524989.0
995.2596299878804 8032145.0
995.6849721582018 8525733.0
996.110553390974 8075387.0
996.5363736861973 9197158.0
996.9624330438713 9619329.0
997.3887314639962 10020394.0
997.8152689465721 9701834.0
998.2420454915989 9271919.0
998.6690610990764 8894485.0
999.0963157690048 8933815.0
999.5238095013843 8412801.0
999.9515422962145 8146945.5
1000.3795141534958 7977224.5
1000.8077250732279 7976234.5
1001.2361750554107 7127518.0
1001.6648641000446 6120947.5
1002.0937922071294 5292719.5
1002.522959376665 4834281.5
1002.9523656086515 4439687.5
1003.3820109030889 4024181.5
1003.8118952599773 4942789.0
1004.2420186793163 5226370.0
1004.6723811611065 5337949.0
1005.1029827053474 5279861.0
1005.5338233120393 6001754.0
1005.9649029811819 6654990.5
1006.3962217127755 8205464.0
1006.8277795068202 9864239.0
1007.2595763633155 10683798.0
1007.6916122822619 11953990.0
1008.1238872636591 13971690.0
1008.5564013075071 14709384.0
1008.9891544138061 14398262.0
1009.422146582556 15306931.0
1009.8553778137567 16930234.0
1010.2888481074084 19521208.0
1010.7225574635108 20121744.0
1011.1565058820644 20860444.0
1011.5906933630686 21124252.0
1012.0251199065237 20614652.0
1012.45978551243 17696530.0
1012.8946901807869 16134461.0
1013.3298339115948 12659190.0
1013.7652167048535 9313081.0
1014.2008385605632 7398308.0
1014.6366994787238 6153510.0
1015.0727994593352 5681766.0
1015.5091385023975 5242609.5
1015.9457166079108 5396210.0
1016.3825337758749 6584723.0
1016.8195900062899 6502517.5
1017.2568852991558 6427285.0
1017.6944196544725 7222510.0
1018.1321930722402 8311299.5
1018.5702055524587 9220619.0
1019.0084570951283 9871078.0
1019.4469477002485 11099358.0
1019.8856773678198 12219660.0
1020.3246460978419 11748524.0
1020.763853890315 12359326.0
1021.2033007452387 13262972.0
1021.6429866626136 14606165.0
1022.0829116424393 15728150.0
1022.5230756847159 16216092.0
1022.9634787894433 17666758.0
1023.4041209566217 17354016.0
1023.8450021862509 15911869.0
1024.286122478331 13850260.0
1024.727481832862 10339698.0
1025.1690802498438 6674264.5
1025.6109177292767 4887084.5
1026.0529942711605 3592905.2
1026.495309875495 3101944.0
1026.9378645422805 2665771.5
1027.380658271517 2538232.5
1027.823691063204 2287388.5
1028.2669629173424 2006948.0
1028.7104738339312 1679787.5
1029.1542238129714 1406273.1
1029.598212854462 1294174.2
1030.0424409584039 1389044.4
1030.4869081247964 1512326.4
1030.9316143536398 1480030.5
1031.376559644934 1428539.5
1031.8217439986793 1478095.1
1032.2671674148755 1257513.8
1032.7128298935227 1014666.8
1033.1587314346207 1031332.5
1033.6048720381693 1364242.0
1034.051251704169 1336642.4
1034.4978704326197 1278328.6
1034.9447282235212 1057242.8
1035.3918250768736 1172490.1
1035.8391609926769 1334381.8
1036.286735970931 1137260.2
1036.734550011636 1389151.5
1037.182603114792 1027350.4
1037.6308952803988 1208533.5
1038.0794265084567 1199599.8
1038.5281967989652 1300200.8
1038.9772061519247 1381556.8
1039.426454567335 1322297.8
1039.8759420451966 1357930.1
1040.3256685855085 1110103.5
1040.7756341882716 1035117.4
1041.2258388534856 980548.9
1041.6762825811506 1116992.8
1042.1269653712661 1485452.6
1042.577887223833 1503042.5
1043.0290481388504 1422261.5
1043.4804481163187 1563732.6
1043.9320871562381 1514816.0
1044.3839652586082 1865073.8
1044.8360824234294 2183814.0
1045.2884386507012 2137121.8
1045.7410339404241 1721783.1
1046.193868292598 1705475.2
1046.6469417072226 1422376.5
1047.1002541842981 1440118.9
1047.5538057238246 1706688.1
1048.0075963258018 1507801.5
1048.46162599023 1633822.2
1048.915894717109 1535570.2
1049.3704025064392 1720812.0
1049.82514935822 1652013.2
1050.2801352724516 1655747.4
1050.7353602491344 1806793.9
1051.1908242882678 1700207.6
1051.6465273898525 1814033.2
1052.1024695538877 1437519.0
1052.558650780374 1721251.1
1053.015071069311 2068182.5
1053.471730420699 2337856.0
1053.928628834538 1848491.5
1054.3857663108276 1859779.8
1054.8431428495683 1722669.8
1055.30075845076 1455960.8
1055.7586131144024 1642110.2
1056.2167068404956 2249956.8
1056.67503962904 2279529.8
1057.133611480035 2520917.0
1057.592422393481 2412312.2
1058.0514723693777 2526287.8
1058.5107614077258 2067640.1
1058.9702895085243 2029753.5
1059.4300566717739 1869023.9
1059.8900628974743 2064565.2
1060.3503081856259 1938226.9
1060.8107925362278 1921721.8
1061.2715159492811 1627584.2
1061.732478424785 1677508.6
1062.1936799627401 2174383.0
1062.6551205631458 1391235.5
1063.1168002260026 -200532.9
1063.57871895131 -2249588.5
1064.0408767390686 -3966715.2
1064.503273589278 -5672208.0
1064.965909501938 -7598472.0
1065.4287844770492 -9350969.0
1065.8918985146113 -10555680.0
1066.3552516146242 -11766136.0
1066.818843777088 -13844612.0
1067.2826750020029 -15626612.0
1067.7467452893684 -18087072.0
1068.211054639185 -19741688.0
1068.6756030514523 -21893528.0
1069.1403905261704 -24220088.0
1069.6054170633397 -26125160.0
1070.0706826629596 -28234298.0
1070.5361873250306 -30100404.0
1071.0019310495525 0.0
1071.4679138365252 0.0
1071.9341356859486 0.0
