string
description: px_shifted, calibration parameter: [ 1.19531225e-04 -2.30194563e-02  6.18194146e+02]
converted file:R_100ms_Fe_S3_x_2_13_binned_y back: data/dark_100msRZP-structure:___RZP_S3100msRoi:[0, 1040, 2048, 2048]
eV counts/s
618.1712462133476 1750614.2
618.1485853507007 1649466.1
618.1261635505048 1585203.0
618.1039808127597 1768284.8
618.0820371374655 2256287.8
618.0603325246223 2425869.8
618.0388669742298 2680088.8
618.0176404862883 2072898.1
617.9966530607976 1629070.0
617.9759046977579 1802242.0
617.955395397169 2070150.0
617.9351251590311 2200413.5
617.9150939833439 1921415.6
617.8953018701078 1786973.8
617.8757488193226 1974443.5
617.8564348309881 1866385.1
617.8373599051046 1702021.1
617.8185240416719 1706498.0
617.7999272406903 1842889.2
617.7815695021593 2041900.8
617.7634508260794 2236691.2
617.7455712124504 2048768.6
617.7279306612722 1994238.1
617.7105291725449 1540384.8
617.6933667462686 1707863.5
617.676443382443 1873784.0
617.6597590810685 1747756.0
617.6433138421447 1719187.2
617.6271076656718 1817648.6
617.6111405516499 1918999.4
617.5954125000789 2219831.0
617.5799235109587 2140389.2
617.5646735842894 1720663.8
617.5496627200711 1465924.5
617.5348909183035 1950519.8
617.520358178987 1660978.2
617.5060645021213 2041984.8
617.4920098877064 2869364.5
617.4781943357425 2332323.2
617.4646178462295 2221047.0
617.4512804191673 2841387.8
617.4381820545561 3003477.2
617.4253227523957 2725219.8
617.4127025126862 2285356.2
617.4003213354276 2316467.2
617.3881792206199 2451068.8
617.3762761682632 1867557.4
617.3646121783572 1739794.0
617.3531872509022 1809314.8
617.342001385898 2239840.0
617.3310545833449 1760978.9
617.3203468432424 2152126.5
617.309878165591 2203869.0
617.2996485503904 1711294.2
617.2896579976408 1814901.9
617.2799065073419 1829083.6
617.270394079494 1599746.1
617.261120714097 1932360.0
617.2520864111508 2325436.0
617.2432911706557 2357323.0
617.2347349926113 2725232.0
617.2264178770179 2716084.5
617.2183398238752 3006367.2
617.2105008331837 2807432.8
617.2029009049428 2828667.5
617.195540039153 2314708.2
617.188418235814 2362102.0
617.1815354949258 2426573.0
617.1748918164886 2294251.0
617.1684872005023 2244877.2
617.1623216469668 2650212.0
617.1563951558823 2660288.8
617.1507077272486 2799841.2
617.1452593610658 3176982.8
617.140050057334 3607603.8
617.1350798160529 4355265.0
617.1303486372229 4379212.0
617.1258565208436 3891402.8
617.1216034669154 4336775.5
617.1175894754379 4365478.0
617.1138145464114 4293075.5
617.1102786798357 3871422.0
617.106981875711 3454778.5
617.1039241340371 3349287.5
617.1011054548142 3251896.5
617.0985258380421 3438875.0
617.0961852837207 3170830.5
617.0940837918505 3041354.5
617.092221362431 3549051.5
617.0905979954625 3876161.2
617.0892136909449 3399904.8
617.0880684488782 3281605.5
617.0871622692623 3137920.2
617.0864951520974 3384389.5
617.0860670973833 4263292.0
617.0858781051202 6190278.0
617.0859281753078 6569866.0
617.0862173079464 6351763.0
617.0867455030359 5638830.5
617.0875127605763 4147999.8
617.0885190805675 2434296.2
617.0897644630096 1790803.1
617.0912489079027 1368935.8
617.0929724152465 1151538.6
617.0949349850415 889017.56
617.0971366172871 928361.5
617.0995773119838 936401.1
617.1022570691313 1038521.94
617.1051758887297 1018657.4
617.1083337707789 1252317.0
617.1117307152791 1259706.9
617.1153667222302 1549913.9
617.1192417916321 1530785.0
617.123355923485 1715955.5
617.1277091177888 1936662.5
617.1323013745433 2521165.8
617.1371326937488 3391966.2
617.1422030754052 3603776.2
617.1475125195125 3952654.0
617.1530610260706 4399951.0
617.1588485950797 4634816.0
617.1648752265397 5802131.0
617.1711409204505 5747770.5
617.1776456768123 6031487.0
617.1843894956249 5804624.0
617.1913723768885 5124777.5
617.1985943206029 4921866.0
617.2060553267681 4868371.0
617.2137553953843 5626309.0
617.2216945264513 5074345.0
617.2298727199694 4526055.5
617.2382899759382 4070412.5
617.246946294358 3178340.0
617.2558416752286 2158612.8
617.2649761185502 1422538.1
617.2743496243226 904446.94
617.2839621925459 818871.75
617.29381382322 847441.1
617.3039045163453 1151980.8
617.3142342719211 1221866.9
617.3248030899481 754873.06
617.3356109704258 1010288.9
617.3466579133545 1134351.8
617.357943918734 916226.94
617.3694689865644 681932.8
617.3812331168458 893824.25
617.3932363095779 1140411.2
617.4054785647611 976862.4
617.417959882395 901667.25
617.43068026248 762825.7
617.4436397050157 855609.9
617.4568382100024 854432.2
617.47027577744 1006504.25
617.4839524073284 1314787.6
617.4978680996677 2241546.5
617.512022854458 2758918.0
617.526416671699 3282177.2
617.5410495513911 4484056.0
617.555921493534 5917251.0
617.5710324981277 5658294.5
617.5863825651725 5762176.0
617.601971694668 5308430.5
617.6177998866144 4262120.5
617.6338671410118 3424842.5
617.6501734578601 2817212.2
617.6667188371591 3006966.5
617.6835032789093 2865187.2
617.70052678311 3341983.5
617.7177893497619 3600141.5
617.7352909788646 3867479.5
617.7530316704182 4055972.8
617.7710114244226 4264356.0
617.7892302408779 4160964.5
617.8076881197842 3850506.2
617.8263850611413 4034194.8
617.8453210649494 4068788.8
617.8644961312083 5128798.0
617.8839102599181 7372870.5
617.9035634510788 9494633.0
617.9234557046905 12517281.0
617.9435870207528 14822405.0
617.9639573992663 15867691.0
617.9845668402305 14980718.0
618.0054153436457 11824795.0
618.0265029095117 8443291.0
618.0478295378288 6508756.0
618.0693952285965 4857857.0
618.0911999818152 3279247.5
618.1132437974848 2703865.2
618.1355266756052 2397184.5
618.1580486161766 1934336.2
618.180809619199 1444375.6
618.2038096846721 1549234.8
618.2270488125961 851671.3
618.2505270029711 896641.4
618.2742442557969 879872.9
618.2982005710737 928733.8
618.3223959488013 1091283.6
618.3468303889798 1214324.9
618.3715038916091 870517.4
618.3964164566895 824429.1
618.4215680842207 1045534.5
618.4469587742026 1020838.1
618.4725885266356 742029.6
618.4984573415195 1093327.4
618.5245652188543 1514385.1
618.5509121586398 1505582.6
618.5774981608764 1343431.9
618.6043232255638 1297154.2
618.6313873527021 1297969.0
618.6586905422912 1527754.8
618.6862327943314 2276150.5
618.7140141088223 2466839.8
618.7420344857642 3440395.0
618.7702939251569 4274987.0
618.7987924270005 5335525.5
618.827529991295 6980377.0
618.8565066180404 7880932.5
618.8857223072368 9425096.0
618.915177058884 9779056.0
618.944870872982 8856159.0
618.974803749531 8482952.0
619.004975688531 6280099.0
619.0353866899817 4223035.5
619.0660367538834 2813531.5
619.0969258802359 2138913.5
619.1280540690393 2123778.5
619.1594213202936 2000602.6
619.1910276339989 2022062.2
619.2228730101549 1765229.2
619.2549574487618 1140309.9
619.2872809498198 1051079.0
619.3198435133286 878581.25
619.3526451392883 667990.5
619.3856858276988 753959.75
619.4189655785602 940329.75
619.4524843918725 1172300.5
619.4862422676358 927569.5
619.5202392058499 1006868.6
619.5544752065149 1213577.2
619.5889502696308 1203315.2
619.6236643951976 1109778.0
619.6586175832152 1258542.9
619.6938098336839 1674000.1
619.7292411466033 2582494.8
619.7649115219735 2921543.5
619.8008209597948 3692627.2
619.8369694600669 4479718.0
619.8733570227901 5238101.0
619.9099836479638 5799613.0
619.9468493355887 6087784.5
619.9839540856643 6124318.0
620.0212978981909 6293362.5
620.0588807731684 6317967.0
620.0967027105968 5163429.5
620.134763710476 3746762.5
620.1730637728062 2207448.0
620.2116028975872 1535861.5
620.2503810848191 1176600.2
620.2893983345019 1211811.0
620.3286546466355 1322572.2
620.3681500212202 1036075.6
620.4078844582556 1062202.8
620.447857957742 1062018.2
620.4880705196792 940637.56
620.5285221440674 851083.06
620.5692128309064 1123139.4
620.6101425801965 909586.75
620.6513113919372 887370.1
620.692719266129 945229.4
620.7343662027715 885527.8
620.7762522018651 849328.0
620.8183772634094 1019176.9
620.8607413874046 778544.44
620.9033445738509 973546.25
620.9461868227478 796976.5
620.9892681340958 716998.5
621.0325885078946 883514.6
621.0761479441444 991188.25
621.1199464428449 950371.1
621.1639840039965 1292395.8
621.2082606275989 1483600.8
621.2527763136521 1295388.9
621.2975310621563 1151088.0
621.3425248731114 1127623.2
621.3877577465173 1069176.8
621.4332296823742 1090435.1
621.478940680682 1044680.06
621.5248907414405 880216.2
621.5710798646501 659369.25
621.6175080503104 758597.75
621.6641752984218 943509.94
621.7110816089839 1043076.25
621.758226981997 844053.75
621.8056114174609 837009.3
621.8532349153759 1129155.0
621.9010974757415 1433710.1
621.9491990985582 1446703.9
621.9975397838257 1566820.1
622.0461195315442 1474875.5
622.0949383417135 1704988.6
622.1439962143336 1620647.5
622.1932931494047 1627087.2
622.2428291469266 1397910.8
622.2926042068996 1378430.8
622.3426183293233 1580312.8
622.392871514198 1628219.5
622.4433637615234 1127255.6
622.4940950713 1132681.1
622.5450654435272 898604.5
622.5962748782055 1171606.8
622.6477233753345 1221712.2
622.6994109349146 1310902.2
622.7513375569454 1721130.8
622.8035032414273 2006947.5
622.8559079883598 2256732.2
622.9085517977434 2274631.5
622.9614346695778 2217974.0
623.0145566038631 2462103.0
623.0679176005993 3227923.8
623.1215176597865 3640730.0
623.1753567814245 3561761.5
623.2294349655133 3830464.0
623.2837522120532 4585844.5
623.3383085210438 4372048.0
623.3931038924854 3930449.5
623.4481383263778 4306364.0
623.5034118227212 4843481.0
623.5589243815153 5632637.5
623.6146760027606 5622180.0
623.6706666864566 5562098.0
623.7268964326033 5825472.0
623.7833652412012 6264324.5
623.8400731122499 5968827.5
623.8970200457495 4631540.5
623.9542060416999 3495469.5
624.0116311001013 2991959.5
624.0692952209534 2332063.8
624.1271984042567 1691312.4
624.1853406500106 1353317.8
624.2437219582156 1185562.6
624.3023423288714 982328.7
624.3612017619781 1057284.4
624.4203002575357 1282525.1
624.4796378155443 1268899.4
624.5392144360035 1451838.5
624.5990301189137 1000021.9
624.659084864275 974691.75
624.7193786720869 875031.1
624.7799115423499 807783.1
624.8406834750637 888080.5
624.9016944702284 1165686.0
624.962944527844 1072970.5
625.0244336479105 1159933.6
625.0861618304278 1343142.6
625.1481290753961 1509371.8
625.2103353828153 1622929.0
625.2727807526853 1298112.4
625.3354651850062 1244247.0
625.398388679778 1285962.8
625.4615512370008 1323023.8
625.5249528566744 1575787.4
625.5885935387989 1874547.6
625.6524732833743 1900040.5
625.7165920904006 2625990.2
625.7809499598777 3333353.8
625.8455468918058 4059068.8
625.9103828861847 4379462.0
625.9754579430146 4548365.0
626.0407720622953 3764722.5
626.106325244027 2402680.2
626.1721174882094 1930937.0
626.2381487948429 1544547.5
626.3044191639272 1516034.4
626.3709285954623 1767697.4
626.4376770894484 1329785.1
626.5046646458853 1178912.4
626.5718912647732 1117231.8
626.6393569461119 1127018.1
626.7070616899016 1363471.8
626.7750054961421 1345858.5
626.8431883648335 1374135.0
626.9116102959758 1360365.8
626.980271289569 939404.7
627.0491713456131 977948.1
627.1183104641082 944465.3
627.1876886450539 1073971.1
627.2573058884507 1319409.9
627.3271621942984 1623634.8
627.3972575625968 1889620.1
627.4675919933463 1610929.2
627.5381654865465 1300223.9
627.6089780421978 1465096.9
627.6800296602999 1973300.0
627.7513203408529 2151053.8
627.8228500838567 2069673.2
627.8946188893116 2025888.9
627.9666267572171 2484672.8
628.0388736875738 2400730.2
628.1113596803812 1996028.5
628.1840847356395 1288459.9
628.2570488533487 1565526.5
628.3302520335087 1807458.0
628.4036942761198 1749512.8
628.4773755811816 1869454.8
628.5512959486945 2767606.2
628.6254553786581 2906426.0
628.6998538710727 2670701.2
628.7744914259381 2176492.5
628.8493680432545 2137056.5
628.9244837230217 2211951.5
628.9998384652398 2469566.0
629.0754322699088 2574924.5
629.1512651370288 2755323.5
629.2273370665995 3015922.5
629.3036480586212 3355496.0
629.3801981130938 3270907.5
629.4569872300171 3508157.5
629.5340154093916 3052181.0
629.6112826512167 2482773.2
629.6887889554929 2162316.2
629.7665343222199 1971096.9
629.8445187513979 1328859.0
629.9227422430266 1052963.0
630.0012047971064 1676589.0
630.0799064136369 1686883.8
630.1588470926184 1953336.2
630.2380268340507 1560160.8
630.317445637934 1316651.8
630.3971035042681 2006910.2
630.4770004330533 1778477.8
630.5571364242891 1804537.4
630.6375114779759 1680643.9
630.7181255941136 1551595.5
630.7989787727022 1487288.2
630.8800710137417 1551450.6
630.961402317232 1654214.8
631.0429726831734 1269237.0
631.1247821115654 1306202.4
631.2068306024086 1528085.2
631.2891181557025 1515410.1
631.3716447714473 1137525.5
631.454410449643 1055245.6
631.5374151902896 1227130.8
631.6206589933871 1264647.6
631.7041418589355 1136086.1
631.7878637869347 1337358.6
631.8718247773849 1336790.1
631.956024830286 1650578.5
632.0404639456378 1553541.8
632.1251421234408 1551718.2
632.2100593636944 1645036.5
632.2952156663991 1591991.2
632.3806110315546 1068925.1
632.4662454591611 1378625.6
632.5521189492183 1664132.0
632.6382315017265 1899994.5
632.7245831166855 2094521.2
632.8111737940956 1719596.5
632.8980035339563 1707811.1
632.985072336268 1845478.2
633.0723802010307 1848078.5
633.1599271282441 1978035.8
633.2477131179087 2376450.8
633.3357381700239 2493351.5
633.4240022845902 2664373.0
633.5125054616071 2383037.5
633.6012477010752 2135885.0
633.690229002994 2106170.2
633.7794493673638 1955644.9
633.8689087941844 1995790.1
633.958607283456 2233421.5
634.0485448351784 2254605.2
634.1387214493517 2107425.0
634.2291371259759 1697988.1
634.3197918650509 1351513.6
634.4106856665769 1031128.5
634.5018185305538 1335373.6
634.5931904569816 1413501.2
634.6848014458602 1236269.0
634.7766514971898 1084422.1
634.8687406109701 1235881.8
634.9610687872016 1511714.4
635.0536360258837 1181512.1
635.1464423270169 1040345.1
635.2394876906009 788670.94
635.3327721166357 923178.6
635.4262956051215 716293.2
635.5200581560582 720655.1
635.6140597694457 744360.25
635.7083004452841 740422.2
635.8027801835735 772018.6
635.8974989843136 729812.44
635.9924568475049 852142.2
636.0876537731468 1248796.2
636.1830897612398 1070456.8
636.2787648117835 1548977.0
636.3746789247782 1629595.8
636.4708321002237 1683520.6
636.5672243381202 1602733.5
636.6638556384676 1500454.2
636.7607260012659 1450607.6
636.857835426515 1807202.2
636.9551839142149 1953833.9
637.0527714643658 2141456.8
637.1505980769675 2545707.2
637.2486637520203 2202302.8
637.3469684895239 1650102.4
637.4455122894784 1538083.2
637.5442951518837 1824499.2
637.64331707674 1952285.1
637.742578064047 1678535.2
637.8420781138052 1516975.8
637.941817226014 1631421.9
638.0417954006739 1506582.0
638.1420126377845 1310841.5
638.2424689373462 1219285.0
638.3431642993586 1240272.2
638.444098723822 1170800.1
638.5452722107362 1112349.9
638.6466847601014 1124795.1
638.7483363719175 1302879.0
638.8502270461844 1558133.1
638.9523567829023 1217570.8
639.0547255820709 1209682.5
639.1573334436905 1280853.9
639.260180367761 1139848.9
639.3632663542825 1172850.9
639.4665914032546 1451397.6
639.5701555146778 1594947.6
639.6739586885519 1440567.6
639.7780009248769 1640546.0
639.8822822236526 1417100.2
639.9868025848793 1796357.4
640.091562008557 1799996.0
640.1965604946854 1700707.8
640.3017980432649 2210464.8
640.4072746542952 2559732.2
640.5129903277764 2716342.0
640.6189450637083 2060680.0
640.7251388620914 1644923.5
640.8315717229252 1643484.4
640.93824364621 1601408.2
641.0451546319456 1369869.9
641.1523046801321 1308909.0
641.2596937907695 1251297.4
641.3673219638578 1245164.5
641.4751891993969 995064.6
641.583295497387 1129163.1
641.691640857828 1569529.0
641.8002252807198 1518536.8
641.9090487660626 1166005.1
642.0181113138563 1062725.6
642.1274129241008 1172860.9
642.2369535967962 1460311.5
642.3467333319426 1535645.6
642.4567521295397 1584504.0
642.5670099895879 1593280.0
642.6775069120868 1576569.5
642.7882428970366 1880319.4
642.8992179444374 1793008.9
643.010432054289 1554631.8
643.1218852265915 1591556.1
643.2335774613449 1388605.1
643.3455087585494 1354791.2
643.4576791182045 1613237.8
643.5700885403106 1553474.9
643.6827370248676 1220752.8
643.7956245718756 1386534.2
643.9087511813342 1175960.2
644.0221168532439 1081419.8
644.1357215876045 1148040.8
644.249565384416 1243813.5
644.3636482436782 1200582.4
644.4779701653915 1154645.4
644.5925311495556 1324580.8
644.7073311961706 1210486.8
644.8223703052365 1276092.5
644.9376484767532 1271955.5
645.0531657107209 1216318.6
645.1689220071395 943783.0
645.2849173660089 1133329.9
645.4011517873292 1402136.8
645.5176252711005 1379611.8
645.6343378173226 1114579.8
645.7512894259957 1117124.5
645.8684800971196 1240561.5
645.9859098306944 1072729.2
646.10357862672 1111415.6
646.2214864851966 1271397.9
646.3396334061241 1367296.2
646.4580193895024 1452267.0
646.5766444353317 1260194.6
646.6955085436118 1133039.4
646.8146117143428 1178886.6
646.9339539475247 1365974.2
647.0535352431576 1197931.5
647.1733556012413 1282170.1
647.2934150217759 1048048.4
647.4137135047613 1198109.0
647.5342510501977 827294.75
647.6550276580849 1096356.5
647.7760433284232 945743.75
647.8972980612122 800456.1
648.018791856452 1140902.0
648.1405247141429 1493110.0
648.2624966342845 1123801.2
648.3847076168772 1495167.6
648.5071576619206 1577056.9
648.629846769415 1313609.0
648.7527749393603 1243417.6
648.8759421717565 983628.06
648.9993484666035 1009742.2
649.1229938239015 1356925.1
649.2468782436503 1286898.6
649.3710017258501 1121849.1
649.4953642705007 1344186.0
649.6199658776021 1286633.2
649.7448065471544 1404326.8
649.8698862791578 1562468.9
649.9952050736119 1340993.2
650.120762930517 1466886.5
650.2465598498729 1332806.0
650.3725958316797 1036651.8
650.4988708759375 1305851.6
650.6253849826461 1427403.6
650.7521381518056 1187305.5
650.879130383416 1354437.6
651.0063616774773 1406981.2
651.1338320339895 1289438.5
651.2615414529527 1126069.5
651.3894899343666 1221958.2
651.5176774782313 1207351.9
651.6461040845472 1211547.2
651.7747697533138 1201596.5
651.9036744845314 1112404.8
652.0328182781997 1529869.2
652.162201134319 1228250.4
652.2918230528892 1045495.94
652.4216840339103 1369858.1
652.5517840773823 1650311.2
652.6821231833052 1659870.0
652.8127013516789 1521244.5
652.9435185825037 1564035.1
653.074574875779 1433641.1
653.2058702315056 1075325.8
653.3374046496829 1246774.8
653.469178130311 1060537.4
653.6011906733902 1018798.25
653.73344227892 999637.0
653.865932946901 1140848.2
653.9986626773327 1497567.0
654.1316314702154 1376863.9
654.2648393255489 1339869.2
654.3982862433335 1466956.9
654.5319722235687 1763465.1
654.665897266255 1810473.1
654.8000613713921 1279721.0
654.9344645389801 1167676.4
655.069106769019 1193077.0
655.2039880615088 1311829.5
655.3391084164494 1148203.2
655.4744678338409 1187700.5
655.6100663136834 1340011.4
655.7459038559767 1211092.9
655.881980460721 1423670.5
656.0182961279161 1437339.2
656.1548508575621 1112114.9
656.291644649659 1485685.6
656.4286775042068 1283050.1
656.5659494212055 1572135.2
656.7034604006551 1694439.0
656.8412104425555 1691596.1
656.9791995469069 1374331.8
657.117427713709 1563907.0
657.2558949429622 1485860.5
657.3946012346663 1408875.2
657.5335465888211 1202851.5
657.672731005427 1278597.6
657.8121544844836 1686679.8
657.9518170259913 1449190.5
658.0917186299497 1393520.5
658.2318592963591 1145063.9
658.3722390252193 1208053.9
658.5128578165305 1168627.6
658.6537156702925 1198604.0
658.7948125865055 1212505.2
658.9361485651692 953662.75
659.077723606284 1017721.6
659.2195377098495 1004792.44
659.361590875866 1199983.6
659.5038831043335 1617567.2
659.6464143952517 1428586.1
659.7891847486209 1363653.6
659.9321941644408 894912.1
660.0754426427119 1292612.8
660.2189301834336 1374694.4
660.3626567866064 1112390.5
660.50662245223 1171279.1
660.6508271803045 1128136.0
660.7952709708298 1195784.0
660.9399538238061 1034112.0
661.0848757392333 1043714.06
661.2300367171114 977049.94
661.3754367574403 1019714.7
661.5210758602201 1111037.1
661.6669540254509 1277964.0
661.8130712531324 1079996.1
661.9594275432651 1174305.2
662.1060228958484 1281374.5
662.2528573108827 950718.8
662.3999307883678 973763.0
662.5472433283039 1068829.9
662.6947949306908 898967.75
662.8425855955288 789277.56
662.9906153228175 717947.25
663.1388841125572 511281.3
663.2873919647476 604091.8
663.436138879389 810671.5
663.5851248564813 1260360.8
663.7343498960245 1489740.2
663.8838139980186 1496611.5
664.0335171624636 1231599.0
664.1834593893594 768404.7
664.3336406787062 807186.8
664.4840610305039 943293.75
664.6347204447524 831145.1
664.7856189214518 990140.0
664.936756460602 1083480.2
665.0881330622034 1071975.2
665.2397487262554 1090868.9
665.3916034527584 874208.75
665.5436972417123 861221.56
665.6960300931171 837313.4
665.8486020069727 963793.7
666.0014129832791 692401.2
666.1544630220367 920383.6
666.3077521232449 1231050.2
666.4612802869042 1212499.5
666.6150475130142 1102516.6
666.7690538015753 1272496.5
666.9232991525871 1505429.2
667.07778356605 1763446.5
667.2325070419636 1520684.5
667.3874695803282 1850747.2
667.5426711811436 1972838.8
667.69811184441 1881984.9
667.8537915701272 1807970.5
668.0097103582953 1968190.1
668.1658682089143 1733246.0
668.3222651219842 1583430.6
668.4789010975051 1583144.4
668.6357761354766 1625403.5
668.7928902358992 1429873.8
668.9502433987727 1228371.6
669.1078356240971 1269731.6
669.2656669118722 1420352.8
669.4237372620985 1051145.2
669.5820466747754 1079924.0
669.7405951499034 1070159.0
669.8993826874821 1010001.2
670.0584092875117 1178677.8
670.2176749499924 1187309.2
670.3771796749238 1136056.4
670.5369234623063 1197888.8
670.6969063121394 1116799.0
670.8571282244236 1396982.6
671.0175891991586 1437783.5
671.1782892363447 1327430.1
671.3392283359814 1169097.5
671.5004064980691 995956.8
671.6618237226077 1067660.2
671.8234800095972 1069658.6
671.9853753590376 1154795.8
672.1475097709289 1268520.6
672.309883245271 1577192.6
672.472495782064 1374093.9
672.635347381308 1021059.7
672.7984380430028 966109.4
672.9617677671484 761370.9
673.125336553745 930422.5
673.2891444027925 980127.25
673.453191314291 827926.8
673.6174772882403 995966.3
673.7820023246404 974688.0
673.9467664234915 1280415.2
674.1117695847934 1239515.8
674.2770118085463 1286194.1
674.4424930947499 1234648.5
674.6082134434046 1468333.0
674.7741728545101 1526702.4
674.9403713280664 1696679.2
675.1068088640737 1733125.6
675.2734854625319 1623865.2
675.440401123441 1626117.0
675.6075558468009 1664297.6
675.7749496326118 2152352.2
675.9425824808735 2351115.2
676.1104543915861 2517203.5
676.2785653647496 2517985.5
676.4469154003641 2337861.5
676.6155044984293 2530123.0
676.7843326589456 2362598.0
676.9533998819127 2005619.8
677.1227061673306 1789262.4
677.2922515151995 1786993.6
677.4620359255191 1525314.9
677.6320593982898 1911634.2
677.8023219335114 1677647.4
677.9728235311838 1353230.8
678.1435641913071 1077945.1
678.3145439138814 1073886.6
678.4857626989063 907671.1
678.6572205463824 867427.6
678.8289174563092 1021553.8
679.000853428687 1409349.8
679.1730284635156 1225662.4
679.3454425607953 1237318.8
679.5180957205256 1365893.8
679.690987942707 1265101.2
679.8641192273392 1324108.8
680.0374895744222 1470033.9
680.2110989839563 1316466.1
680.3849474559411 1312225.8
680.559034990377 1384503.8
680.7333615872635 1445860.0
680.9079272466012 1296251.5
681.0827319683896 1304384.8
681.257775752629 1139504.6
681.4330585993191 1246155.4
681.6085805084602 1319370.0
681.7843414800523 1270907.0
681.9603415140951 1392221.9
682.1365806105889 1292455.2
682.3130587695335 1118600.2
682.4897759909292 808609.5
682.6667322747755 920251.75
682.8439276210729 1149057.4
683.0213620298211 1411806.5
683.1990355010204 1549199.9
683.3769480346702 1520763.8
683.5550996307712 1280357.6
683.7334902893231 1336620.0
683.9121200103258 1305266.8
684.0909887937793 1238297.4
684.2700966396839 1127826.5
684.4494435480391 1353402.8
684.6290295188454 1505388.2
684.8088545521025 1509440.0
684.9889186478105 1524195.1
685.1692218059694 1639237.5
685.3497640265792 1614207.4
685.5305453096399 1450381.2
685.7115656551515 1353659.2
685.8928250631141 1196168.2
686.0743235335274 1205541.8
686.2560610663917 1189136.4
686.4380376617067 1224323.5
686.6202533194729 1057874.2
686.8027080396897 1225752.9
686.9854018223576 1346307.0
687.1683346674763 1215354.4
687.351506575046 999525.06
687.5349175450664 954700.75
687.7185675775377 1219992.6
687.9024566724601 1284408.6
688.0865848298331 1352801.8
688.2709520496572 1433488.8
688.4555583319321 1270357.2
688.640403676658 1493976.2
688.8254880838347 1591107.6
689.0108115534624 1774886.2
689.1963740855408 1490591.1
689.3821756800703 1459664.0
689.5682163370506 1310109.5
689.7544960564818 1299380.6
689.9410148383638 1433131.0
690.1277726826967 1559093.1
690.3147695894805 1549619.2
690.5020055587153 1534756.8
690.689480590401 1520158.8
690.8771946845374 1631367.8
691.0651478411248 1463955.2
691.253340060163 1315046.0
691.4417713416524 1370473.5
691.6304416855924 1553575.5
691.8193510919834 1616110.8
692.0084995608252 1321503.9
692.197887092118 1442905.5
692.3875136858616 1445793.1
692.5773793420561 1367906.5
692.7674840607016 1556892.2
692.9578278417978 1321724.0
693.1484106853451 1152375.8
693.339232591343 1108091.8
693.5302935597921 1296991.9
693.7215935906919 1371021.4
693.9131326840427 1519796.5
694.1049108398444 1523905.2
694.2969280580969 1609344.8
694.4891843388003 1461541.2
694.6816796819547 1417253.5
694.8744140875599 1916935.8
695.067387555616 1841569.5
695.260600086123 2059014.0
695.4540516790809 2273207.2
695.6477423344896 2061388.0
695.8416720523492 1955311.5
696.0358408326598 2104934.0
696.2302486754212 2051163.1
696.4248955806336 2001551.5
696.6197815482967 1807899.0
696.814906578411 1898260.8
697.0102706709758 2200259.2
697.2058738259918 2277633.2
697.4017160434586 2330647.8
697.5977973233763 2458916.5
697.7941176657448 2649127.5
697.9906770705643 2620431.5
698.1874755378346 2569378.2
698.3845130675558 2387369.0
698.581789659728 2165843.8
698.779305314351 2563554.0
698.9770600314249 2647719.8
699.1750538109496 2314670.8
699.3732866529253 2160392.0
699.5717585573519 2205470.5
699.7704695242294 2539288.2
699.9694195535577 2488516.5
700.168608645337 2427654.8
700.3680367995671 2412797.2
700.5677040162482 2327681.2
700.7676102953801 2572215.5
700.9677556369629 2785406.2
701.1681400409966 2929346.5
701.368763507481 2926334.0
701.5696260364166 2654561.0
701.7707276278029 2630091.2
701.9720682816403 2529370.2
702.1736479979284 2545052.8
702.3754667766674 2678501.2
702.5775246178573 2850042.2
702.7798215214982 2596137.5
702.9823574875899 2360751.8
703.1851325161325 2829726.0
703.3881466071259 3026309.8
703.5913997605704 2613273.0
703.7948919764656 2776604.0
703.9986232548118 2806613.0
704.2025935956088 3067962.2
704.4068029988567 3250243.0
704.6112514645556 3162377.2
704.8159389927052 2987630.2
705.020865583306 2802937.0
705.2260312363574 2805419.5
705.4314359518598 2567040.8
705.6370797298131 2774799.8
705.8429625702173 3210218.8
706.0490844730723 3247246.5
706.2554454383783 2976482.2
706.4620454661351 3206050.0
706.6688845563428 3196925.2
706.8759627090014 3301915.0
707.0832799241109 3157174.5
707.2908362016714 3134910.2
707.4986315416826 3189479.0
707.7066659441448 3584344.5
707.9149394090579 3599526.2
708.1234519364218 3823589.0
708.3322035262366 4244068.5
708.5411941785025 4258206.0
708.750423893219 4149527.2
708.9598926703866 4338755.5
709.169600510005 4184393.5
709.3795474120743 3924096.5
709.5897333765945 4113774.5
709.8001584035657 3879900.0
710.0108224929876 3664205.5
710.2217256448604 4197025.5
710.4328678591842 4452889.0
710.6442491359588 4947673.0
710.8558694751844 5611291.0
711.0677288768608 6005263.0
711.2798273409882 6973125.0
711.4921648675663 7671250.0
711.7047414565955 8142110.0
711.9175571080754 9030515.0
712.1306118220064 10149765.0
712.343905598388 10941428.0
712.5574384372208 10848416.0
712.7712103385043 11128968.0
712.9852213022388 10308416.0
713.199471328424 9461248.0
713.4139604170601 8762487.0
713.6286885681474 8779234.0
713.8436557816852 9013168.0
714.0588620576742 8894147.0
714.274307396114 8112325.0
714.4899917970047 8081094.0
714.7059152603462 8286152.0
714.9220777861387 8297558.0
715.138479374382 8710087.0
715.3551200250763 9788682.0
715.5719997382214 10295624.0
715.7891185138174 10952519.0
716.0064763518642 11913791.0
716.224073252362 11505420.0
716.4419092153107 10763274.0
716.6599842407103 10093572.0
716.8782983285607 10049776.0
717.096851478862 10850211.0
717.3156436916144 9870165.0
717.5346749668174 8502669.0
717.7539453044715 7789525.0
717.9734547045764 7470247.5
718.1932031671322 6339515.0
718.4131906921389 5462377.0
718.6334172795965 5224769.5
718.853882929505 4322460.5
719.0745876418644 4195194.0
719.2955314166745 4019612.2
719.5167142539357 3705660.0
719.7381361536477 3612426.5
719.9597971158106 3329877.5
720.1816971404245 3099742.2
720.4038362274891 3091500.2
720.6262143770048 3914620.2
720.8488315889713 4670214.5
721.0716878633887 5916262.0
721.2947832002569 6228543.0
721.518117599576 6809711.0
721.741691061346 7399212.0
721.965503585567 8323458.0
722.1895551722389 9696718.0
722.4138458213616 11133985.0
722.6383755329352 12614406.0
722.8631443069596 13627038.0
723.0881521434351 13826506.0
723.3133990423613 13866320.0
723.5388850037385 13939325.0
723.7646100275665 12383956.0
723.9905741138455 11902861.0
724.2167772625753 12079485.0
724.4432194737561 12300596.0
724.6699007473876 12266401.0
724.8968210834703 11859454.0
725.1239804820036 12142092.0
725.3513789429879 12864662.0
725.579016466423 13553129.0
725.8068930523091 13522491.0
726.0350087006461 15171850.0
726.2633634114338 16609711.0
726.4919571846726 16818804.0
726.7207900203623 17900338.0
726.9498619185028 19031632.0
727.1791728790942 21807622.0
727.4087229021366 26823972.0
727.6385119876297 35480070.0
727.8685401355738 48686424.0
728.0988073459687 66557750.0
728.3293136188147 86228750.0
728.5600589541114 103784330.0
728.7910433518591 117968120.0
729.0222668120575 128640630.0
729.2537293347069 129955680.0
729.4854309198073 117609670.0
729.7173715673584 96266750.0
729.9495512773606 68990460.0
730.1819700498136 44169370.0
730.4146278847174 28785342.0
730.6475247820722 20273002.0
730.8806607418778 17081316.0
731.1140357641343 14733014.0
731.3476498488419 11668786.0
731.5815029960002 9305944.0
731.8155952056094 7374612.0
732.0499264776695 6489704.5
732.2844968121806 5619101.0
732.5193062091423 5253393.0
732.754354668555 5144359.0
732.9896421904187 4630280.5
733.2251687747333 4602039.5
733.4609344214988 4621854.0
733.6969391307151 5061413.0
733.9331829023823 5326672.0
734.1696657365004 5618427.5
734.4063876330695 5852952.0
734.6433485920893 6990269.5
734.8805486135602 7568449.5
735.1179876974818 7759024.0
735.3556658438545 8485656.0
735.5935830526778 8236840.0
735.8317393239522 7263514.5
736.0701346576775 7121337.0
736.3087690538534 6831697.5
736.5476425124806 6512810.5
736.7867550335584 6423537.5
737.0261066170873 6435918.0
737.265697263067 7279040.0
737.5055269714976 8945439.0
737.745595742379 10816288.0
737.9859035757114 13935904.0
738.2264504714947 18289228.0
738.4672364297288 24412692.0
738.7082614504138 33189296.0
738.9495255335498 45214216.0
739.1910286791365 61046484.0
739.4327708871742 78542450.0
739.6747521576629 94609030.0
739.9169724906022 105666880.0
740.1594318859927 108502910.0
740.4021303438338 107305700.0
740.6450678641261 97596000.0
740.8882444468691 75956660.0
741.131660092063 51625824.0
741.3753147997079 33093218.0
741.6192085698036 22454880.0
741.8633414023502 16590294.0
742.1077132973477 12544722.0
742.352324254796 9883904.0
742.5971742746954 7603162.5
742.8422633570456 6149657.0
743.0875915018465 5090978.0
743.3331587090985 4403272.0
743.5789649788013 3724317.2
743.8250103109551 3557129.8
744.0712947055597 2995747.2
744.3178181626151 2380377.8
744.5645806821216 2252093.5
744.8115822640789 2398032.8
745.058822908487 2675246.2
745.3063026153461 2840767.8
745.554021384656 3004488.0
745.801979216417 3161482.8
746.0501761106286 3565380.2
746.2986120672912 3898764.0
746.5472870864048 3911658.8
746.7962011679691 3729426.5
747.0453543119845 3804248.5
747.2947465184507 3595022.2
747.5443777873677 3301607.2
747.7942481187357 2893889.5
748.0443575125546 3053977.2
748.2947059688242 2252035.2
748.545293487545 2159996.0
748.7961200687164 2058615.5
749.0471857123389 2024657.6
749.2984904184123 1947518.6
749.5500341869365 2316522.8
749.8018170179115 2203406.0
750.0538389113375 1886118.5
750.3060998672144 1889207.6
750.558599885542 2072753.0
750.8113389663208 2022451.5
751.0643171095503 1886068.6
751.3175343152308 2042393.6
751.570990583362 1843127.6
751.8246859139442 1812433.5
752.0786203069773 1922281.0
752.3327937624614 1798617.5
752.5872062803962 2082014.5
752.841857860782 2012017.4
753.0967485036186 2152411.0
753.3518782089062 2157811.0
753.6072469766447 2266268.2
753.8628548068339 2439029.0
754.1187016994742 2502263.8
754.3747876545652 2436529.0
754.6311126721073 2565107.2
754.8876767521001 2422884.2
755.144479894544 2542219.8
755.4015220994386 2945283.8
755.6588033667842 2720487.8
755.9163236965807 2939022.2
756.1740830888281 2987257.2
756.4320815435262 2907416.2
756.6903190606754 2945007.8
756.9487956402754 3133010.0
757.2075112823263 2976497.5
757.4664659868281 2831056.2
757.7256597537807 2963025.5
757.9850925831844 3515541.5
758.2447644750388 3418284.5
758.5046754293442 3497703.5
758.7648254461004 3829252.5
759.0252145253075 3719621.5
759.2858426669656 3922117.8
759.5467098710745 4161983.8
759.8078161376343 4408509.5
760.069161466645 4630580.5
760.3307458581066 5002464.0
760.5925693120191 5115228.5
760.8546318283825 4923557.0
761.1169334071967 4490248.0
761.3794740484618 3989834.8
761.6422537521778 3881476.0
761.9052725183449 3944519.8
762.1685303469626 3762620.5
762.4320272380314 3395683.0
762.6957631915509 3618649.8
762.9597382075215 3733465.2
763.2239522859428 3647307.8
763.4884054268151 3528009.0
763.7530976301382 3805642.0
764.0180288959123 3926322.8
764.2831992241372 4288249.0
764.5486086148131 4065588.8
764.8142570679397 4318307.5
765.0801445835173 4956750.0
765.3462711615459 5334293.0
765.6126368020252 5744045.0
765.8792415049556 6051390.5
766.1460852703367 6299097.0
766.4131680981689 6566255.0
766.6804899884517 6081985.0
766.9480509411856 6085240.0
767.2158509563703 6337403.0
767.483890034006 5693570.5
767.7521681740925 4667105.5
768.0206853766299 4421579.0
768.2894416416182 4913484.0
768.5584369690574 4926099.5
768.8276713589474 4458193.0
769.0971448112883 4376600.5
769.3668573260802 4878366.0
769.636808903323 5736558.0
769.9069995430166 5755585.0
770.1774292451611 6063750.0
770.4480980097566 6129260.5
770.7190058368028 6334769.0
770.9901527263 6994270.0
771.2615386782481 7382473.0
771.5331636926471 7524705.0
771.805027769497 8530482.0
772.0771309087978 10561122.0
772.3494731105494 12261998.0
772.622054374752 14366948.0
772.8948747014053 17191656.0
773.1679340905096 18619154.0
773.4412325420649 20347838.0
773.714770056071 22270998.0
773.9885466325279 23148928.0
774.2625622714359 21528368.0
774.5368169727947 18813080.0
774.8113107366042 16697066.0
775.0860435628648 13273180.0
775.3610154515762 9883148.0
775.6362264027387 7562339.0
775.9116764163518 6887417.5
776.1873654924159 6736567.5
776.4632936309309 6646405.5
776.7394608318967 5918527.0
777.0158670953135 5968337.5
777.2925124211812 6031722.0
777.5693968094998 5688414.5
777.8465202602692 5526647.0
778.1238827734896 6121973.0
778.4014843491608 7298424.0
778.6793249872829 8616676.0
778.957404687856 9313003.0
779.23572345088 10374026.0
779.5142812763546 11519042.0
779.7930781642804 13312894.0
780.0721141146569 15792135.0
780.3513891274845 17376206.0
780.6309032027627 18336818.0
780.9106563404919 19291048.0
781.1906485406721 18864064.0
781.4708798033031 17873858.0
781.7513501283851 15860171.0
782.0320595159178 14928811.0
782.3130079659015 15568419.0
782.5941954783361 15934978.0
782.8756220532216 16459789.0
783.157287690558 15192122.0
783.4391923903453 13724826.0
783.7213361525834 12809079.0
784.0037189772725 11981878.0
784.2863408644123 12033232.0
784.5692018140032 12657801.0
784.8523018260448 13129928.0
785.1356409005374 13840522.0
785.419219037481 13937939.0
785.7030362368753 14056739.0
785.9870924987206 14956829.0
786.2713878230167 14830916.0
786.5559222097638 14954279.0
786.8406956589616 14598762.0
787.1257081706106 14139265.0
787.4109597447102 13599486.0
787.6964503812609 13487826.0
787.9821800802623 13258681.0
788.2681488417147 13988475.0
788.554356665618 14536911.0
788.8408035519722 14133430.0
789.1274895007773 14702335.0
789.4144145120331 15060368.0
789.70157858574 16152911.0
789.9889817218977 16671161.0
790.2766239205064 17327080.0
790.5645051815659 18253968.0
790.8526255050763 19229356.0
791.1409848910375 21269004.0
791.4295833394498 23420408.0
791.7184208503128 25305242.0
792.0074974236268 26973942.0
792.2968130593916 29546684.0
792.5863677576074 32019242.0
792.876161518274 32998338.0
793.1661943413915 33948630.0
793.45646622696 33312600.0
793.7469771749792 31760624.0
794.0377271854495 30919228.0
794.3287162583705 32304016.0
794.6199443937426 32517376.0
794.9114115915653 33434488.0
795.2031178518391 35307404.0
795.4950631745637 36639016.0
795.7872475597393 36628200.0
796.0796710073657 36529830.0
796.372333517443 37371500.0
796.6652350899712 38653904.0
796.9583757249504 38904224.0
797.2517554223803 41591692.0
797.5453741822612 45084356.0
797.839232004593 48325540.0
798.1333288893755 50772104.0
798.4276648366092 54693936.0
798.7222398462935 58321164.0
799.0170539184289 62536444.0
799.3121070530151 65043900.0
799.6073992500523 65331140.0
799.9029305095402 66404816.0
800.1987008314792 68393620.0
800.4947102158688 68613430.0
800.7909586627096 67733816.0
801.0874461720011 67796250.0
801.3841727437435 68256770.0
801.6811383779369 69057960.0
801.9783430745811 66839616.0
802.2757868336762 64107344.0
802.5734696552222 60959236.0
802.8713915392192 57442284.0
803.1695524856669 53814730.0
803.4679524945657 52825570.0
803.7665915659152 49957704.0
804.0654696997157 49252060.0
804.364586895967 49478380.0
804.6639431546693 51464984.0
804.9635384758224 53923530.0
805.2633728594265 54722904.0
805.5634463054813 55346170.0
805.863758813987 57453684.0
806.1643103849437 60556970.0
806.4651010183513 62277570.0
806.7661307142098 62927256.0
807.0673994725191 61607400.0
807.3689072932794 62817036.0
807.6706541764905 62602036.0
807.9726401221526 64217250.0
808.2748651302655 68650970.0
808.5773292008294 75761280.0
808.880032333844 87495360.0
809.1829745293097 99397210.0
809.4861557872262 113937340.0
809.7895761075936 133289530.0
810.0932354904118 154188900.0
810.3971339356808 175389180.0
810.701271443401 193759760.0
811.0056480135719 209149460.0
811.3102636461938 220064980.0
811.6151183412665 222266080.0
811.9202120987901 220794000.0
812.2255449187645 214603680.0
812.5311168011899 200751600.0
812.8369277460662 180380420.0
813.1429777533934 159089060.0
813.4492668231715 140504860.0
813.7557949554005 128718100.0
814.0625621500802 122036130.0
814.3695684072109 112400100.0
814.6768137267925 103694800.0
814.984298108825 98014240.0
815.2920215533085 90833520.0
815.5999840602427 84512480.0
815.908185629628 80792690.0
816.216626261464 75155460.0
816.5253059557509 68172210.0
816.8342247124888 61598830.0
817.1433825316776 55315796.0
817.4527794133171 48983900.0
817.7624153574077 43455516.0
818.072290363949 39646684.0
818.3824044329415 38574470.0
818.6927575643846 37757756.0
819.0033497582787 38670090.0
819.3141810146236 42778300.0
819.6252513334194 48013850.0
819.9365607146663 53145004.0
820.2481091583638 59822360.0
820.5598966645124 66773124.0
820.8719232331118 73832830.0
821.1841888641621 83214280.0
821.4966935576633 94439640.0
821.8094373136155 109303160.0
822.1224201320184 128444800.0
822.4356420128723 147998740.0
822.749102956177 172303120.0
823.0628029619327 194160460.0
823.3767420301392 220376820.0
823.6909201607966 240082580.0
824.005337353905 259346860.0
824.3199936094642 277330700.0
824.6348889274743 287246880.0
824.9500233079352 286190430.0
825.2653967508472 272296060.0
825.5810092562099 245228240.0
825.8968608240236 206194320.0
826.2129514542881 161532000.0
826.5292811470036 119434240.0
826.8458499021699 84369690.0
827.1626577197871 60625644.0
827.4797045998553 45881384.0
827.7969905423743 35822604.0
828.1145155473441 28589540.0
828.4322796147649 23259848.0
828.7502827446367 19916402.0
829.0685249369592 17854942.0
829.3870061917327 15561804.0
829.705726508957 13984286.0
830.0246858886322 12907678.0
830.3438843307583 11128571.0
830.6633218353354 9635209.0
830.9829984023633 9372814.0
831.3029140318422 8415571.0
831.6230687237718 7859151.0
831.9434624781525 8584319.0
832.2640952949838 9243814.0
832.5849671742662 9523216.0
832.9060781159994 8851903.0
833.2274281201835 8901730.0
833.5490171868187 9147927.0
833.8708453159045 9246725.0
834.1929125074414 8816558.0
834.515218761429 8547469.0
834.8377640778676 9087988.0
835.160548456757 10679908.0
835.4835718980975 12641766.0
835.8068344018886 13114001.0
836.1303359681309 12784765.0
836.4540765968239 12834246.0
836.778056287968 13323049.0
837.1022750415626 15264271.0
837.4267328576084 17263596.0
837.7514297361049 18158960.0
838.0763656770524 17547076.0
838.4015406804508 17928028.0
838.7269547463001 19492172.0
839.0526078746003 19034024.0
839.3785000653513 18877234.0
839.7046313185533 19210352.0
840.0310016342061 19925682.0
840.3576110123099 19611244.0
840.6844594528644 18890738.0
841.01154695587 18482454.0
841.3388735213264 18483984.0
841.6664391492336 17979446.0
841.9942438395917 18312410.0
842.3222875924008 19271674.0
842.6505704076608 20485958.0
842.9790922853716 20563942.0
843.3078532255333 19574810.0
843.636853228146 19610514.0
843.9660922932096 19357978.0
844.2955704207238 19051128.0
844.6252876106893 18722502.0
844.9552438631054 18169110.0
845.2854391779725 18688242.0
845.6158735552905 19071284.0
845.9465469950594 19029112.0
846.2774594972791 19560982.0
846.6086110619498 21966032.0
846.9400016890712 24236722.0
847.2716313786436 26682542.0
847.603500130667 30592178.0
847.9356079451411 34571040.0
848.2679548220663 38718396.0
848.6005407614422 42170820.0
848.9333657632692 46278670.0
849.2664298275467 48675716.0
849.5997329542755 52574770.0
849.933275143455 56188904.0
850.2670563950855 57769216.0
850.6010767091668 56716260.0
850.935336085699 54337576.0
851.2698345246821 52684104.0
851.6045720261161 51298836.0
851.939548590001 50892544.0
852.2747642163367 48963664.0
852.6102189051235 43880116.0
852.9459126563609 41581930.0
853.2818454700493 39593310.0
853.6180173461887 34544524.0
853.9544282847789 28428102.0
854.29107828582 25377984.0
854.627967349312 25632168.0
854.9650954752549 26631160.0
855.3024626636488 28519270.0
855.6400689144934 29636540.0
855.9779142277889 30746644.0
856.3159986035355 33368610.0
856.6543220417327 34499964.0
856.992884542381 34260196.0
857.33168610548 36664936.0
857.6707267310301 39899184.0
858.010006419031 43353116.0
858.3495251694828 45638470.0
858.6892829823855 47179090.0
859.0292798577391 50062300.0
859.3695157955435 54792936.0
859.709990795799 57732616.0
860.0507048585051 61850070.0
860.3916579836623 65220660.0
860.7328501712702 66684624.0
861.0742814213293 70604590.0
861.415951733839 73105040.0
861.7578611087997 73093170.0
862.1000095462114 73535400.0
862.4423970460737 75176930.0
862.7850236083872 73339720.0
863.1278892331513 67493390.0
863.4709939203666 60364640.0
863.8143376700325 54973350.0
864.1579204821496 46362510.0
864.5017423567174 37873260.0
864.845803293736 30959222.0
865.1901032932057 25530016.0
865.5346423551262 21950188.0
865.8794204794975 20535524.0
866.2244376663198 20888476.0
866.569693915593 22277082.0
866.9151892273169 24998592.0
867.2609236014919 27237096.0
867.6068970381177 29363962.0
867.9531095371945 31494048.0
868.299561098722 33806780.0
868.6462517227006 37188636.0
868.9931814091299 43761756.0
869.3403501580103 50042570.0
869.6877579693414 52892376.0
870.0354048431236 56989560.0
870.3832907793565 61403510.0
870.7314157780402 62802630.0
871.079779839175 65618700.0
871.4283829627606 69860856.0
871.7772251487971 71251336.0
872.1263063972845 74756420.0
872.4756267082229 75243750.0
872.825186081612 76600590.0
873.1749845174521 74033270.0
873.525022015743 70197770.0
873.875298576485 61004380.0
874.2258141996776 50759816.0
874.5765688853213 42958180.0
874.9275626334158 40068732.0
875.2787954439613 39308068.0
875.6302673169575 39564400.0
875.9819782524048 40228736.0
876.3339282503027 40609650.0
876.6861173106518 41310884.0
877.0385454334516 41718684.0
877.3912126187024 39307850.0
877.744118866404 35124844.0
878.0972641765566 32658348.0
878.45064854916 30085836.0
878.8042719842143 26107888.0
879.1581344817196 22479570.0
879.5122360416756 19228086.0
879.8665766640827 16824484.0
880.2211563489404 15462200.0
880.5759750962493 15316614.0
880.9310329060089 15111839.0
881.2863297782194 14741809.0
881.6418657128809 15316348.0
881.9976407099932 14934462.0
882.3536547695564 15516122.0
882.7099078915705 16693660.0
883.0664000760355 16692325.0
883.4231313229513 17821894.0
883.7801016323183 18631204.0
884.1373110041359 19003860.0
884.4947594384045 18446604.0
884.8524469351239 18451532.0
885.2103734942943 18128184.0
885.5685391159154 17037116.0
885.9269437999875 16121875.0
886.2855875465107 15246361.0
886.6444703554844 15000444.0
887.0035922269093 15214741.0
887.3629531607849 14928478.0
887.7225531571116 15575094.0
888.082392215889 15939652.0
888.4424703371174 17648978.0
888.8027875207965 19044384.0
889.1633437669268 20279472.0
889.5241390755077 21189604.0
889.8851734465397 21838348.0
890.2464468800224 23968522.0
890.6079593759562 26321732.0
890.9697109343408 29086890.0
891.3317015551763 32262878.0
891.6939312384626 35240140.0
892.0563999841997 38026770.0
892.419107792388 41268660.0
892.7820546630269 44444384.0
893.145240596117 47165104.0
893.5086655916577 48909476.0
893.8723296496495 51891244.0
894.2362327700921 51909280.0
894.6003749529856 53146056.0
894.96475619833 55725184.0
895.3293765061252 60364476.0
895.6942358763713 63211196.0
896.0593343090684 64617910.0
896.4246718042164 67281570.0
896.7902483618151 67878920.0
897.1560639818649 69083040.0
897.5221186643654 65865384.0
897.888412409317 59484864.0
898.2549452167193 47030680.0
898.6217170865726 35402824.0
898.9887280188768 25617016.0
899.3559780136319 18907758.0
899.7234670708378 16353101.0
900.0911951904947 15806171.0
900.4591623726023 13961562.0
900.827368617161 12225690.0
901.1958139241705 11009690.0
901.5644982936308 10279836.0
901.9334217255422 9908812.0
902.3025842199042 10050949.0
902.6719857767174 10553945.0
903.0416263959813 10615672.0
903.4115060776962 10911195.0
903.7816248218619 10802399.0
904.1519826284787 11639298.0
904.5225794975461 11953766.0
904.8934154290646 11906780.0
905.2644904230337 11675054.0
905.635804479454 11075611.0
906.0073575983251 10265174.0
906.3791497796472 9753159.0
906.7511810234199 9180736.0
907.1234513296438 9078488.0
907.4959606983184 9673172.0
907.8687091294438 9372614.0
908.2416966230203 8444658.0
908.6149231790475 8063461.0
908.9883887975259 8110732.0
909.3620934784549 9003382.0
909.736037221835 8220630.0
910.1102200276657 8153325.5
910.4846418959476 8752622.0
910.8593028266802 8644030.0
911.2342028198638 8189305.0
911.6093418754981 7934022.0
911.9847199935836 8188434.0
912.3603371741196 8882884.0
912.7361934171067 8536961.0
913.1122887225448 9404270.0
913.4886230904336 10040252.0
913.8651965207735 10227259.0
914.242009013564 11014401.0
914.6190605688057 11498535.0
914.996351186498 11356125.0
915.3738808666415 12076499.0
915.7516496092356 12531054.0
916.1296574142808 12992654.0
916.5079042817767 13262056.0
916.8863902117237 13537191.0
917.2651152041215 14476825.0
917.6440792589702 14549758.0
918.0232823762697 13881460.0
918.4027245560201 13627772.0
918.7824057982216 12565945.0
919.1623261028737 12650101.0
919.542485469977 13139615.0
919.9228838995309 12439215.0
920.3035213915359 12440648.0
920.6843979459916 12361224.0
921.0655135628983 12594594.0
921.446868242256 12864114.0
921.8284619840645 13927211.0
922.2102947883237 15241825.0
922.5923666550341 15523938.0
922.9746775841952 15735501.0
923.3572275758072 14934968.0
923.7400166298701 16108828.0
924.1230447463838 17200812.0
924.5063119253487 17707576.0
924.8898181667641 18178952.0
925.2735634706307 18671004.0
925.657547836948 18007246.0
926.0417712657163 16743636.0
926.4262337569354 16081465.0
926.8109353106056 15644630.0
927.1958759267263 15585919.0
927.5810556052983 15274816.0
927.966474346321 15093470.0
928.3521321497947 15324944.0
928.7380290157191 14885855.0
929.1241649440944 14409646.0
929.5105399349206 13595171.0
929.8971539881978 13564242.0
930.2840071039259 12631106.0
930.6710992821048 11343936.0
931.0584305227347 10498269.0
931.4460008258154 10214980.0
931.8338101913471 9469972.0
932.2218586193296 7970521.0
932.610146109763 6830482.5
932.9986726626472 5966455.0
933.3874382779825 4617987.0
933.7764429557685 3193113.8
934.1656866960054 2699909.8
934.5551694986933 2508707.2
934.9448913638321 2417759.8
935.3348522914216 2678897.5
935.7250522814621 2811378.0
936.1154913339535 2875929.5
936.5061694488959 3134690.5
936.8970866262891 3291587.2
937.288242866133 3263103.8
937.6796381684281 2897406.5
938.0712725331739 3319421.2
938.4631459603708 3918874.0
938.8552584500184 4005934.8
939.247610002117 4014521.5
939.6402006166663 4309494.0
940.0330302936667 4812066.5
940.4260990331178 4598342.0
940.8194068350199 4498425.5
941.212953699373 4236324.0
941.6067396261767 4845561.0
942.0007646154315 5302177.5
942.3950286671371 4839390.5
942.7895317812938 4371607.5
943.184273957901 3743705.5
943.5792551969595 3949892.2
943.9744754984687 4076314.5
944.3699348624289 3858906.0
944.7656332888398 3916082.5
945.1615707777016 3828987.0
945.5577473290144 3831057.2
945.9541629427781 3855637.5
946.3508176189927 3828868.8
946.7477113576581 4084554.5
947.1448441587745 4424719.0
947.5422160223416 4221528.0
947.9398269483597 4075840.2
948.3376769368288 4242002.5
948.7357659877487 4560348.0
949.1340941011194 5367686.0
949.5326612769411 5427102.5
949.9314675152136 5810352.5
950.3305128159373 6057077.5
950.7297971791115 5765852.5
951.1293206047367 5985646.0
951.5290830928128 5898745.0
951.9290846433399 5279251.0
952.3293252563178 5010554.5
952.7298049317465 4900238.0
953.1305236696262 5101115.5
953.5314814699568 5383767.5
953.9326783327383 5386560.0
954.3341142579707 5614120.0
954.7357892456539 5383609.5
955.137703295788 4913163.0
955.5398564083731 4697788.0
955.942248583409 4767495.5
956.3448798208958 4754730.0
956.7477501208334 3943803.0
957.1508594832221 3924547.0
957.5542079080615 3838124.8
957.9577953953519 3938666.2
958.3616219450932 3729887.0
958.7656875572852 4078233.0
959.1699922319283 4302491.0
959.5745359690222 4196243.5
959.979318768567 3218101.0
960.3843406305627 3751682.2
960.7896015550094 4153465.5
961.1951015419069 4809874.5
961.6008405912553 4564657.5
962.0068187030545 4153960.2
962.4130358773048 4436295.5
962.8194921140057 5174665.5
963.2261874131577 5155025.5
963.6331217747605 5419800.5
964.0402951988142 5946294.5
964.4477076853188 6507775.0
964.8553592342744 5975893.0
965.2632498456808 6276219.0
965.671379519538 6401638.0
966.0797482558462 6433617.0
966.4883560546052 5686829.5
966.8972029158153 5549888.0
967.3062888394761 4897157.0
967.7156138255879 4154094.5
968.1251778741505 3898210.5
968.534980985164 3685807.8
968.9450231586284 3607544.5
969.3553043945437 3503367.0
969.7658246929099 3462917.0
970.1765840537269 3530202.8
970.5875824769948 3137301.5
970.9988199627137 3152791.5
971.4102965108834 3619272.8
971.822012121504 3686530.5
972.2339667945757 3595464.8
972.6461605300981 3620607.2
973.0585933280714 4311153.5
973.4712651884955 4884538.0
973.8841761113707 5376461.0
974.2973260966967 5363544.0
974.7107151444736 5061682.5
975.1243432547012 5456076.0
975.5382104273799 6435264.0
975.9523166625095 6615434.0
976.3666619600898 6484133.0
976.7812463201212 6496650.5
977.1960697426034 7513304.0
977.6111322275365 8281904.0
978.0264337749204 7738888.0
978.4419743847554 7950849.0
978.8577540570411 8021559.5
979.2737727917779 7907659.0
979.6900305889653 7161106.0
980.1065274486039 6548013.0
980.523263370693 6134380.5
980.9402383552333 6491572.5
981.3574524022245 6335865.0
981.7749055116664 6550586.0
982.1925976835594 7473867.5
982.6105289179031 8283739.0
983.0286992146978 8664548.0
983.4471085739433 9457791.0
983.8657569956398 10114107.0
984.2846444797872 10900475.0
984.7037710263854 10826874.0
985.1231366354345 11606631.0
985.5427413069345 11893131.0
985.9625850408854 11839085.0
986.3826678372873 11184301.0
986.8029896961399 10768805.0
987.2235506174435 10923658.0
987.6443506011979 10141296.0
988.0653896474032 10248551.0
988.4866677560595 10188685.0
988.9081849271665 9554256.0
989.3299411607247 9218358.0
989.7519364567336 9019832.0
990.1741708151934 8910832.0
990.5966442361041 8068389.5
991.0193567194657 8238897.0
991.4423082652781 8219864.0
991.8654988735416 6803800.5
992.2889285442558 6538204.5
992.712597277421 5765505.5
993.1365050730369 5764305.0
993.5606519311038 6352145.0
993.9850378516217 6776047.5
994.4096628345903 7624320.0
994.83452688001 8639108.0
995.2596299878804 8516516.0
995.6849721582018 8760774.0
996.110553390974 8951799.0
996.5363736861973 8699061.0
996.9624330438713 9276514.0
997.3887314639962 9402871.0
997.8152689465721 10071316.0
998.2420454915989 9231312.0
998.6690610990764 8958034.0
999.0963157690048 8967177.0
999.5238095013843 8593485.0
999.9515422962145 8254559.5
1000.3795141534958 7458577.0
1000.8077250732279 6956283.0
1001.2361750554107 6173309.5
1001.6648641000446 5566234.0
1002.0937922071294 5036320.5
1002.522959376665 5039573.0
1002.9523656086515 4355469.5
1003.3820109030889 4578052.0
1003.8118952599773 5209309.5
1004.2420186793163 5318372.0
1004.6723811611065 6087659.5
1005.1029827053474 7952176.0
1005.5338233120393 8884161.0
1005.9649029811819 10056299.0
1006.3962217127755 10267155.0
1006.8277795068202 10400662.0
1007.2595763633155 11805919.0
1007.6916122822619 12532285.0
1008.1238872636591 13682744.0
1008.5564013075071 15532561.0
1008.9891544138061 16628656.0
1009.422146582556 17907862.0
1009.8553778137567 18528782.0
1010.2888481074084 18366780.0
1010.7225574635108 18509564.0
1011.1565058820644 19606204.0
1011.5906933630686 20629122.0
1012.0251199065237 17411024.0
1012.45978551243 13829059.0
1012.8946901807869 11149938.0
1013.3298339115948 8553438.0
1013.7652167048535 6645368.0
1014.2008385605632 5588044.0
1014.6366994787238 4869512.0
1015.0727994593352 4805799.5
1015.5091385023975 4991518.0
1015.9457166079108 4906775.0
1016.3825337758749 5241208.0
1016.8195900062899 6258986.0
1017.2568852991558 7136889.0
1017.6944196544725 8254510.0
1018.1321930722402 9286455.0
1018.5702055524587 10264254.0
1019.0084570951283 10805326.0
1019.4469477002485 11409418.0
1019.8856773678198 13143944.0
1020.3246460978419 14012918.0
1020.763853890315 13893352.0
1021.2033007452387 14213581.0
1021.6429866626136 14896639.0
1022.0829116424393 16346718.0
1022.5230756847159 17041960.0
1022.9634787894433 15828622.0
1023.4041209566217 14504538.0
1023.8450021862509 13461644.0
1024.286122478331 10632958.0
1024.727481832862 6761637.0
1025.1690802498438 4100001.5
1025.6109177292767 2930550.2
1026.0529942711605 3075125.0
1026.495309875495 2738346.2
1026.9378645422805 2323431.2
1027.380658271517 2015272.5
1027.823691063204 1746535.2
1028.2669629173424 1500566.1
1028.7104738339312 1672681.4
1029.1542238129714 1931889.2
1029.598212854462 1679404.9
1030.0424409584039 1564405.2
1030.4869081247964 1596780.5
1030.9316143536398 1059622.4
1031.376559644934 848941.5
1031.8217439986793 764122.2
1032.2671674148755 1022118.4
1032.7128298935227 1108742.6
1033.1587314346207 1075650.1
1033.6048720381693 933460.7
1034.051251704169 1196170.2
1034.4978704326197 1547412.8
1034.9447282235212 1085510.1
1035.3918250768736 1184143.6
1035.8391609926769 1053839.8
1036.286735970931 1028390.4
1036.734550011636 990336.8
1037.182603114792 1028647.8
1037.6308952803988 878899.7
1038.0794265084567 1012623.44
1038.5281967989652 1168237.0
1038.9772061519247 1394669.0
1039.426454567335 1569012.5
1039.8759420451966 1609592.6
1040.3256685855085 1467403.1
1040.7756341882716 1352543.0
1041.2258388534856 1628392.6
1041.6762825811506 1844876.2
1042.1269653712661 1723554.0
1042.577887223833 1424684.4
1043.0290481388504 1216400.4
1043.4804481163187 1141862.6
1043.9320871562381 1572774.8
1044.3839652586082 1542576.9
1044.8360824234294 1533478.2
1045.2884386507012 1836438.1
1045.7410339404241 1543261.5
1046.193868292598 1554522.2
1046.6469417072226 1482329.8
1047.1002541842981 1973642.0
1047.5538057238246 1950103.2
1048.0075963258018 1908367.6
1048.46162599023 1698593.9
1048.915894717109 1580617.4
1049.3704025064392 1580231.8
1049.82514935822 1437049.0
1050.2801352724516 1536541.1
1050.7353602491344 1403091.9
1051.1908242882678 1651416.1
1051.6465273898525 1609491.0
1052.1024695538877 1756520.0
1052.558650780374 1748079.4
1053.015071069311 1611061.8
1053.471730420699 1476840.0
1053.928628834538 1619376.1
1054.3857663108276 1542180.2
1054.8431428495683 1541736.2
1055.30075845076 1585823.0
1055.7586131144024 1430627.5
1056.2167068404956 1586399.2
1056.67503962904 2195452.2
1057.133611480035 2093164.5
1057.592422393481 2043324.4
1058.0514723693777 2082136.5
1058.5107614077258 2173711.5
1058.9702895085243 1860984.9
1059.4300566717739 1860629.2
1059.8900628974743 2399723.0
1060.3503081856259 1446094.5
1060.8107925362278 -581790.5
1061.2715159492811 -2502709.0
1061.732478424785 -4460494.5
1062.1936799627401 -5956817.0
1062.6551205631458 -7120812.5
1063.1168002260026 -9217750.0
1063.57871895131 -11144111.0
1064.0408767390686 -12611304.0
1064.503273589278 -14446835.0
1064.965909501938 -16219469.0
1065.4287844770492 -18301324.0
1065.8918985146113 -20184276.0
1066.3552516146242 -22009496.0
1066.818843777088 -23805540.0
1067.2826750020029 -25704702.0
1067.7467452893684 -28116500.0
1068.211054639185 -30100404.0
1068.6756030514523 0.0
1069.1403905261704 0.0
1069.6054170633397 0.0
1070.0706826629596 0.0
1070.5361873250306 0.0
1071.0019310495525 0.0
1071.4679138365252 0.0
1071.9341356859486 0.0
