string
description: px_shifted, calibration parameter: [ 1.19531225e-04 -2.30194563e-02  6.18194146e+02]
converted file:R_100ms_Fe_S3_x_1_47_binned_y back: data/dark_100msRZP-structure:___RZP_S3100msRoi:[0, 1040, 2048, 2048]
eV counts/s
618.1712462133476 2028242.6
618.1485853507007 2033455.0
618.1261635505048 1703629.2
618.1039808127597 1695339.4
618.0820371374655 1872239.9
618.0603325246223 1998277.5
618.0388669742298 2365116.8
618.0176404862883 2191710.5
617.9966530607976 2428059.2
617.9759046977579 2612314.8
617.955395397169 2399303.2
617.9351251590311 2309837.0
617.9150939833439 2377941.5
617.8953018701078 2369776.0
617.8757488193226 2190841.2
617.8564348309881 2210016.5
617.8373599051046 2506041.8
617.8185240416719 2552592.0
617.7999272406903 2533642.0
617.7815695021593 2171188.5
617.7634508260794 2217546.2
617.7455712124504 2208556.0
617.7279306612722 2393634.8
617.7105291725449 1978633.8
617.6933667462686 1975735.6
617.676443382443 1982567.2
617.6597590810685 1695188.9
617.6433138421447 1853409.8
617.6271076656718 2288441.8
617.6111405516499 1891697.4
617.5954125000789 2052844.0
617.5799235109587 1775624.2
617.5646735842894 2043909.0
617.5496627200711 2251578.8
617.5348909183035 2575316.2
617.520358178987 2532676.0
617.5060645021213 2468212.5
617.4920098877064 2850787.2
617.4781943357425 3169757.8
617.4646178462295 3141896.5
617.4512804191673 3211470.2
617.4381820545561 2930427.5
617.4253227523957 3025448.0
617.4127025126862 2886047.8
617.4003213354276 2478789.8
617.3881792206199 2274407.5
617.3762761682632 2431584.0
617.3646121783572 2595812.2
617.3531872509022 2482057.8
617.342001385898 2497644.5
617.3310545833449 2485539.8
617.3203468432424 2431904.8
617.309878165591 1945052.2
617.2996485503904 1598853.9
617.2896579976408 1780386.1
617.2799065073419 2270719.0
617.270394079494 2923904.8
617.261120714097 2771963.0
617.2520864111508 2891592.5
617.2432911706557 2946913.8
617.2347349926113 3010186.5
617.2264178770179 3101872.8
617.2183398238752 3431809.5
617.2105008331837 3347347.0
617.2029009049428 3614362.0
617.195540039153 3229672.8
617.188418235814 3352260.2
617.1815354949258 3362889.5
617.1748918164886 2784850.5
617.1684872005023 2512527.0
617.1623216469668 3194290.0
617.1563951558823 3250572.2
617.1507077272486 3459586.2
617.1452593610658 3717083.8
617.140050057334 3778782.5
617.1350798160529 4173412.8
617.1303486372229 4838414.5
617.1258565208436 4520026.0
617.1216034669154 4136205.2
617.1175894754379 4401492.0
617.1138145464114 4824489.0
617.1102786798357 4806619.0
617.106981875711 4609077.0
617.1039241340371 4037706.2
617.1011054548142 3854241.2
617.0985258380421 4196792.5
617.0961852837207 3382462.2
617.0940837918505 3142721.2
617.092221362431 3642224.8
617.0905979954625 3895496.2
617.0892136909449 3599319.0
617.0880684488782 3880528.8
617.0871622692623 4134622.5
617.0864951520974 4819935.5
617.0860670973833 5386780.0
617.0858781051202 5877865.0
617.0859281753078 7241139.0
617.0862173079464 7951312.5
617.0867455030359 6959306.0
617.0875127605763 5394664.0
617.0885190805675 3931799.5
617.0897644630096 2850458.5
617.0912489079027 2093627.5
617.0929724152465 1435431.0
617.0949349850415 1598750.2
617.0971366172871 1779361.9
617.0995773119838 1531447.8
617.1022570691313 1403167.6
617.1051758887297 1524956.8
617.1083337707789 1336633.6
617.1117307152791 1177545.4
617.1153667222302 1268596.5
617.1192417916321 1464382.2
617.123355923485 1798386.1
617.1277091177888 2046864.2
617.1323013745433 2322933.8
617.1371326937488 2868443.5
617.1422030754052 3204460.5
617.1475125195125 4296456.5
617.1530610260706 5277393.0
617.1588485950797 5137454.0
617.1648752265397 5438069.5
617.1711409204505 5880884.5
617.1776456768123 6475605.5
617.1843894956249 6580244.0
617.1913723768885 6538620.0
617.1985943206029 6186370.0
617.2060553267681 6105033.0
617.2137553953843 6066947.5
617.2216945264513 5977582.0
617.2298727199694 5930010.5
617.2382899759382 5398955.5
617.246946294358 3502143.0
617.2558416752286 2343068.0
617.2649761185502 1596641.0
617.2743496243226 1010632.0
617.2839621925459 1064130.5
617.29381382322 794476.3
617.3039045163453 633003.0
617.3142342719211 894268.25
617.3248030899481 827962.6
617.3356109704258 1170087.2
617.3466579133545 1128772.2
617.357943918734 1054363.0
617.3694689865644 935421.4
617.3812331168458 938501.94
617.3932363095779 914296.94
617.4054785647611 865076.6
617.417959882395 867880.3
617.43068026248 880752.4
617.4436397050157 692494.5
617.4568382100024 911458.7
617.47027577744 1286748.9
617.4839524073284 1538397.0
617.4978680996677 2279128.0
617.512022854458 3238783.8
617.526416671699 4574699.0
617.5410495513911 5492974.0
617.555921493534 5936554.5
617.5710324981277 6448907.0
617.5863825651725 5759664.5
617.601971694668 5998493.0
617.6177998866144 5343382.0
617.6338671410118 3501176.0
617.6501734578601 2369058.0
617.6667188371591 2684224.8
617.6835032789093 2967002.8
617.70052678311 3226299.5
617.7177893497619 3998704.0
617.7352909788646 4388418.0
617.7530316704182 4462775.0
617.7710114244226 4541295.0
617.7892302408779 4531166.0
617.8076881197842 4333679.0
617.8263850611413 4103006.5
617.8453210649494 4124609.5
617.8644961312083 5210425.5
617.8839102599181 6491596.0
617.9035634510788 8145987.5
617.9234557046905 11146390.0
617.9435870207528 12710005.0
617.9639573992663 13152944.0
617.9845668402305 13289280.0
618.0054153436457 12212408.0
618.0265029095117 9763522.0
618.0478295378288 7027154.5
618.0693952285965 4518815.5
618.0911999818152 3127335.5
618.1132437974848 2341105.0
618.1355266756052 2001635.0
618.1580486161766 1989094.4
618.180809619199 1340613.0
618.2038096846721 1537172.0
618.2270488125961 1376132.8
618.2505270029711 1199003.2
618.2742442557969 1495492.5
618.2982005710737 1524034.0
618.3223959488013 1302824.8
618.3468303889798 1024788.1
618.3715038916091 1022545.1
618.3964164566895 797458.44
618.4215680842207 633029.56
618.4469587742026 884387.0
618.4725885266356 1022425.5
618.4984573415195 1308172.6
618.5245652188543 1308412.4
618.5509121586398 1284714.2
618.5774981608764 1398629.4
618.6043232255638 1108054.9
618.6313873527021 1283111.6
618.6586905422912 1633219.4
618.6862327943314 1899723.8
618.7140141088223 2192707.0
618.7420344857642 2705252.5
618.7702939251569 3807222.5
618.7987924270005 5694583.0
618.827529991295 6399727.5
618.8565066180404 8653705.0
618.8857223072368 9785438.0
618.915177058884 10654101.0
618.944870872982 9838947.0
618.974803749531 8470828.0
619.004975688531 6782089.5
619.0353866899817 5098914.0
619.0660367538834 3862798.0
619.0969258802359 3007800.5
619.1280540690393 2670382.2
619.1594213202936 2485748.0
619.1910276339989 2136960.5
619.2228730101549 1884758.2
619.2549574487618 1308972.8
619.2872809498198 804351.1
619.3198435133286 1137449.2
619.3526451392883 1163581.0
619.3856858276988 1308789.8
619.4189655785602 946539.5
619.4524843918725 1055398.6
619.4862422676358 794978.75
619.5202392058499 617156.2
619.5544752065149 1024808.9
619.5889502696308 1363942.8
619.6236643951976 1246929.9
619.6586175832152 1329000.5
619.6938098336839 2016532.8
619.7292411466033 2576717.5
619.7649115219735 2792157.5
619.8008209597948 3550412.0
619.8369694600669 4343682.5
619.8733570227901 5356581.0
619.9099836479638 6161105.0
619.9468493355887 6769702.0
619.9839540856643 6972704.0
620.0212978981909 7542942.5
620.0588807731684 7250704.0
620.0967027105968 5456905.5
620.134763710476 4206595.0
620.1730637728062 3449241.0
620.2116028975872 2486160.5
620.2503810848191 1679522.5
620.2893983345019 1408625.0
620.3286546466355 1549403.8
620.3681500212202 1542709.0
620.4078844582556 1317306.8
620.447857957742 1262901.6
620.4880705196792 1123120.0
620.5285221440674 766566.9
620.5692128309064 543330.06
620.6101425801965 645859.3
620.6513113919372 659427.4
620.692719266129 478018.12
620.7343662027715 481637.03
620.7762522018651 484614.06
620.8183772634094 658545.6
620.8607413874046 749556.94
620.9033445738509 635478.56
620.9461868227478 396204.34
620.9892681340958 695658.44
621.0325885078946 982290.6
621.0761479441444 1088305.1
621.1199464428449 1225020.8
621.1639840039965 1093539.1
621.2082606275989 1003917.56
621.2527763136521 897962.9
621.2975310621563 888396.56
621.3425248731114 1297945.2
621.3877577465173 1086209.4
621.4332296823742 948366.0
621.478940680682 929489.4
621.5248907414405 1380347.6
621.5710798646501 1111880.1
621.6175080503104 1019797.44
621.6641752984218 1369524.2
621.7110816089839 1097709.6
621.758226981997 899283.4
621.8056114174609 775640.1
621.8532349153759 1004893.1
621.9010974757415 862060.25
621.9491990985582 659316.56
621.9975397838257 861139.25
622.0461195315442 1095306.6
622.0949383417135 1118718.0
622.1439962143336 1112852.2
622.1932931494047 1426780.8
622.2428291469266 1809502.2
622.2926042068996 1485750.1
622.3426183293233 1441644.8
622.392871514198 1455391.0
622.4433637615234 1560045.0
622.4940950713 1431985.2
622.5450654435272 1287912.6
622.5962748782055 1365981.9
622.6477233753345 1249560.8
622.6994109349146 1235266.0
622.7513375569454 1276601.8
622.8035032414273 1576472.8
622.8559079883598 1893513.2
622.9085517977434 2436096.0
622.9614346695778 2384153.2
623.0145566038631 2130903.5
623.0679176005993 2126474.0
623.1215176597865 2284174.5
623.1753567814245 2178204.8
623.2294349655133 1977697.4
623.2837522120532 1887609.9
623.3383085210438 2124402.8
623.3931038924854 2308542.8
623.4481383263778 2595285.2
623.5034118227212 3415672.2
623.5589243815153 4033057.2
623.6146760027606 4007703.0
623.6706666864566 4865191.0
623.7268964326033 5480336.0
623.7833652412012 6619369.0
623.8400731122499 6125072.0
623.8970200457495 4966774.5
623.9542060416999 4039107.0
624.0116311001013 3151034.8
624.0692952209534 2664924.8
624.1271984042567 1963122.4
624.1853406500106 2031227.6
624.2437219582156 1781585.5
624.3023423288714 1475533.9
624.3612017619781 1531389.4
624.4203002575357 1606118.8
624.4796378155443 1008311.94
624.5392144360035 1136251.8
624.5990301189137 860211.25
624.659084864275 675682.8
624.7193786720869 1047910.94
624.7799115423499 1199726.0
624.8406834750637 1120890.4
624.9016944702284 1027113.6
624.962944527844 1165483.0
625.0244336479105 917041.75
625.0861618304278 947257.56
625.1481290753961 1124061.5
625.2103353828153 945386.5
625.2727807526853 1424703.5
625.3354651850062 1754394.8
625.398388679778 1793927.6
625.4615512370008 2022057.6
625.5249528566744 2024781.8
625.5885935387989 1921500.2
625.6524732833743 1966136.1
625.7165920904006 2194768.0
625.7809499598777 3187442.5
625.8455468918058 3918635.0
625.9103828861847 4345152.0
625.9754579430146 4524042.5
626.0407720622953 4127445.5
626.106325244027 3822815.0
626.1721174882094 2518744.8
626.2381487948429 2006987.0
626.3044191639272 1462204.2
626.3709285954623 1324911.9
626.4376770894484 1243132.8
626.5046646458853 1190998.0
626.5718912647732 1276261.0
626.6393569461119 1695279.0
626.7070616899016 2034935.0
626.7750054961421 1819995.1
626.8431883648335 1560264.9
626.9116102959758 1478119.4
626.980271289569 1276474.9
627.0491713456131 1230210.2
627.1183104641082 1242390.1
627.1876886450539 1177805.5
627.2573058884507 1047369.1
627.3271621942984 1281819.2
627.3972575625968 1528303.1
627.4675919933463 1611857.5
627.5381654865465 1942290.0
627.6089780421978 2002474.4
627.6800296602999 2245423.0
627.7513203408529 2501740.0
627.8228500838567 2847192.5
627.8946188893116 2318332.8
627.9666267572171 2445677.8
628.0388736875738 2592818.2
628.1113596803812 2439279.8
628.1840847356395 2133538.0
628.2570488533487 1972522.2
628.3302520335087 1633965.0
628.4036942761198 1800185.2
628.4773755811816 2448974.5
628.5512959486945 2848400.5
628.6254553786581 2670232.8
628.6998538710727 2539807.0
628.7744914259381 2622902.0
628.8493680432545 2846905.5
628.9244837230217 2632883.8
628.9998384652398 2596682.0
629.0754322699088 2328222.0
629.1512651370288 2236941.5
629.2273370665995 3002399.5
629.3036480586212 3448478.0
629.3801981130938 3541341.0
629.4569872300171 3712198.8
629.5340154093916 3259635.5
629.6112826512167 2544877.8
629.6887889554929 2446077.0
629.7665343222199 2039012.4
629.8445187513979 1942699.8
629.9227422430266 1531253.8
630.0012047971064 1506816.9
630.0799064136369 1405059.9
630.1588470926184 1403401.1
630.2380268340507 1702369.0
630.317445637934 1724277.8
630.3971035042681 1624916.4
630.4770004330533 2041044.9
630.5571364242891 2313755.5
630.6375114779759 2548347.8
630.7181255941136 2725850.2
630.7989787727022 2106215.5
630.8800710137417 1368846.2
630.961402317232 1283903.0
631.0429726831734 1484706.0
631.1247821115654 1839060.5
631.2068306024086 1833065.5
631.2891181557025 1362636.5
631.3716447714473 1181050.9
631.454410449643 1217757.8
631.5374151902896 1203546.1
631.6206589933871 1479538.0
631.7041418589355 1368690.1
631.7878637869347 1107997.6
631.8718247773849 1223401.0
631.956024830286 1482048.9
632.0404639456378 1702696.9
632.1251421234408 1796321.0
632.2100593636944 1838865.8
632.2952156663991 2148916.0
632.3806110315546 2531881.5
632.4662454591611 2367154.0
632.5521189492183 2178231.2
632.6382315017265 1825286.2
632.7245831166855 1813130.5
632.8111737940956 1491908.0
632.8980035339563 1800007.8
632.985072336268 2061796.4
633.0723802010307 2411411.5
633.1599271282441 2323492.0
633.2477131179087 2468993.0
633.3357381700239 2861937.8
633.4240022845902 2875837.5
633.5125054616071 2816468.0
633.6012477010752 2332034.8
633.690229002994 1824570.1
633.7794493673638 1747951.0
633.8689087941844 1845986.1
633.958607283456 2212855.2
634.0485448351784 2568720.5
634.1387214493517 2250193.2
634.2291371259759 1721688.8
634.3197918650509 1670633.9
634.4106856665769 1872921.5
634.5018185305538 1466399.0
634.5931904569816 1272752.0
634.6848014458602 1271161.8
634.7766514971898 1259224.8
634.8687406109701 1378121.9
634.9610687872016 1641845.5
635.0536360258837 1134961.0
635.1464423270169 1095848.5
635.2394876906009 1097364.4
635.3327721166357 1007135.0
635.4262956051215 778980.06
635.5200581560582 963992.4
635.6140597694457 1112857.8
635.7083004452841 1051632.2
635.8027801835735 825441.9
635.8974989843136 896406.56
635.9924568475049 1009946.5
636.0876537731468 965666.2
636.1830897612398 1040244.6
636.2787648117835 928349.5
636.3746789247782 1222902.6
636.4708321002237 1591314.5
636.5672243381202 1622167.0
636.6638556384676 1578162.2
636.7607260012659 1628763.9
636.857835426515 2098596.0
636.9551839142149 2331398.0
637.0527714643658 1885782.0
637.1505980769675 2167282.2
637.2486637520203 2318532.2
637.3469684895239 2402290.2
637.4455122894784 2276135.5
637.5442951518837 2122385.5
637.64331707674 2382186.0
637.742578064047 1830502.2
637.8420781138052 1690912.0
637.941817226014 1647821.5
638.0417954006739 1303564.1
638.1420126377845 1211452.2
638.2424689373462 1195099.5
638.3431642993586 1108829.6
638.444098723822 1240264.9
638.5452722107362 1340918.9
638.6466847601014 1200533.2
638.7483363719175 885771.3
638.8502270461844 833401.1
638.9523567829023 1170184.0
639.0547255820709 1481280.0
639.1573334436905 1375981.1
639.260180367761 1336837.0
639.3632663542825 1349247.0
639.4665914032546 1315378.9
639.5701555146778 1491196.2
639.6739586885519 1524339.8
639.7780009248769 1776888.0
639.8822822236526 1708116.2
639.9868025848793 1872828.1
640.091562008557 2054653.6
640.1965604946854 2532172.8
640.3017980432649 2811071.2
640.4072746542952 2696678.8
640.5129903277764 2985217.8
640.6189450637083 2425763.5
640.7251388620914 2372778.2
640.8315717229252 1964239.5
640.93824364621 1698369.2
641.0451546319456 1075627.6
641.1523046801321 1402204.8
641.2596937907695 1570315.0
641.3673219638578 1769001.8
641.4751891993969 1670190.0
641.583295497387 1383516.4
641.691640857828 1379445.6
641.8002252807198 1650145.0
641.9090487660626 1320720.5
642.0181113138563 1038900.6
642.1274129241008 1013825.06
642.2369535967962 1470324.4
642.3467333319426 1678239.4
642.4567521295397 1824519.5
642.5670099895879 1645889.4
642.6775069120868 1617859.2
642.7882428970366 1688961.4
642.8992179444374 1775896.1
643.010432054289 1630325.5
643.1218852265915 1357461.5
643.2335774613449 1311638.1
643.3455087585494 1331486.8
643.4576791182045 1284004.0
643.5700885403106 1233784.2
643.6827370248676 887630.0
643.7956245718756 1031910.0
643.9087511813342 1233021.1
644.0221168532439 1445764.4
644.1357215876045 1329881.0
644.249565384416 1409265.8
644.3636482436782 1461340.8
644.4779701653915 1484156.8
644.5925311495556 1498191.9
644.7073311961706 1601144.9
644.8223703052365 1573458.5
644.9376484767532 1444603.0
645.0531657107209 1533341.0
645.1689220071395 1513346.8
645.2849173660089 1692832.0
645.4011517873292 1513049.5
645.5176252711005 1266613.9
645.6343378173226 963750.75
645.7512894259957 1042499.4
645.8684800971196 1422565.5
645.9859098306944 1310687.6
646.10357862672 1260396.2
646.2214864851966 1078777.0
646.3396334061241 1000206.3
646.4580193895024 1009840.0
646.5766444353317 1421486.0
646.6955085436118 1535773.2
646.8146117143428 1470440.6
646.9339539475247 1522499.4
647.0535352431576 1188908.9
647.1733556012413 1276900.0
647.2934150217759 1329276.1
647.4137135047613 1322176.2
647.5342510501977 1341083.8
647.6550276580849 1164626.1
647.7760433284232 1106872.0
647.8972980612122 1120097.9
648.018791856452 1092421.1
648.1405247141429 1382546.4
648.2624966342845 1700596.2
648.3847076168772 1645348.1
648.5071576619206 1129069.4
648.629846769415 1140208.5
648.7527749393603 1136482.1
648.8759421717565 1365866.1
648.9993484666035 1325718.5
649.1229938239015 1445260.5
649.2468782436503 1463316.0
649.3710017258501 1309263.2
649.4953642705007 1170896.1
649.6199658776021 1347239.2
649.7448065471544 1324513.6
649.8698862791578 1347996.9
649.9952050736119 1166447.1
650.120762930517 1291741.8
650.2465598498729 1468271.9
650.3725958316797 1444004.5
650.4988708759375 1573994.8
650.6253849826461 1563918.0
650.7521381518056 860851.75
650.879130383416 1195638.0
651.0063616774773 1168879.9
651.1338320339895 1241837.9
651.2615414529527 1397101.9
651.3894899343666 1052036.4
651.5176774782313 885525.94
651.6461040845472 1005204.1
651.7747697533138 1221081.1
651.9036744845314 1134470.0
652.0328182781997 1253626.2
652.162201134319 1377218.1
652.2918230528892 1116161.6
652.4216840339103 1108949.2
652.5517840773823 1130605.5
652.6821231833052 1030744.6
652.8127013516789 1262551.1
652.9435185825037 1156826.4
653.074574875779 1272835.0
653.2058702315056 1584305.8
653.3374046496829 1409838.1
653.469178130311 1332796.9
653.6011906733902 1040558.0
653.73344227892 1010806.75
653.865932946901 1182353.8
653.9986626773327 1202419.9
654.1316314702154 1187188.0
654.2648393255489 1396215.5
654.3982862433335 1287813.1
654.5319722235687 1404120.6
654.665897266255 1262486.1
654.8000613713921 1246155.2
654.9344645389801 857739.0
655.069106769019 788913.2
655.2039880615088 910510.4
655.3391084164494 1023980.75
655.4744678338409 1421882.5
655.6100663136834 1556739.9
655.7459038559767 1352429.5
655.881980460721 1436195.6
656.0182961279161 1433266.0
656.1548508575621 1483300.6
656.291644649659 1618575.2
656.4286775042068 1414388.5
656.5659494212055 1767715.8
656.7034604006551 1957551.8
656.8412104425555 1879567.4
656.9791995469069 1397060.8
657.117427713709 1369674.4
657.2558949429622 1402039.5
657.3946012346663 1375028.0
657.5335465888211 1693950.2
657.672731005427 1536221.1
657.8121544844836 1655180.1
657.9518170259913 1291493.6
658.0917186299497 1102354.4
658.2318592963591 1178807.4
658.3722390252193 1487703.2
658.5128578165305 1214775.6
658.6537156702925 1249143.9
658.7948125865055 1267512.6
658.9361485651692 1203303.2
659.077723606284 1254933.2
659.2195377098495 1172797.2
659.361590875866 1212337.0
659.5038831043335 1483774.2
659.6464143952517 843761.94
659.7891847486209 1412673.6
659.9321941644408 1591064.8
660.0754426427119 1362441.5
660.2189301834336 1205199.2
660.3626567866064 1318915.2
660.50662245223 1237734.2
660.6508271803045 1144881.9
660.7952709708298 1043564.7
660.9399538238061 1004550.06
661.0848757392333 1094704.5
661.2300367171114 909566.94
661.3754367574403 873014.4
661.5210758602201 822495.9
661.6669540254509 877796.3
661.8130712531324 872934.06
661.9594275432651 1047858.7
662.1060228958484 975322.8
662.2528573108827 1000769.75
662.3999307883678 1071777.8
662.5472433283039 977517.56
662.6947949306908 932307.75
662.8425855955288 983100.94
662.9906153228175 1155582.0
663.1388841125572 1148751.6
663.2873919647476 1239751.1
663.436138879389 1356489.4
663.5851248564813 1507391.9
663.7343498960245 1502408.9
663.8838139980186 1226084.0
664.0335171624636 1116006.8
664.1834593893594 1463263.9
664.3336406787062 1502135.2
664.4840610305039 1477639.2
664.6347204447524 1268910.8
664.7856189214518 1306504.8
664.936756460602 1393667.4
665.0881330622034 1132638.6
665.2397487262554 1146880.8
665.3916034527584 1154893.4
665.5436972417123 1142103.5
665.6960300931171 1110281.1
665.8486020069727 1228034.5
666.0014129832791 1420460.0
666.1544630220367 767509.94
666.3077521232449 567766.94
666.4612802869042 767635.75
666.6150475130142 1147209.5
666.7690538015753 1320016.9
666.9232991525871 1140855.1
667.07778356605 1344267.8
667.2325070419636 1088978.5
667.3874695803282 1384494.9
667.5426711811436 1363478.6
667.69811184441 1320209.5
667.8537915701272 1344544.8
668.0097103582953 1648730.2
668.1658682089143 1694454.0
668.3222651219842 1534993.5
668.4789010975051 2052542.2
668.6357761354766 1739410.8
668.7928902358992 1459922.0
668.9502433987727 1240232.4
669.1078356240971 1213414.8
669.2656669118722 1244874.4
669.4237372620985 1111218.5
669.5820466747754 1117721.1
669.7405951499034 1330556.0
669.8993826874821 1256259.9
670.0584092875117 1284755.2
670.2176749499924 1127068.5
670.3771796749238 1051238.9
670.5369234623063 1479622.6
670.6969063121394 1291593.2
670.8571282244236 1063140.1
671.0175891991586 757137.5
671.1782892363447 857416.94
671.3392283359814 1137360.4
671.5004064980691 1159209.0
671.6618237226077 1102015.5
671.8234800095972 1551390.0
671.9853753590376 1705732.6
672.1475097709289 1073483.0
672.309883245271 1202629.5
672.472495782064 1333790.0
672.635347381308 954490.9
672.7984380430028 1011402.2
672.9617677671484 1015317.44
673.125336553745 920876.3
673.2891444027925 1064896.8
673.453191314291 1193708.1
673.6174772882403 1469434.8
673.7820023246404 1477536.0
673.9467664234915 1165904.8
674.1117695847934 1356008.0
674.2770118085463 1322941.8
674.4424930947499 1365582.4
674.6082134434046 1413019.9
674.7741728545101 1445246.2
674.9403713280664 1257804.8
675.1068088640737 1446436.4
675.2734854625319 1498547.6
675.440401123441 1650711.5
675.6075558468009 1661326.9
675.7749496326118 1556743.5
675.9425824808735 1722274.9
676.1104543915861 1458452.4
676.2785653647496 1645883.6
676.4469154003641 1547198.9
676.6155044984293 1451969.4
676.7843326589456 1141713.1
676.9533998819127 1177701.9
677.1227061673306 1166565.2
677.2922515151995 1277394.4
677.4620359255191 1189046.8
677.6320593982898 1415340.5
677.8023219335114 1399835.5
677.9728235311838 1528816.4
678.1435641913071 1233561.4
678.3145439138814 1016807.8
678.4857626989063 1062483.5
678.6572205463824 1181200.0
678.8289174563092 892852.44
679.000853428687 1171228.9
679.1730284635156 1551214.4
679.3454425607953 1726348.5
679.5180957205256 1282698.5
679.690987942707 1285222.6
679.8641192273392 1274886.8
680.0374895744222 1296436.2
680.2110989839563 1329933.5
680.3849474559411 1641428.1
680.559034990377 1517781.4
680.7333615872635 1306305.2
680.9079272466012 1232133.8
681.0827319683896 1004944.3
681.257775752629 972679.3
681.4330585993191 1134436.9
681.6085805084602 1435822.2
681.7843414800523 1360264.8
681.9603415140951 1474269.9
682.1365806105889 1639139.5
682.3130587695335 1328661.0
682.4897759909292 1493078.1
682.6667322747755 1252096.5
682.8439276210729 1229379.6
683.0213620298211 1190245.9
683.1990355010204 1346087.6
683.3769480346702 1409880.0
683.5550996307712 1618716.9
683.7334902893231 1585336.0
683.9121200103258 1395986.5
684.0909887937793 1430803.1
684.2700966396839 1523908.0
684.4494435480391 1467240.2
684.6290295188454 1428215.5
684.8088545521025 1353188.1
684.9889186478105 1319127.8
685.1692218059694 1333041.5
685.3497640265792 1439629.5
685.5305453096399 1440699.2
685.7115656551515 1463412.2
685.8928250631141 1165166.1
686.0743235335274 1079663.2
686.2560610663917 1268714.9
686.4380376617067 1475372.6
686.6202533194729 1538006.1
686.8027080396897 1388934.5
686.9854018223576 1086614.8
687.1683346674763 873630.75
687.351506575046 1214572.4
687.5349175450664 975968.06
687.7185675775377 1081061.1
687.9024566724601 1409878.1
688.0865848298331 1364577.2
688.2709520496572 1660316.5
688.4555583319321 1814266.8
688.640403676658 1624356.2
688.8254880838347 1281041.5
689.0108115534624 1368074.4
689.1963740855408 1271239.8
689.3821756800703 1568911.0
689.5682163370506 1646821.2
689.7544960564818 1708763.8
689.9410148383638 1386478.9
690.1277726826967 1234226.8
690.3147695894805 1462778.5
690.5020055587153 1475857.8
690.689480590401 1598224.0
690.8771946845374 1786756.8
691.0651478411248 1739293.9
691.253340060163 1746715.1
691.4417713416524 1805529.5
691.6304416855924 1559844.2
691.8193510919834 1438865.8
692.0084995608252 1657513.5
692.197887092118 1749176.5
692.3875136858616 1526301.9
692.5773793420561 1155833.5
692.7674840607016 1235635.8
692.9578278417978 1245641.9
693.1484106853451 1274651.6
693.339232591343 1307591.8
693.5302935597921 1523567.2
693.7215935906919 1720696.0
693.9131326840427 1628444.4
694.1049108398444 1367400.2
694.2969280580969 1147074.6
694.4891843388003 1348735.8
694.6816796819547 1420208.2
694.8744140875599 1718523.8
695.067387555616 2052626.5
695.260600086123 1858078.0
695.4540516790809 1958091.9
695.6477423344896 2123954.0
695.8416720523492 1799202.5
696.0358408326598 1724880.6
696.2302486754212 1984679.0
696.4248955806336 1838740.8
696.6197815482967 1709569.2
696.814906578411 1701662.4
697.0102706709758 1811496.9
697.2058738259918 2213616.5
697.4017160434586 2111917.2
697.5977973233763 2262561.0
697.7941176657448 2304527.8
697.9906770705643 1963707.6
698.1874755378346 1992333.1
698.3845130675558 2293943.5
698.581789659728 2452069.5
698.779305314351 2274670.8
698.9770600314249 2070301.5
699.1750538109496 2032000.2
699.3732866529253 2343388.2
699.5717585573519 2261707.0
699.7704695242294 2438594.5
699.9694195535577 2375397.2
700.168608645337 2217810.5
700.3680367995671 2451455.2
700.5677040162482 2444595.0
700.7676102953801 2442226.0
700.9677556369629 2501175.2
701.1681400409966 2851190.2
701.368763507481 2961189.0
701.5696260364166 2912497.8
701.7707276278029 2878954.8
701.9720682816403 2919031.2
702.1736479979284 2759101.0
702.3754667766674 2771697.8
702.5775246178573 2425861.5
702.7798215214982 2350995.5
702.9823574875899 2691402.0
703.1851325161325 2982671.2
703.3881466071259 3158924.8
703.5913997605704 2645063.0
703.7948919764656 2903632.8
703.9986232548118 3097773.8
704.2025935956088 2836586.0
704.4068029988567 2766821.0
704.6112514645556 2993266.2
704.8159389927052 2885878.8
705.020865583306 2536481.5
705.2260312363574 2873809.0
705.4314359518598 2698826.2
705.6370797298131 2448687.8
705.8429625702173 2570130.2
706.0490844730723 2549948.0
706.2554454383783 2533757.0
706.4620454661351 2922895.0
706.6688845563428 2989195.0
706.8759627090014 3314080.2
707.0832799241109 3609469.0
707.2908362016714 3611723.8
707.4986315416826 3777815.5
707.7066659441448 4130787.8
707.9149394090579 4432158.5
708.1234519364218 4157806.0
708.3322035262366 4035137.2
708.5411941785025 4191754.0
708.750423893219 4561864.0
708.9598926703866 4697544.0
709.169600510005 4842474.0
709.3795474120743 4936882.0
709.5897333765945 4748565.5
709.8001584035657 4991954.5
710.0108224929876 5133170.0
710.2217256448604 4237644.0
710.4328678591842 4032657.2
710.6442491359588 4253054.0
710.8558694751844 4891517.5
711.0677288768608 5565115.5
711.2798273409882 6082506.0
711.4921648675663 6694122.0
711.7047414565955 7906829.5
711.9175571080754 9177096.0
712.1306118220064 10380209.0
712.343905598388 11431904.0
712.5574384372208 10709586.0
712.7712103385043 10675851.0
712.9852213022388 10997904.0
713.199471328424 10396062.0
713.4139604170601 8853346.0
713.6286885681474 7540130.5
713.8436557816852 7243693.0
714.0588620576742 7817304.0
714.274307396114 9033934.0
714.4899917970047 9678208.0
714.7059152603462 9039056.0
714.9220777861387 8818274.0
715.138479374382 9782824.0
715.3551200250763 10647020.0
715.5719997382214 10769760.0
715.7891185138174 11361529.0
716.0064763518642 12071109.0
716.224073252362 11552175.0
716.4419092153107 10952945.0
716.6599842407103 10694042.0
716.8782983285607 9819856.0
717.096851478862 9036691.0
717.3156436916144 9384020.0
717.5346749668174 9580916.0
717.7539453044715 8962036.0
717.9734547045764 7896865.5
718.1932031671322 6645155.0
718.4131906921389 5796325.5
718.6334172795965 5256592.5
718.853882929505 4831691.5
719.0745876418644 4570329.0
719.2955314166745 3986787.8
719.5167142539357 3661588.8
719.7381361536477 3903131.5
719.9597971158106 3915692.2
720.1816971404245 4194089.0
720.4038362274891 4236285.0
720.6262143770048 4054891.2
720.8488315889713 4112851.2
721.0716878633887 4750295.0
721.2947832002569 5620768.0
721.518117599576 6841777.5
721.741691061346 7787827.0
721.965503585567 8546204.0
722.1895551722389 9807971.0
722.4138458213616 10355805.0
722.6383755329352 11605438.0
722.8631443069596 12951904.0
723.0881521434351 14275406.0
723.3133990423613 14393218.0
723.5388850037385 14157679.0
723.7646100275665 13542941.0
723.9905741138455 12703552.0
724.2167772625753 12814649.0
724.4432194737561 12424562.0
724.6699007473876 11878252.0
724.8968210834703 12272832.0
725.1239804820036 12647045.0
725.3513789429879 12661878.0
725.579016466423 13148040.0
725.8068930523091 13518306.0
726.0350087006461 14490489.0
726.2633634114338 15227922.0
726.4919571846726 15546358.0
726.7207900203623 15548495.0
726.9498619185028 17433494.0
727.1791728790942 20219638.0
727.4087229021366 25437630.0
727.6385119876297 33313712.0
727.8685401355738 44604690.0
728.0988073459687 59846530.0
728.3293136188147 78790930.0
728.5600589541114 99148500.0
728.7910433518591 117221990.0
729.0222668120575 129851540.0
729.2537293347069 132581200.0
729.4854309198073 125633790.0
729.7173715673584 108258180.0
729.9495512773606 82182020.0
730.1819700498136 55088720.0
730.4146278847174 36140260.0
730.6475247820722 25377860.0
730.8806607418778 19374906.0
731.1140357641343 16027731.0
731.3476498488419 13661195.0
731.5815029960002 12246764.0
731.8155952056094 10374094.0
732.0499264776695 8371774.0
732.2844968121806 6742017.0
732.5193062091423 5839025.5
732.754354668555 5321357.0
732.9896421904187 4742894.5
733.2251687747333 4824483.0
733.4609344214988 4571480.0
733.6969391307151 4734867.0
733.9331829023823 4875206.5
734.1696657365004 5362635.5
734.4063876330695 5750907.5
734.6433485920893 6012327.0
734.8805486135602 6499519.0
735.1179876974818 7814455.5
735.3556658438545 7863550.0
735.5935830526778 7828645.0
735.8317393239522 8482627.0
736.0701346576775 7791012.0
736.3087690538534 7321373.0
736.5476425124806 7261020.5
736.7867550335584 7199070.5
737.0261066170873 7017325.5
737.265697263067 7759422.0
737.5055269714976 8562775.0
737.745595742379 9630187.0
737.9859035757114 11608209.0
738.2264504714947 15071348.0
738.4672364297288 21469276.0
738.7082614504138 29353402.0
738.9495255335498 39070028.0
739.1910286791365 53355420.0
739.4327708871742 70212950.0
739.6747521576629 89101220.0
739.9169724906022 105053180.0
740.1594318859927 114106280.0
740.4021303438338 112315080.0
740.6450678641261 102190260.0
740.8882444468691 82695240.0
741.131660092063 59909156.0
741.3753147997079 38648600.0
741.6192085698036 24704876.0
741.8633414023502 17478834.0
742.1077132973477 13500330.0
742.352324254796 11540810.0
742.5971742746954 9808564.0
742.8422633570456 7867835.5
743.0875915018465 6493804.5
743.3331587090985 5431849.0
743.5789649788013 4317107.0
743.8250103109551 3660516.2
744.0712947055597 3699986.0
744.3178181626151 2908902.2
744.5645806821216 2367947.5
744.8115822640789 2210088.5
745.058822908487 2563615.8
745.3063026153461 2854589.8
745.554021384656 3050939.8
745.801979216417 3288892.8
746.0501761106286 3406418.8
746.2986120672912 3825486.0
746.5472870864048 4185418.5
746.7962011679691 4941380.5
747.0453543119845 4804368.0
747.2947465184507 4235170.0
747.5443777873677 3941769.0
747.7942481187357 3522403.0
748.0443575125546 3056977.2
748.2947059688242 2401425.2
748.545293487545 2086166.8
748.7961200687164 2074039.5
749.0471857123389 2110072.5
749.2984904184123 2155415.5
749.5500341869365 2064118.1
749.8018170179115 1948297.0
750.0538389113375 1862312.6
750.3060998672144 1912511.9
750.558599885542 1709818.9
750.8113389663208 1905413.6
751.0643171095503 1809817.6
751.3175343152308 1833493.1
751.570990583362 1894901.2
751.8246859139442 1953628.8
752.0786203069773 2299014.5
752.3327937624614 2436097.0
752.5872062803962 2150840.5
752.841857860782 2039042.0
753.0967485036186 2153147.8
753.3518782089062 2473579.5
753.6072469766447 2559913.5
753.8628548068339 2181009.8
754.1187016994742 2515567.5
754.3747876545652 2724634.0
754.6311126721073 2843509.0
754.8876767521001 2940583.8
755.144479894544 2852118.5
755.4015220994386 2680801.0
755.6588033667842 2535667.0
755.9163236965807 2505419.2
756.1740830888281 2556974.2
756.4320815435262 2809140.5
756.6903190606754 2631514.8
756.9487956402754 2864927.5
757.2075112823263 3179876.2
757.4664659868281 2984670.2
757.7256597537807 3004542.5
757.9850925831844 3227513.5
758.2447644750388 3483113.0
758.5046754293442 4033329.8
758.7648254461004 4220427.0
759.0252145253075 3785962.0
759.2858426669656 4132749.5
759.5467098710745 4300451.5
759.8078161376343 4463164.0
760.069161466645 4535599.5
760.3307458581066 5137777.5
760.5925693120191 5816697.5
760.8546318283825 5837515.0
761.1169334071967 5377057.5
761.3794740484618 4617889.0
761.6422537521778 4122540.0
761.9052725183449 3861092.0
762.1685303469626 3861329.8
762.4320272380314 4315706.0
762.6957631915509 4268717.0
762.9597382075215 3760068.5
763.2239522859428 3639131.2
763.4884054268151 3391472.2
763.7530976301382 3347377.8
764.0180288959123 3166820.0
764.2831992241372 3790677.0
764.5486086148131 3891900.0
764.8142570679397 3985399.0
765.0801445835173 4454598.5
765.3462711615459 5123217.0
765.6126368020252 5634976.0
765.8792415049556 6191605.0
766.1460852703367 7245597.5
766.4131680981689 7722360.0
766.6804899884517 7742674.0
766.9480509411856 7471296.0
767.2158509563703 7327108.0
767.483890034006 7347348.0
767.7521681740925 6720025.5
768.0206853766299 4980100.0
768.2894416416182 4650514.0
768.5584369690574 4513940.5
768.8276713589474 4525226.5
769.0971448112883 5038499.0
769.3668573260802 5539034.5
769.636808903323 5728312.5
769.9069995430166 6280322.5
770.1774292451611 6919349.0
770.4480980097566 6783640.5
770.7190058368028 7677040.0
770.9901527263 7691304.5
771.2615386782481 7679070.5
771.5331636926471 8386931.0
771.805027769497 9223314.0
772.0771309087978 10277981.0
772.3494731105494 11753936.0
772.622054374752 14365765.0
772.8948747014053 18018102.0
773.1679340905096 21423924.0
773.4412325420649 23473724.0
773.714770056071 25296868.0
773.9885466325279 26362950.0
774.2625622714359 25249538.0
774.5368169727947 23096524.0
774.8113107366042 19597056.0
775.0860435628648 15670320.0
775.3610154515762 11940614.0
775.6362264027387 9174254.0
775.9116764163518 7631610.0
776.1873654924159 7267906.0
776.4632936309309 7080750.5
776.7394608318967 6775890.0
777.0158670953135 6655099.0
777.2925124211812 6329695.5
777.5693968094998 6416040.0
777.8465202602692 6477114.0
778.1238827734896 7018357.5
778.4014843491608 7710323.0
778.6793249872829 8138434.5
778.957404687856 8830934.0
779.23572345088 10676205.0
779.5142812763546 12733225.0
779.7930781642804 14184359.0
780.0721141146569 16564555.0
780.3513891274845 18829688.0
780.6309032027627 20410724.0
780.9106563404919 20143856.0
781.1906485406721 20163458.0
781.4708798033031 19916052.0
781.7513501283851 18519772.0
782.0320595159178 17288488.0
782.3130079659015 16556160.0
782.5941954783361 16376961.0
782.8756220532216 17257544.0
783.157287690558 17599294.0
783.4391923903453 16354320.0
783.7213361525834 14961342.0
784.0037189772725 13853324.0
784.2863408644123 12933010.0
784.5692018140032 12338794.0
784.8523018260448 13063822.0
785.1356409005374 13314480.0
785.419219037481 14829355.0
785.7030362368753 16501314.0
785.9870924987206 16758461.0
786.2713878230167 16165502.0
786.5559222097638 15306164.0
786.8406956589616 14883720.0
787.1257081706106 13743875.0
787.4109597447102 13173674.0
787.6964503812609 13381744.0
787.9821800802623 14005252.0
788.2681488417147 13949578.0
788.554356665618 13940468.0
788.8408035519722 14852345.0
789.1274895007773 15926884.0
789.4144145120331 15738041.0
789.70157858574 16771962.0
789.9889817218977 17739280.0
790.2766239205064 17319636.0
790.5645051815659 18524352.0
790.8526255050763 20764082.0
791.1409848910375 22839476.0
791.4295833394498 24008162.0
791.7184208503128 26722588.0
792.0074974236268 29366952.0
792.2968130593916 31514388.0
792.5863677576074 33635384.0
792.876161518274 35379910.0
793.1661943413915 35881684.0
793.45646622696 35481944.0
793.7469771749792 34331064.0
794.0377271854495 32454932.0
794.3287162583705 30883280.0
794.6199443937426 31032560.0
794.9114115915653 31886268.0
795.2031178518391 33088912.0
795.4950631745637 35523336.0
795.7872475597393 36674544.0
796.0796710073657 37017908.0
796.372333517443 36945976.0
796.6652350899712 38957080.0
796.9583757249504 40384476.0
797.2517554223803 42273000.0
797.5453741822612 45333324.0
797.839232004593 47721764.0
798.1333288893755 50362204.0
798.4276648366092 55385100.0
798.7222398462935 60071116.0
799.0170539184289 63158864.0
799.3121070530151 65989860.0
799.6073992500523 68164230.0
799.9029305095402 70151520.0
800.1987008314792 70643656.0
800.4947102158688 70541770.0
800.7909586627096 70292990.0
801.0874461720011 70761256.0
801.3841727437435 72562330.0
801.6811383779369 71614590.0
801.9783430745811 70426940.0
802.2757868336762 67533530.0
802.5734696552222 64413084.0
802.8713915392192 60735104.0
803.1695524856669 56529920.0
803.4679524945657 54697800.0
803.7665915659152 54056840.0
804.0654696997157 53145376.0
804.364586895967 53152416.0
804.6639431546693 54080436.0
804.9635384758224 54428250.0
805.2633728594265 55118804.0
805.5634463054813 57379490.0
805.863758813987 59286356.0
806.1643103849437 62143060.0
806.4651010183513 64518164.0
806.7661307142098 66448510.0
807.0673994725191 67123080.0
807.3689072932794 66577136.0
807.6706541764905 67378510.0
807.9726401221526 67817064.0
808.2748651302655 69489490.0
808.5773292008294 75663896.0
808.880032333844 86698390.0
809.1829745293097 98986060.0
809.4861557872262 112232190.0
809.7895761075936 131237100.0
810.0932354904118 149968820.0
810.3971339356808 169514980.0
810.701271443401 188353040.0
811.0056480135719 208242100.0
811.3102636461938 225538060.0
811.6151183412665 234207970.0
811.9202120987901 236633860.0
812.2255449187645 229049600.0
812.5311168011899 212091300.0
812.8369277460662 191947650.0
813.1429777533934 172299330.0
813.4492668231715 156895230.0
813.7557949554005 141633300.0
814.0625621500802 127495120.0
814.3695684072109 118028930.0
814.6768137267925 111722000.0
814.984298108825 106036420.0
815.2920215533085 101783520.0
815.5999840602427 97024190.0
815.908185629628 88560210.0
816.216626261464 80406720.0
816.5253059557509 73880210.0
816.8342247124888 68646300.0
817.1433825316776 60706624.0
817.4527794133171 52011864.0
817.7624153574077 46289790.0
818.072290363949 44397690.0
818.3824044329415 42755970.0
818.6927575643846 42090704.0
819.0033497582787 42352236.0
819.3141810146236 44099640.0
819.6252513334194 48314680.0
819.9365607146663 54388910.0
820.2481091583638 60649884.0
820.5598966645124 66876636.0
820.8719232331118 71922610.0
821.1841888641621 80574500.0
821.4966935576633 91602230.0
821.8094373136155 107267990.0
822.1224201320184 126582260.0
822.4356420128723 149328700.0
822.749102956177 168004320.0
823.0628029619327 186752510.0
823.3767420301392 211253300.0
823.6909201607966 239040740.0
824.005337353905 261028080.0
824.3199936094642 278156860.0
824.6348889274743 292416580.0
824.9500233079352 300213820.0
825.2653967508472 296961950.0
825.5810092562099 277226200.0
825.8968608240236 239737700.0
826.2129514542881 192165580.0
826.5292811470036 140729310.0
826.8458499021699 101055390.0
827.1626577197871 74388990.0
827.4797045998553 54615616.0
827.7969905423743 41631064.0
828.1145155473441 33619524.0
828.4322796147649 28557900.0
828.7502827446367 24704612.0
829.0685249369592 21874844.0
829.3870061917327 17996278.0
829.705726508957 15618248.0
830.0246858886322 13909480.0
830.3438843307583 13479348.0
830.6633218353354 12776086.0
830.9829984023633 11527412.0
831.3029140318422 10349029.0
831.6230687237718 10466546.0
831.9434624781525 10102047.0
832.2640952949838 10226781.0
832.5849671742662 10244882.0
832.9060781159994 9760918.0
833.2274281201835 10173765.0
833.5490171868187 10032358.0
833.8708453159045 10037228.0
834.1929125074414 10570825.0
834.515218761429 10532964.0
834.8377640778676 10535566.0
835.160548456757 11756929.0
835.4835718980975 12929458.0
835.8068344018886 13353142.0
836.1303359681309 13464490.0
836.4540765968239 15051030.0
836.778056287968 16479558.0
837.1022750415626 17090618.0
837.4267328576084 17546008.0
837.7514297361049 18713398.0
838.0763656770524 19426192.0
838.4015406804508 20230634.0
838.7269547463001 21547712.0
839.0526078746003 22777008.0
839.3785000653513 21609444.0
839.7046313185533 21650660.0
840.0310016342061 22143698.0
840.3576110123099 22208140.0
840.6844594528644 21376208.0
841.01154695587 21406296.0
841.3388735213264 20888178.0
841.6664391492336 21729072.0
841.9942438395917 22045952.0
842.3222875924008 22183296.0
842.6505704076608 23391916.0
842.9790922853716 24105730.0
843.3078532255333 24097532.0
843.636853228146 23542592.0
843.9660922932096 23663492.0
844.2955704207238 23166520.0
844.6252876106893 21893232.0
844.9552438631054 20716402.0
845.2854391779725 20741902.0
845.6158735552905 20822878.0
845.9465469950594 20938150.0
846.2774594972791 22538648.0
846.6086110619498 23732218.0
846.9400016890712 24290102.0
847.2716313786436 26944092.0
847.603500130667 31497056.0
847.9356079451411 37369150.0
848.2679548220663 43269136.0
848.6005407614422 47578396.0
848.9333657632692 48984330.0
849.2664298275467 52191530.0
849.5997329542755 57299996.0
849.933275143455 60410340.0
850.2670563950855 61398544.0
850.6010767091668 61571624.0
850.935336085699 60709870.0
851.2698345246821 59804764.0
851.6045720261161 57283324.0
851.939548590001 56073820.0
852.2747642163367 55089330.0
852.6102189051235 54383870.0
852.9459126563609 49396080.0
853.2818454700493 42691640.0
853.6180173461887 36977588.0
853.9544282847789 32571552.0
854.29107828582 30558220.0
854.627967349312 29596310.0
854.9650954752549 29441380.0
855.3024626636488 29073800.0
855.6400689144934 29994732.0
855.9779142277889 33002708.0
856.3159986035355 34094068.0
856.6543220417327 36495704.0
856.992884542381 39165896.0
857.33168610548 41865256.0
857.6707267310301 44720984.0
858.010006419031 46626196.0
858.3495251694828 47998270.0
858.6892829823855 51310536.0
859.0292798577391 52468710.0
859.3695157955435 56246010.0
859.709990795799 61741696.0
860.0507048585051 65456950.0
860.3916579836623 69218730.0
860.7328501712702 72830820.0
861.0742814213293 75248264.0
861.415951733839 76801176.0
861.7578611087997 79891540.0
862.1000095462114 83495630.0
862.4423970460737 82547330.0
862.7850236083872 79911144.0
863.1278892331513 76148960.0
863.4709939203666 70847896.0
863.8143376700325 62704210.0
864.1579204821496 55564676.0
864.5017423567174 47085230.0
864.845803293736 38885284.0
865.1901032932057 31860990.0
865.5346423551262 26824804.0
865.8794204794975 23647250.0
866.2244376663198 22978856.0
866.569693915593 25594932.0
866.9151892273169 27655830.0
867.2609236014919 29659128.0
867.6068970381177 31512190.0
867.9531095371945 34609492.0
868.299561098722 38849652.0
868.6462517227006 41685764.0
868.9931814091299 45711804.0
869.3403501580103 48975460.0
869.6877579693414 53582436.0
870.0354048431236 59027356.0
870.3832907793565 63927690.0
870.7314157780402 68656430.0
871.079779839175 73111220.0
871.4283829627606 75189310.0
871.7772251487971 77822410.0
872.1263063972845 80625000.0
872.4756267082229 83484540.0
872.825186081612 86833630.0
873.1749845174521 84933130.0
873.525022015743 79397890.0
873.875298576485 71260570.0
874.2258141996776 63036950.0
874.5765688853213 52549604.0
874.9275626334158 45867924.0
875.2787954439613 44426760.0
875.6302673169575 44587324.0
875.9819782524048 45067920.0
876.3339282503027 44957024.0
876.6861173106518 44762640.0
877.0385454334516 44486736.0
877.3912126187024 41853664.0
877.744118866404 39184576.0
878.0972641765566 36205444.0
878.45064854916 33999670.0
878.8042719842143 30794516.0
879.1581344817196 26674738.0
879.5122360416756 22229078.0
879.8665766640827 18829438.0
880.2211563489404 16745879.0
880.5759750962493 16435161.0
880.9310329060089 17340542.0
881.2863297782194 17936364.0
881.6418657128809 17540888.0
881.9976407099932 17494620.0
882.3536547695564 17075910.0
882.7099078915705 17226638.0
883.0664000760355 18202940.0
883.4231313229513 19234930.0
883.7801016323183 20320324.0
884.1373110041359 20162930.0
884.4947594384045 19916704.0
884.8524469351239 19530776.0
885.2103734942943 18448034.0
885.5685391159154 18093460.0
885.9269437999875 17141502.0
886.2855875465107 16750701.0
886.6444703554844 17175586.0
887.0035922269093 17018080.0
887.3629531607849 17235280.0
887.7225531571116 15700068.0
888.082392215889 16686628.0
888.4424703371174 18804004.0
888.8027875207965 20698236.0
889.1633437669268 22879498.0
889.5241390755077 24117320.0
889.8851734465397 24180976.0
890.2464468800224 25316136.0
890.6079593759562 27930024.0
890.9697109343408 30550500.0
891.3317015551763 33057056.0
891.6939312384626 35693852.0
892.0563999841997 39578936.0
892.419107792388 44288590.0
892.7820546630269 45891730.0
893.145240596117 49289750.0
893.5086655916577 51996284.0
893.8723296496495 52471676.0
894.2362327700921 53363020.0
894.6003749529856 55616916.0
894.96475619833 58801810.0
895.3293765061252 62031156.0
895.6942358763713 64069416.0
896.0593343090684 68042380.0
896.4246718042164 73719650.0
896.7902483618151 76498800.0
897.1560639818649 77251064.0
897.5221186643654 74196330.0
897.888412409317 65903650.0
898.2549452167193 56180916.0
898.6217170865726 44399750.0
898.9887280188768 33326908.0
899.3559780136319 26496940.0
899.7234670708378 20839444.0
900.0911951904947 16340294.0
900.4591623726023 14606750.0
900.827368617161 13363018.0
901.1958139241705 12868004.0
901.5644982936308 12339049.0
901.9334217255422 11895022.0
902.3025842199042 12314719.0
902.6719857767174 12046579.0
903.0416263959813 12510370.0
903.4115060776962 12993829.0
903.7816248218619 14575685.0
904.1519826284787 14893441.0
904.5225794975461 13540135.0
904.8934154290646 13848362.0
905.2644904230337 14119959.0
905.635804479454 14814875.0
906.0073575983251 15158365.0
906.3791497796472 14059834.0
906.7511810234199 12717508.0
907.1234513296438 12045448.0
907.4959606983184 11747394.0
907.8687091294438 12341468.0
908.2416966230203 11487701.0
908.6149231790475 10891035.0
908.9883887975259 10964041.0
909.3620934784549 10972856.0
909.736037221835 10291199.0
910.1102200276657 9429048.0
910.4846418959476 9682526.0
910.8593028266802 10151831.0
911.2342028198638 9681642.0
911.6093418754981 9930165.0
911.9847199935836 10235391.0
912.3603371741196 10496610.0
912.7361934171067 10861675.0
913.1122887225448 10719066.0
913.4886230904336 11841768.0
913.8651965207735 12781052.0
914.242009013564 13742674.0
914.6190605688057 14580914.0
914.996351186498 14628479.0
915.3738808666415 14080734.0
915.7516496092356 14071568.0
916.1296574142808 14644855.0
916.5079042817767 16418219.0
916.8863902117237 17235420.0
917.2651152041215 16380219.0
917.6440792589702 16988712.0
918.0232823762697 17660496.0
918.4027245560201 17529258.0
918.7824057982216 16525501.0
919.1623261028737 15352705.0
919.542485469977 15031534.0
919.9228838995309 15123841.0
920.3035213915359 14073245.0
920.6843979459916 14186765.0
921.0655135628983 15156505.0
921.446868242256 15369946.0
921.8284619840645 16557656.0
922.2102947883237 17594844.0
922.5923666550341 17570598.0
922.9746775841952 17310324.0
923.3572275758072 17888594.0
923.7400166298701 19755318.0
924.1230447463838 20639522.0
924.5063119253487 21696082.0
924.8898181667641 21152496.0
925.2735634706307 21061776.0
925.657547836948 20146420.0
926.0417712657163 19895548.0
926.4262337569354 19450758.0
926.8109353106056 18062798.0
927.1958759267263 16906540.0
927.5810556052983 17402516.0
927.966474346321 17725594.0
928.3521321497947 17355290.0
928.7380290157191 16769966.0
929.1241649440944 16770998.0
929.5105399349206 15510351.0
929.8971539881978 14242628.0
930.2840071039259 15155638.0
930.6710992821048 15476834.0
931.0584305227347 13400402.0
931.4460008258154 12619366.0
931.8338101913471 11872645.0
932.2218586193296 10851090.0
932.610146109763 9267928.0
932.9986726626472 7671777.5
933.3874382779825 5658214.0
933.7764429557685 4166098.8
934.1656866960054 3688159.0
934.5551694986933 3325917.5
934.9448913638321 3066547.0
935.3348522914216 2920478.8
935.7250522814621 3370470.5
936.1154913339535 3497376.5
936.5061694488959 3610694.5
936.8970866262891 3373766.2
937.288242866133 3736770.0
937.6796381684281 4061413.5
938.0712725331739 4055264.8
938.4631459603708 4240861.5
938.8552584500184 4702375.5
939.247610002117 4980407.0
939.6402006166663 5465412.5
940.0330302936667 5894759.5
940.4260990331178 5881125.5
940.8194068350199 5904189.0
941.212953699373 5686539.5
941.6067396261767 5319326.0
942.0007646154315 5315184.5
942.3950286671371 4978707.5
942.7895317812938 4353683.5
943.184273957901 4895625.0
943.5792551969595 5087496.0
943.9744754984687 4930613.0
944.3699348624289 5055937.5
944.7656332888398 4483698.5
945.1615707777016 4332879.0
945.5577473290144 4285779.0
945.9541629427781 4114243.8
946.3508176189927 3741479.8
946.7477113576581 4006627.8
947.1448441587745 4055140.2
947.5422160223416 4191262.0
947.9398269483597 4524578.0
948.3376769368288 5199899.0
948.7357659877487 5215622.0
949.1340941011194 5807053.0
949.5326612769411 6392506.0
949.9314675152136 6777690.0
950.3305128159373 6791728.0
950.7297971791115 6540067.0
951.1293206047367 5689692.5
951.5290830928128 5739235.5
951.9290846433399 6158527.0
952.3293252563178 6621909.5
952.7298049317465 6496029.0
953.1305236696262 6062094.0
953.5314814699568 6422062.0
953.9326783327383 6813840.0
954.3341142579707 6778371.0
954.7357892456539 6609361.0
955.137703295788 6201014.5
955.5398564083731 6110061.0
955.942248583409 5584840.5
956.3448798208958 5867964.5
956.7477501208334 5369174.5
957.1508594832221 4409316.0
957.5542079080615 4359525.0
957.9577953953519 4378472.5
958.3616219450932 4571342.0
958.7656875572852 4641283.5
959.1699922319283 4560523.5
959.5745359690222 4163584.0
959.979318768567 4112164.5
960.3843406305627 4369174.5
960.7896015550094 4589807.5
961.1951015419069 4793421.5
961.6008405912553 4974795.5
962.0068187030545 5430537.0
962.4130358773048 6151827.0
962.8194921140057 6248380.0
963.2261874131577 6579002.0
963.6331217747605 6915355.5
964.0402951988142 7230796.0
964.4477076853188 7850059.5
964.8553592342744 7606957.5
965.2632498456808 7138666.0
965.671379519538 6716820.0
966.0797482558462 7628280.0
966.4883560546052 7143094.5
966.8972029158153 6364171.0
967.3062888394761 6025849.5
967.7156138255879 6220443.0
968.1251778741505 5618467.0
968.534980985164 4558145.0
968.9450231586284 4378545.5
969.3553043945437 4676464.0
969.7658246929099 4340083.5
970.1765840537269 3865162.2
970.5875824769948 3130660.2
970.9988199627137 2766499.5
971.4102965108834 3122865.2
971.822012121504 3352358.5
972.2339667945757 3622971.5
972.6461605300981 4314037.5
973.0585933280714 4862258.5
973.4712651884955 4763474.0
973.8841761113707 4819471.0
974.2973260966967 5752287.5
974.7107151444736 6743946.0
975.1243432547012 5919415.0
975.5382104273799 5447862.5
975.9523166625095 6053643.0
976.3666619600898 6683124.0
976.7812463201212 6520309.0
977.1960697426034 6816488.0
977.6111322275365 8280367.5
978.0264337749204 8952178.0
978.4419743847554 9145687.0
978.8577540570411 9267765.0
979.2737727917779 9174306.0
979.6900305889653 9146156.0
980.1065274486039 8142723.0
980.523263370693 7292079.0
980.9402383552333 6536107.0
981.3574524022245 6109567.0
981.7749055116664 6897660.0
982.1925976835594 6698006.0
982.6105289179031 7379659.0
983.0286992146978 8110762.0
983.4471085739433 9316649.0
983.8657569956398 10277058.0
984.2846444797872 10869211.0
984.7037710263854 10750322.0
985.1231366354345 11206965.0
985.5427413069345 11888511.0
985.9625850408854 11796640.0
986.3826678372873 11225766.0
986.8029896961399 11342709.0
987.2235506174435 11644246.0
987.6443506011979 11070810.0
988.0653896474032 11455912.0
988.4866677560595 11548989.0
988.9081849271665 11415069.0
989.3299411607247 10644990.0
989.7519364567336 10520974.0
990.1741708151934 10083398.0
990.5966442361041 9873834.0
991.0193567194657 9728049.0
991.4423082652781 8947682.0
991.8654988735416 7910419.5
992.2889285442558 7878742.5
992.712597277421 7028654.0
993.1365050730369 6892247.0
993.5606519311038 6925578.0
993.9850378516217 7612603.0
994.4096628345903 7859929.5
994.83452688001 8279435.0
995.2596299878804 9090759.0
995.6849721582018 9191641.0
996.110553390974 9257303.0
996.5363736861973 10023242.0
996.9624330438713 10747766.0
997.3887314639962 10117154.0
997.8152689465721 9386936.0
998.2420454915989 9948216.0
998.6690610990764 10119391.0
999.0963157690048 9276848.0
999.5238095013843 8065657.0
999.9515422962145 7951902.0
1000.3795141534958 8146649.0
1000.8077250732279 7569806.0
1001.2361750554107 6953049.0
1001.6648641000446 6197139.5
1002.0937922071294 5871210.5
1002.522959376665 4987762.0
1002.9523656086515 4094279.5
1003.3820109030889 4455991.0
1003.8118952599773 5091219.5
1004.2420186793163 5543001.0
1004.6723811611065 5970310.0
1005.1029827053474 6273962.5
1005.5338233120393 7264316.0
1005.9649029811819 8555199.0
1006.3962217127755 10263845.0
1006.8277795068202 11438915.0
1007.2595763633155 12297724.0
1007.6916122822619 13759459.0
1008.1238872636591 13969735.0
1008.5564013075071 15918176.0
1008.9891544138061 17699624.0
1009.422146582556 18395162.0
1009.8553778137567 18262494.0
1010.2888481074084 19394156.0
1010.7225574635108 19721240.0
1011.1565058820644 20877176.0
1011.5906933630686 21237908.0
1012.0251199065237 20286624.0
1012.45978551243 17858894.0
1012.8946901807869 14215036.0
1013.3298339115948 11330679.0
1013.7652167048535 9387022.0
1014.2008385605632 6757476.0
1014.6366994787238 5648577.0
1015.0727994593352 5480204.0
1015.5091385023975 5765522.5
1015.9457166079108 5733457.5
1016.3825337758749 6483321.0
1016.8195900062899 7474266.0
1017.2568852991558 7994328.0
1017.6944196544725 8724076.0
1018.1321930722402 10315693.0
1018.5702055524587 10258737.0
1019.0084570951283 10728209.0
1019.4469477002485 12340209.0
1019.8856773678198 13827082.0
1020.3246460978419 13651721.0
1020.763853890315 14612695.0
1021.2033007452387 15833000.0
1021.6429866626136 17458972.0
1022.0829116424393 17750296.0
1022.5230756847159 17872196.0
1022.9634787894433 17085128.0
1023.4041209566217 16470220.0
1023.8450021862509 14159609.0
1024.286122478331 12159395.0
1024.727481832862 9066936.0
1025.1690802498438 5626574.0
1025.6109177292767 3773395.0
1026.0529942711605 3490824.0
1026.495309875495 3436522.8
1026.9378645422805 3136616.0
1027.380658271517 2492865.5
1027.823691063204 2057609.9
1028.2669629173424 1696879.2
1028.7104738339312 1571214.9
1029.1542238129714 1532685.0
1029.598212854462 1496739.5
1030.0424409584039 1368820.8
1030.4869081247964 1403661.8
1030.9316143536398 1261132.5
1031.376559644934 1226938.5
1031.8217439986793 1290632.6
1032.2671674148755 1247900.2
1032.7128298935227 1210080.5
1033.1587314346207 1221730.1
1033.6048720381693 1462862.2
1034.051251704169 1165830.2
1034.4978704326197 1106523.6
1034.9447282235212 1043459.6
1035.3918250768736 1021770.56
1035.8391609926769 1183787.0
1036.286735970931 1345438.5
1036.734550011636 1156189.9
1037.182603114792 972543.44
1037.6308952803988 1001737.2
1038.0794265084567 1253008.6
1038.5281967989652 1013922.44
1038.9772061519247 933303.75
1039.426454567335 1044404.3
1039.8759420451966 1038411.9
1040.3256685855085 1098711.5
1040.7756341882716 1201274.9
1041.2258388534856 1433083.8
1041.6762825811506 1471474.4
1042.1269653712661 1225070.4
1042.577887223833 1214102.9
1043.0290481388504 1352253.8
1043.4804481163187 1207514.9
1043.9320871562381 1440418.9
1044.3839652586082 1722967.5
1044.8360824234294 1516751.5
1045.2884386507012 1429722.5
1045.7410339404241 1161780.4
1046.193868292598 1404432.4
1046.6469417072226 1454513.2
1047.1002541842981 1492137.0
1047.5538057238246 1813304.2
1048.0075963258018 2084208.2
1048.46162599023 2087353.0
1048.915894717109 1997940.0
1049.3704025064392 1691730.8
1049.82514935822 1844512.5
1050.2801352724516 2053706.4
1050.7353602491344 1629421.2
1051.1908242882678 1599759.8
1051.6465273898525 1474009.8
1052.1024695538877 1385020.5
1052.558650780374 1795110.6
1053.015071069311 1886506.8
1053.471730420699 1680460.0
1053.928628834538 1609486.2
1054.3857663108276 1606583.0
1054.8431428495683 1958677.8
1055.30075845076 1929539.2
1055.7586131144024 2163333.5
1056.2167068404956 2033164.2
1056.67503962904 2296845.0
1057.133611480035 1922846.5
1057.592422393481 1700231.8
1058.0514723693777 1962364.9
1058.5107614077258 2155799.2
1058.9702895085243 2360553.0
1059.4300566717739 1076306.1
1059.8900628974743 -581520.5
1060.3503081856259 -2234728.5
1060.8107925362278 -4255875.5
1061.2715159492811 -6381675.5
1061.732478424785 -7385003.0
1062.1936799627401 -9184029.0
1062.6551205631458 -10846939.0
1063.1168002260026 -12316476.0
1063.57871895131 -13899361.0
1064.0408767390686 -16186139.0
1064.503273589278 -17898562.0
1064.965909501938 -20015536.0
1065.4287844770492 -22279632.0
1065.8918985146113 -24210244.0
1066.3552516146242 -26035300.0
1066.818843777088 -28322698.0
1067.2826750020029 -30100404.0
1067.7467452893684 0.0
1068.211054639185 0.0
1068.6756030514523 0.0
1069.1403905261704 0.0
1069.6054170633397 0.0
1070.0706826629596 0.0
1070.5361873250306 0.0
1071.0019310495525 0.0
1071.4679138365252 0.0
1071.9341356859486 0.0
