string
description: px_shifted, calibration parameter: [ 1.19531225e-04 -2.30194563e-02  6.18194146e+02]
converted file:R_100ms_Fe_S3_x_1_33_binned_y back: data/dark_100msRZP-structure:___RZP_S3100msRoi:[0, 1040, 2048, 2048]
eV counts/s
618.1712462133476 1741509.4
618.1485853507007 1722439.2
618.1261635505048 1491277.5
618.1039808127597 1603439.4
618.0820371374655 2013162.4
618.0603325246223 2557389.8
618.0388669742298 2596235.2
618.0176404862883 2050395.2
617.9966530607976 2383418.5
617.9759046977579 2059203.1
617.955395397169 2131036.0
617.9351251590311 2351150.2
617.9150939833439 2642307.5
617.8953018701078 2962221.0
617.8757488193226 2686813.5
617.8564348309881 2430401.5
617.8373599051046 2327938.2
617.8185240416719 2304116.5
617.7999272406903 2801377.0
617.7815695021593 2784934.5
617.7634508260794 2656977.8
617.7455712124504 2425488.5
617.7279306612722 2082577.8
617.7105291725449 1463388.9
617.6933667462686 1622549.8
617.676443382443 1807660.0
617.6597590810685 2071207.4
617.6433138421447 2507212.8
617.6271076656718 2507915.5
617.6111405516499 2355390.5
617.5954125000789 1959188.2
617.5799235109587 2051524.0
617.5646735842894 2420425.0
617.5496627200711 2255772.8
617.5348909183035 2514626.2
617.520358178987 3132067.8
617.5060645021213 2727136.0
617.4920098877064 3264649.8
617.4781943357425 3338607.0
617.4646178462295 3119117.5
617.4512804191673 3160067.8
617.4381820545561 3226622.2
617.4253227523957 3230607.5
617.4127025126862 2959943.0
617.4003213354276 3098183.0
617.3881792206199 2704698.0
617.3762761682632 2169006.2
617.3646121783572 1969727.4
617.3531872509022 1973733.9
617.342001385898 2071362.8
617.3310545833449 1829843.6
617.3203468432424 1654236.1
617.309878165591 1870430.0
617.2996485503904 1968424.9
617.2896579976408 2241951.8
617.2799065073419 2316134.0
617.270394079494 2035106.0
617.261120714097 2183756.8
617.2520864111508 3220823.5
617.2432911706557 3396078.0
617.2347349926113 3140226.2
617.2264178770179 3231870.5
617.2183398238752 3210302.8
617.2105008331837 3294011.0
617.2029009049428 3250778.8
617.195540039153 2811630.0
617.188418235814 2354717.0
617.1815354949258 2136232.8
617.1748918164886 2019800.8
617.1684872005023 2051507.6
617.1623216469668 2481803.8
617.1563951558823 3247241.2
617.1507077272486 3285282.8
617.1452593610658 3762717.5
617.140050057334 3665566.2
617.1350798160529 3695676.5
617.1303486372229 4009022.5
617.1258565208436 4528748.0
617.1216034669154 4452127.5
617.1175894754379 4208166.0
617.1138145464114 4497646.0
617.1102786798357 4944358.0
617.106981875711 5032577.5
617.1039241340371 4041901.5
617.1011054548142 3659890.5
617.0985258380421 4028814.8
617.0961852837207 4281896.0
617.0940837918505 4256000.5
617.092221362431 3947878.8
617.0905979954625 4061690.5
617.0892136909449 4092844.8
617.0880684488782 4552860.0
617.0871622692623 4589881.0
617.0864951520974 5488162.5
617.0860670973833 6748099.0
617.0858781051202 7411625.5
617.0859281753078 8747038.0
617.0862173079464 8343597.5
617.0867455030359 6209422.0
617.0875127605763 4675009.5
617.0885190805675 3274716.5
617.0897644630096 1921771.5
617.0912489079027 1535451.9
617.0929724152465 1528656.9
617.0949349850415 1798397.6
617.0971366172871 1948846.8
617.0995773119838 2054973.2
617.1022570691313 1699964.8
617.1051758887297 1563255.1
617.1083337707789 1694321.9
617.1117307152791 2001925.8
617.1153667222302 1960113.9
617.1192417916321 2248154.5
617.123355923485 2373352.5
617.1277091177888 2431883.0
617.1323013745433 3029986.0
617.1371326937488 3851134.5
617.1422030754052 4522339.5
617.1475125195125 4902029.0
617.1530610260706 4486082.5
617.1588485950797 4596155.5
617.1648752265397 5417966.0
617.1711409204505 5877029.5
617.1776456768123 6444070.5
617.1843894956249 7090592.0
617.1913723768885 7189287.5
617.1985943206029 6427583.0
617.2060553267681 6421420.5
617.2137553953843 6842347.0
617.2216945264513 6474556.0
617.2298727199694 6206515.5
617.2382899759382 5613560.0
617.246946294358 3620701.2
617.2558416752286 1990481.2
617.2649761185502 1752186.4
617.2743496243226 1251602.4
617.2839621925459 1005179.5
617.29381382322 870702.0
617.3039045163453 1061836.6
617.3142342719211 970502.1
617.3248030899481 1050762.6
617.3356109704258 997671.94
617.3466579133545 892742.44
617.357943918734 1120626.8
617.3694689865644 1228858.2
617.3812331168458 1115428.6
617.3932363095779 943913.06
617.4054785647611 710514.5
617.417959882395 824938.8
617.43068026248 950217.2
617.4436397050157 950178.7
617.4568382100024 1068358.6
617.47027577744 970857.6
617.4839524073284 1932296.4
617.4978680996677 3326093.8
617.512022854458 4597769.0
617.526416671699 6091717.0
617.5410495513911 7051104.0
617.555921493534 7618714.5
617.5710324981277 8135499.0
617.5863825651725 7162264.0
617.601971694668 5784567.5
617.6177998866144 4448485.5
617.6338671410118 3710143.5
617.6501734578601 3303788.8
617.6667188371591 3189353.5
617.6835032789093 3695409.0
617.70052678311 3776185.0
617.7177893497619 4204126.0
617.7352909788646 4107884.8
617.7530316704182 3966478.0
617.7710114244226 4254337.0
617.7892302408779 4121879.5
617.8076881197842 4117875.2
617.8263850611413 4559023.0
617.8453210649494 4398939.0
617.8644961312083 5113399.0
617.8839102599181 7815220.0
617.9035634510788 10108692.0
617.9234557046905 12002671.0
617.9435870207528 14353159.0
617.9639573992663 15977490.0
617.9845668402305 15260746.0
618.0054153436457 12608512.0
618.0265029095117 9047600.0
618.0478295378288 5707254.5
618.0693952285965 4357446.0
618.0911999818152 3398477.8
618.1132437974848 2532700.2
618.1355266756052 2065870.8
618.1580486161766 1421002.5
618.180809619199 1453673.9
618.2038096846721 1798882.5
618.2270488125961 1456354.0
618.2505270029711 1590614.8
618.2742442557969 1506047.0
618.2982005710737 1270414.8
618.3223959488013 1252238.0
618.3468303889798 1263499.8
618.3715038916091 1423537.5
618.3964164566895 1138064.8
618.4215680842207 1369682.6
618.4469587742026 1355971.2
618.4725885266356 985595.06
618.4984573415195 974979.6
618.5245652188543 1296564.8
618.5509121586398 1332901.2
618.5774981608764 1228850.8
618.6043232255638 1184283.2
618.6313873527021 1331386.2
618.6586905422912 1637551.1
618.6862327943314 1780074.2
618.7140141088223 2267474.2
618.7420344857642 3187068.5
618.7702939251569 4845184.5
618.7987924270005 5804367.5
618.827529991295 7436909.5
618.8565066180404 9497567.0
618.8857223072368 10393932.0
618.915177058884 11122339.0
618.944870872982 9901103.0
618.974803749531 8919566.0
619.004975688531 6432734.0
619.0353866899817 4332323.0
619.0660367538834 3140738.8
619.0969258802359 2659563.0
619.1280540690393 2095428.2
619.1594213202936 1700252.8
619.1910276339989 1442090.0
619.2228730101549 1705358.5
619.2549574487618 1394971.8
619.2872809498198 1617789.4
619.3198435133286 1195159.4
619.3526451392883 778099.4
619.3856858276988 700359.06
619.4189655785602 978365.25
619.4524843918725 949558.9
619.4862422676358 921153.7
619.5202392058499 955030.4
619.5544752065149 951121.3
619.5889502696308 901414.94
619.6236643951976 1541106.2
619.6586175832152 1371976.2
619.6938098336839 1293759.8
619.7292411466033 2011231.5
619.7649115219735 2900879.8
619.8008209597948 3611613.0
619.8369694600669 4342711.0
619.8733570227901 5566686.0
619.9099836479638 6308446.0
619.9468493355887 6604949.5
619.9839540856643 8020327.5
620.0212978981909 8659685.0
620.0588807731684 7201602.0
620.0967027105968 4850910.5
620.134763710476 3330836.2
620.1730637728062 2861108.0
620.2116028975872 2527523.0
620.2503810848191 1679518.8
620.2893983345019 1451315.5
620.3286546466355 1236401.6
620.3681500212202 1428661.1
620.4078844582556 1370366.4
620.447857957742 990449.4
620.4880705196792 610979.6
620.5285221440674 697057.6
620.5692128309064 725377.8
620.6101425801965 591387.1
620.6513113919372 322254.12
620.692719266129 589365.9
620.7343662027715 940226.5
620.7762522018651 640448.7
620.8183772634094 718155.4
620.8607413874046 786578.44
620.9033445738509 749611.1
620.9461868227478 879603.0
620.9892681340958 929090.94
621.0325885078946 691658.8
621.0761479441444 959658.0
621.1199464428449 1341132.2
621.1639840039965 986966.56
621.2082606275989 1366045.0
621.2527763136521 1354249.5
621.2975310621563 1511186.8
621.3425248731114 1449728.9
621.3877577465173 1283527.6
621.4332296823742 1212550.0
621.478940680682 1066276.5
621.5248907414405 847313.75
621.5710798646501 1039409.6
621.6175080503104 1177175.2
621.6641752984218 1154270.5
621.7110816089839 875004.5
621.758226981997 887750.25
621.8056114174609 745245.6
621.8532349153759 1004768.5
621.9010974757415 1087136.6
621.9491990985582 1016798.4
621.9975397838257 1114402.0
622.0461195315442 1305710.5
622.0949383417135 1725382.8
622.1439962143336 1450710.1
622.1932931494047 1331894.8
622.2428291469266 1496190.6
622.2926042068996 1533324.8
622.3426183293233 1699935.0
622.392871514198 1414332.6
622.4433637615234 1675911.9
622.4940950713 1758540.1
622.5450654435272 1588937.2
622.5962748782055 1341021.8
622.6477233753345 1423912.5
622.6994109349146 1409544.2
622.7513375569454 1510794.0
622.8035032414273 1652584.2
622.8559079883598 1641822.5
622.9085517977434 1974534.2
622.9614346695778 2214624.5
623.0145566038631 2122434.5
623.0679176005993 2174158.2
623.1215176597865 2375621.0
623.1753567814245 2973364.0
623.2294349655133 2377463.5
623.2837522120532 1834226.9
623.3383085210438 2031681.0
623.3931038924854 3112026.0
623.4481383263778 3965901.2
623.5034118227212 4303271.5
623.5589243815153 4537716.0
623.6146760027606 5985139.0
623.6706666864566 6367660.5
623.7268964326033 6598950.5
623.7833652412012 6718420.5
623.8400731122499 7089648.0
623.8970200457495 5503383.0
623.9542060416999 4035165.0
624.0116311001013 3044075.5
624.0692952209534 2555967.2
624.1271984042567 2419954.8
624.1853406500106 2191559.0
624.2437219582156 2213329.0
624.3023423288714 1782331.5
624.3612017619781 1654241.8
624.4203002575357 1580542.2
624.4796378155443 1455643.6
624.5392144360035 1335840.1
624.5990301189137 1260145.8
624.659084864275 1446359.8
624.7193786720869 1120313.2
624.7799115423499 830013.25
624.8406834750637 860191.75
624.9016944702284 1024037.75
624.962944527844 1131941.8
625.0244336479105 1358146.2
625.0861618304278 1305553.5
625.1481290753961 1246303.6
625.2103353828153 1613727.4
625.2727807526853 1776397.4
625.3354651850062 2057611.8
625.398388679778 1842390.2
625.4615512370008 1741916.8
625.5249528566744 2063299.4
625.5885935387989 2385191.8
625.6524732833743 2963565.0
625.7165920904006 2906071.2
625.7809499598777 3028632.5
625.8455468918058 3754895.5
625.9103828861847 4385154.5
625.9754579430146 4326654.0
626.0407720622953 4300593.0
626.106325244027 3652614.0
626.1721174882094 2789010.0
626.2381487948429 2724814.8
626.3044191639272 2410867.0
626.3709285954623 1966652.0
626.4376770894484 2055199.4
626.5046646458853 1972015.2
626.5718912647732 1945374.9
626.6393569461119 1143925.5
626.7070616899016 1574709.4
626.7750054961421 1603263.2
626.8431883648335 1530149.8
626.9116102959758 1479178.6
626.980271289569 1213694.2
627.0491713456131 888009.0
627.1183104641082 1120529.4
627.1876886450539 844124.4
627.2573058884507 1058637.5
627.3271621942984 1330869.4
627.3972575625968 1421924.0
627.4675919933463 1678853.2
627.5381654865465 1842709.2
627.6089780421978 2101142.8
627.6800296602999 2454151.5
627.7513203408529 2606047.5
627.8228500838567 2910448.5
627.8946188893116 2593497.2
627.9666267572171 2544937.0
628.0388736875738 2170562.5
628.1113596803812 1578675.0
628.1840847356395 2273595.2
628.2570488533487 2168645.0
628.3302520335087 1970880.6
628.4036942761198 1827973.1
628.4773755811816 2185157.0
628.5512959486945 2643413.8
628.6254553786581 2944983.8
628.6998538710727 3050993.0
628.7744914259381 3094911.2
628.8493680432545 2764533.8
628.9244837230217 2835704.8
628.9998384652398 2707839.5
629.0754322699088 2630358.8
629.1512651370288 2909682.5
629.2273370665995 3253489.5
629.3036480586212 3893605.0
629.3801981130938 4170239.8
629.4569872300171 3653398.0
629.5340154093916 3305087.0
629.6112826512167 3053733.5
629.6887889554929 2044912.8
629.7665343222199 1883336.9
629.8445187513979 2023211.4
629.9227422430266 1894701.8
630.0012047971064 1540160.0
630.0799064136369 1102738.0
630.1588470926184 933587.1
630.2380268340507 1411633.2
630.317445637934 2137425.5
630.3971035042681 2189777.8
630.4770004330533 1654580.0
630.5571364242891 1928675.6
630.6375114779759 2226706.2
630.7181255941136 1944671.8
630.7989787727022 1630835.6
630.8800710137417 1686630.1
630.961402317232 1940395.1
631.0429726831734 1759037.2
631.1247821115654 1702639.2
631.2068306024086 1670288.0
631.2891181557025 1396086.0
631.3716447714473 1564998.2
631.454410449643 1411510.5
631.5374151902896 1220478.2
631.6206589933871 1317791.1
631.7041418589355 1492978.2
631.7878637869347 1528546.9
631.8718247773849 1783801.2
631.956024830286 1547295.8
632.0404639456378 1989016.0
632.1251421234408 2409042.2
632.2100593636944 2577232.2
632.2952156663991 2028311.0
632.3806110315546 1888156.2
632.4662454591611 2121639.5
632.5521189492183 1693898.6
632.6382315017265 1508228.5
632.7245831166855 1415695.8
632.8111737940956 1618291.1
632.8980035339563 1654101.5
632.985072336268 1655846.2
633.0723802010307 2040378.2
633.1599271282441 2253804.5
633.2477131179087 2223840.2
633.3357381700239 2219995.2
633.4240022845902 2044129.9
633.5125054616071 2872890.0
633.6012477010752 2649815.2
633.690229002994 2366956.2
633.7794493673638 2332358.8
633.8689087941844 2342803.5
633.958607283456 2645448.8
634.0485448351784 2820742.8
634.1387214493517 2101682.0
634.2291371259759 1721699.4
634.3197918650509 1664541.5
634.4106856665769 1449432.0
634.5018185305538 1432463.8
634.5931904569816 1446482.2
634.6848014458602 1347475.1
634.7766514971898 1169991.0
634.8687406109701 1144238.6
634.9610687872016 1029084.3
635.0536360258837 1062324.9
635.1464423270169 745720.06
635.2394876906009 760251.9
635.3327721166357 815348.25
635.4262956051215 955232.25
635.5200581560582 1139312.0
635.6140597694457 1047216.25
635.7083004452841 705666.6
635.8027801835735 996146.94
635.8974989843136 1652345.5
635.9924568475049 1544110.2
636.0876537731468 1292052.6
636.1830897612398 1330474.5
636.2787648117835 1336898.0
636.3746789247782 1271792.4
636.4708321002237 1276904.8
636.5672243381202 1609126.8
636.6638556384676 1566307.8
636.7607260012659 1209722.5
636.857835426515 1590972.6
636.9551839142149 1926272.6
637.0527714643658 2039329.2
637.1505980769675 2343765.5
637.2486637520203 1901265.6
637.3469684895239 2009226.1
637.4455122894784 1954152.2
637.5442951518837 1874451.4
637.64331707674 1778701.5
637.742578064047 1549235.0
637.8420781138052 1787801.8
637.941817226014 1758236.9
638.0417954006739 1621117.8
638.1420126377845 1436824.5
638.2424689373462 1249299.5
638.3431642993586 1107643.6
638.444098723822 988231.2
638.5452722107362 911051.25
638.6466847601014 1046903.8
638.7483363719175 1095028.6
638.8502270461844 1118230.8
638.9523567829023 866907.1
639.0547255820709 1318027.0
639.1573334436905 1289959.2
639.260180367761 1593396.5
639.3632663542825 1795280.0
639.4665914032546 1498387.4
639.5701555146778 1227416.8
639.6739586885519 1516017.8
639.7780009248769 1806544.5
639.8822822236526 1892820.8
639.9868025848793 2121253.0
640.091562008557 2204269.0
640.1965604946854 2747956.5
640.3017980432649 2806251.5
640.4072746542952 2525430.8
640.5129903277764 2496288.5
640.6189450637083 2620480.0
640.7251388620914 1781117.5
640.8315717229252 1682755.0
640.93824364621 1503014.4
641.0451546319456 1377901.4
641.1523046801321 1442369.4
641.2596937907695 1557926.8
641.3673219638578 1555095.6
641.4751891993969 1643015.0
641.583295497387 1404870.5
641.691640857828 1163231.1
641.8002252807198 1298275.9
641.9090487660626 1592164.4
642.0181113138563 1435109.8
642.1274129241008 1729779.5
642.2369535967962 1749039.8
642.3467333319426 1931139.5
642.4567521295397 1684081.1
642.5670099895879 1592385.8
642.6775069120868 1833405.8
642.7882428970366 2479579.5
642.8992179444374 2012947.5
643.010432054289 1442925.1
643.1218852265915 1340473.0
643.2335774613449 1164134.2
643.3455087585494 1024750.1
643.4576791182045 1165100.2
643.5700885403106 1231911.5
643.6827370248676 1286103.0
643.7956245718756 1298871.1
643.9087511813342 1501665.5
644.0221168532439 1104828.4
644.1357215876045 1076206.4
644.249565384416 1188142.4
644.3636482436782 1321725.1
644.4779701653915 1267078.4
644.5925311495556 1535573.9
644.7073311961706 1534261.0
644.8223703052365 1458956.8
644.9376484767532 1052830.2
645.0531657107209 1188820.2
645.1689220071395 1353904.0
645.2849173660089 1829141.5
645.4011517873292 1198639.1
645.5176252711005 1066715.5
645.6343378173226 1156387.6
645.7512894259957 1246656.6
645.8684800971196 1420476.8
645.9859098306944 1402224.5
646.10357862672 1194749.5
646.2214864851966 1253375.6
646.3396334061241 1385123.6
646.4580193895024 1276042.0
646.5766444353317 1451019.4
646.6955085436118 1383110.0
646.8146117143428 1333350.2
646.9339539475247 1172605.2
647.0535352431576 1174846.8
647.1733556012413 1109873.9
647.2934150217759 944686.1
647.4137135047613 1249091.6
647.5342510501977 1387349.0
647.6550276580849 966371.25
647.7760433284232 915177.1
647.8972980612122 1148215.5
648.018791856452 1102989.5
648.1405247141429 1038969.4
648.2624966342845 994258.7
648.3847076168772 1147701.8
648.5071576619206 1227815.8
648.629846769415 1085909.6
648.7527749393603 1266790.4
648.8759421717565 1619276.2
648.9993484666035 1371522.8
649.1229938239015 1146026.9
649.2468782436503 1270609.2
649.3710017258501 1257583.4
649.4953642705007 1326916.9
649.6199658776021 1243536.1
649.7448065471544 1277970.5
649.8698862791578 1063931.2
649.9952050736119 1210834.4
650.120762930517 995694.7
650.2465598498729 1348627.6
650.3725958316797 1334731.5
650.4988708759375 1501208.2
650.6253849826461 1483900.0
650.7521381518056 1254767.8
650.879130383416 1190511.5
651.0063616774773 1356286.9
651.1338320339895 1701556.9
651.2615414529527 1593834.0
651.3894899343666 1358530.1
651.5176774782313 1338120.6
651.6461040845472 1414636.9
651.7747697533138 1435698.1
651.9036744845314 1103531.8
652.0328182781997 1318830.8
652.162201134319 1702264.2
652.2918230528892 1731544.9
652.4216840339103 1452381.4
652.5517840773823 1521795.6
652.6821231833052 1525795.1
652.8127013516789 1185416.9
652.9435185825037 1387537.5
653.074574875779 1727526.2
653.2058702315056 1518808.5
653.3374046496829 1517587.0
653.469178130311 1271274.2
653.6011906733902 1252929.5
653.73344227892 1422386.5
653.865932946901 1352445.8
653.9986626773327 818532.56
654.1316314702154 836530.3
654.2648393255489 1199576.4
654.3982862433335 1156966.2
654.5319722235687 1125599.1
654.665897266255 1282502.6
654.8000613713921 1268710.1
654.9344645389801 1267451.2
655.069106769019 1398862.5
655.2039880615088 1386559.9
655.3391084164494 1293239.2
655.4744678338409 1025704.94
655.6100663136834 1264226.5
655.7459038559767 1214720.1
655.881980460721 1217405.2
656.0182961279161 1027698.6
656.1548508575621 1184455.9
656.291644649659 1239070.8
656.4286775042068 1715377.0
656.5659494212055 1642830.8
656.7034604006551 1656734.4
656.8412104425555 1744739.9
656.9791995469069 1393608.2
657.117427713709 1726630.6
657.2558949429622 2061640.5
657.3946012346663 2063469.5
657.5335465888211 1607854.9
657.672731005427 1354043.9
657.8121544844836 1282968.5
657.9518170259913 1401183.6
658.0917186299497 1186055.2
658.2318592963591 1141213.0
658.3722390252193 1448091.8
658.5128578165305 1229783.1
658.6537156702925 1216343.6
658.7948125865055 1298066.6
658.9361485651692 936996.8
659.077723606284 1292724.2
659.2195377098495 1258251.4
659.361590875866 1324943.2
659.5038831043335 1508744.8
659.6464143952517 1758771.1
659.7891847486209 1439708.5
659.9321941644408 1304345.2
660.0754426427119 1214844.1
660.2189301834336 1106151.9
660.3626567866064 1258383.4
660.50662245223 995540.06
660.6508271803045 961134.5
660.7952709708298 1167427.5
660.9399538238061 1454094.2
661.0848757392333 1486687.4
661.2300367171114 1241536.0
661.3754367574403 1126124.0
661.5210758602201 1166178.9
661.6669540254509 1108703.1
661.8130712531324 1097789.9
661.9594275432651 1104027.4
662.1060228958484 878618.06
662.2528573108827 1174418.1
662.3999307883678 1243041.2
662.5472433283039 930001.8
662.6947949306908 1082721.8
662.8425855955288 915420.6
662.9906153228175 877349.7
663.1388841125572 870120.75
663.2873919647476 1045408.06
663.436138879389 977014.25
663.5851248564813 1015587.1
663.7343498960245 953133.75
663.8838139980186 1013215.1
664.0335171624636 1010199.7
664.1834593893594 878379.9
664.3336406787062 1033905.0
664.4840610305039 1287529.0
664.6347204447524 1347168.8
664.7856189214518 1254320.5
664.936756460602 1256373.6
665.0881330622034 967983.2
665.2397487262554 830171.2
665.3916034527584 970013.75
665.5436972417123 973120.3
665.6960300931171 921419.75
665.8486020069727 969356.5
666.0014129832791 1146355.6
666.1544630220367 1206649.2
666.3077521232449 1206105.8
666.4612802869042 1248715.6
666.6150475130142 1456657.2
666.7690538015753 1206949.0
666.9232991525871 1254275.2
667.07778356605 1222628.9
667.2325070419636 1406019.5
667.3874695803282 1344265.1
667.5426711811436 1277231.0
667.69811184441 1526363.8
667.8537915701272 1624673.1
668.0097103582953 1371733.5
668.1658682089143 1703460.8
668.3222651219842 1796832.6
668.4789010975051 1654044.0
668.6357761354766 1303904.8
668.7928902358992 1356014.2
668.9502433987727 1252009.5
669.1078356240971 1068521.0
669.2656669118722 1021687.8
669.4237372620985 994779.06
669.5820466747754 1078626.5
669.7405951499034 992008.7
669.8993826874821 637568.9
670.0584092875117 1192283.9
670.2176749499924 1430813.2
670.3771796749238 1481199.0
670.5369234623063 1204426.9
670.6969063121394 965067.25
670.8571282244236 1143530.1
671.0175891991586 1054088.6
671.1782892363447 1213246.4
671.3392283359814 1181381.1
671.5004064980691 1108603.9
671.6618237226077 998782.8
671.8234800095972 1103229.4
671.9853753590376 1235129.0
672.1475097709289 1288170.8
672.309883245271 1192322.2
672.472495782064 1127457.4
672.635347381308 972796.3
672.7984380430028 917626.5
672.9617677671484 988347.6
673.125336553745 1205625.5
673.2891444027925 1269415.4
673.453191314291 1266583.9
673.6174772882403 1295998.2
673.7820023246404 1262922.0
673.9467664234915 921972.8
674.1117695847934 876270.0
674.2770118085463 1112084.2
674.4424930947499 1066194.2
674.6082134434046 1284295.8
674.7741728545101 1154708.2
674.9403713280664 1232343.1
675.1068088640737 1333596.0
675.2734854625319 1589782.8
675.440401123441 1808294.5
675.6075558468009 1395732.0
675.7749496326118 1332594.9
675.9425824808735 1565728.2
676.1104543915861 1920499.4
676.2785653647496 1741932.8
676.4469154003641 1418862.0
676.6155044984293 1557004.9
676.7843326589456 1262584.4
676.9533998819127 1091237.0
677.1227061673306 1288200.9
677.2922515151995 1269305.2
677.4620359255191 1340627.0
677.6320593982898 1080611.4
677.8023219335114 995447.6
677.9728235311838 857873.4
678.1435641913071 996039.4
678.3145439138814 862732.44
678.4857626989063 783398.8
678.6572205463824 1082633.5
678.8289174563092 1249591.0
679.000853428687 1405439.0
679.1730284635156 1232872.8
679.3454425607953 1064637.4
679.5180957205256 1031346.5
679.690987942707 1291643.5
679.8641192273392 1386050.1
680.0374895744222 1314750.1
680.2110989839563 1107595.1
680.3849474559411 1280383.6
680.559034990377 1736585.0
680.7333615872635 1381509.8
680.9079272466012 1184426.9
681.0827319683896 1172152.9
681.257775752629 1074056.8
681.4330585993191 1236400.5
681.6085805084602 1030369.06
681.7843414800523 1088111.2
681.9603415140951 984107.5
682.1365806105889 1103837.0
682.3130587695335 1454639.8
682.4897759909292 1549873.1
682.6667322747755 1692315.8
682.8439276210729 1394380.2
683.0213620298211 1240626.9
683.1990355010204 1466316.5
683.3769480346702 1296145.9
683.5550996307712 1734420.6
683.7334902893231 1866247.6
683.9121200103258 1519620.2
684.0909887937793 1423694.5
684.2700966396839 1413528.5
684.4494435480391 1234547.6
684.6290295188454 1132061.5
684.8088545521025 1198028.5
684.9889186478105 1022538.4
685.1692218059694 1159281.9
685.3497640265792 1074056.4
685.5305453096399 1144613.6
685.7115656551515 1182134.5
685.8928250631141 1005613.06
686.0743235335274 1155146.5
686.2560610663917 1262784.9
686.4380376617067 1420315.8
686.6202533194729 1357651.0
686.8027080396897 1538213.0
686.9854018223576 1356668.8
687.1683346674763 1486811.8
687.351506575046 1444559.0
687.5349175450664 1381027.2
687.7185675775377 1679666.0
687.9024566724601 1784488.0
688.0865848298331 1707675.6
688.2709520496572 1522990.8
688.4555583319321 1429614.8
688.640403676658 1096139.8
688.8254880838347 1128301.0
689.0108115534624 1315131.5
689.1963740855408 1438733.1
689.3821756800703 1307939.5
689.5682163370506 1293377.0
689.7544960564818 1279747.9
689.9410148383638 1264947.9
690.1277726826967 1179974.6
690.3147695894805 1427586.4
690.5020055587153 1810984.2
690.689480590401 1903115.1
690.8771946845374 2157630.2
691.0651478411248 1952723.2
691.253340060163 1624915.5
691.4417713416524 1564272.5
691.6304416855924 1541636.2
691.8193510919834 1599112.2
692.0084995608252 1611434.2
692.197887092118 1703024.4
692.3875136858616 1688171.2
692.5773793420561 1764251.5
692.7674840607016 1963292.6
692.9578278417978 1963407.8
693.1484106853451 1987996.2
693.339232591343 1679875.0
693.5302935597921 1553600.6
693.7215935906919 1553633.5
693.9131326840427 1852766.1
694.1049108398444 1921319.5
694.2969280580969 1852543.1
694.4891843388003 1802697.2
694.6816796819547 1893388.2
694.8744140875599 1872411.9
695.067387555616 1812223.8
695.260600086123 1797022.5
695.4540516790809 2002391.2
695.6477423344896 2151478.8
695.8416720523492 1877890.8
696.0358408326598 1701198.9
696.2302486754212 2006842.0
696.4248955806336 1953766.9
696.6197815482967 2060176.9
696.814906578411 2194667.2
697.0102706709758 2198941.0
697.2058738259918 2128867.8
697.4017160434586 2021158.0
697.5977973233763 1869123.5
697.7941176657448 1952643.5
697.9906770705643 2449658.5
698.1874755378346 2322190.8
698.3845130675558 2104051.2
698.581789659728 2025981.0
698.779305314351 2464018.2
698.9770600314249 2384226.2
699.1750538109496 2483034.8
699.3732866529253 2749686.0
699.5717585573519 2435230.5
699.7704695242294 2702245.2
699.9694195535577 2845675.5
700.168608645337 2846726.5
700.3680367995671 2861754.8
700.5677040162482 2576449.0
700.7676102953801 2551181.5
700.9677556369629 2549360.2
701.1681400409966 2483392.2
701.368763507481 2266542.0
701.5696260364166 2386912.2
701.7707276278029 2688718.5
701.9720682816403 3099039.5
702.1736479979284 3176966.0
702.3754667766674 2745071.2
702.5775246178573 2356213.5
702.7798215214982 2649093.5
702.9823574875899 2649892.8
703.1851325161325 2755202.8
703.3881466071259 3183373.0
703.5913997605704 2745816.0
703.7948919764656 2748152.2
703.9986232548118 2647726.5
704.2025935956088 2579079.5
704.4068029988567 2394770.8
704.6112514645556 2567025.0
704.8159389927052 2641776.2
705.020865583306 2393797.8
705.2260312363574 2536969.8
705.4314359518598 2838818.0
705.6370797298131 2702156.0
705.8429625702173 3402525.0
706.0490844730723 3981226.2
706.2554454383783 3379880.2
706.4620454661351 2963098.5
706.6688845563428 3376224.5
706.8759627090014 3564495.5
707.0832799241109 3424090.2
707.2908362016714 3546297.8
707.4986315416826 3453323.5
707.7066659441448 3119716.5
707.9149394090579 3420705.2
708.1234519364218 4025555.2
708.3322035262366 4400565.5
708.5411941785025 4041454.5
708.750423893219 4187531.2
708.9598926703866 4378594.5
709.169600510005 4808324.0
709.3795474120743 4686250.0
709.5897333765945 4451242.5
709.8001584035657 4495036.5
710.0108224929876 4275494.5
710.2217256448604 4092867.5
710.4328678591842 4572243.5
710.6442491359588 4594871.5
710.8558694751844 4364906.0
711.0677288768608 4491579.0
711.2798273409882 5232600.5
711.4921648675663 6743800.0
711.7047414565955 8640152.0
711.9175571080754 10002036.0
712.1306118220064 11041782.0
712.343905598388 12009718.0
712.5574384372208 12619505.0
712.7712103385043 11687862.0
712.9852213022388 10785954.0
713.199471328424 9568691.0
713.4139604170601 9190920.0
713.6286885681474 9272114.0
713.8436557816852 8834086.0
714.0588620576742 8847777.0
714.274307396114 9232751.0
714.4899917970047 9099725.0
714.7059152603462 8580318.0
714.9220777861387 8707159.0
715.138479374382 9785182.0
715.3551200250763 10908950.0
715.5719997382214 11641892.0
715.7891185138174 12193746.0
716.0064763518642 12316760.0
716.224073252362 12540306.0
716.4419092153107 12388888.0
716.6599842407103 10949184.0
716.8782983285607 9997506.0
717.096851478862 9870406.0
717.3156436916144 10087234.0
717.5346749668174 9597368.0
717.7539453044715 8429245.0
717.9734547045764 7479710.5
718.1932031671322 6622013.0
718.4131906921389 5581947.0
718.6334172795965 4861868.0
718.853882929505 4374452.0
719.0745876418644 3986202.8
719.2955314166745 3707612.8
719.5167142539357 3880979.0
719.7381361536477 3923995.0
719.9597971158106 4261602.0
720.1816971404245 3640591.2
720.4038362274891 3731754.8
720.6262143770048 3890197.8
720.8488315889713 4230907.0
721.0716878633887 4807184.5
721.2947832002569 5671604.0
721.518117599576 6867915.0
721.741691061346 7677694.5
721.965503585567 8588913.0
722.1895551722389 9442878.0
722.4138458213616 11098810.0
722.6383755329352 13040825.0
722.8631443069596 14669480.0
723.0881521434351 15855915.0
723.3133990423613 16036442.0
723.5388850037385 14947228.0
723.7646100275665 13614369.0
723.9905741138455 12530981.0
724.2167772625753 12436301.0
724.4432194737561 12167446.0
724.6699007473876 12723488.0
724.8968210834703 13583280.0
725.1239804820036 13601216.0
725.3513789429879 13485032.0
725.579016466423 14211462.0
725.8068930523091 15411528.0
726.0350087006461 15682936.0
726.2633634114338 16607799.0
726.4919571846726 17461568.0
726.7207900203623 17355798.0
726.9498619185028 16957232.0
727.1791728790942 19032428.0
727.4087229021366 23788862.0
727.6385119876297 30462072.0
727.8685401355738 43457644.0
728.0988073459687 60327384.0
728.3293136188147 77956470.0
728.5600589541114 98577800.0
728.7910433518591 119180780.0
729.0222668120575 134067520.0
729.2537293347069 137860580.0
729.4854309198073 129480780.0
729.7173715673584 106268400.0
729.9495512773606 74032490.0
730.1819700498136 47264550.0
730.4146278847174 32157924.0
730.6475247820722 23203056.0
730.8806607418778 18140532.0
731.1140357641343 15461576.0
731.3476498488419 13207872.0
731.5815029960002 10522809.0
731.8155952056094 8310730.5
732.0499264776695 6980292.5
732.2844968121806 5968657.0
732.5193062091423 5170812.5
732.754354668555 5079830.0
732.9896421904187 5023627.0
733.2251687747333 4625626.5
733.4609344214988 4494118.5
733.6969391307151 5134067.0
733.9331829023823 5774327.5
734.1696657365004 6126730.5
734.4063876330695 6494589.5
734.6433485920893 6724029.5
734.8805486135602 7227775.5
735.1179876974818 7867466.0
735.3556658438545 8903221.0
735.5935830526778 9137053.0
735.8317393239522 8816574.0
736.0701346576775 8204837.5
736.3087690538534 6996749.0
736.5476425124806 6041430.5
736.7867550335584 6081080.5
737.0261066170873 6464787.0
737.265697263067 7175087.0
737.5055269714976 8017844.0
737.745595742379 9283523.0
737.9859035757114 12342039.0
738.2264504714947 15809114.0
738.4672364297288 20631736.0
738.7082614504138 28359358.0
738.9495255335498 39984190.0
739.1910286791365 54406030.0
739.4327708871742 72571180.0
739.6747521576629 92979340.0
739.9169724906022 111461230.0
740.1594318859927 121700120.0
740.4021303438338 120545260.0
740.6450678641261 106321710.0
740.8882444468691 82710220.0
741.131660092063 55042260.0
741.3753147997079 33115158.0
741.6192085698036 21104524.0
741.8633414023502 15590276.0
742.1077132973477 12734434.0
742.352324254796 10594975.0
742.5971742746954 9444056.0
742.8422633570456 7601837.0
743.0875915018465 5724132.5
743.3331587090985 4597748.5
743.5789649788013 3743761.0
743.8250103109551 3437798.8
744.0712947055597 2912217.2
744.3178181626151 2467196.5
744.5645806821216 2461109.0
744.8115822640789 2390909.8
745.058822908487 2616944.8
745.3063026153461 2864509.5
745.554021384656 3056996.0
745.801979216417 3166561.0
746.0501761106286 3440642.2
746.2986120672912 3677667.8
746.5472870864048 4094609.5
746.7962011679691 4186988.5
747.0453543119845 3873583.8
747.2947465184507 4125289.8
747.5443777873677 3789945.2
747.7942481187357 3133607.8
748.0443575125546 2566679.2
748.2947059688242 2137072.2
748.545293487545 2250216.0
748.7961200687164 2332698.5
749.0471857123389 2237977.8
749.2984904184123 2210252.0
749.5500341869365 1810621.9
749.8018170179115 1794538.9
750.0538389113375 1949433.6
750.3060998672144 1969078.0
750.558599885542 1873693.5
750.8113389663208 1865061.0
751.0643171095503 1905398.5
751.3175343152308 2054664.2
751.570990583362 2062587.4
751.8246859139442 2053771.0
752.0786203069773 1970172.0
752.3327937624614 2218827.8
752.5872062803962 2355170.0
752.841857860782 2694024.0
753.0967485036186 2553489.8
753.3518782089062 2688539.8
753.6072469766447 2574953.2
753.8628548068339 2654830.2
754.1187016994742 2843342.5
754.3747876545652 2730737.8
754.6311126721073 2529693.0
754.8876767521001 2560317.0
755.144479894544 2753627.5
755.4015220994386 2721717.2
755.6588033667842 2584832.8
755.9163236965807 2551724.5
756.1740830888281 2751485.5
756.4320815435262 2856657.0
756.6903190606754 3059799.8
756.9487956402754 3066352.5
757.2075112823263 3033833.5
757.4664659868281 3073302.5
757.7256597537807 3212761.0
757.9850925831844 3318199.8
758.2447644750388 3417372.0
758.5046754293442 3728639.5
758.7648254461004 4051351.5
759.0252145253075 4993094.5
759.2858426669656 4999751.5
759.5467098710745 5157607.5
759.8078161376343 5562939.5
760.069161466645 5696356.0
760.3307458581066 5564422.5
760.5925693120191 5082058.5
760.8546318283825 5454510.5
761.1169334071967 5505733.0
761.3794740484618 4755128.0
761.6422537521778 4032366.0
761.9052725183449 3842656.5
762.1685303469626 3747959.8
762.4320272380314 4272822.0
762.6957631915509 4227293.0
762.9597382075215 3908369.8
763.2239522859428 3585838.0
763.4884054268151 3785197.5
763.7530976301382 3723459.5
764.0180288959123 3862809.8
764.2831992241372 4117209.8
764.5486086148131 3940367.2
764.8142570679397 4040041.5
765.0801445835173 4240744.5
765.3462711615459 4791719.0
765.6126368020252 6112382.5
765.8792415049556 7271821.0
766.1460852703367 7978027.5
766.4131680981689 8295838.0
766.6804899884517 7958247.5
766.9480509411856 7110185.0
767.2158509563703 6483602.0
767.483890034006 5764457.0
767.7521681740925 4691103.0
768.0206853766299 4538736.5
768.2894416416182 4795040.0
768.5584369690574 4779595.5
768.8276713589474 5196000.0
769.0971448112883 5671064.5
769.3668573260802 5512219.0
769.636808903323 5717470.5
769.9069995430166 6042922.0
770.1774292451611 5996214.5
770.4480980097566 6429160.5
770.7190058368028 7442840.5
770.9901527263 8121344.5
771.2615386782481 7838753.0
771.5331636926471 8508244.0
771.805027769497 9987459.0
772.0771309087978 11111419.0
772.3494731105494 12926394.0
772.622054374752 15449895.0
772.8948747014053 18259718.0
773.1679340905096 21110598.0
773.4412325420649 25194420.0
773.714770056071 27279936.0
773.9885466325279 28593704.0
774.2625622714359 27507644.0
774.5368169727947 24225898.0
774.8113107366042 20912800.0
775.0860435628648 16028162.0
775.3610154515762 11107700.0
775.6362264027387 7675513.0
775.9116764163518 6852850.5
776.1873654924159 6832050.0
776.4632936309309 6920059.0
776.7394608318967 6610922.0
777.0158670953135 6135783.0
777.2925124211812 6002910.0
777.5693968094998 6295783.0
777.8465202602692 6960583.0
778.1238827734896 7249155.5
778.4014843491608 7080987.0
778.6793249872829 8446731.0
778.957404687856 9654057.0
779.23572345088 11302178.0
779.5142812763546 13754154.0
779.7930781642804 15190166.0
780.0721141146569 17001918.0
780.3513891274845 18745108.0
780.6309032027627 21061472.0
780.9106563404919 22250192.0
781.1906485406721 21893308.0
781.4708798033031 20395408.0
781.7513501283851 18360902.0
782.0320595159178 17536814.0
782.3130079659015 17453508.0
782.5941954783361 17776688.0
782.8756220532216 17723562.0
783.157287690558 18129650.0
783.4391923903453 17559400.0
783.7213361525834 15402511.0
784.0037189772725 13502902.0
784.2863408644123 12168526.0
784.5692018140032 12492230.0
784.8523018260448 13451375.0
785.1356409005374 15156122.0
785.419219037481 15627659.0
785.7030362368753 15768778.0
785.9870924987206 15560618.0
786.2713878230167 15174465.0
786.5559222097638 14915102.0
786.8406956589616 13986140.0
787.1257081706106 12979395.0
787.4109597447102 12507689.0
787.6964503812609 13205190.0
787.9821800802623 13972926.0
788.2681488417147 14085815.0
788.554356665618 13926592.0
788.8408035519722 14372372.0
789.1274895007773 15241056.0
789.4144145120331 16077595.0
789.70157858574 16209700.0
789.9889817218977 17065666.0
790.2766239205064 17917418.0
790.5645051815659 18550666.0
790.8526255050763 19634238.0
791.1409848910375 21402364.0
791.4295833394498 23807484.0
791.7184208503128 27695562.0
792.0074974236268 30936060.0
792.2968130593916 33476960.0
792.5863677576074 35726364.0
792.876161518274 37188796.0
793.1661943413915 37870784.0
793.45646622696 37734948.0
793.7469771749792 34609430.0
794.0377271854495 30604990.0
794.3287162583705 30133418.0
794.6199443937426 31540450.0
794.9114115915653 33614456.0
795.2031178518391 35583396.0
795.4950631745637 36549076.0
795.7872475597393 37100364.0
796.0796710073657 38562650.0
796.372333517443 39027370.0
796.6652350899712 40002244.0
796.9583757249504 42199556.0
797.2517554223803 43521680.0
797.5453741822612 45242604.0
797.839232004593 50696636.0
798.1333288893755 53250856.0
798.4276648366092 56150350.0
798.7222398462935 61752270.0
799.0170539184289 64323996.0
799.3121070530151 65290824.0
799.6073992500523 67031044.0
799.9029305095402 70764550.0
800.1987008314792 72586500.0
800.4947102158688 71160410.0
800.7909586627096 71491770.0
801.0874461720011 72052264.0
801.3841727437435 73748040.0
801.6811383779369 73376310.0
801.9783430745811 70242990.0
802.2757868336762 68195250.0
802.5734696552222 64794896.0
802.8713915392192 59610456.0
803.1695524856669 55081220.0
803.4679524945657 55039480.0
803.7665915659152 53454576.0
804.0654696997157 52457540.0
804.364586895967 54012110.0
804.6639431546693 53950964.0
804.9635384758224 53490950.0
805.2633728594265 54814056.0
805.5634463054813 58160944.0
805.863758813987 63035510.0
806.1643103849437 64756564.0
806.4651010183513 66777290.0
806.7661307142098 67742530.0
807.0673994725191 67343110.0
807.3689072932794 66526760.0
807.6706541764905 67556024.0
807.9726401221526 67986710.0
808.2748651302655 70734790.0
808.5773292008294 76527180.0
808.880032333844 83522170.0
809.1829745293097 94118620.0
809.4861557872262 108071140.0
809.7895761075936 126933290.0
810.0932354904118 146079020.0
810.3971339356808 169544200.0
810.701271443401 189719860.0
811.0056480135719 208958080.0
811.3102636461938 224621570.0
811.6151183412665 233399970.0
811.9202120987901 235642420.0
812.2255449187645 229489860.0
812.5311168011899 212392940.0
812.8369277460662 191638860.0
813.1429777533934 171052640.0
813.4492668231715 150591980.0
813.7557949554005 136772860.0
814.0625621500802 126567040.0
814.3695684072109 118537000.0
814.6768137267925 111282040.0
814.984298108825 102938220.0
815.2920215533085 97861080.0
815.5999840602427 92770460.0
815.908185629628 88797070.0
816.216626261464 81900210.0
816.5253059557509 75276590.0
816.8342247124888 68956890.0
817.1433825316776 62818630.0
817.4527794133171 54766030.0
817.7624153574077 48382464.0
818.072290363949 44284790.0
818.3824044329415 40419316.0
818.6927575643846 38578644.0
819.0033497582787 39272136.0
819.3141810146236 42142730.0
819.6252513334194 47418250.0
819.9365607146663 53954396.0
820.2481091583638 60918550.0
820.5598966645124 68200860.0
820.8719232331118 75295030.0
821.1841888641621 84185770.0
821.4966935576633 93644190.0
821.8094373136155 106368240.0
822.1224201320184 121417390.0
822.4356420128723 139787500.0
822.749102956177 159215860.0
823.0628029619327 183377630.0
823.3767420301392 209317360.0
823.6909201607966 236975020.0
824.005337353905 261639500.0
824.3199936094642 287912000.0
824.6348889274743 302578660.0
824.9500233079352 305044480.0
825.2653967508472 295610750.0
825.5810092562099 267331500.0
825.8968608240236 228902180.0
826.2129514542881 180519820.0
826.5292811470036 131165510.0
826.8458499021699 91401340.0
827.1626577197871 65086924.0
827.4797045998553 48996944.0
827.7969905423743 39336570.0
828.1145155473441 33294480.0
828.4322796147649 27533750.0
828.7502827446367 23065184.0
829.0685249369592 19586186.0
829.3870061917327 17213236.0
829.705726508957 15231482.0
830.0246858886322 13700324.0
830.3438843307583 12764480.0
830.6633218353354 11407109.0
830.9829984023633 10100498.0
831.3029140318422 9930053.0
831.6230687237718 10649434.0
831.9434624781525 10404316.0
832.2640952949838 10253946.0
832.5849671742662 9916946.0
832.9060781159994 10031399.0
833.2274281201835 10694126.0
833.5490171868187 10396949.0
833.8708453159045 10270196.0
834.1929125074414 9740142.0
834.515218761429 10341557.0
834.8377640778676 10952670.0
835.160548456757 10757378.0
835.4835718980975 12186158.0
835.8068344018886 14087529.0
836.1303359681309 15298192.0
836.4540765968239 15678851.0
836.778056287968 16427538.0
837.1022750415626 17333286.0
837.4267328576084 18883476.0
837.7514297361049 19922926.0
838.0763656770524 21217822.0
838.4015406804508 22050042.0
838.7269547463001 24007224.0
839.0526078746003 24580278.0
839.3785000653513 23604332.0
839.7046313185533 22750984.0
840.0310016342061 24406570.0
840.3576110123099 24906502.0
840.6844594528644 24440604.0
841.01154695587 23510658.0
841.3388735213264 22870552.0
841.6664391492336 23365688.0
841.9942438395917 23355870.0
842.3222875924008 23527908.0
842.6505704076608 23852198.0
842.9790922853716 24393020.0
843.3078532255333 24891670.0
843.636853228146 24723604.0
843.9660922932096 23043622.0
844.2955704207238 23382970.0
844.6252876106893 23453150.0
844.9552438631054 23291850.0
845.2854391779725 23133550.0
845.6158735552905 22812898.0
845.9465469950594 23484922.0
846.2774594972791 23127496.0
846.6086110619498 24599000.0
846.9400016890712 28376462.0
847.2716313786436 31562288.0
847.603500130667 34895844.0
847.9356079451411 39741076.0
848.2679548220663 45539744.0
848.6005407614422 50354890.0
848.9333657632692 54347884.0
849.2664298275467 56852836.0
849.5997329542755 58341380.0
849.933275143455 60540856.0
850.2670563950855 63594280.0
850.6010767091668 66202284.0
850.935336085699 66760524.0
851.2698345246821 65010820.0
851.6045720261161 61227400.0
851.939548590001 60069160.0
852.2747642163367 58210404.0
852.6102189051235 55021310.0
852.9459126563609 52348776.0
853.2818454700493 47600316.0
853.6180173461887 40969240.0
853.9544282847789 33946864.0
854.29107828582 30390880.0
854.627967349312 29903492.0
854.9650954752549 31069222.0
855.3024626636488 31547664.0
855.6400689144934 33185300.0
855.9779142277889 35813444.0
856.3159986035355 37320544.0
856.6543220417327 39508784.0
856.992884542381 42940616.0
857.33168610548 45052696.0
857.6707267310301 47306004.0
858.010006419031 50065424.0
858.3495251694828 53168616.0
858.6892829823855 56074930.0
859.0292798577391 60053636.0
859.3695157955435 63672496.0
859.709990795799 67688300.0
860.0507048585051 71444930.0
860.3916579836623 73723320.0
860.7328501712702 76212010.0
861.0742814213293 79032020.0
861.415951733839 82004170.0
861.7578611087997 88005640.0
862.1000095462114 93794170.0
862.4423970460737 93294630.0
862.7850236083872 88440710.0
863.1278892331513 83000180.0
863.4709939203666 75160420.0
863.8143376700325 65337100.0
864.1579204821496 56139724.0
864.5017423567174 46427300.0
864.845803293736 38533944.0
865.1901032932057 32786808.0
865.5346423551262 27993940.0
865.8794204794975 24331096.0
866.2244376663198 24281444.0
866.569693915593 25071444.0
866.9151892273169 27244068.0
867.2609236014919 30633850.0
867.6068970381177 33391500.0
867.9531095371945 36576936.0
868.299561098722 39142704.0
868.6462517227006 43450064.0
868.9931814091299 49124156.0
869.3403501580103 54983984.0
869.6877579693414 58756404.0
870.0354048431236 64899590.0
870.3832907793565 70976540.0
870.7314157780402 74261000.0
871.079779839175 75549760.0
871.4283829627606 78854790.0
871.7772251487971 83682360.0
872.1263063972845 87042480.0
872.4756267082229 90686290.0
872.825186081612 93430220.0
873.1749845174521 91763280.0
873.525022015743 85073320.0
873.875298576485 74630344.0
874.2258141996776 63998380.0
874.5765688853213 53170256.0
874.9275626334158 47996204.0
875.2787954439613 47244136.0
875.6302673169575 47737136.0
875.9819782524048 47849100.0
876.3339282503027 49383144.0
876.6861173106518 50738320.0
877.0385454334516 49580904.0
877.3912126187024 45928260.0
877.744118866404 43333340.0
878.0972641765566 40721760.0
878.45064854916 36720620.0
878.8042719842143 32461580.0
879.1581344817196 27251428.0
879.5122360416756 22110918.0
879.8665766640827 19310398.0
880.2211563489404 17370886.0
880.5759750962493 16717626.0
880.9310329060089 17471602.0
881.2863297782194 17594842.0
881.6418657128809 17858328.0
881.9976407099932 17859752.0
882.3536547695564 17644856.0
882.7099078915705 18023492.0
883.0664000760355 18232460.0
883.4231313229513 20138788.0
883.7801016323183 21298578.0
884.1373110041359 21355228.0
884.4947594384045 21115592.0
884.8524469351239 21088310.0
885.2103734942943 20580528.0
885.5685391159154 18784182.0
885.9269437999875 17280582.0
886.2855875465107 16527942.0
886.6444703554844 16519296.0
887.0035922269093 16733836.0
887.3629531607849 16895282.0
887.7225531571116 17169982.0
888.082392215889 17454384.0
888.4424703371174 18730746.0
888.8027875207965 20947324.0
889.1633437669268 21549770.0
889.5241390755077 22855868.0
889.8851734465397 24848956.0
890.2464468800224 27375796.0
890.6079593759562 30305700.0
890.9697109343408 31982680.0
891.3317015551763 33040188.0
891.6939312384626 34951584.0
892.0563999841997 37741070.0
892.419107792388 41101824.0
892.7820546630269 45441476.0
893.145240596117 48830480.0
893.5086655916577 52007476.0
893.8723296496495 55312916.0
894.2362327700921 54441190.0
894.6003749529856 55031640.0
894.96475619833 57518984.0
895.3293765061252 61868136.0
895.6942358763713 65271820.0
896.0593343090684 70978770.0
896.4246718042164 76026150.0
896.7902483618151 76474630.0
897.1560639818649 75769140.0
897.5221186643654 74719656.0
897.888412409317 67201730.0
898.2549452167193 56012736.0
898.6217170865726 42581364.0
898.9887280188768 31644638.0
899.3559780136319 24329550.0
899.7234670708378 21153118.0
900.0911951904947 18600162.0
900.4591623726023 16651492.0
900.827368617161 16051650.0
901.1958139241705 14725808.0
901.5644982936308 13930465.0
901.9334217255422 14121069.0
902.3025842199042 14531409.0
902.6719857767174 14100492.0
903.0416263959813 14349202.0
903.4115060776962 14932619.0
903.7816248218619 15086986.0
904.1519826284787 14839298.0
904.5225794975461 14558395.0
904.8934154290646 15112464.0
905.2644904230337 14610772.0
905.635804479454 14317534.0
906.0073575983251 14692185.0
906.3791497796472 14205716.0
906.7511810234199 13706679.0
907.1234513296438 13234131.0
907.4959606983184 12618104.0
907.8687091294438 11762378.0
908.2416966230203 12827076.0
908.6149231790475 13124290.0
908.9883887975259 12198384.0
909.3620934784549 11207911.0
909.736037221835 10860949.0
910.1102200276657 11062756.0
910.4846418959476 10125156.0
910.8593028266802 10702080.0
911.2342028198638 10751260.0
911.6093418754981 10802639.0
911.9847199935836 11234569.0
912.3603371741196 12348756.0
912.7361934171067 13419062.0
913.1122887225448 12656071.0
913.4886230904336 12771796.0
913.8651965207735 13374262.0
914.242009013564 14274886.0
914.6190605688057 15579145.0
914.996351186498 17265208.0
915.3738808666415 17109528.0
915.7516496092356 17224508.0
916.1296574142808 18950398.0
916.5079042817767 19282170.0
916.8863902117237 18064304.0
917.2651152041215 17653148.0
917.6440792589702 19274222.0
918.0232823762697 19431538.0
918.4027245560201 18254644.0
918.7824057982216 17725154.0
919.1623261028737 16636472.0
919.542485469977 15310862.0
919.9228838995309 15527838.0
920.3035213915359 16143036.0
920.6843979459916 16399106.0
921.0655135628983 16884636.0
921.446868242256 17652552.0
921.8284619840645 18271696.0
922.2102947883237 18659844.0
922.5923666550341 18747678.0
922.9746775841952 18553070.0
923.3572275758072 19684044.0
923.7400166298701 20341076.0
924.1230447463838 20617284.0
924.5063119253487 21584520.0
924.8898181667641 22688052.0
925.2735634706307 22741870.0
925.657547836948 23199618.0
926.0417712657163 23768796.0
926.4262337569354 21806932.0
926.8109353106056 20275824.0
927.1958759267263 18615730.0
927.5810556052983 16950484.0
927.966474346321 16878088.0
928.3521321497947 16759861.0
928.7380290157191 16761031.0
929.1241649440944 17290214.0
929.5105399349206 17874426.0
929.8971539881978 16823302.0
930.2840071039259 15942386.0
930.6710992821048 15177725.0
931.0584305227347 13882634.0
931.4460008258154 13157346.0
931.8338101913471 12359292.0
932.2218586193296 11700934.0
932.610146109763 10071662.0
932.9986726626472 7731491.0
933.3874382779825 6026834.5
933.7764429557685 4147715.5
934.1656866960054 3086487.0
934.5551694986933 3115710.0
934.9448913638321 3475996.0
935.3348522914216 3393743.8
935.7250522814621 2942686.5
936.1154913339535 3198020.5
936.5061694488959 3677354.0
936.8970866262891 3389914.8
937.288242866133 3677972.8
937.6796381684281 4397794.0
938.0712725331739 4203885.5
938.4631459603708 4014692.8
938.8552584500184 4093725.2
939.247610002117 4701914.0
939.6402006166663 5594030.0
940.0330302936667 5521239.0
940.4260990331178 5821586.0
940.8194068350199 6167508.0
941.212953699373 6443503.0
941.6067396261767 5961204.5
942.0007646154315 5748525.5
942.3950286671371 5665250.0
942.7895317812938 5522214.5
943.184273957901 5522787.0
943.5792551969595 5732899.0
943.9744754984687 6327738.0
944.3699348624289 5457096.0
944.7656332888398 4958062.5
945.1615707777016 4204649.0
945.5577473290144 4292168.5
945.9541629427781 4733170.5
946.3508176189927 4595013.0
946.7477113576581 4531729.0
947.1448441587745 4951438.5
947.5422160223416 5128931.0
947.9398269483597 5359264.5
948.3376769368288 5997866.0
948.7357659877487 5802039.5
949.1340941011194 6095188.0
949.5326612769411 6297495.0
949.9314675152136 6201089.0
950.3305128159373 6891536.0
950.7297971791115 7431539.5
951.1293206047367 7649000.0
951.5290830928128 7518519.5
951.9290846433399 7040704.0
952.3293252563178 6758653.0
952.7298049317465 6994960.0
953.1305236696262 6937332.5
953.5314814699568 7149412.0
953.9326783327383 6947314.0
954.3341142579707 7276993.0
954.7357892456539 7421647.5
955.137703295788 7266342.5
955.5398564083731 7053854.0
955.942248583409 6586760.5
956.3448798208958 5839143.0
956.7477501208334 5802330.0
957.1508594832221 5588937.5
957.5542079080615 5244903.0
957.9577953953519 4652923.0
958.3616219450932 4723494.0
958.7656875572852 4345985.5
959.1699922319283 5086324.5
959.5745359690222 5664525.5
959.979318768567 6251834.0
960.3843406305627 6136759.5
960.7896015550094 5773103.0
961.1951015419069 5993816.0
961.6008405912553 6160840.5
962.0068187030545 5968074.5
962.4130358773048 6183302.5
962.8194921140057 6578173.0
963.2261874131577 6621159.5
963.6331217747605 6762015.5
964.0402951988142 7326105.0
964.4477076853188 7153588.0
964.8553592342744 7505329.0
965.2632498456808 7412854.0
965.671379519538 8322549.5
966.0797482558462 7933227.0
966.4883560546052 7322711.0
966.8972029158153 6857350.5
967.3062888394761 6641909.5
967.7156138255879 5585298.0
968.1251778741505 4454323.0
968.534980985164 4534773.5
968.9450231586284 4340712.0
969.3553043945437 3924841.5
969.7658246929099 3810220.5
970.1765840537269 3781194.0
970.5875824769948 3397767.2
970.9988199627137 3257032.2
971.4102965108834 3612737.5
971.822012121504 4093618.5
972.2339667945757 3922124.8
972.6461605300981 4426121.0
973.0585933280714 4722747.0
973.4712651884955 4861312.0
973.8841761113707 4536789.5
974.2973260966967 5163394.5
974.7107151444736 5683030.0
975.1243432547012 6351212.0
975.5382104273799 6406850.0
975.9523166625095 6777479.0
976.3666619600898 6822467.0
976.7812463201212 7192571.0
977.1960697426034 7544798.0
977.6111322275365 8199715.5
978.0264337749204 8808019.0
978.4419743847554 8735210.0
978.8577540570411 8492535.0
979.2737727917779 8322534.5
979.6900305889653 8208114.5
980.1065274486039 7580047.0
980.523263370693 6815970.0
980.9402383552333 6413336.0
981.3574524022245 6833909.5
981.7749055116664 7348584.0
982.1925976835594 8484789.0
982.6105289179031 9404978.0
983.0286992146978 9985139.0
983.4471085739433 9864350.0
983.8657569956398 10085066.0
984.2846444797872 10329730.0
984.7037710263854 11094155.0
985.1231366354345 11894149.0
985.5427413069345 12200895.0
985.9625850408854 11879558.0
986.3826678372873 12220930.0
986.8029896961399 12620868.0
987.2235506174435 12433220.0
987.6443506011979 11782439.0
988.0653896474032 11145476.0
988.4866677560595 11689569.0
988.9081849271665 11373448.0
989.3299411607247 11547245.0
989.7519364567336 11066614.0
990.1741708151934 10373124.0
990.5966442361041 9373758.0
991.0193567194657 9292362.0
991.4423082652781 9190802.0
991.8654988735416 8815566.0
992.2889285442558 8196370.0
992.712597277421 7535850.5
993.1365050730369 6617749.0
993.5606519311038 6528516.0
993.9850378516217 6946380.0
994.4096628345903 7408189.5
994.83452688001 8801913.0
995.2596299878804 9342781.0
995.6849721582018 8613367.0
996.110553390974 8532054.0
996.5363736861973 9464767.0
996.9624330438713 10555789.0
997.3887314639962 11031811.0
997.8152689465721 10655856.0
998.2420454915989 9892369.0
998.6690610990764 9149092.0
999.0963157690048 8958598.0
999.5238095013843 8723587.0
999.9515422962145 7739935.5
1000.3795141534958 7992009.5
1000.8077250732279 8028721.0
1001.2361750554107 7357675.5
1001.6648641000446 6636839.5
1002.0937922071294 6087993.0
1002.522959376665 5251569.0
1002.9523656086515 5148351.5
1003.3820109030889 4890599.0
1003.8118952599773 4591982.0
1004.2420186793163 5112799.0
1004.6723811611065 5078777.5
1005.1029827053474 6003415.0
1005.5338233120393 7436274.5
1005.9649029811819 8684745.0
1006.3962217127755 9495996.0
1006.8277795068202 10800915.0
1007.2595763633155 12739482.0
1007.6916122822619 13656065.0
1008.1238872636591 13778760.0
1008.5564013075071 16159641.0
1008.9891544138061 17710226.0
1009.422146582556 18813178.0
1009.8553778137567 19566626.0
1010.2888481074084 20258752.0
1010.7225574635108 22025044.0
1011.1565058820644 22471688.0
1011.5906933630686 21199288.0
1012.0251199065237 20574350.0
1012.45978551243 18276424.0
1012.8946901807869 15983181.0
1013.3298339115948 11904005.0
1013.7652167048535 8124210.0
1014.2008385605632 6739499.0
1014.6366994787238 5976607.5
1015.0727994593352 5712672.0
1015.5091385023975 5905997.5
1015.9457166079108 5352260.0
1016.3825337758749 5662422.0
1016.8195900062899 7005353.0
1017.2568852991558 8156097.0
1017.6944196544725 8813424.0
1018.1321930722402 9605465.0
1018.5702055524587 10049716.0
1019.0084570951283 10645141.0
1019.4469477002485 11883701.0
1019.8856773678198 12826130.0
1020.3246460978419 13955185.0
1020.763853890315 15066564.0
1021.2033007452387 15425198.0
1021.6429866626136 16501490.0
1022.0829116424393 17849918.0
1022.5230756847159 19665052.0
1022.9634787894433 19404902.0
1023.4041209566217 18959148.0
1023.8450021862509 15870305.0
1024.286122478331 11433748.0
1024.727481832862 8179571.0
1025.1690802498438 5801610.5
1025.6109177292767 4339636.0
1026.0529942711605 2916885.0
1026.495309875495 2360379.8
1026.9378645422805 2357178.5
1027.380658271517 2414423.2
1027.823691063204 2257824.0
1028.2669629173424 1823601.1
1028.7104738339312 1391311.1
1029.1542238129714 1475261.4
1029.598212854462 1423022.0
1030.0424409584039 1195548.5
1030.4869081247964 1071382.8
1030.9316143536398 1424841.9
1031.376559644934 1440112.0
1031.8217439986793 1238720.2
1032.2671674148755 1425961.9
1032.7128298935227 1226750.4
1033.1587314346207 1201493.6
1033.6048720381693 1031499.6
1034.051251704169 1089550.5
1034.4978704326197 1086817.0
1034.9447282235212 1116287.6
1035.3918250768736 878829.5
1035.8391609926769 985053.6
1036.286735970931 1061586.9
1036.734550011636 1288038.8
1037.182603114792 1293512.4
1037.6308952803988 1131673.6
1038.0794265084567 1121754.1
1038.5281967989652 1029192.0
1038.9772061519247 1257542.0
1039.426454567335 1425685.6
1039.8759420451966 1531693.8
1040.3256685855085 1414224.0
1040.7756341882716 1324721.8
1041.2258388534856 1180872.8
1041.6762825811506 1256743.1
1042.1269653712661 1364176.5
1042.577887223833 1744438.9
1043.0290481388504 1908447.5
1043.4804481163187 1525841.5
1043.9320871562381 1759032.2
1044.3839652586082 1858581.0
1044.8360824234294 2181663.0
1045.2884386507012 2543222.0
1045.7410339404241 2279405.8
1046.193868292598 1581973.6
1046.6469417072226 1508288.0
1047.1002541842981 1653532.0
1047.5538057238246 1508139.4
1048.0075963258018 1411331.1
1048.46162599023 1687301.9
1048.915894717109 1940606.1
1049.3704025064392 1695141.5
1049.82514935822 1524299.8
1050.2801352724516 1659359.8
1050.7353602491344 1908732.4
1051.1908242882678 1821180.6
1051.6465273898525 2067006.4
1052.1024695538877 2120579.8
1052.558650780374 1863736.0
1053.015071069311 1646013.0
1053.471730420699 1842838.1
1053.928628834538 1550360.1
1054.3857663108276 2347483.0
1054.8431428495683 2462514.5
1055.30075845076 2328045.2
1055.7586131144024 2519226.5
1056.2167068404956 2364081.5
1056.67503962904 1927424.9
1057.133611480035 1855449.2
1057.592422393481 2430273.0
1058.0514723693777 852316.1
1058.5107614077258 -911111.0
1058.9702895085243 -2348578.5
1059.4300566717739 -4096064.8
1059.8900628974743 -5753808.0
1060.3503081856259 -7747133.0
1060.8107925362278 -9571270.0
1061.2715159492811 -11285160.0
1061.732478424785 -12759425.0
1062.1936799627401 -14570371.0
1062.6551205631458 -16326529.0
1063.1168002260026 -18413142.0
1063.57871895131 -20004316.0
1064.0408767390686 -22311702.0
1064.503273589278 -24103424.0
1064.965909501938 -25884696.0
1065.4287844770492 -28156628.0
1065.8918985146113 -30100404.0
1066.3552516146242 0.0
1066.818843777088 0.0
1067.2826750020029 0.0
1067.7467452893684 0.0
1068.211054639185 0.0
1068.6756030514523 0.0
1069.1403905261704 0.0
1069.6054170633397 0.0
1070.0706826629596 0.0
1070.5361873250306 0.0
1071.0019310495525 0.0
1071.4679138365252 0.0
1071.9341356859486 0.0
