string
description: px_shifted, calibration parameter: [ 1.19531225e-04 -2.30194563e-02  6.18194146e+02]
converted file:R_100ms_Fe_S3_x_2_18_binned_y back: data/dark_100msRZP-structure:___RZP_S3100msRoi:[0, 1040, 2048, 2048]
eV counts/s
618.1712462133476 1278694.9
618.1485853507007 1240676.5
618.1261635505048 1407172.6
618.1039808127597 1594655.2
618.0820371374655 1969198.6
618.0603325246223 1823929.0
618.0388669742298 1734090.1
618.0176404862883 1534847.5
617.9966530607976 1891699.4
617.9759046977579 2054102.4
617.955395397169 1695590.2
617.9351251590311 1332353.2
617.9150939833439 1451886.0
617.8953018701078 1564373.8
617.8757488193226 1855503.5
617.8564348309881 2047744.9
617.8373599051046 2209440.5
617.8185240416719 2203506.5
617.7999272406903 2153280.5
617.7815695021593 1802610.8
617.7634508260794 1837596.5
617.7455712124504 1393178.2
617.7279306612722 1480939.4
617.7105291725449 1418024.4
617.6933667462686 1451943.5
617.676443382443 1444233.8
617.6597590810685 1507695.6
617.6433138421447 2072887.5
617.6271076656718 1772058.9
617.6111405516499 1718379.8
617.5954125000789 1522510.2
617.5799235109587 1712007.6
617.5646735842894 2021334.0
617.5496627200711 1840404.9
617.5348909183035 1805809.8
617.520358178987 1674597.6
617.5060645021213 1592005.2
617.4920098877064 2156364.5
617.4781943357425 1956624.9
617.4646178462295 2208076.5
617.4512804191673 2429699.5
617.4381820545561 2297855.0
617.4253227523957 2156481.2
617.4127025126862 2147334.2
617.4003213354276 2469587.0
617.3881792206199 2393467.2
617.3762761682632 1831717.6
617.3646121783572 1859694.0
617.3531872509022 1715744.0
617.342001385898 1429020.6
617.3310545833449 1071989.0
617.3203468432424 1254025.8
617.309878165591 1310578.6
617.2996485503904 1486613.9
617.2896579976408 1663173.1
617.2799065073419 2120504.0
617.270394079494 2098016.0
617.261120714097 1925340.0
617.2520864111508 2039494.9
617.2432911706557 2586054.0
617.2347349926113 2199612.2
617.2264178770179 2292895.0
617.2183398238752 2585025.2
617.2105008331837 2829083.5
617.2029009049428 2250169.0
617.195540039153 1882217.0
617.188418235814 2425502.0
617.1815354949258 2362793.0
617.1748918164886 2277261.0
617.1684872005023 2038235.8
617.1623216469668 2276341.0
617.1563951558823 2168628.2
617.1507077272486 2149151.5
617.1452593610658 2230590.2
617.140050057334 2469916.2
617.1350798160529 2738883.8
617.1303486372229 3129552.5
617.1258565208436 3945234.8
617.1216034669154 4470545.0
617.1175894754379 3865496.2
617.1138145464114 3386976.0
617.1102786798357 3036132.0
617.106981875711 3510738.5
617.1039241340371 3255508.0
617.1011054548142 3277426.5
617.0985258380421 3055044.5
617.0961852837207 2940769.5
617.0940837918505 2849685.0
617.092221362431 2482052.8
617.0905979954625 2556080.5
617.0892136909449 2982915.2
617.0880684488782 2921575.5
617.0871622692623 2761001.0
617.0864951520974 3115728.8
617.0860670973833 3370613.8
617.0858781051202 4757714.0
617.0859281753078 5248789.5
617.0862173079464 5142005.5
617.0867455030359 4683534.5
617.0875127605763 3704899.8
617.0885190805675 2812415.5
617.0897644630096 2080914.4
617.0912489079027 1575665.8
617.0929724152465 1423598.6
617.0949349850415 1085077.9
617.0971366172871 1132711.5
617.0995773119838 1387670.0
617.1022570691313 1344262.5
617.1051758887297 1304137.2
617.1083337707789 1333726.8
617.1117307152791 1233486.0
617.1153667222302 1244623.6
617.1192417916321 807016.25
617.123355923485 1022935.06
617.1277091177888 1790382.2
617.1323013745433 2066126.1
617.1371326937488 2281595.5
617.1422030754052 2473364.0
617.1475125195125 3283294.8
617.1530610260706 3539150.5
617.1588485950797 3742786.0
617.1648752265397 4386252.5
617.1711409204505 4924234.5
617.1776456768123 4831124.5
617.1843894956249 5060065.0
617.1913723768885 5122805.5
617.1985943206029 4690865.5
617.2060553267681 4270769.5
617.2137553953843 4563847.0
617.2216945264513 4360876.0
617.2298727199694 4389705.0
617.2382899759382 4229722.5
617.246946294358 3341470.0
617.2558416752286 2349810.2
617.2649761185502 1603658.8
617.2743496243226 1223826.0
617.2839621925459 1192290.5
617.29381382322 1207312.5
617.3039045163453 1142801.1
617.3142342719211 918916.6
617.3248030899481 681253.06
617.3356109704258 594059.0
617.3466579133545 675102.5
617.357943918734 839666.6
617.3694689865644 469092.8
617.3812331168458 600074.25
617.3932363095779 916321.3
617.4054785647611 828172.56
617.417959882395 578587.1
617.43068026248 820906.5
617.4436397050157 886080.1
617.4568382100024 737452.0
617.47027577744 931425.0
617.4839524073284 1276578.4
617.4978680996677 1919619.0
617.512022854458 3012418.0
617.526416671699 4257767.0
617.5410495513911 4691805.5
617.555921493534 5103841.0
617.5710324981277 4658675.0
617.5863825651725 4030050.5
617.601971694668 3464970.5
617.6177998866144 3500592.0
617.6338671410118 3070062.0
617.6501734578601 2479452.2
617.6667188371591 2671776.5
617.6835032789093 2629797.2
617.70052678311 2859832.2
617.7177893497619 2974782.8
617.7352909788646 2681660.0
617.7530316704182 3366344.0
617.7710114244226 3689438.5
617.7892302408779 3631865.0
617.8076881197842 3301186.2
617.8263850611413 3400774.8
617.8453210649494 3450258.0
617.8644961312083 4185426.0
617.8839102599181 5484557.0
617.9035634510788 6603335.5
617.9234557046905 7917822.5
617.9435870207528 10126426.0
617.9639573992663 11315148.0
617.9845668402305 11383355.0
618.0054153436457 10671552.0
618.0265029095117 9823491.0
618.0478295378288 7665908.0
618.0693952285965 5074892.0
618.0911999818152 4119937.0
618.1132437974848 3613455.2
618.1355266756052 2855353.8
618.1580486161766 2365305.2
618.180809619199 2045085.2
618.2038096846721 1941734.8
618.2270488125961 1096132.9
618.2505270029711 1063911.5
618.2742442557969 1079022.4
618.2982005710737 930133.5
618.3223959488013 964063.9
618.3468303889798 803574.5
618.3715038916091 582827.0
618.3964164566895 522378.72
618.4215680842207 642905.1
618.4469587742026 907498.4
618.4725885266356 717109.75
618.4984573415195 712957.4
618.5245652188543 911425.3
618.5509121586398 1347013.2
618.5774981608764 1301342.8
618.6043232255638 1110134.5
618.6313873527021 1039819.6
618.6586905422912 1069624.5
618.6862327943314 1359691.0
618.7140141088223 1886949.0
618.7420344857642 1979044.0
618.7702939251569 2123547.2
618.7987924270005 3695622.0
618.827529991295 5165833.0
618.8565066180404 6664660.5
618.8857223072368 7910556.0
618.915177058884 8079125.0
618.944870872982 7826359.5
618.974803749531 7199404.0
619.004975688531 5631854.5
619.0353866899817 4644164.5
619.0660367538834 3787649.8
619.0969258802359 3214214.8
619.1280540690393 2635808.0
619.1594213202936 1976993.0
619.1910276339989 1396332.8
619.2228730101549 1218919.1
619.2549574487618 1324249.8
619.2872809498198 1130438.5
619.3198435133286 1159662.6
619.3526451392883 814961.25
619.3856858276988 820229.75
619.4189655785602 648069.44
619.4524843918725 746580.0
619.4862422676358 815519.4
619.5202392058499 761339.4
619.5544752065149 752098.9
619.5889502696308 1008435.06
619.6236643951976 824388.1
619.6586175832152 982012.6
619.6938098336839 1093609.8
619.7292411466033 1169831.2
619.7649115219735 1288644.0
619.8008209597948 1973175.6
619.8369694600669 2773127.5
619.8733570227901 3272862.0
619.9099836479638 4209222.5
619.9468493355887 4789740.5
619.9839540856643 5565816.0
620.0212978981909 5991422.0
620.0588807731684 5585546.0
620.0967027105968 4649150.0
620.134763710476 3486212.0
620.1730637728062 2724889.0
620.2116028975872 2208301.5
620.2503810848191 1890450.6
620.2893983345019 1642601.2
620.3286546466355 1344491.9
620.3681500212202 808584.94
620.4078844582556 752542.9
620.447857957742 861768.4
620.4880705196792 690738.06
620.5285221440674 656463.06
620.5692128309064 784569.9
620.6101425801965 598387.06
620.6513113919372 653540.25
620.692719266129 768819.94
620.7343662027715 853887.5
620.7762522018651 807118.0
620.8183772634094 603867.2
620.8607413874046 555114.1
620.9033445738509 808995.6
620.9461868227478 699896.94
620.9892681340958 705958.5
621.0325885078946 754494.44
621.0761479441444 734628.6
621.1199464428449 496860.9
621.1639840039965 481392.8
621.2082606275989 765551.1
621.2527763136521 1163538.6
621.2975310621563 1382538.2
621.3425248731114 1120053.0
621.3877577465173 987096.9
621.4332296823742 1057334.9
621.478940680682 954969.0
621.5248907414405 1097857.0
621.5710798646501 826959.9
621.6175080503104 772388.06
621.6641752984218 1126120.4
621.7110816089839 1533466.1
621.758226981997 1183873.0
621.8056114174609 1046989.3
621.8532349153759 1056354.5
621.9010974757415 841760.6
621.9491990985582 865404.4
621.9975397838257 948240.1
622.0461195315442 791655.94
622.0949383417135 993988.5
622.1439962143336 998687.1
622.1932931494047 1019118.4
622.2428291469266 1197512.0
622.2926042068996 1349401.1
622.3426183293233 1359562.5
622.392871514198 1539410.5
622.4433637615234 1423714.8
622.4940950713 1180240.8
622.5450654435272 1101105.5
622.5962748782055 1185446.1
622.6477233753345 978943.75
622.6994109349146 1092781.4
622.7513375569454 1036830.9
622.8035032414273 1449016.9
622.8559079883598 1756691.8
622.9085517977434 2070451.9
622.9614346695778 2038043.6
623.0145566038631 2129534.0
623.0679176005993 2913416.2
623.1215176597865 3515720.5
623.1753567814245 4122441.5
623.2294349655133 3987075.2
623.2837522120532 3931786.0
623.3383085210438 4261638.0
623.3931038924854 4084950.5
623.4481383263778 3603683.5
623.5034118227212 3356641.5
623.5589243815153 3598346.2
623.6146760027606 4371753.5
623.6706666864566 4908258.0
623.7268964326033 5195493.0
623.7833652412012 5963445.0
623.8400731122499 5457717.0
623.8970200457495 4128139.5
623.9542060416999 3197650.5
624.0116311001013 3007791.0
624.0692952209534 2434744.0
624.1271984042567 1998442.4
624.1853406500106 1847646.5
624.2437219582156 1588841.8
624.3023423288714 1354617.4
624.3612017619781 1189735.1
624.4203002575357 1218104.8
624.4796378155443 1192868.9
624.5392144360035 1077410.0
624.5990301189137 975871.94
624.659084864275 1112821.8
624.7193786720869 706661.25
624.7799115423499 657383.0
624.8406834750637 1020110.1
624.9016944702284 1381295.5
624.962944527844 1209380.1
625.0244336479105 1149115.1
625.0861618304278 1042901.9
625.1481290753961 1055300.8
625.2103353828153 1049988.5
625.2727807526853 1226222.0
625.3354651850062 1263346.0
625.398388679778 1169623.4
625.4615512370008 1310164.0
625.5249528566744 1654807.5
625.5885935387989 1998857.4
625.6524732833743 1989200.1
625.7165920904006 2072870.2
625.7809499598777 2586223.0
625.8455468918058 3061158.8
625.9103828861847 3344691.2
625.9754579430146 3804845.0
626.0407720622953 3363111.2
626.106325244027 2312240.5
626.1721174882094 1658477.0
626.2381487948429 1824497.8
626.3044191639272 1670674.0
626.3709285954623 1922447.0
626.4376770894484 1357444.9
626.5046646458853 1376401.9
626.5718912647732 1649373.9
626.6393569461119 1679938.0
626.7070616899016 1476332.4
626.7750054961421 1450158.8
626.8431883648335 1329184.8
626.9116102959758 1396795.8
626.980271289569 863774.25
627.0491713456131 837477.8
627.1183104641082 948345.3
627.1876886450539 1180320.2
627.2573058884507 1398629.9
627.3271621942984 1502855.0
627.3972575625968 1342009.9
627.4675919933463 1147089.4
627.5381654865465 1016304.4
627.6089780421978 1175567.4
627.6800296602999 1648890.6
627.7513203408529 1875173.5
627.8228500838567 1761543.0
627.8946188893116 1434308.9
627.9666267572171 1878542.4
628.0388736875738 2094113.1
628.1113596803812 1798458.8
628.1840847356395 1734780.5
628.2570488533487 1390037.5
628.3302520335087 1590848.9
628.4036942761198 1907152.2
628.4773755811816 2066344.0
628.5512959486945 1962715.2
628.6254553786581 1712025.0
628.6998538710727 2039040.6
628.7744914259381 2279503.0
628.8493680432545 1884388.1
628.9244837230217 1927031.1
628.9998384652398 2038347.5
629.0754322699088 2025753.6
629.1512651370288 2290123.5
629.2273370665995 2872293.0
629.3036480586212 2818454.8
629.3801981130938 2687118.8
629.4569872300171 2659907.5
629.5340154093916 2514202.2
629.6112826512167 2122232.8
629.6887889554929 1864096.0
629.7665343222199 1454847.8
629.8445187513979 1147438.9
629.9227422430266 1322362.6
630.0012047971064 1297860.0
630.0799064136369 1046523.6
630.1588470926184 1115607.0
630.2380268340507 1010839.0
630.317445637934 1256141.8
630.3971035042681 1284139.8
630.4770004330533 1435927.8
630.5571364242891 1548757.4
630.6375114779759 1788493.9
630.7181255941136 1467504.9
630.7989787727022 1345078.0
630.8800710137417 1233421.1
630.961402317232 1409735.0
631.0429726831734 1204737.0
631.1247821115654 1619351.8
631.2068306024086 1651835.6
631.2891181557025 1510270.1
631.3716447714473 1418864.5
631.454410449643 917465.3
631.5374151902896 877891.5
631.6206589933871 1279147.6
631.7041418589355 1288116.0
631.7878637869347 1345718.9
631.8718247773849 1134600.1
631.956024830286 1422387.8
632.0404639456378 1856330.8
632.1251421234408 1985988.6
632.2100593636944 1693236.9
632.2952156663991 1447581.2
632.3806110315546 1175795.8
632.4662454591611 1744916.2
632.5521189492183 1708052.4
632.6382315017265 1578743.9
632.7245831166855 1329612.2
632.8111737940956 1643806.2
632.8980035339563 1455470.8
632.985072336268 1263488.0
633.0723802010307 1103358.6
633.1599271282441 1748826.1
633.2477131179087 2157410.8
633.3357381700239 1737721.5
633.4240022845902 1735385.2
633.5125054616071 2596749.0
633.6012477010752 2452434.5
633.690229002994 1598511.0
633.7794493673638 1289455.1
633.8689087941844 1247559.8
633.958607283456 1429161.0
634.0485448351784 1269694.8
634.1387214493517 1370795.6
634.2291371259759 1329837.2
634.3197918650509 1406913.9
634.4106856665769 1304829.5
634.5018185305538 1333433.9
634.5931904569816 1213981.1
634.6848014458602 875670.6
634.7766514971898 851391.94
634.8687406109701 1055861.5
634.9610687872016 1142264.6
635.0536360258837 785791.2
635.1464423270169 862654.7
635.2394876906009 832010.6
635.3327721166357 917648.6
635.4262956051215 1024003.06
635.5200581560582 953305.3
635.6140597694457 902419.75
635.7083004452841 1040302.0
635.8027801835735 1328428.5
635.8974989843136 1080832.1
635.9924568475049 832592.0
636.0876537731468 930896.56
636.1830897612398 918156.6
636.2787648117835 1026266.94
636.3746789247782 1280983.9
636.4708321002237 1297900.2
636.5672243381202 1309432.6
636.6638556384676 1628264.5
636.7607260012659 1457718.0
636.857835426515 1509612.8
636.9551839142149 1434233.8
637.0527714643658 1514366.4
637.1505980769675 1710048.1
637.2486637520203 1752642.4
637.3469684895239 1654732.4
637.4455122894784 1695663.0
637.5442951518837 1548009.9
637.64331707674 1314595.5
637.742578064047 1351725.6
637.8420781138052 1628805.8
637.941817226014 1468152.2
638.0417954006739 1197182.4
638.1420126377845 978159.9
638.2424689373462 921904.9
638.3431642993586 814813.2
638.444098723822 987909.1
638.5452722107362 1190009.1
638.6466847601014 1230154.5
638.7483363719175 1210008.2
638.8502270461844 1405104.0
638.9523567829023 1165120.8
639.0547255820709 1192011.5
639.1573334436905 1036773.7
639.260180367761 891860.25
639.3632663542825 949660.7
639.4665914032546 901627.44
639.5701555146778 1029006.8
639.6739586885519 1236798.6
639.7780009248769 1555396.2
639.8822822236526 1302059.5
639.9868025848793 1542397.4
640.091562008557 1681916.2
640.1965604946854 2123557.8
640.3017980432649 2345784.8
640.4072746542952 2380631.8
640.5129903277764 2142933.0
640.6189450637083 1796329.0
640.7251388620914 1629683.8
640.8315717229252 1821013.8
640.93824364621 1613098.6
641.0451546319456 1397119.9
641.1523046801321 1463668.6
641.2596937907695 1260977.4
641.3673219638578 1136115.1
641.4751891993969 1015384.75
641.583295497387 966413.2
641.691640857828 1044758.5
641.8002252807198 878306.1
641.9090487660626 830115.0
642.0181113138563 982895.5
642.1274129241008 1015201.2
642.2369535967962 1156801.2
642.3467333319426 1493296.0
642.4567521295397 1384364.4
642.5670099895879 1022649.3
642.6775069120868 1337479.5
642.7882428970366 1539329.4
642.8992179444374 1528039.5
643.010432054289 1287952.0
643.1218852265915 1077697.4
643.2335774613449 1124785.2
643.3455087585494 1298191.2
643.4576791182045 1284598.1
643.5700885403106 1330365.8
643.6827370248676 1158253.5
643.7956245718756 1320163.9
643.9087511813342 1247280.2
644.0221168532439 1153530.5
644.1357215876045 991021.2
644.249565384416 907683.1
644.3636482436782 1203770.5
644.4779701653915 1523335.8
644.5925311495556 1483230.8
644.7073311961706 1322227.0
644.8223703052365 1045841.56
644.9376484767532 980166.0
645.0531657107209 1267928.4
645.1689220071395 1252893.0
645.2849173660089 1123799.8
645.4011517873292 1311416.8
645.5176252711005 1566252.0
645.6343378173226 1433168.9
645.7512894259957 1072934.5
645.8684800971196 857370.75
645.9859098306944 738170.0
646.10357862672 950085.5
646.2214864851966 1175317.2
646.3396334061241 977366.1
646.4580193895024 1238997.2
646.5766444353317 1197064.5
646.6955085436118 1289859.8
646.8146117143428 1292786.2
646.9339539475247 1166674.9
647.0535352431576 1244081.9
647.1733556012413 1423000.2
647.2934150217759 1075178.4
647.4137135047613 1112018.2
647.5342510501977 995824.6
647.6550276580849 1286976.2
647.7760433284232 1307484.0
647.8972980612122 1151116.5
648.018791856452 946121.5
648.1405247141429 1080077.6
648.2624966342845 1016551.4
648.3847076168772 901917.44
648.5071576619206 1055765.5
648.629846769415 1114939.0
648.7527749393603 1191308.0
648.8759421717565 1185238.5
648.9993484666035 1122432.5
649.1229938239015 1232915.8
649.2468782436503 880989.75
649.3710017258501 905538.8
649.4953642705007 953326.25
649.6199658776021 992493.5
649.7448065471544 1140516.8
649.8698862791578 1129489.0
649.9952050736119 1163853.0
650.120762930517 1072556.4
650.2465598498729 901916.5
650.3725958316797 1232342.0
650.4988708759375 1204871.4
650.6253849826461 1101053.5
650.7521381518056 1137105.0
650.879130383416 1028466.5
651.0063616774773 864801.9
651.1338320339895 1139468.8
651.2615414529527 1270560.2
651.3894899343666 1147758.5
651.5176774782313 1022181.4
651.6461040845472 992686.8
651.7747697533138 1227756.9
651.9036744845314 1091984.2
652.0328182781997 1357480.6
652.162201134319 1364280.0
652.2918230528892 1116255.8
652.4216840339103 1076738.0
652.5517840773823 1076181.8
652.6821231833052 1362440.5
652.8127013516789 1443214.5
652.9435185825037 1179675.2
653.074574875779 1185061.1
653.2058702315056 1161096.4
653.3374046496829 1308654.9
653.469178130311 990857.56
653.6011906733902 964888.1
653.73344227892 1019877.4
653.865932946901 926657.8
653.9986626773327 955216.56
654.1316314702154 1027274.06
654.2648393255489 1024919.75
654.3982862433335 977868.06
654.5319722235687 1071926.9
654.665897266255 852012.44
654.8000613713921 877450.1
654.9344645389801 1000896.25
655.069106769019 1439195.2
655.2039880615088 1040249.0
655.3391084164494 1038093.2
655.4744678338409 1276439.9
655.6100663136834 1144031.1
655.7459038559767 1133853.0
655.881980460721 1255280.0
656.0182961279161 1324639.5
656.1548508575621 1169035.5
656.291644649659 1324646.9
656.4286775042068 1418030.0
656.5659494212055 1287915.0
656.7034604006551 1289418.1
656.8412104425555 1632566.4
656.9791995469069 1842891.8
657.117427713709 1830807.4
657.2558949429622 1358399.5
657.3946012346663 1364304.8
657.5335465888211 1090651.8
657.672731005427 943767.6
657.8121544844836 1145889.8
657.9518170259913 807330.5
658.0917186299497 958769.9
658.2318592963591 1036003.8
658.3722390252193 1063243.8
658.5128578165305 1095337.5
658.6537156702925 1038533.25
658.7948125865055 1252425.4
658.9361485651692 1088413.2
659.077723606284 1099371.6
659.2195377098495 1019982.56
659.361590875866 1253383.6
659.5038831043335 1362237.5
659.6464143952517 1147927.0
659.7891847486209 1125594.4
659.9321941644408 717531.8
660.0754426427119 909550.9
660.2189301834336 1015663.5
660.3626567866064 1177691.2
660.50662245223 1070979.8
660.6508271803045 1128655.9
660.7952709708298 1166573.5
660.9399538238061 1161281.9
661.0848757392333 944855.0
661.2300367171114 1035629.94
661.3754367574403 1121034.4
661.5210758602201 863227.25
661.6669540254509 935104.4
661.8130712531324 963336.6
661.9594275432651 1158665.5
662.1060228958484 1185224.0
662.2528573108827 1270359.1
662.3999307883678 1271593.0
662.5472433283039 1220079.2
662.6947949306908 924737.56
662.8425855955288 813467.56
662.9906153228175 1008118.2
663.1388841125572 992041.25
663.2873919647476 750881.6
663.436138879389 855921.6
663.5851248564813 1051030.0
663.7343498960245 1028729.7
663.8838139980186 1104190.8
664.0335171624636 979718.5
664.1834593893594 815314.25
664.3336406787062 813916.6
664.4840610305039 1074243.1
664.6347204447524 1017815.5
664.7856189214518 1200879.4
664.936756460602 1013930.3
665.0881330622034 836695.0
665.2397487262554 1113999.0
665.3916034527584 1205749.0
665.5436972417123 1106890.8
665.6960300931171 824703.5
665.8486020069727 765213.2
666.0014129832791 871831.2
666.1544630220367 1114013.5
666.3077521232449 1183110.1
666.4612802869042 1053629.8
666.6150475130142 1174486.5
666.7690538015753 1251786.6
666.9232991525871 1406399.9
667.07778356605 1409366.5
667.2325070419636 1232055.8
667.3874695803282 1487406.9
667.5426711811436 1298748.8
667.69811184441 1645924.9
667.8537915701272 1918959.9
668.0097103582953 1865640.1
668.1658682089143 1556836.2
668.3222651219842 1404141.0
668.4789010975051 1622974.0
668.6357761354766 1659844.0
668.7928902358992 1601582.5
668.9502433987727 1277451.5
669.1078356240971 1087042.2
669.2656669118722 862631.8
669.4237372620985 909285.6
669.5820466747754 973314.06
669.7405951499034 1121768.6
669.8993826874821 1244030.8
670.0584092875117 1373816.4
670.2176749499924 1293999.5
670.3771796749238 1131046.8
670.5369234623063 996688.8
670.6969063121394 695268.6
670.8571282244236 924304.06
671.0175891991586 960563.0
671.1782892363447 946229.9
671.3392283359814 982147.4
671.5004064980691 1198886.8
671.6618237226077 1078840.5
671.8234800095972 927989.44
671.9853753590376 947306.1
672.1475097709289 970871.2
672.309883245271 1161713.6
672.472495782064 1115813.0
672.635347381308 1376588.6
672.7984380430028 1413509.4
672.9617677671484 1148380.8
673.125336553745 1117702.4
673.2891444027925 1086527.2
673.453191314291 1086516.8
673.6174772882403 1089996.6
673.7820023246404 1145287.8
673.9467664234915 1080595.5
674.1117695847934 1170695.6
674.2770118085463 982114.75
674.4424930947499 1289378.0
674.6082134434046 1254001.4
674.7741728545101 1028263.0
674.9403713280664 1345190.1
675.1068088640737 1722685.6
675.2734854625319 1451504.8
675.440401123441 1608176.8
675.6075558468009 1533947.6
675.7749496326118 1524982.0
675.9425824808735 1693377.2
676.1104543915861 2363033.8
676.2785653647496 2148375.2
676.4469154003641 2148701.5
676.6155044984293 2366972.8
676.7843326589456 2284558.2
676.9533998819127 2396089.0
677.1227061673306 2014472.6
677.2922515151995 1748413.0
677.4620359255191 1311415.8
677.6320593982898 1161214.8
677.8023219335114 1169876.8
677.9728235311838 1241081.4
678.1435641913071 1095635.2
678.3145439138814 1161817.2
678.4857626989063 981091.4
678.6572205463824 1099028.0
678.8289174563092 1128943.2
679.000853428687 1415878.8
679.1730284635156 1218602.4
679.3454425607953 956909.0
679.5180957205256 1131793.5
679.690987942707 1132391.1
679.8641192273392 1080098.6
680.0374895744222 924352.5
680.2110989839563 1222897.0
680.3849474559411 1271756.0
680.559034990377 1126213.2
680.7333615872635 1197521.1
680.9079272466012 1154122.0
681.0827319683896 1062784.9
681.257775752629 900265.4
681.4330585993191 987404.44
681.6085805084602 1107079.5
681.7843414800523 1233607.1
681.9603415140951 1390442.5
682.1365806105889 1300435.0
682.3130587695335 1261280.2
682.4897759909292 1080998.9
682.6667322747755 1159411.2
682.8439276210729 1175467.6
683.0213620298211 1025436.5
683.1990355010204 1056529.6
683.3769480346702 1123725.9
683.5550996307712 1038018.0
683.7334902893231 1333930.0
683.9121200103258 1378796.9
684.0909887937793 1398666.5
684.2700966396839 1297346.6
684.4494435480391 1408033.5
684.6290295188454 1336608.2
684.8088545521025 1059900.8
684.9889186478105 1135335.4
685.1692218059694 1167118.5
685.3497640265792 1350687.6
685.5305453096399 1402900.2
685.7115656551515 1357909.2
685.8928250631141 1033057.9
686.0743235335274 1104251.9
686.2560610663917 1026186.5
686.4380376617067 1117483.2
686.6202533194729 1199804.2
686.8027080396897 1261992.8
686.9854018223576 1112416.6
687.1683346674763 1005634.25
687.351506575046 1066425.1
687.5349175450664 955300.75
687.7185675775377 1471432.4
687.9024566724601 1357188.8
688.0865848298331 1293551.2
688.2709520496572 1337319.2
688.4555583319321 1097398.2
688.640403676658 1549896.2
688.8254880838347 1537137.6
689.0108115534624 1447456.0
689.1963740855408 1420411.8
689.3821756800703 1493134.4
689.5682163370506 1294479.1
689.7544960564818 1485231.5
689.9410148383638 1378711.2
690.1277726826967 1584703.1
690.3147695894805 1639148.6
690.5020055587153 1572267.4
690.689480590401 1388717.5
690.8771946845374 1402968.1
691.0651478411248 1697743.5
691.253340060163 1779746.4
691.4417713416524 1676724.2
691.6304416855924 1744695.1
691.8193510919834 1905069.9
692.0084995608252 1838493.2
692.197887092118 1450195.5
692.3875136858616 1243792.8
692.5773793420561 1664966.0
692.7674840607016 1885942.8
692.9578278417978 1622445.1
693.1484106853451 1638454.8
693.339232591343 1448001.5
693.5302935597921 1526922.2
693.7215935906919 1623901.8
693.9131326840427 1781926.9
694.1049108398444 1674965.0
694.2969280580969 1319585.0
694.4891843388003 1307311.4
694.6816796819547 1403934.4
694.8744140875599 1788535.5
695.067387555616 1777188.9
695.260600086123 1919233.8
695.4540516790809 1894367.2
695.6477423344896 1574379.5
695.8416720523492 1432101.0
696.0358408326598 1547383.8
696.2302486754212 1511542.5
696.4248955806336 1567020.2
696.6197815482967 1622599.4
696.814906578411 1537941.4
697.0102706709758 1678269.2
697.2058738259918 2007242.6
697.4017160434586 2097217.5
697.5977973233763 2114607.0
697.7941176657448 2133607.0
697.9906770705643 2291031.2
698.1874755378346 2206718.0
698.3845130675558 2079448.2
698.581789659728 1842603.1
698.779305314351 1875173.5
698.9770600314249 2143068.5
699.1750538109496 2289500.8
699.3732866529253 2049781.5
699.5717585573519 1869820.2
699.7704695242294 2250608.0
699.9694195535577 2425266.2
700.168608645337 2674342.8
700.3680367995671 2585747.2
700.5677040162482 2355270.2
700.7676102953801 2684956.0
700.9677556369629 2603485.0
701.1681400409966 2563166.5
701.368763507481 2494785.5
701.5696260364166 2341468.5
701.7707276278029 2408101.2
701.9720682816403 2442711.0
702.1736479979284 2658873.8
702.3754667766674 2569472.8
702.5775246178573 2473072.0
702.7798215214982 2459977.8
702.9823574875899 2390721.5
703.1851325161325 2451155.8
703.3881466071259 2774672.5
703.5913997605704 2610633.8
703.7948919764656 2704182.8
703.9986232548118 2447702.5
704.2025935956088 2348483.0
704.4068029988567 2537602.5
704.6112514645556 2565365.5
704.8159389927052 2367001.8
705.020865583306 2375637.0
705.2260312363574 2432739.2
705.4314359518598 2682752.5
705.6370797298131 2848008.5
705.8429625702173 2984907.0
706.0490844730723 2930186.0
706.2554454383783 2676550.0
706.4620454661351 2831158.8
706.6688845563428 3263736.0
706.8759627090014 3618445.0
707.0832799241109 3153406.2
707.2908362016714 3197061.0
707.4986315416826 3426439.0
707.7066659441448 3483303.8
707.9149394090579 3309125.5
708.1234519364218 3377440.2
708.3322035262366 3672757.8
708.5411941785025 3810636.5
708.750423893219 3879667.2
708.9598926703866 4179734.0
709.169600510005 4173194.8
709.3795474120743 3948357.2
709.5897333765945 3952405.0
709.8001584035657 3659140.5
710.0108224929876 3306424.5
710.2217256448604 3641623.8
710.4328678591842 3867628.0
710.6442491359588 3776984.5
710.8558694751844 3966748.5
711.0677288768608 4472413.5
711.2798273409882 5216207.5
711.4921648675663 6141317.0
711.7047414565955 6838764.0
711.9175571080754 7329643.0
712.1306118220064 8247869.5
712.343905598388 9254506.0
712.5574384372208 9482559.0
712.7712103385043 9500279.0
712.9852213022388 8793216.0
713.199471328424 8903248.0
713.4139604170601 9154039.0
713.6286885681474 8485264.0
713.8436557816852 7941504.5
714.0588620576742 7956229.5
714.274307396114 7980215.0
714.4899917970047 7801804.0
714.7059152603462 7553200.5
714.9220777861387 7498426.0
715.138479374382 7280467.0
715.3551200250763 7762435.5
715.5719997382214 9068163.0
715.7891185138174 9798678.0
716.0064763518642 10112869.0
716.224073252362 9677235.0
716.4419092153107 9605061.0
716.6599842407103 9440551.0
716.8782983285607 9147938.0
717.096851478862 9339191.0
717.3156436916144 9206205.0
717.5346749668174 7874099.0
717.7539453044715 7091175.5
717.9734547045764 6557182.5
718.1932031671322 5846072.0
718.4131906921389 5272349.0
718.6334172795965 5010569.5
718.853882929505 4586420.5
719.0745876418644 4224404.0
719.2955314166745 3998193.5
719.5167142539357 3891570.0
719.7381361536477 3400226.5
719.9597971158106 3496869.5
720.1816971404245 3691761.0
720.4038362274891 3440333.5
720.6262143770048 3733449.0
720.8488315889713 3983325.5
721.0716878633887 4387472.0
721.2947832002569 4291742.0
721.518117599576 5364414.0
721.741691061346 6444764.0
721.965503585567 7544147.5
722.1895551722389 8694658.0
722.4138458213616 9261824.0
722.6383755329352 10335471.0
722.8631443069596 11298762.0
723.0881521434351 11992498.0
723.3133990423613 12093346.0
723.5388850037385 12409508.0
723.7646100275665 11769814.0
723.9905741138455 10943692.0
724.2167772625753 10954276.0
724.4432194737561 10601802.0
724.6699007473876 10255434.0
724.8968210834703 10823886.0
725.1239804820036 11742468.0
725.3513789429879 12432440.0
725.579016466423 12268094.0
725.8068930523091 12533458.0
726.0350087006461 13034399.0
726.2633634114338 13255465.0
726.4919571846726 13010711.0
726.7207900203623 13954054.0
726.9498619185028 14396175.0
727.1791728790942 15530974.0
727.4087229021366 19564466.0
727.6385119876297 25553928.0
727.8685401355738 34590664.0
728.0988073459687 45804140.0
728.3293136188147 60071130.0
728.5600589541114 77287020.0
728.7910433518591 93342290.0
729.0222668120575 105006090.0
729.2537293347069 110322850.0
729.4854309198073 106787490.0
729.7173715673584 94143410.0
729.9495512773606 76326740.0
730.1819700498136 54146264.0
730.4146278847174 35770836.0
730.6475247820722 26952658.0
730.8806607418778 21112782.0
731.1140357641343 16885092.0
731.3476498488419 13245175.0
731.5815029960002 10987911.0
731.8155952056094 8901502.0
732.0499264776695 6891304.0
732.2844968121806 5733932.0
732.5193062091423 5311354.0
732.754354668555 5152587.5
732.9896421904187 4347429.5
733.2251687747333 4183177.8
733.4609344214988 4028672.8
733.6969391307151 3890543.8
733.9331829023823 4033609.5
734.1696657365004 4616516.0
734.4063876330695 5023187.0
734.6433485920893 5968664.5
734.8805486135602 6741275.0
735.1179876974818 7465934.0
735.3556658438545 7487326.0
735.5935830526778 6760107.0
735.8317393239522 6883160.5
736.0701346576775 6642874.5
736.3087690538534 5751235.5
736.5476425124806 5244364.0
736.7867550335584 5679470.5
737.0261066170873 6487109.0
737.265697263067 6854030.0
737.5055269714976 6888415.5
737.745595742379 7902651.0
737.9859035757114 10027504.0
738.2264504714947 12311206.0
738.4672364297288 16096495.0
738.7082614504138 23193638.0
738.9495255335498 32811400.0
739.1910286791365 44558096.0
739.4327708871742 58207564.0
739.6747521576629 72087050.0
739.9169724906022 84642700.0
740.1594318859927 92453020.0
740.4021303438338 94626990.0
740.6450678641261 89706840.0
740.8882444468691 76618340.0
741.131660092063 56588910.0
741.3753147997079 38701710.0
741.6192085698036 26780056.0
741.8633414023502 20004810.0
742.1077132973477 16215779.0
742.352324254796 12625566.0
742.5971742746954 9913285.0
742.8422633570456 7957211.0
743.0875915018465 6616489.0
743.3331587090985 5461180.0
743.5789649788013 4415246.5
743.8250103109551 3820312.8
744.0712947055597 3549975.2
744.3178181626151 3026007.0
744.5645806821216 2541502.8
744.8115822640789 2373753.2
745.058822908487 2689606.2
745.3063026153461 2552568.5
745.554021384656 2611595.8
745.801979216417 2536019.0
746.0501761106286 3001979.8
746.2986120672912 3105724.0
746.5472870864048 3246518.0
746.7962011679691 3650796.5
747.0453543119845 3985407.8
747.2947465184507 3768901.5
747.5443777873677 3627647.2
747.7942481187357 3052528.8
748.0443575125546 3204586.5
748.2947059688242 2641273.0
748.545293487545 2451406.5
748.7961200687164 2404845.2
749.0471857123389 2069327.6
749.2984904184123 1669628.9
749.5500341869365 1663792.5
749.8018170179115 1835786.0
750.0538389113375 1914188.5
750.3060998672144 1959217.6
750.558599885542 1898782.0
750.8113389663208 1581161.9
751.0643171095503 1701088.2
751.3175343152308 1857303.2
751.570990583362 1993508.0
751.8246859139442 2301823.5
752.0786203069773 2331841.5
752.3327937624614 2319258.5
752.5872062803962 2267884.5
752.841857860782 2188527.0
753.0967485036186 2374410.2
753.3518782089062 1986082.0
753.6072469766447 1810788.2
753.8628548068339 1803431.0
754.1187016994742 2199663.8
754.3747876545652 2522569.8
754.6311126721073 2806149.8
754.8876767521001 2597683.5
755.144479894544 2451569.2
755.4015220994386 2731034.5
755.6588033667842 2672357.2
755.9163236965807 2496573.0
756.1740830888281 2433716.5
756.4320815435262 2800128.0
756.6903190606754 2742386.5
756.9487956402754 2457112.2
757.2075112823263 2151694.8
757.4664659868281 2239576.0
757.7256597537807 2645527.0
757.9850925831844 2957840.2
758.2447644750388 2721522.0
758.5046754293442 3057344.0
758.7648254461004 3591722.0
759.0252145253075 3627851.0
759.2858426669656 3864278.5
759.5467098710745 3763043.0
759.8078161376343 3922219.5
760.069161466645 3982881.0
760.3307458581066 4042701.5
760.5925693120191 4252723.5
760.8546318283825 4483747.0
761.1169334071967 4109759.0
761.3794740484618 3298152.2
761.6422537521778 3318812.8
761.9052725183449 3462719.0
762.1685303469626 3701961.2
762.4320272380314 3348863.8
762.6957631915509 3097899.0
762.9597382075215 3330076.0
763.2239522859428 3496137.8
763.4884054268151 3587228.5
763.7530976301382 3494461.2
764.0180288959123 3230752.2
764.2831992241372 3098657.2
764.5486086148131 2951339.5
764.8142570679397 3628217.0
765.0801445835173 3886361.2
765.3462711615459 4288338.5
765.6126368020252 4816958.5
765.8792415049556 4835386.5
766.1460852703367 4749761.0
766.4131680981689 5540615.0
766.6804899884517 5802113.0
766.9480509411856 5591482.0
767.2158509563703 5504548.0
767.483890034006 4863816.0
767.7521681740925 4662276.0
768.0206853766299 4364119.5
768.2894416416182 4106832.8
768.5584369690574 3716987.0
768.8276713589474 3537353.8
769.0971448112883 3674591.0
769.3668573260802 4088246.5
769.636808903323 4694909.5
769.9069995430166 4745225.5
770.1774292451611 4620280.0
770.4480980097566 5183172.0
770.7190058368028 5540870.0
770.9901527263 6085271.0
771.2615386782481 6965722.5
771.5331636926471 7293305.0
771.805027769497 7614882.0
772.0771309087978 8045680.0
772.3494731105494 9032863.0
772.622054374752 10874301.0
772.8948747014053 13270481.0
773.1679340905096 16186091.0
773.4412325420649 17911658.0
773.714770056071 19128316.0
773.9885466325279 19346952.0
774.2625622714359 19526942.0
774.5368169727947 18092766.0
774.8113107366042 16775114.0
775.0860435628648 14614211.0
775.3610154515762 11450530.0
775.6362264027387 8526048.0
775.9116764163518 6899388.0
776.1873654924159 6490637.5
776.4632936309309 5999332.5
776.7394608318967 5884394.5
777.0158670953135 5805567.5
777.2925124211812 5831973.0
777.5693968094998 6238549.0
777.8465202602692 5949506.0
778.1238827734896 5918684.0
778.4014843491608 6973474.0
778.6793249872829 7557828.0
778.957404687856 8103602.5
779.23572345088 8561543.0
779.5142812763546 9663505.0
779.7930781642804 10950030.0
780.0721141146569 13323216.0
780.3513891274845 14413210.0
780.6309032027627 15630535.0
780.9106563404919 16226448.0
781.1906485406721 16345122.0
781.4708798033031 15805072.0
781.7513501283851 14734432.0
782.0320595159178 13721989.0
782.3130079659015 13203645.0
782.5941954783361 13199724.0
782.8756220532216 13769506.0
783.157287690558 13846335.0
783.4391923903453 13516298.0
783.7213361525834 12178869.0
784.0037189772725 10966278.0
784.2863408644123 10528356.0
784.5692018140032 10191790.0
784.8523018260448 10588090.0
785.1356409005374 11635412.0
785.419219037481 12275790.0
785.7030362368753 12118589.0
785.9870924987206 12134689.0
786.2713878230167 11844300.0
786.5559222097638 12145700.0
786.8406956589616 13266631.0
787.1257081706106 13068978.0
787.4109597447102 11119735.0
787.6964503812609 11329074.0
787.9821800802623 12524230.0
788.2681488417147 12640394.0
788.554356665618 12020171.0
788.8408035519722 12839445.0
789.1274895007773 13947046.0
789.4144145120331 13971954.0
789.70157858574 13933469.0
789.9889817218977 14042720.0
790.2766239205064 14211379.0
790.5645051815659 14608054.0
790.8526255050763 16317356.0
791.1409848910375 18349528.0
791.4295833394498 19716122.0
791.7184208503128 21558856.0
792.0074974236268 23161518.0
792.2968130593916 24719096.0
792.5863677576074 26470528.0
792.876161518274 28859228.0
793.1661943413915 29137544.0
793.45646622696 29241052.0
793.7469771749792 28663796.0
794.0377271854495 27664978.0
794.3287162583705 27090616.0
794.6199443937426 27643248.0
794.9114115915653 28927908.0
795.2031178518391 30091596.0
795.4950631745637 30093610.0
795.7872475597393 30743662.0
796.0796710073657 32321796.0
796.372333517443 33401458.0
796.6652350899712 34493056.0
796.9583757249504 35133856.0
797.2517554223803 35644390.0
797.5453741822612 36915816.0
797.839232004593 39065830.0
798.1333288893755 42088270.0
798.4276648366092 45038524.0
798.7222398462935 48276856.0
799.0170539184289 51921256.0
799.3121070530151 55539804.0
799.6073992500523 56898010.0
799.9029305095402 58733750.0
800.1987008314792 59783220.0
800.4947102158688 59154430.0
800.7909586627096 57610970.0
801.0874461720011 57710410.0
801.3841727437435 58904600.0
801.6811383779369 59011144.0
801.9783430745811 58277840.0
802.2757868336762 58161824.0
802.5734696552222 54919900.0
802.8713915392192 51392304.0
803.1695524856669 49184784.0
803.4679524945657 48502244.0
803.7665915659152 48064750.0
804.0654696997157 46531024.0
804.364586895967 45977420.0
804.6639431546693 46746360.0
804.9635384758224 47198216.0
805.2633728594265 48323316.0
805.5634463054813 50272544.0
805.863758813987 52751724.0
806.1643103849437 54659004.0
806.4651010183513 56203260.0
806.7661307142098 56529084.0
807.0673994725191 56297430.0
807.3689072932794 55591896.0
807.6706541764905 56449010.0
807.9726401221526 58698964.0
808.2748651302655 60318664.0
808.5773292008294 64572444.0
808.880032333844 70180540.0
809.1829745293097 78931130.0
809.4861557872262 91887050.0
809.7895761075936 105153930.0
810.0932354904118 122328280.0
810.3971339356808 140975490.0
810.701271443401 160119800.0
811.0056480135719 177236240.0
811.3102636461938 191498640.0
811.6151183412665 199931740.0
811.9202120987901 203700380.0
812.2255449187645 201947550.0
812.5311168011899 194487060.0
812.8369277460662 181160510.0
813.1429777533934 161379820.0
813.4492668231715 140993000.0
813.7557949554005 125385760.0
814.0625621500802 115479390.0
814.3695684072109 110146620.0
814.6768137267925 102451220.0
814.984298108825 94558380.0
815.2920215533085 88939920.0
815.5999840602427 83819560.0
815.908185629628 77431180.0
816.216626261464 71427520.0
816.5253059557509 65701780.0
816.8342247124888 59464064.0
817.1433825316776 54837136.0
817.4527794133171 47982724.0
817.7624153574077 41638716.0
818.072290363949 37791284.0
818.3824044329415 35950964.0
818.6927575643846 35747796.0
819.0033497582787 36591530.0
819.3141810146236 39877132.0
819.6252513334194 43508704.0
819.9365607146663 46557576.0
820.2481091583638 49062736.0
820.5598966645124 52123080.0
820.8719232331118 58351456.0
821.1841888641621 67337750.0
821.4966935576633 78013736.0
821.8094373136155 90024100.0
822.1224201320184 100037610.0
822.4356420128723 114243990.0
822.749102956177 132197440.0
823.0628029619327 152813090.0
823.3767420301392 171272020.0
823.6909201607966 193637840.0
824.005337353905 216474900.0
824.3199936094642 235253020.0
824.6348889274743 248511490.0
824.9500233079352 259291780.0
825.2653967508472 257420660.0
825.5810092562099 238817040.0
825.8968608240236 211331020.0
826.2129514542881 178565250.0
826.5292811470036 137459840.0
826.8458499021699 98789570.0
827.1626577197871 71460740.0
827.4797045998553 53738856.0
827.7969905423743 41278450.0
828.1145155473441 34074276.0
828.4322796147649 28273316.0
828.7502827446367 22369930.0
829.0685249369592 17200078.0
829.3870061917327 13894018.0
829.705726508957 12608939.0
830.0246858886322 11486275.0
830.3438843307583 10452861.0
830.6633218353354 9424669.0
830.9829984023633 8948674.0
831.3029140318422 8151330.5
831.6230687237718 7985173.0
831.9434624781525 8036359.0
832.2640952949838 8127470.5
832.5849671742662 7758214.5
832.9060781159994 7876656.0
833.2274281201835 7915333.0
833.5490171868187 8181966.0
833.8708453159045 8196835.0
834.1929125074414 7803587.0
834.515218761429 7604181.0
834.8377640778676 8209001.0
835.160548456757 8562827.0
835.4835718980975 8633592.0
835.8068344018886 9250070.0
836.1303359681309 10355786.0
836.4540765968239 10944329.0
836.778056287968 11489788.0
837.1022750415626 12612968.0
837.4267328576084 13412769.0
837.7514297361049 13996399.0
838.0763656770524 14890809.0
838.4015406804508 15714815.0
838.7269547463001 15183039.0
839.0526078746003 14977220.0
839.3785000653513 15607701.0
839.7046313185533 16219638.0
840.0310016342061 16230112.0
840.3576110123099 16577465.0
840.6844594528644 16193695.0
841.01154695587 16562801.0
841.3388735213264 15379681.0
841.6664391492336 14848435.0
841.9942438395917 15776524.0
842.3222875924008 16846944.0
842.6505704076608 16895096.0
842.9790922853716 16031559.0
843.3078532255333 15896011.0
843.636853228146 16608265.0
843.9660922932096 16748920.0
844.2955704207238 16287986.0
844.6252876106893 16571015.0
844.9552438631054 15983776.0
845.2854391779725 15203035.0
845.6158735552905 15637476.0
845.9465469950594 16304894.0
846.2774594972791 17290220.0
846.6086110619498 19159022.0
846.9400016890712 20707596.0
847.2716313786436 22006376.0
847.603500130667 24392822.0
847.9356079451411 28366630.0
848.2679548220663 30742552.0
848.6005407614422 32773550.0
848.9333657632692 35332828.0
849.2664298275467 37397200.0
849.5997329542755 38755324.0
849.933275143455 42036790.0
850.2670563950855 45081480.0
850.6010767091668 46540910.0
850.935336085699 46594196.0
851.2698345246821 44290756.0
851.6045720261161 42796296.0
851.939548590001 41946390.0
852.2747642163367 42903056.0
852.6102189051235 43122910.0
852.9459126563609 39247150.0
853.2818454700493 35142268.0
853.6180173461887 30385822.0
853.9544282847789 26532472.0
854.29107828582 23304322.0
854.627967349312 21171528.0
854.9650954752549 20980588.0
855.3024626636488 22882036.0
855.6400689144934 24552610.0
855.9779142277889 24418864.0
856.3159986035355 24918042.0
856.6543220417327 26769796.0
856.992884542381 28233672.0
857.33168610548 29617970.0
857.6707267310301 31128958.0
858.010006419031 35059028.0
858.3495251694828 37177384.0
858.6892829823855 37013364.0
859.0292798577391 39430292.0
859.3695157955435 44026110.0
859.709990795799 46246664.0
860.0507048585051 48669740.0
860.3916579836623 51505236.0
860.7328501712702 54063164.0
861.0742814213293 55666936.0
861.415951733839 60277816.0
861.7578611087997 61974656.0
862.1000095462114 63440440.0
862.4423970460737 63348296.0
862.7850236083872 60537064.0
863.1278892331513 59816380.0
863.4709939203666 56452364.0
863.8143376700325 50589500.0
864.1579204821496 42611916.0
864.5017423567174 36875520.0
864.845803293736 32220016.0
865.1901032932057 26238148.0
865.5346423551262 21718152.0
865.8794204794975 19479086.0
866.2244376663198 18915096.0
866.569693915593 18815074.0
866.9151892273169 19761840.0
867.2609236014919 22104872.0
867.6068970381177 25116444.0
867.9531095371945 27061988.0
868.299561098722 29224160.0
868.6462517227006 31362644.0
868.9931814091299 32982116.0
869.3403501580103 37544604.0
869.6877579693414 42396444.0
870.0354048431236 45598080.0
870.3832907793565 48579260.0
870.7314157780402 50172190.0
871.079779839175 52306496.0
871.4283829627606 57399936.0
871.7772251487971 60623830.0
872.1263063972845 63199050.0
872.4756267082229 65203796.0
872.825186081612 64804236.0
873.1749845174521 65346010.0
873.525022015743 63275224.0
873.875298576485 57844040.0
874.2258141996776 49062410.0
874.5765688853213 41806864.0
874.9275626334158 38063252.0
875.2787954439613 35212996.0
875.6302673169575 34356810.0
875.9819782524048 33866130.0
876.3339282503027 33495168.0
876.6861173106518 33395404.0
877.0385454334516 34661716.0
877.3912126187024 32959658.0
877.744118866404 31045270.0
878.0972641765566 28748398.0
878.45064854916 27384496.0
878.8042719842143 25552244.0
879.1581344817196 22351440.0
879.5122360416756 19282286.0
879.8665766640827 16312238.0
880.2211563489404 14896140.0
880.5759750962493 13327205.0
880.9310329060089 13385138.0
881.2863297782194 13726275.0
881.6418657128809 14468214.0
881.9976407099932 14670272.0
882.3536547695564 14055016.0
882.7099078915705 14574328.0
883.0664000760355 14134844.0
883.4231313229513 15178310.0
883.7801016323183 16322891.0
884.1373110041359 16093364.0
884.4947594384045 15490641.0
884.8524469351239 15800240.0
885.2103734942943 15679255.0
885.5685391159154 14799619.0
885.9269437999875 13572455.0
886.2855875465107 12729506.0
886.6444703554844 11915085.0
887.0035922269093 12498508.0
887.3629531607849 12509225.0
887.7225531571116 13175750.0
888.082392215889 13796452.0
888.4424703371174 13936189.0
888.8027875207965 14117735.0
889.1633437669268 14961110.0
889.5241390755077 16362428.0
889.8851734465397 17611076.0
890.2464468800224 19759826.0
890.6079593759562 21262650.0
890.9697109343408 23106192.0
891.3317015551763 25657956.0
891.6939312384626 27004870.0
892.0563999841997 28914576.0
892.419107792388 32706104.0
892.7820546630269 36964504.0
893.145240596117 40623196.0
893.5086655916577 41458864.0
893.8723296496495 43623216.0
894.2362327700921 46747460.0
894.6003749529856 49787564.0
894.96475619833 49846196.0
895.3293765061252 51079440.0
895.6942358763713 52484950.0
896.0593343090684 57893616.0
896.4246718042164 60695516.0
896.7902483618151 62934036.0
897.1560639818649 65379336.0
897.5221186643654 61872340.0
897.888412409317 56087680.0
898.2549452167193 48431510.0
898.6217170865726 38074544.0
898.9887280188768 28420768.0
899.3559780136319 21590472.0
899.7234670708378 17616394.0
900.0911951904947 15457479.0
900.4591623726023 13750412.0
900.827368617161 12066820.0
901.1958139241705 10903528.0
901.5644982936308 9969196.0
901.9334217255422 8957242.0
902.3025842199042 7942606.0
902.6719857767174 8607508.0
903.0416263959813 9003422.0
903.4115060776962 8263316.0
903.7816248218619 8784329.0
904.1519826284787 9094458.0
904.5225794975461 8799994.0
904.8934154290646 8669014.0
905.2644904230337 8249536.0
905.635804479454 8151253.0
906.0073575983251 8541863.0
906.3791497796472 8549568.0
906.7511810234199 8358525.5
907.1234513296438 8942488.0
907.4959606983184 7904902.5
907.8687091294438 7217963.0
908.2416966230203 7337770.5
908.6149231790475 7100742.5
908.9883887975259 6612754.0
909.3620934784549 7066410.5
909.736037221835 6866586.0
910.1102200276657 6516717.5
910.4846418959476 6551931.0
910.8593028266802 6693944.0
911.2342028198638 7190376.0
911.6093418754981 6714129.5
911.9847199935836 6515645.5
912.3603371741196 6530301.0
912.7361934171067 7134279.5
913.1122887225448 7512009.0
913.4886230904336 7429950.5
913.8651965207735 7983065.5
914.242009013564 9055241.0
914.6190605688057 9297561.0
914.996351186498 10148996.0
915.3738808666415 10735506.0
915.7516496092356 10569191.0
916.1296574142808 10569121.0
916.5079042817767 11097366.0
916.8863902117237 10961681.0
917.2651152041215 10895740.0
917.6440792589702 10910532.0
918.0232823762697 10597019.0
918.4027245560201 10098247.0
918.7824057982216 10730426.0
919.1623261028737 10808058.0
919.542485469977 10162682.0
919.9228838995309 9521692.0
920.3035213915359 8900111.0
920.6843979459916 10432184.0
921.0655135628983 10972261.0
921.446868242256 11148072.0
921.8284619840645 12056722.0
922.2102947883237 12384645.0
922.5923666550341 12261596.0
922.9746775841952 12101766.0
923.3572275758072 12120142.0
923.7400166298701 12799228.0
924.1230447463838 13534670.0
924.5063119253487 14547458.0
924.8898181667641 16215238.0
925.2735634706307 16290354.0
925.657547836948 15958954.0
926.0417712657163 14065499.0
926.4262337569354 13490170.0
926.8109353106056 13938239.0
927.1958759267263 12996404.0
927.5810556052983 12287406.0
927.966474346321 11694605.0
928.3521321497947 10919778.0
928.7380290157191 10674851.0
929.1241649440944 10954482.0
929.5105399349206 10698004.0
929.8971539881978 10357779.0
930.2840071039259 9961536.0
930.6710992821048 9950737.0
931.0584305227347 9271861.0
931.4460008258154 9410688.0
931.8338101913471 8813240.0
932.2218586193296 8014211.0
932.610146109763 6506072.0
932.9986726626472 5151290.5
933.3874382779825 3826538.5
933.7764429557685 3077422.0
934.1656866960054 2935318.5
934.5551694986933 2768849.5
934.9448913638321 2521319.8
935.3348522914216 2623758.5
935.7250522814621 2346458.0
936.1154913339535 2135089.0
936.5061694488959 2221137.8
936.8970866262891 2241158.5
937.288242866133 2412075.8
937.6796381684281 2326706.0
938.0712725331739 2392324.5
938.4631459603708 2978416.0
938.8552584500184 3107509.8
939.247610002117 3393852.8
939.6402006166663 3754084.8
940.0330302936667 3901546.0
940.4260990331178 3515094.0
940.8194068350199 3633034.8
941.212953699373 3566065.0
941.6067396261767 3958358.0
942.0007646154315 3798215.5
942.3950286671371 3933950.2
942.7895317812938 4158255.5
943.184273957901 4102235.0
943.5792551969595 3539892.2
943.9744754984687 3674865.5
944.3699348624289 3619865.2
944.7656332888398 3340221.2
945.1615707777016 3404267.5
945.5577473290144 3030746.5
945.9541629427781 2913485.0
946.3508176189927 2510778.5
946.7477113576581 2841044.5
947.1448441587745 3152412.8
947.5422160223416 3410217.2
947.9398269483597 3637139.8
948.3376769368288 3800311.2
948.7357659877487 3854107.0
949.1340941011194 4006787.8
949.5326612769411 4205163.0
949.9314675152136 3920195.5
950.3305128159373 4410966.5
950.7297971791115 5168677.5
951.1293206047367 5215295.0
951.5290830928128 5654956.0
951.9290846433399 5373002.0
952.3293252563178 4351004.5
952.7298049317465 4504118.5
953.1305236696262 4566724.5
953.5314814699568 4310639.5
953.9326783327383 5034899.0
954.3341142579707 5007068.0
954.7357892456539 4626279.0
955.137703295788 4599062.0
955.5398564083731 4779197.5
955.942248583409 4591895.5
956.3448798208958 4449539.5
956.7477501208334 4451084.5
957.1508594832221 3863666.2
957.5542079080615 3550316.0
957.9577953953519 3434613.0
958.3616219450932 3471217.0
958.7656875572852 3923812.5
959.1699922319283 3515351.5
959.5745359690222 3076642.5
959.979318768567 3393441.0
960.3843406305627 3976383.5
960.7896015550094 4328694.5
961.1951015419069 4578745.0
961.6008405912553 4218247.5
962.0068187030545 4230720.5
962.4130358773048 5077515.0
962.8194921140057 4704556.0
963.2261874131577 4706064.5
963.6331217747605 4768539.0
964.0402951988142 4941583.5
964.4477076853188 5469224.0
964.8553592342744 5780822.0
965.2632498456808 5182503.0
965.671379519538 4712992.5
966.0797482558462 4620269.5
966.4883560546052 4412912.0
966.8972029158153 4563596.5
967.3062888394761 4243278.0
967.7156138255879 4263634.5
968.1251778741505 3638031.2
968.534980985164 3555167.2
968.9450231586284 3539244.5
969.3553043945437 3752838.0
969.7658246929099 3463157.0
970.1765840537269 3278422.8
970.5875824769948 3085791.0
970.9988199627137 2669852.8
971.4102965108834 2918001.0
971.822012121504 2918410.0
972.2339667945757 3157293.5
972.6461605300981 3229158.5
973.0585933280714 3903481.0
973.4712651884955 4230247.5
973.8841761113707 4572698.5
974.2973260966967 4861615.5
974.7107151444736 5022972.5
975.1243432547012 4759317.5
975.5382104273799 4514582.0
975.9523166625095 3895189.0
976.3666619600898 4542552.5
976.7812463201212 5658601.0
977.1960697426034 6354444.0
977.6111322275365 6707078.0
978.0264337749204 6292499.0
978.4419743847554 6235587.0
978.8577540570411 6734624.0
979.2737727917779 7394967.5
979.6900305889653 6725220.0
980.1065274486039 5827042.0
980.523263370693 5726960.5
980.9402383552333 6090694.0
981.3574524022245 5985895.0
981.7749055116664 5157882.0
982.1925976835594 5494827.0
982.6105289179031 6390939.5
983.0286992146978 7409298.0
983.4471085739433 7812137.5
983.8657569956398 7912872.5
984.2846444797872 8430839.0
984.7037710263854 8843148.0
985.1231366354345 9262809.0
985.5427413069345 9657441.0
985.9625850408854 9996996.0
986.3826678372873 9426498.0
986.8029896961399 9880901.0
987.2235506174435 9438508.0
987.6443506011979 9870594.0
988.0653896474032 9878659.0
988.4866677560595 8937956.0
988.9081849271665 8587585.0
989.3299411607247 8947779.0
989.7519364567336 8670603.0
990.1741708151934 8009622.5
990.5966442361041 7485109.5
991.0193567194657 7524943.0
991.4423082652781 7010742.5
991.8654988735416 6742149.5
992.2889285442558 6788663.0
992.712597277421 6194187.5
993.1365050730369 5607805.0
993.5606519311038 5182215.0
993.9850378516217 5343214.5
994.4096628345903 5807374.5
994.83452688001 7079313.0
995.2596299878804 8099795.0
995.6849721582018 8560134.0
996.110553390974 7874160.0
996.5363736861973 8503821.0
996.9624330438713 8759003.0
997.3887314639962 8453023.0
997.8152689465721 8338624.5
998.2420454915989 8120464.5
998.6690610990764 9245485.0
999.0963157690048 8441797.0
999.5238095013843 8082425.0
999.9515422962145 8244550.5
1000.3795141534958 7644947.5
1000.8077250732279 6602423.0
1001.2361750554107 5952964.0
1001.6648641000446 5089060.5
1002.0937922071294 4679200.5
1002.522959376665 4112723.5
1002.9523656086515 3983619.8
1003.3820109030889 4194333.0
1003.8118952599773 4091650.0
1004.2420186793163 4466450.0
1004.6723811611065 5021980.0
1005.1029827053474 6115651.0
1005.5338233120393 6903470.0
1005.9649029811819 7139555.5
1006.3962217127755 8609116.0
1006.8277795068202 9911221.0
1007.2595763633155 11082910.0
1007.6916122822619 11568700.0
1008.1238872636591 12137524.0
1008.5564013075071 12164776.0
1008.9891544138061 12846601.0
1009.422146582556 14235690.0
1009.8553778137567 15076639.0
1010.2888481074084 16054421.0
1010.7225574635108 16926360.0
1011.1565058820644 17397788.0
1011.5906933630686 17383836.0
1012.0251199065237 17524524.0
1012.45978551243 15281799.0
1012.8946901807869 13224169.0
1013.3298339115948 10886308.0
1013.7652167048535 8387991.0
1014.2008385605632 6006563.0
1014.6366994787238 4877482.0
1015.0727994593352 5248335.0
1015.5091385023975 5081638.0
1015.9457166079108 4933825.5
1016.3825337758749 4726789.5
1016.8195900062899 5194746.5
1017.2568852991558 6253233.0
1017.6944196544725 7367165.5
1018.1321930722402 7232225.0
1018.5702055524587 8487726.0
1019.0084570951283 9700344.0
1019.4469477002485 10492566.0
1019.8856773678198 11385702.0
1020.3246460978419 11429646.0
1020.763853890315 11672804.0
1021.2033007452387 13574626.0
1021.6429866626136 13790402.0
1022.0829116424393 13876291.0
1022.5230756847159 14700869.0
1022.9634787894433 15548424.0
1023.4041209566217 15302796.0
1023.8450021862509 12369008.0
1024.286122478331 10060744.0
1024.727481832862 7345807.0
1025.1690802498438 5187041.0
1025.6109177292767 4057141.0
1026.0529942711605 3747286.2
1026.495309875495 2966987.5
1026.9378645422805 2681724.0
1027.380658271517 2595102.5
1027.823691063204 1952745.0
1028.2669629173424 1628236.4
1028.7104738339312 1863460.8
1029.1542238129714 1730879.5
1029.598212854462 1347904.8
1030.0424409584039 1126313.6
1030.4869081247964 1189786.6
1030.9316143536398 1236352.2
1031.376559644934 1407352.0
1031.8217439986793 1377142.6
1032.2671674148755 1188328.5
1032.7128298935227 982952.75
1033.1587314346207 1156240.1
1033.6048720381693 1303510.8
1034.051251704169 1174490.2
1034.4978704326197 1226282.4
1034.9447282235212 902640.06
1035.3918250768736 1113803.8
1035.8391609926769 1303749.6
1036.286735970931 1162910.4
1036.734550011636 1102347.1
1037.182603114792 1083647.8
1037.6308952803988 1129279.5
1038.0794265084567 1099883.6
1038.5281967989652 1136276.9
1038.9772061519247 1205928.9
1039.426454567335 1259232.4
1039.8759420451966 979363.6
1040.3256685855085 837584.1
1040.7756341882716 1026552.0
1041.2258388534856 1271202.0
1041.6762825811506 1118694.9
1042.1269653712661 1309914.2
1042.577887223833 1176133.6
1043.0290481388504 1062300.2
1043.4804481163187 1336202.2
1043.9320871562381 1449784.4
1044.3839652586082 1391696.2
1044.8360824234294 1180200.2
1045.2884386507012 1395117.2
1045.7410339404241 1576451.9
1046.193868292598 1532352.5
1046.6469417072226 1479710.0
1047.1002541842981 1356552.4
1047.5538057238246 1350523.8
1048.0075963258018 1364307.6
1048.46162599023 1488153.0
1048.915894717109 1732197.6
1049.3704025064392 1752762.0
1049.82514935822 1246507.6
1050.2801352724516 1201722.0
1050.7353602491344 1414741.2
1051.1908242882678 1779815.8
1051.6465273898525 1708081.2
1052.1024695538877 1467129.4
1052.558650780374 1638299.4
1053.015071069311 1763401.8
1053.471730420699 1594650.6
1053.928628834538 1864096.4
1054.3857663108276 1539920.0
1054.8431428495683 1308336.5
1055.30075845076 1283872.6
1055.7586131144024 1313975.6
1056.2167068404956 1426619.5
1056.67503962904 1997193.1
1057.133611480035 1935093.9
1057.592422393481 1835066.0
1058.0514723693777 2027096.5
1058.5107614077258 1927651.8
1058.9702895085243 1786084.9
1059.4300566717739 1544608.6
1059.8900628974743 1514823.5
1060.3503081856259 592227.2
1060.8107925362278 -1081931.4
1061.2715159492811 -2902360.0
1061.732478424785 -4577364.0
1062.1936799627401 -6297276.0
1062.6551205631458 -7782232.5
1063.1168002260026 -9380061.0
1063.57871895131 -10774178.0
1064.0408767390686 -12303726.0
1064.503273589278 -14495244.0
1064.965909501938 -16555660.0
1065.4287844770492 -18508734.0
1065.8918985146113 -20733186.0
1066.3552516146242 -22663350.0
1066.818843777088 -24506738.0
1067.2826750020029 -26116520.0
1067.7467452893684 -28333758.0
1068.211054639185 -30100404.0
1068.6756030514523 0.0
1069.1403905261704 0.0
1069.6054170633397 0.0
1070.0706826629596 0.0
1070.5361873250306 0.0
1071.0019310495525 0.0
1071.4679138365252 0.0
1071.9341356859486 0.0
