string
description: px_shifted, calibration parameter: [ 1.19531225e-04 -2.30194563e-02  6.18194146e+02]
converted file:R_100ms_Fe_S3_x_2_36_binned_y back: data/dark_100msRZP-structure:___RZP_S3100msRoi:[0, 1040, 2048, 2048]
eV counts/s
618.1712462133476 1687055.6
618.1485853507007 1945704.2
618.1261635505048 2201697.8
618.1039808127597 2403943.0
618.0820371374655 2342876.0
618.0603325246223 2292526.8
618.0388669742298 2208589.8
618.0176404862883 2683769.5
617.9966530607976 2509160.0
617.9759046977579 2429897.2
617.955395397169 2603309.8
617.9351251590311 2450460.0
617.9150939833439 2573464.8
617.8953018701078 2471853.5
617.8757488193226 2796920.2
617.8564348309881 2488703.5
617.8373599051046 2114714.8
617.8185240416719 2081760.5
617.7999272406903 2295077.0
617.7815695021593 2686561.0
617.7634508260794 2589883.2
617.7455712124504 2581532.0
617.7279306612722 2621628.5
617.7105291725449 2897985.2
617.6933667462686 2422144.2
617.676443382443 2340134.5
617.6597590810685 2450697.8
617.6433138421447 2389558.5
617.6271076656718 2618110.2
617.6111405516499 2351963.2
617.5954125000789 2235777.5
617.5799235109587 1927200.0
617.5646735842894 1923237.4
617.5496627200711 2256164.5
617.5348909183035 1954703.9
617.520358178987 2213639.8
617.5060645021213 2275249.2
617.4920098877064 2368354.2
617.4781943357425 2819523.8
617.4646178462295 2951811.2
617.4512804191673 2979857.2
617.4381820545561 3264807.8
617.4253227523957 3283796.5
617.4127025126862 2894949.8
617.4003213354276 2833756.2
617.3881792206199 2777037.5
617.3762761682632 2524778.5
617.3646121783572 2169507.5
617.3531872509022 1902774.4
617.342001385898 1930604.4
617.3310545833449 2231800.5
617.3203468432424 2004178.6
617.309878165591 2125636.0
617.2996485503904 1928697.4
617.2896579976408 1996643.9
617.2799065073419 2413756.2
617.270394079494 2765142.5
617.261120714097 2605936.2
617.2520864111508 2537488.8
617.2432911706557 2907596.0
617.2347349926113 3041763.0
617.2264178770179 3144551.2
617.2183398238752 3515993.0
617.2105008331837 3780546.0
617.2029009049428 3780452.8
617.195540039153 3561528.8
617.188418235814 3096067.5
617.1815354949258 3225640.5
617.1748918164886 3177902.8
617.1684872005023 3468281.0
617.1623216469668 3404598.0
617.1563951558823 3121311.2
617.1507077272486 3370297.0
617.1452593610658 3741731.2
617.140050057334 3661121.0
617.1350798160529 3369886.2
617.1303486372229 3962513.8
617.1258565208436 4649322.5
617.1216034669154 4532633.5
617.1175894754379 4804298.0
617.1138145464114 5357646.0
617.1102786798357 5761026.0
617.106981875711 5785902.0
617.1039241340371 5448847.0
617.1011054548142 4811369.5
617.0985258380421 3950226.0
617.0961852837207 3450244.5
617.0940837918505 3976490.0
617.092221362431 4035743.0
617.0905979954625 4131521.5
617.0892136909449 3755421.2
617.0880684488782 3609524.8
617.0871622692623 4768147.0
617.0864951520974 4883428.0
617.0860670973833 4735137.5
617.0858781051202 5815900.0
617.0859281753078 7192278.0
617.0862173079464 8267517.0
617.0867455030359 8239989.5
617.0875127605763 7638180.5
617.0885190805675 5908422.5
617.0897644630096 3604646.2
617.0912489079027 2867832.8
617.0929724152465 1981895.5
617.0949349850415 2046379.2
617.0971366172871 1759307.2
617.0995773119838 1712150.2
617.1022570691313 1841040.6
617.1051758887297 1946471.5
617.1083337707789 1730397.2
617.1117307152791 1438867.0
617.1153667222302 1509596.8
617.1192417916321 1752883.6
617.123355923485 2099424.8
617.1277091177888 2483262.8
617.1323013745433 2323682.0
617.1371326937488 2623146.2
617.1422030754052 3688177.0
617.1475125195125 4687506.0
617.1530610260706 5130388.5
617.1588485950797 6009929.5
617.1648752265397 6917204.0
617.1711409204505 7195124.5
617.1776456768123 7216449.0
617.1843894956249 7172256.0
617.1913723768885 7031122.0
617.1985943206029 7304375.0
617.2060553267681 6956950.5
617.2137553953843 6891530.5
617.2216945264513 7385139.0
617.2298727199694 6639122.0
617.2382899759382 6026987.0
617.246946294358 4693052.0
617.2558416752286 3511489.5
617.2649761185502 2400400.2
617.2743496243226 2182638.5
617.2839621925459 1840994.8
617.29381382322 1401160.0
617.3039045163453 1540723.5
617.3142342719211 1301001.4
617.3248030899481 1075186.1
617.3356109704258 949642.56
617.3466579133545 1031478.9
617.357943918734 1023341.75
617.3694689865644 1032776.6
617.3812331168458 496232.97
617.3932363095779 862254.06
617.4054785647611 1066651.5
617.417959882395 763792.44
617.43068026248 760606.94
617.4436397050157 785815.9
617.4568382100024 848000.0
617.47027577744 966883.0
617.4839524073284 1032464.5
617.4978680996677 1829848.0
617.512022854458 3098789.0
617.526416671699 3914737.5
617.5410495513911 5541714.0
617.555921493534 6622619.5
617.5710324981277 7914301.0
617.5863825651725 8291537.5
617.601971694668 7783075.5
617.6177998866144 6668985.5
617.6338671410118 5320094.5
617.6501734578601 4369591.0
617.6667188371591 3284304.0
617.6835032789093 2652954.8
617.70052678311 3162607.2
617.7177893497619 3860214.0
617.7352909788646 4765693.5
617.7530316704182 4916281.0
617.7710114244226 4765313.0
617.7892302408779 4612036.0
617.8076881197842 4422575.0
617.8263850611413 4249645.0
617.8453210649494 4765325.5
617.8644961312083 5836537.5
617.8839102599181 6552052.0
617.9035634510788 8558180.0
617.9234557046905 10897822.0
617.9435870207528 12141826.0
617.9639573992663 14575826.0
617.9845668402305 15972460.0
618.0054153436457 14596686.0
618.0265029095117 12639592.0
618.0478295378288 10365895.0
618.0693952285965 7978289.0
618.0911999818152 5733192.0
618.1132437974848 3974156.2
618.1355266756052 3098745.2
618.1580486161766 2446923.5
618.180809619199 2490456.0
618.2038096846721 1969065.2
618.2270488125961 1639394.8
618.2505270029711 934342.0
618.2742442557969 991911.25
618.2982005710737 1224762.1
618.3223959488013 1398204.2
618.3468303889798 1440302.8
618.3715038916091 1257654.9
618.3964164566895 1511255.0
618.4215680842207 1601926.8
618.4469587742026 1568664.0
618.4725885266356 1347467.6
618.4984573415195 1251769.4
618.5245652188543 1253996.2
618.5509121586398 1381964.9
618.5774981608764 1545772.6
618.6043232255638 1406702.5
618.6313873527021 1436294.4
618.6586905422912 1548299.0
618.6862327943314 1852645.0
618.7140141088223 2462530.5
618.7420344857642 2636178.5
618.7702939251569 3041633.8
618.7987924270005 4255596.5
618.827529991295 5956382.5
618.8565066180404 7756955.0
618.8857223072368 9144692.0
618.915177058884 10346582.0
618.944870872982 11771135.0
618.974803749531 11235588.0
619.004975688531 10105953.0
619.0353866899817 7367836.0
619.0660367538834 5975836.0
619.0969258802359 4388880.5
619.1280540690393 3156455.2
619.1594213202936 2376567.2
619.1910276339989 2241193.0
619.2228730101549 2444511.5
619.2549574487618 2360287.8
619.2872809498198 1475290.0
619.3198435133286 1366748.2
619.3526451392883 1305252.5
619.3856858276988 1532189.8
619.4189655785602 1390808.5
619.4524843918725 835159.6
619.4862422676358 912099.9
619.5202392058499 1040919.94
619.5544752065149 1086819.2
619.5889502696308 1067318.2
619.6236643951976 1303375.2
619.6586175832152 1179678.2
619.6938098336839 1045652.56
619.7292411466033 1686369.9
619.7649115219735 2377624.0
619.8008209597948 2764983.5
619.8369694600669 3647017.2
619.8733570227901 4112008.0
619.9099836479638 4748272.0
619.9468493355887 5699802.5
619.9839540856643 6905423.0
620.0212978981909 7611159.5
620.0588807731684 8246150.0
620.0967027105968 7404875.0
620.134763710476 6536674.5
620.1730637728062 4677442.0
620.2116028975872 2982987.8
620.2503810848191 2147932.0
620.2893983345019 1743840.2
620.3286546466355 1797691.5
620.3681500212202 1750212.2
620.4078844582556 1744795.2
620.447857957742 1794994.4
620.4880705196792 1125908.2
620.5285221440674 1134277.2
620.5692128309064 1060382.6
620.6101425801965 901140.1
620.6513113919372 937446.75
620.692719266129 1041479.4
620.7343662027715 968799.06
620.7762522018651 981607.6
620.8183772634094 958107.56
620.8607413874046 1178687.2
620.9033445738509 941044.44
620.9461868227478 1104524.4
620.9892681340958 964556.3
621.0325885078946 1015726.4
621.0761479441444 1127333.2
621.1199464428449 1168978.6
621.1639840039965 1315440.0
621.2082606275989 1013893.2
621.2527763136521 881751.1
621.2975310621563 870178.8
621.3425248731114 995607.1
621.3877577465173 1064902.8
621.4332296823742 1244415.8
621.478940680682 1540535.6
621.5248907414405 1254549.9
621.5710798646501 988096.6
621.6175080503104 1087698.6
621.6641752984218 1372867.6
621.7110816089839 1550098.8
621.758226981997 1206156.8
621.8056114174609 1065913.1
621.8532349153759 1048789.2
621.9010974757415 1198546.1
621.9491990985582 1259930.2
621.9975397838257 1186093.5
622.0461195315442 922129.94
622.0949383417135 1056036.1
622.1439962143336 1439488.2
622.1932931494047 1517977.5
622.2428291469266 1755267.5
622.2926042068996 1450040.8
622.3426183293233 1755980.8
622.392871514198 1773232.2
622.4433637615234 1677049.9
622.4940950713 1563874.4
622.5450654435272 1491761.0
622.5962748782055 1450425.2
622.6477233753345 1543455.6
622.6994109349146 1113702.8
622.7513375569454 1386832.2
622.8035032414273 1693760.8
622.8559079883598 1843496.9
622.9085517977434 2213442.2
622.9614346695778 2434872.2
623.0145566038631 2298303.0
623.0679176005993 2672604.8
623.1215176597865 3475163.8
623.1753567814245 3691100.5
623.2294349655133 4269971.5
623.2837522120532 4327884.5
623.3383085210438 4315874.5
623.3931038924854 4277218.0
623.4481383263778 4011910.0
623.5034118227212 4233754.5
623.5589243815153 4360291.0
623.6146760027606 4307317.0
623.6706666864566 4924424.0
623.7268964326033 6249467.0
623.7833652412012 6576259.5
623.8400731122499 6232113.0
623.8970200457495 6313107.5
623.9542060416999 5282720.0
624.0116311001013 4110100.0
624.0692952209534 3801513.5
624.1271984042567 3087647.0
624.1853406500106 2588055.0
624.2437219582156 2453025.5
624.3023423288714 2145143.2
624.3612017619781 2398227.8
624.4203002575357 2119045.5
624.4796378155443 1537383.9
624.5392144360035 1561899.4
624.5990301189137 1479899.4
624.659084864275 1270172.8
624.7193786720869 1310851.4
624.7799115423499 1191401.6
624.8406834750637 1123403.5
624.9016944702284 827030.6
624.962944527844 828106.0
625.0244336479105 1265640.1
625.0861618304278 1428954.5
625.1481290753961 1523442.4
625.2103353828153 1643861.4
625.2727807526853 1600149.8
625.3354651850062 1407772.6
625.398388679778 1747296.2
625.4615512370008 1886363.5
625.5249528566744 1930284.4
625.5885935387989 1825177.4
625.6524732833743 2216077.2
625.7165920904006 3103960.5
625.7809499598777 4009733.5
625.8455468918058 4014864.5
625.9103828861847 4058858.0
625.9754579430146 3877282.0
626.0407720622953 4373745.0
626.106325244027 4022962.0
626.1721174882094 3173002.0
626.2381487948429 2677514.5
626.3044191639272 2027337.5
626.3709285954623 2151073.8
626.4376770894484 2184737.0
626.5046646458853 1979674.5
626.5718912647732 1890851.5
626.6393569461119 1716014.2
626.7070616899016 1669137.6
626.7750054961421 1483902.0
626.8431883648335 1597098.5
626.9116102959758 1352644.8
626.980271289569 1308355.5
627.0491713456131 1161045.1
627.1183104641082 1442879.4
627.1876886450539 1691323.9
627.2573058884507 2019969.4
627.3271621942984 1739768.2
627.3972575625968 1700375.0
627.4675919933463 1551960.1
627.5381654865465 1889678.2
627.6089780421978 2520923.0
627.6800296602999 2800214.0
627.7513203408529 3034869.5
627.8228500838567 2771724.5
627.8946188893116 2448391.0
627.9666267572171 2746047.0
628.0388736875738 2931972.0
628.1113596803812 2806671.0
628.1840847356395 2201987.8
628.2570488533487 2067678.9
628.3302520335087 1887436.9
628.4036942761198 1908357.6
628.4773755811816 2226782.2
628.5512959486945 2681714.0
628.6254553786581 3308315.5
628.6998538710727 3364305.2
628.7744914259381 3158530.2
628.8493680432545 2991903.0
628.9244837230217 3096378.0
628.9998384652398 3273242.0
629.0754322699088 2748386.2
629.1512651370288 2660043.0
629.2273370665995 3290222.0
629.3036480586212 3297032.0
629.3801981130938 3178344.8
629.4569872300171 3261798.0
629.5340154093916 4208748.0
629.6112826512167 4038082.2
629.6887889554929 3041678.8
629.7665343222199 2501286.5
629.8445187513979 2132267.5
629.9227422430266 2137528.0
630.0012047971064 1756203.0
630.0799064136369 1821559.4
630.1588470926184 1551733.8
630.2380268340507 1622617.2
630.317445637934 1833081.1
630.3971035042681 2036822.4
630.4770004330533 2314079.8
630.5571364242891 2373848.5
630.6375114779759 2632517.5
630.7181255941136 2363916.5
630.7989787727022 2161796.0
630.8800710137417 2373158.8
630.961402317232 2322438.8
631.0429726831734 2560456.8
631.1247821115654 2281386.0
631.2068306024086 1787392.4
631.2891181557025 1737465.2
631.3716447714473 1895900.1
631.454410449643 1633535.5
631.5374151902896 1599676.9
631.6206589933871 1244539.8
631.7041418589355 1112598.0
631.7878637869347 1205665.9
631.8718247773849 1766318.6
631.956024830286 2058999.9
632.0404639456378 1912268.1
632.1251421234408 1790871.4
632.2100593636944 2059738.9
632.2952156663991 1973156.5
632.3806110315546 2142971.2
632.4662454591611 2517455.5
632.5521189492183 2592324.5
632.6382315017265 2100463.0
632.7245831166855 1984154.5
632.8111737940956 2025111.2
632.8980035339563 1848096.0
632.985072336268 1658540.5
633.0723802010307 1751548.0
633.1599271282441 1892508.1
633.2477131179087 2041706.1
633.3357381700239 2339450.2
633.4240022845902 2286071.2
633.5125054616071 2938463.8
633.6012477010752 2982369.0
633.690229002994 2633775.0
633.7794493673638 2718138.0
633.8689087941844 2858811.5
633.958607283456 2751121.2
634.0485448351784 2104041.5
634.1387214493517 1656455.5
634.2291371259759 1910595.0
634.3197918650509 2412188.5
634.4106856665769 2477693.0
634.5018185305538 2289778.8
634.5931904569816 1945713.6
634.6848014458602 1785161.2
634.7766514971898 1547099.0
634.8687406109701 1413671.5
634.9610687872016 1197531.5
635.0536360258837 1190584.6
635.1464423270169 986991.5
635.2394876906009 1217585.2
635.3327721166357 923070.94
635.4262956051215 1104108.6
635.5200581560582 1053783.9
635.6140597694457 1142765.1
635.7083004452841 1133929.1
635.8027801835735 1251023.2
635.8974989843136 975278.1
635.9924568475049 1125072.0
636.0876537731468 1064922.0
636.1830897612398 1033126.4
636.2787648117835 1302105.2
636.3746789247782 1690457.0
636.4708321002237 1915935.5
636.5672243381202 2040630.6
636.6638556384676 1679923.5
636.7607260012659 1572024.9
636.857835426515 1583727.4
636.9551839142149 1904072.5
637.0527714643658 1857224.5
637.1505980769675 2214217.0
637.2486637520203 2382227.2
637.3469684895239 2295672.2
637.4455122894784 2181132.2
637.5442951518837 1984432.4
637.64331707674 1865668.9
637.742578064047 1878175.5
637.8420781138052 1920355.6
637.941817226014 2107936.0
638.0417954006739 1675932.2
638.1420126377845 1490952.4
638.2424689373462 1594491.5
638.3431642993586 1505514.4
638.444098723822 1315242.4
638.5452722107362 1240559.5
638.6466847601014 1067129.6
638.7483363719175 1312774.5
638.8502270461844 1315118.8
638.9523567829023 1669793.1
639.0547255820709 1345131.1
639.1573334436905 1409522.2
639.260180367761 1858833.5
639.3632663542825 1416419.8
639.4665914032546 1322501.1
639.5701555146778 1618507.4
639.6739586885519 2043508.0
639.7780009248769 1653428.0
639.8822822236526 2575186.8
639.9868025848793 2843429.5
640.091562008557 2593838.5
640.1965604946854 2195527.0
640.3017980432649 2329428.0
640.4072746542952 3106034.5
640.5129903277764 3235044.5
640.6189450637083 2776732.0
640.7251388620914 2364669.5
640.8315717229252 2106394.0
640.93824364621 1858284.4
641.0451546319456 1640358.6
641.1523046801321 1357439.9
641.2596937907695 1278978.6
641.3673219638578 1035977.0
641.4751891993969 1383374.8
641.583295497387 1410734.8
641.691640857828 1441671.1
641.8002252807198 1616849.4
641.9090487660626 1596697.4
642.0181113138563 1863106.2
642.1274129241008 1984735.2
642.2369535967962 1810920.2
642.3467333319426 1708251.2
642.4567521295397 1855165.0
642.5670099895879 1988244.4
642.6775069120868 1665329.8
642.7882428970366 1701309.5
642.8992179444374 1498289.8
643.010432054289 1412848.9
643.1218852265915 1220171.4
643.2335774613449 1082507.4
643.3455087585494 1280015.4
643.4576791182045 1515691.0
643.5700885403106 1573758.5
643.6827370248676 1331685.8
643.7956245718756 1219382.8
643.9087511813342 1291254.2
644.0221168532439 1171810.0
644.1357215876045 1398000.6
644.249565384416 1478940.1
644.3636482436782 1451854.0
644.4779701653915 1578800.0
644.5925311495556 1756455.1
644.7073311961706 1809040.1
644.8223703052365 1802986.1
644.9376484767532 1868472.2
645.0531657107209 2093484.9
645.1689220071395 1742888.5
645.2849173660089 1811903.2
645.4011517873292 2154381.5
645.5176252711005 2277577.8
645.6343378173226 2103752.2
645.7512894259957 2006678.9
645.8684800971196 1647044.0
645.9859098306944 1619871.0
646.10357862672 1781999.9
646.2214864851966 1588675.8
646.3396334061241 1355667.8
646.4580193895024 1389446.5
646.5766444353317 1370376.4
646.6955085436118 1677664.5
646.8146117143428 1339599.9
646.9339539475247 1008197.8
647.0535352431576 1110394.2
647.1733556012413 1329011.2
647.2934150217759 1271220.4
647.4137135047613 1417829.8
647.5342510501977 1535609.4
647.6550276580849 948144.75
647.7760433284232 1375176.2
647.8972980612122 1848123.5
648.018791856452 1693568.0
648.1405247141429 1622412.0
648.2624966342845 1836880.0
648.3847076168772 1804069.5
648.5071576619206 1568427.4
648.629846769415 1480416.5
648.7527749393603 1784188.1
648.8759421717565 1830876.8
648.9993484666035 1369558.0
649.1229938239015 1408853.5
649.2468782436503 1639404.5
649.3710017258501 1882178.1
649.4953642705007 1990088.9
649.6199658776021 1930425.6
649.7448065471544 1591073.1
649.8698862791578 1314236.8
649.9952050736119 1338249.0
650.120762930517 1291603.2
650.2465598498729 1514636.9
650.3725958316797 1506106.5
650.4988708759375 1358741.1
650.6253849826461 1371481.2
650.7521381518056 1374714.5
650.879130383416 1169495.2
651.0063616774773 1182317.6
651.1338320339895 1298731.6
651.2615414529527 1165787.8
651.3894899343666 1029569.25
651.5176774782313 1178568.9
651.6461040845472 1113931.4
651.7747697533138 1342307.2
651.9036744845314 1380187.2
652.0328182781997 1137393.9
652.162201134319 1276491.1
652.2918230528892 1701400.2
652.4216840339103 1733086.5
652.5517840773823 1908978.5
652.6821231833052 1578081.2
652.8127013516789 1321040.2
652.9435185825037 1371835.1
653.074574875779 1374984.9
653.2058702315056 1577021.4
653.3374046496829 1312385.6
653.469178130311 1407715.5
653.6011906733902 1374726.4
653.73344227892 1252407.4
653.865932946901 1350057.2
653.9986626773327 1212418.0
654.1316314702154 1443787.0
654.2648393255489 1684584.5
654.3982862433335 1560378.9
654.5319722235687 1328286.2
654.665897266255 1305895.9
654.8000613713921 1236183.5
654.9344645389801 1096340.6
655.069106769019 1251716.1
655.2039880615088 1225896.1
655.3391084164494 1247329.4
655.4744678338409 1447192.5
655.6100663136834 1562198.9
655.7459038559767 1530982.0
655.881980460721 1535322.6
656.0182961279161 1538529.9
656.1548508575621 1612308.0
656.291644649659 1570274.5
656.4286775042068 1551466.0
656.5659494212055 1390680.0
656.7034604006551 1658375.2
656.8412104425555 1635258.8
656.9791995469069 1620586.1
657.117427713709 1791411.4
657.2558949429622 2069748.9
657.3946012346663 1736541.1
657.5335465888211 1835874.8
657.672731005427 1797979.9
657.8121544844836 1386487.6
657.9518170259913 1248180.4
658.0917186299497 892870.3
658.2318592963591 1257590.1
658.3722390252193 1272983.4
658.5128578165305 1354494.2
658.6537156702925 1261077.5
658.7948125865055 1262453.5
658.9361485651692 1266455.8
659.077723606284 1281574.1
659.2195377098495 1514542.0
659.361590875866 1431993.8
659.5038831043335 1439983.6
659.6464143952517 1867287.5
659.7891847486209 1752167.0
659.9321941644408 1530423.9
660.0754426427119 977931.94
660.2189301834336 1359703.0
660.3626567866064 1233783.6
660.50662245223 1335771.5
660.6508271803045 1573968.5
660.7952709708298 1202505.8
660.9399538238061 1005653.75
661.0848757392333 1070521.9
661.2300367171114 1131944.9
661.3754367574403 1281350.2
661.5210758602201 1388755.6
661.6669540254509 1479877.5
661.8130712531324 1625013.9
661.9594275432651 1647268.6
662.1060228958484 1453916.8
662.2528573108827 1403924.4
662.3999307883678 1098468.6
662.5472433283039 1122943.1
662.6947949306908 1035249.44
662.8425855955288 1100677.4
662.9906153228175 1227367.0
663.1388841125572 1368118.5
663.2873919647476 1560731.9
663.436138879389 1209091.5
663.5851248564813 1317902.5
663.7343498960245 1328621.5
663.8838139980186 1310159.0
664.0335171624636 1540591.9
664.1834593893594 1556988.9
664.3336406787062 1381213.1
664.4840610305039 1438616.9
664.6347204447524 1304613.6
664.7856189214518 1511704.4
664.936756460602 1675220.5
665.0881330622034 1382190.1
665.2397487262554 1494506.5
665.3916034527584 1405567.6
665.5436972417123 1199668.9
665.6960300931171 1019240.75
665.8486020069727 1110103.5
666.0014129832791 1453923.2
666.1544630220367 1206401.4
666.3077521232449 1083033.6
666.4612802869042 1284230.6
666.6150475130142 1163440.4
666.7690538015753 1191806.2
666.9232991525871 1385866.1
667.07778356605 1894798.2
667.2325070419636 2034906.9
667.3874695803282 1792334.9
667.5426711811436 1985907.2
667.69811184441 1710778.1
667.8537915701272 1916184.9
668.0097103582953 1955279.5
668.1658682089143 2062600.5
668.3222651219842 2034156.2
668.4789010975051 2291751.0
668.6357761354766 2407604.5
668.7928902358992 2139523.8
668.9502433987727 1981462.8
669.1078356240971 1720131.4
669.2656669118722 1414181.9
669.4237372620985 1406143.1
669.5820466747754 1560964.0
669.7405951499034 1532294.2
669.8993826874821 1370429.9
670.0584092875117 1502380.0
670.2176749499924 1523196.1
670.3771796749238 1249439.9
670.5369234623063 1452745.0
670.6969063121394 1611819.8
670.8571282244236 1283638.9
671.0175891991586 1242243.5
671.1782892363447 1200923.0
671.3392283359814 1250069.8
671.5004064980691 1273347.2
671.6618237226077 1306707.0
671.8234800095972 1292370.1
671.9853753590376 1140129.2
672.1475097709289 1117615.6
672.309883245271 1567080.0
672.472495782064 1690473.6
672.635347381308 1451313.9
672.7984380430028 1177139.5
672.9617677671484 1183899.8
673.125336553745 1072970.8
673.2891444027925 1440363.8
673.453191314291 1596687.4
673.6174772882403 1316716.8
673.7820023246404 1459936.5
673.9467664234915 1707558.5
674.1117695847934 1725904.0
674.2770118085463 1134135.5
674.4424930947499 1170034.6
674.6082134434046 1531318.0
674.7741728545101 1486723.2
674.9403713280664 1367112.6
675.1068088640737 1557929.2
675.2734854625319 1735464.8
675.440401123441 1579735.2
675.6075558468009 1727946.8
675.7749496326118 1740398.0
675.9425824808735 1931172.0
676.1104543915861 2101966.0
676.2785653647496 2382143.8
676.4469154003641 2574116.2
676.6155044984293 2158562.0
676.7843326589456 2169983.5
676.9533998819127 2062288.2
677.1227061673306 1989079.8
677.2922515151995 1792282.0
677.4620359255191 1616622.4
677.6320593982898 1966634.5
677.8023219335114 1920334.5
677.9728235311838 1451977.6
678.1435641913071 1304361.5
678.3145439138814 1304395.1
678.4857626989063 1580096.8
678.6572205463824 1326350.8
678.8289174563092 1213967.4
679.000853428687 1370833.6
679.1730284635156 1828519.0
679.3454425607953 1607552.8
679.5180957205256 1543739.0
679.690987942707 1636275.2
679.8641192273392 1389989.8
680.0374895744222 1464909.0
680.2110989839563 1571274.2
680.3849474559411 1703856.4
680.559034990377 1519476.4
680.7333615872635 1616343.8
680.9079272466012 1710249.0
681.0827319683896 1594430.8
681.257775752629 1512125.0
681.4330585993191 1500714.0
681.6085805084602 1659815.0
681.7843414800523 1411819.4
681.9603415140951 1645867.2
682.1365806105889 1536081.2
682.3130587695335 1344485.0
682.4897759909292 1707120.1
682.6667322747755 1266489.0
682.8439276210729 1216931.8
683.0213620298211 1391058.5
683.1990355010204 1280726.6
683.3769480346702 1299569.2
683.5550996307712 1404265.0
683.7334902893231 1305308.0
683.9121200103258 1287539.8
684.0909887937793 1080456.4
684.2700966396839 1226627.9
684.4494435480391 1447486.2
684.6290295188454 1774650.6
684.8088545521025 1540077.6
684.9889186478105 1316160.0
685.1692218059694 1439705.1
685.3497640265792 1542587.8
685.5305453096399 1478897.0
685.7115656551515 1493231.0
685.8928250631141 1842779.2
686.0743235335274 1674709.5
686.2560610663917 1843682.8
686.4380376617067 1749517.0
686.6202533194729 1797961.1
686.8027080396897 1760857.0
686.9854018223576 1687402.6
687.1683346674763 1645877.6
687.351506575046 1639403.2
687.5349175450664 1711405.5
687.7185675775377 1444981.1
687.9024566724601 1704553.0
688.0865848298331 1436768.8
688.2709520496572 1526902.0
688.4555583319321 1951718.1
688.640403676658 1861956.5
688.8254880838347 1683186.5
689.0108115534624 1720867.6
689.1963740855408 1914986.0
689.3821756800703 1494250.8
689.5682163370506 1485864.4
689.7544960564818 1284889.6
689.9410148383638 1502751.0
690.1277726826967 1421441.2
690.3147695894805 1691953.1
690.5020055587153 1452389.5
690.689480590401 1664427.4
690.8771946845374 1637948.8
691.0651478411248 1632687.5
691.253340060163 1550054.8
691.4417713416524 1483386.1
691.6304416855924 1698824.2
691.8193510919834 1573724.9
692.0084995608252 1653569.9
692.197887092118 1782733.6
692.3875136858616 1674145.1
692.5773793420561 1675621.5
692.7674840607016 1949706.0
692.9578278417978 1683493.1
693.1484106853451 1589285.1
693.339232591343 1931114.8
693.5302935597921 1716181.5
693.7215935906919 1761071.2
693.9131326840427 1851881.8
694.1049108398444 1998576.5
694.2969280580969 1853816.0
694.4891843388003 1932875.2
694.6816796819547 2090591.0
694.8744140875599 1848663.5
695.067387555616 1998505.8
695.260600086123 1916229.2
695.4540516790809 2212474.0
695.6477423344896 2378247.2
695.8416720523492 2022108.0
696.0358408326598 1884142.2
696.2302486754212 2226214.0
696.4248955806336 2086813.1
696.6197815482967 2005851.5
696.814906578411 2274928.8
697.0102706709758 2511500.5
697.2058738259918 2213318.5
697.4017160434586 2171293.2
697.5977973233763 2172277.0
697.7941176657448 2489906.2
697.9906770705643 2178037.5
698.1874755378346 2424811.2
698.3845130675558 2722329.8
698.581789659728 2675487.2
698.779305314351 2629505.0
698.9770600314249 2729885.2
699.1750538109496 2641240.5
699.3732866529253 2689600.2
699.5717585573519 2656110.5
699.7704695242294 2735741.5
699.9694195535577 3050131.0
700.168608645337 2921817.2
700.3680367995671 2813321.5
700.5677040162482 2874766.5
700.7676102953801 2522471.0
700.9677556369629 2870056.0
701.1681400409966 3282335.5
701.368763507481 3161706.0
701.5696260364166 2750714.8
701.7707276278029 3195459.8
701.9720682816403 3368929.8
702.1736479979284 3187498.0
702.3754667766674 3009135.2
702.5775246178573 3256011.2
702.7798215214982 3433841.0
702.9823574875899 3166959.8
703.1851325161325 2886959.5
703.3881466071259 3026296.0
703.5913997605704 2972331.0
703.7948919764656 3117440.5
703.9986232548118 3329205.2
704.2025935956088 2996822.5
704.4068029988567 3171652.2
704.6112514645556 3735332.5
704.8159389927052 3549747.2
705.020865583306 3059651.5
705.2260312363574 2744466.2
705.4314359518598 2741559.5
705.6370797298131 2922492.5
705.8429625702173 3007137.8
706.0490844730723 3143557.0
706.2554454383783 3092836.0
706.4620454661351 3528250.2
706.6688845563428 3654079.8
706.8759627090014 3556015.2
707.0832799241109 4069094.5
707.2908362016714 4065795.5
707.4986315416826 3817741.0
707.7066659441448 3821308.5
707.9149394090579 4058764.5
708.1234519364218 4145816.2
708.3322035262366 4687968.0
708.5411941785025 4994508.5
708.750423893219 4950876.0
708.9598926703866 4983166.0
709.169600510005 5218563.5
709.3795474120743 4428163.5
709.5897333765945 4059215.2
709.8001584035657 4467523.0
710.0108224929876 4322710.0
710.2217256448604 4155525.5
710.4328678591842 4356425.0
710.6442491359588 5033840.0
710.8558694751844 5486229.5
711.0677288768608 6165914.5
711.2798273409882 6447932.0
711.4921648675663 6768956.0
711.7047414565955 7580620.5
711.9175571080754 8756431.0
712.1306118220064 10508499.0
712.343905598388 10857260.0
712.5574384372208 11576188.0
712.7712103385043 11328981.0
712.9852213022388 11591739.0
713.199471328424 10795338.0
713.4139604170601 10370908.0
713.6286885681474 9613366.0
713.8436557816852 9293513.0
714.0588620576742 10037759.0
714.274307396114 10183818.0
714.4899917970047 9512682.0
714.7059152603462 9493518.0
714.9220777861387 9997144.0
715.138479374382 10354557.0
715.3551200250763 11236716.0
715.5719997382214 10986879.0
715.7891185138174 11475696.0
716.0064763518642 12350859.0
716.224073252362 13517476.0
716.4419092153107 13477768.0
716.6599842407103 11849670.0
716.8782983285607 11489035.0
717.096851478862 11005546.0
717.3156436916144 10984292.0
717.5346749668174 11050489.0
717.7539453044715 10030541.0
717.9734547045764 9001008.0
718.1932031671322 8023457.0
718.4131906921389 7455358.0
718.6334172795965 6640923.0
718.853882929505 5406015.0
719.0745876418644 4578190.5
719.2955314166745 4507653.0
719.5167142539357 4593652.0
719.7381361536477 4115730.0
719.9597971158106 3562687.2
720.1816971404245 3602188.8
720.4038362274891 3954992.2
720.6262143770048 4762264.5
720.8488315889713 4818698.5
721.0716878633887 4969875.0
721.2947832002569 6044570.5
721.518117599576 6699367.0
721.741691061346 7545110.0
721.965503585567 8471659.0
722.1895551722389 9239276.0
722.4138458213616 11222650.0
722.6383755329352 12613298.0
722.8631443069596 13233656.0
723.0881521434351 13709156.0
723.3133990423613 14696178.0
723.5388850037385 14537842.0
723.7646100275665 15219258.0
723.9905741138455 15224594.0
724.2167772625753 14177330.0
724.4432194737561 14047571.0
724.6699007473876 13987822.0
724.8968210834703 13458159.0
725.1239804820036 13909241.0
725.3513789429879 14231721.0
725.579016466423 14375511.0
725.8068930523091 14855779.0
726.0350087006461 15631034.0
726.2633634114338 16181886.0
726.4919571846726 17149856.0
726.7207900203623 17963072.0
726.9498619185028 18736284.0
727.1791728790942 21212272.0
727.4087229021366 24706248.0
727.6385119876297 31291342.0
727.8685401355738 40534612.0
728.0988073459687 53045650.0
728.3293136188147 70124050.0
728.5600589541114 89958560.0
728.7910433518591 112180600.0
729.0222668120575 130308640.0
729.2537293347069 141998500.0
729.4854309198073 143853820.0
729.7173715673584 132671690.0
729.9495512773606 107457320.0
730.1819700498136 78465256.0
730.4146278847174 53500304.0
730.6475247820722 36338876.0
730.8806607418778 25484000.0
731.1140357641343 19182930.0
731.3476498488419 15811770.0
731.5815029960002 13916179.0
731.8155952056094 11547400.0
732.0499264776695 9948761.0
732.2844968121806 8051074.5
732.5193062091423 6894330.5
732.754354668555 6251682.0
732.9896421904187 5495127.5
733.2251687747333 5224348.0
733.4609344214988 5036608.5
733.6969391307151 5344062.5
733.9331829023823 5751422.0
734.1696657365004 6245025.5
734.4063876330695 7130576.0
734.6433485920893 7235780.5
734.8805486135602 7312009.0
735.1179876974818 7481480.5
735.3556658438545 7828722.0
735.5935830526778 8733627.0
735.8317393239522 9232939.0
736.0701346576775 9353632.0
736.3087690538534 8459810.0
736.5476425124806 7726039.0
736.7867550335584 7295860.5
737.0261066170873 6821017.5
737.265697263067 7208670.5
737.5055269714976 8186509.0
737.745595742379 9858348.0
737.9859035757114 12228750.0
738.2264504714947 15325010.0
738.4672364297288 21164278.0
738.7082614504138 27606322.0
738.9495255335498 36347816.0
739.1910286791365 49294764.0
739.4327708871742 64657450.0
739.6747521576629 82998520.0
739.9169724906022 101091840.0
740.1594318859927 116295310.0
740.4021303438338 122118230.0
740.6450678641261 120501160.0
740.8882444468691 107623860.0
741.131660092063 85639390.0
741.3753147997079 61666196.0
741.6192085698036 41177324.0
741.8633414023502 27856504.0
742.1077132973477 18983172.0
742.352324254796 14623461.0
742.5971742746954 11718084.0
742.8422633570456 9324454.0
743.0875915018465 7806494.5
743.3331587090985 6704128.0
743.5789649788013 5051743.5
743.8250103109551 4464117.0
744.0712947055597 4102081.0
744.3178181626151 3793716.0
744.5645806821216 3687105.5
744.8115822640789 3056934.8
745.058822908487 2576392.8
745.3063026153461 2639446.2
745.554021384656 2670347.8
745.801979216417 3557627.5
746.0501761106286 3838994.0
746.2986120672912 4105742.2
746.5472870864048 4825264.0
746.7962011679691 4735218.0
747.0453543119845 4481816.5
747.2947465184507 4797009.0
747.5443777873677 4783201.0
747.7942481187357 4003847.2
748.0443575125546 3497129.5
748.2947059688242 2989355.2
748.545293487545 2411414.8
748.7961200687164 2132196.5
749.0471857123389 2080555.1
749.2984904184123 1987667.6
749.5500341869365 1850608.6
749.8018170179115 2070482.2
750.0538389113375 2247486.0
750.3060998672144 2421668.0
750.558599885542 2585358.2
750.8113389663208 2548212.2
751.0643171095503 2267992.0
751.3175343152308 2051978.2
751.570990583362 2402834.0
751.8246859139442 2164788.0
752.0786203069773 2483973.5
752.3327937624614 2696719.8
752.5872062803962 2506387.5
752.841857860782 2418344.5
753.0967485036186 2464047.0
753.3518782089062 2416031.2
753.6072469766447 2441861.8
753.8628548068339 2844148.0
754.1187016994742 2983808.8
754.3747876545652 2903644.0
754.6311126721073 2681030.0
754.8876767521001 2715870.0
755.144479894544 2987325.2
755.4015220994386 3133261.0
755.6588033667842 3019503.0
755.9163236965807 2935637.8
756.1740830888281 2974872.2
756.4320815435262 3059108.5
756.6903190606754 3615957.5
756.9487956402754 3728219.0
757.2075112823263 3393410.0
757.4664659868281 3428707.5
757.7256597537807 3243187.0
757.9850925831844 3200957.0
758.2447644750388 3290261.0
758.5046754293442 4121543.8
758.7648254461004 4422685.5
759.0252145253075 4336550.5
759.2858426669656 4491540.5
759.5467098710745 4910458.0
759.8078161376343 4884424.5
760.069161466645 5424469.0
760.3307458581066 5728885.0
760.5925693120191 6044072.5
760.8546318283825 5883080.0
761.1169334071967 6096468.0
761.3794740484618 5496659.5
761.6422537521778 5300454.5
761.9052725183449 5366207.5
762.1685303469626 5100589.5
762.4320272380314 5171861.0
762.6957631915509 4800012.0
762.9597382075215 4569339.5
763.2239522859428 4323726.0
763.4884054268151 4350786.5
763.7530976301382 4167189.8
764.0180288959123 4356302.5
764.2831992241372 3919392.2
764.5486086148131 3954189.8
764.8142570679397 4190498.0
765.0801445835173 4629067.5
765.3462711615459 5194970.0
765.6126368020252 6074311.0
765.8792415049556 6491335.0
766.1460852703367 6829108.0
766.4131680981689 7391267.0
766.6804899884517 7813497.0
766.9480509411856 8136759.5
767.2158509563703 8147709.5
767.483890034006 7127242.0
767.7521681740925 6435679.0
768.0206853766299 5809094.5
768.2894416416182 5448290.0
768.5584369690574 5256134.5
768.8276713589474 5506352.5
769.0971448112883 5642250.0
769.3668573260802 5641355.5
769.636808903323 6086833.0
769.9069995430166 6300436.0
770.1774292451611 6033395.0
770.4480980097566 6396350.5
770.7190058368028 7073243.0
770.9901527263 7714829.0
771.2615386782481 8066420.5
771.5331636926471 8277160.0
771.805027769497 9226774.0
772.0771309087978 9951589.0
772.3494731105494 12452752.0
772.622054374752 15017590.0
772.8948747014053 16938262.0
773.1679340905096 19375100.0
773.4412325420649 24012252.0
773.714770056071 27041960.0
773.9885466325279 28285170.0
774.2625622714359 27520652.0
774.5368169727947 27029200.0
774.8113107366042 24456340.0
775.0860435628648 20910682.0
775.3610154515762 16988668.0
775.6362264027387 12972219.0
775.9116764163518 9658779.0
776.1873654924159 7869557.5
776.4632936309309 7790372.0
776.7394608318967 7504199.0
777.0158670953135 6833505.0
777.2925124211812 6895930.5
777.5693968094998 6697370.5
777.8465202602692 7107227.5
778.1238827734896 7419596.0
778.4014843491608 8192349.0
778.6793249872829 9071504.0
778.957404687856 10046824.0
779.23572345088 11005084.0
779.5142812763546 12983080.0
779.7930781642804 15083052.0
780.0721141146569 16500262.0
780.3513891274845 17826752.0
780.6309032027627 19954582.0
780.9106563404919 21778648.0
781.1906485406721 22490504.0
781.4708798033031 22841638.0
781.7513501283851 21942144.0
782.0320595159178 20179828.0
782.3130079659015 18734764.0
782.5941954783361 18584296.0
782.8756220532216 18902048.0
783.157287690558 18708186.0
783.4391923903453 17531498.0
783.7213361525834 16385566.0
784.0037189772725 15234685.0
784.2863408644123 13821510.0
784.5692018140032 12274085.0
784.8523018260448 12949771.0
785.1356409005374 13585855.0
785.419219037481 15186054.0
785.7030362368753 15928252.0
785.9870924987206 16394355.0
786.2713878230167 16050011.0
786.5559222097638 16267145.0
786.8406956589616 16019140.0
787.1257081706106 15203908.0
787.4109597447102 14986336.0
787.6964503812609 14940164.0
787.9821800802623 15272730.0
788.2681488417147 14713330.0
788.554356665618 15351649.0
788.8408035519722 15764892.0
789.1274895007773 16362639.0
789.4144145120331 17185988.0
789.70157858574 17698328.0
789.9889817218977 17948902.0
790.2766239205064 18923766.0
790.5645051815659 20309868.0
790.8526255050763 21298060.0
791.1409848910375 23434216.0
791.4295833394498 25938308.0
791.7184208503128 28083780.0
792.0074974236268 29116980.0
792.2968130593916 30269130.0
792.5863677576074 33130262.0
792.876161518274 36996390.0
793.1661943413915 39973740.0
793.45646622696 38361024.0
793.7469771749792 36304690.0
794.0377271854495 35999836.0
794.3287162583705 35977304.0
794.6199443937426 35678324.0
794.9114115915653 36024490.0
795.2031178518391 37211736.0
795.4950631745637 37661012.0
795.7872475597393 37123650.0
796.0796710073657 37949676.0
796.372333517443 40406184.0
796.6652350899712 40095850.0
796.9583757249504 40425510.0
797.2517554223803 42863300.0
797.5453741822612 46312010.0
797.839232004593 49796304.0
798.1333288893755 52599770.0
798.4276648366092 56336310.0
798.7222398462935 61851320.0
799.0170539184289 65009696.0
799.3121070530151 66276400.0
799.6073992500523 68907530.0
799.9029305095402 70720530.0
800.1987008314792 72172650.0
800.4947102158688 73374450.0
800.7909586627096 75278210.0
801.0874461720011 76186620.0
801.3841727437435 76003080.0
801.6811383779369 75194640.0
801.9783430745811 75692050.0
802.2757868336762 73538290.0
802.5734696552222 73170040.0
802.8713915392192 70446504.0
803.1695524856669 63832856.0
803.4679524945657 59446436.0
803.7665915659152 56695536.0
804.0654696997157 55694040.0
804.364586895967 55915240.0
804.6639431546693 57642284.0
804.9635384758224 59510504.0
805.2633728594265 59721820.0
805.5634463054813 61743890.0
805.863758813987 64887176.0
806.1643103849437 66088376.0
806.4651010183513 67369416.0
806.7661307142098 69102240.0
807.0673994725191 69877860.0
807.3689072932794 69389256.0
807.6706541764905 69002550.0
807.9726401221526 70448024.0
808.2748651302655 73373970.0
808.5773292008294 79161320.0
808.880032333844 88655140.0
809.1829745293097 99862050.0
809.4861557872262 113138440.0
809.7895761075936 130846850.0
810.0932354904118 151137440.0
810.3971339356808 171170900.0
810.701271443401 191515200.0
811.0056480135719 213539680.0
811.3102636461938 232435760.0
811.6151183412665 242892600.0
811.9202120987901 251788820.0
812.2255449187645 256699500.0
812.5311168011899 246614960.0
812.8369277460662 230005860.0
813.1429777533934 209134020.0
813.4492668231715 184267200.0
813.7557949554005 163835440.0
814.0625621500802 153000220.0
814.3695684072109 143366460.0
814.6768137267925 132145510.0
814.984298108825 120926720.0
815.2920215533085 112396140.0
815.5999840602427 104936050.0
815.908185629628 101272580.0
816.216626261464 94631440.0
816.5253059557509 86959060.0
816.8342247124888 79109090.0
817.1433825316776 70982350.0
817.4527794133171 64300036.0
817.7624153574077 58747604.0
818.072290363949 52011176.0
818.3824044329415 46651116.0
818.6927575643846 43425456.0
819.0033497582787 44542250.0
819.3141810146236 47081920.0
819.6252513334194 49356930.0
819.9365607146663 53772870.0
820.2481091583638 59495204.0
820.5598966645124 67347520.0
820.8719232331118 75118270.0
821.1841888641621 82699464.0
821.4966935576633 93385470.0
821.8094373136155 108254500.0
822.1224201320184 125463400.0
822.4356420128723 143452830.0
822.749102956177 163598540.0
823.0628029619327 187287180.0
823.3767420301392 214737340.0
823.6909201607966 243993440.0
824.005337353905 270368640.0
824.3199936094642 295839040.0
824.6348889274743 313238270.0
824.9500233079352 322894880.0
825.2653967508472 324480600.0
825.5810092562099 312681660.0
825.8968608240236 285671580.0
826.2129514542881 242468540.0
826.5292811470036 191773950.0
826.8458499021699 140664930.0
827.1626577197871 100394440.0
827.4797045998553 74360984.0
827.7969905423743 55874550.0
828.1145155473441 43982384.0
828.4322796147649 35150976.0
828.7502827446367 28512312.0
829.0685249369592 23902142.0
829.3870061917327 20574962.0
829.705726508957 18886188.0
830.0246858886322 16524441.0
830.3438843307583 15282875.0
830.6633218353354 13959264.0
830.9829984023633 11999059.0
831.3029140318422 11227429.0
831.6230687237718 10738488.0
831.9434624781525 9689909.0
832.2640952949838 10187546.0
832.5849671742662 10802440.0
832.9060781159994 11036814.0
833.2274281201835 10692532.0
833.5490171868187 10827614.0
833.8708453159045 10670055.0
834.1929125074414 10433886.0
834.515218761429 9961636.0
834.8377640778676 10870804.0
835.160548456757 11672384.0
835.4835718980975 12094219.0
835.8068344018886 12759758.0
836.1303359681309 13967852.0
836.4540765968239 15213200.0
836.778056287968 17099910.0
837.1022750415626 18586228.0
837.4267328576084 19870042.0
837.7514297361049 21416248.0
838.0763656770524 22354512.0
838.4015406804508 22288576.0
838.7269547463001 22007132.0
839.0526078746003 21843812.0
839.3785000653513 22710376.0
839.7046313185533 24097340.0
840.0310016342061 25152118.0
840.3576110123099 24592062.0
840.6844594528644 23934460.0
841.01154695587 22975350.0
841.3388735213264 22316660.0
841.6664391492336 22155576.0
841.9942438395917 21721884.0
842.3222875924008 21883500.0
842.6505704076608 22906100.0
842.9790922853716 24218504.0
843.3078532255333 24991096.0
843.636853228146 25213888.0
843.9660922932096 24374488.0
844.2955704207238 22490922.0
844.6252876106893 21400404.0
844.9552438631054 22161768.0
845.2854391779725 22824062.0
845.6158735552905 23447642.0
845.9465469950594 23480860.0
846.2774594972791 24253092.0
846.6086110619498 25883864.0
846.9400016890712 26977972.0
847.2716313786436 29723912.0
847.603500130667 32316740.0
847.9356079451411 37030390.0
848.2679548220663 41712150.0
848.6005407614422 46529556.0
848.9333657632692 49299456.0
849.2664298275467 52580510.0
849.5997329542755 56344970.0
849.933275143455 58807980.0
850.2670563950855 62784920.0
850.6010767091668 66425390.0
850.935336085699 68091010.0
851.2698345246821 65612624.0
851.6045720261161 64075004.0
851.939548590001 63503516.0
852.2747642163367 61454360.0
852.6102189051235 61226800.0
852.9459126563609 58650460.0
853.2818454700493 52380384.0
853.6180173461887 46213630.0
853.9544282847789 41244960.0
854.29107828582 36266884.0
854.627967349312 32402024.0
854.9650954752549 30866390.0
855.3024626636488 30738524.0
855.6400689144934 31488920.0
855.9779142277889 33715336.0
856.3159986035355 36355196.0
856.6543220417327 39327704.0
856.992884542381 41366716.0
857.33168610548 44442700.0
857.6707267310301 46395296.0
858.010006419031 49369796.0
858.3495251694828 52208244.0
858.6892829823855 55061564.0
859.0292798577391 59105364.0
859.3695157955435 61305336.0
859.709990795799 65766670.0
860.0507048585051 70860990.0
860.3916579836623 75372180.0
860.7328501712702 80275100.0
861.0742814213293 82303160.0
861.415951733839 81702090.0
861.7578611087997 86099630.0
862.1000095462114 87985530.0
862.4423970460737 89203200.0
862.7850236083872 87957790.0
863.1278892331513 89302880.0
863.4709939203666 84891680.0
863.8143376700325 76285100.0
864.1579204821496 65970856.0
864.5017423567174 55402400.0
864.845803293736 48168196.0
865.1901032932057 40076260.0
865.5346423551262 33396538.0
865.8794204794975 29608358.0
866.2244376663198 27178660.0
866.569693915593 26196636.0
866.9151892273169 28128302.0
867.2609236014919 30456412.0
867.6068970381177 32393810.0
867.9531095371945 35005250.0
868.299561098722 39114920.0
868.6462517227006 41557364.0
868.9931814091299 46385884.0
869.3403501580103 51379756.0
869.6877579693414 55472804.0
870.0354048431236 61854764.0
870.3832907793565 68226850.0
870.7314157780402 73607400.0
871.079779839175 76781790.0
871.4283829627606 78736290.0
871.7772251487971 84280780.0
872.1263063972845 89011930.0
872.4756267082229 92056530.0
872.825186081612 95247330.0
873.1749845174521 97414580.0
873.525022015743 93754460.0
873.875298576485 86201670.0
874.2258141996776 76010690.0
874.5765688853213 65921704.0
874.9275626334158 55037484.0
875.2787954439613 49536704.0
875.6302673169575 47858764.0
875.9819782524048 48254530.0
876.3339282503027 49522284.0
876.6861173106518 49406364.0
877.0385454334516 49664236.0
877.3912126187024 48529270.0
877.744118866404 45590810.0
878.0972641765566 43476996.0
878.45064854916 43650316.0
878.8042719842143 38870550.0
879.1581344817196 32558522.0
879.5122360416756 28215858.0
879.8665766640827 22797616.0
880.2211563489404 19500410.0
880.5759750962493 17702164.0
880.9310329060089 17134712.0
881.2863297782194 17340058.0
881.6418657128809 17744562.0
881.9976407099932 18481492.0
882.3536547695564 18536028.0
882.7099078915705 19369850.0
883.0664000760355 20323206.0
883.4231313229513 20303632.0
883.7801016323183 19361216.0
884.1373110041359 19873266.0
884.4947594384045 20874748.0
884.8524469351239 20969182.0
885.2103734942943 20652580.0
885.5685391159154 21065628.0
885.9269437999875 19959182.0
886.2855875465107 18958324.0
886.6444703554844 18342740.0
887.0035922269093 18381084.0
887.3629531607849 19009144.0
887.7225531571116 18753522.0
888.082392215889 18849724.0
888.4424703371174 19323112.0
888.8027875207965 19739278.0
889.1633437669268 21020544.0
889.5241390755077 23139158.0
889.8851734465397 24753868.0
890.2464468800224 25331142.0
890.6079593759562 28067122.0
890.9697109343408 29776832.0
891.3317015551763 31527922.0
891.6939312384626 34342324.0
892.0563999841997 37849548.0
892.419107792388 41905350.0
892.7820546630269 46170864.0
893.145240596117 49976676.0
893.5086655916577 53035600.0
893.8723296496495 56538636.0
894.2362327700921 58776410.0
894.6003749529856 61659130.0
894.96475619833 61331730.0
895.3293765061252 63785576.0
895.6942358763713 69260750.0
896.0593343090684 73476890.0
896.4246718042164 77567010.0
896.7902483618151 79796360.0
897.1560639818649 80509940.0
897.5221186643654 79496830.0
897.888412409317 77092830.0
898.2549452167193 68286050.0
898.6217170865726 56335400.0
898.9887280188768 44118956.0
899.3559780136319 32784576.0
899.7234670708378 25224038.0
900.0911951904947 20156280.0
900.4591623726023 17471752.0
900.827368617161 16266530.0
901.1958139241705 15395388.0
901.5644982936308 13684372.0
901.9334217255422 12849344.0
902.3025842199042 12857104.0
902.6719857767174 12937688.0
903.0416263959813 13982372.0
903.4115060776962 14235182.0
903.7816248218619 14375235.0
904.1519826284787 14352549.0
904.5225794975461 15123878.0
904.8934154290646 15556770.0
905.2644904230337 13991854.0
905.635804479454 13947355.0
906.0073575983251 14191356.0
906.3791497796472 14147291.0
906.7511810234199 13594802.0
907.1234513296438 13209328.0
907.4959606983184 12082824.0
907.8687091294438 11712086.0
908.2416966230203 12039698.0
908.6149231790475 11822160.0
908.9883887975259 11678244.0
909.3620934784549 10805300.0
909.736037221835 11085694.0
910.1102200276657 11110050.0
910.4846418959476 10039656.0
910.8593028266802 10102631.0
911.2342028198638 10220639.0
911.6093418754981 10242598.0
911.9847199935836 9651469.0
912.3603371741196 10747344.0
912.7361934171067 11949196.0
913.1122887225448 12184759.0
913.4886230904336 12336434.0
913.8651965207735 12063589.0
914.242009013564 12544020.0
914.6190605688057 13793618.0
914.996351186498 14520206.0
915.3738808666415 15449060.0
915.7516496092356 16803542.0
916.1296574142808 16969456.0
916.5079042817767 15987049.0
916.8863902117237 17951382.0
917.2651152041215 19551440.0
917.6440792589702 20552064.0
918.0232823762697 20502966.0
918.4027245560201 18813986.0
918.7824057982216 17759082.0
919.1623261028737 16237595.0
919.542485469977 15209516.0
919.9228838995309 15130789.0
920.3035213915359 15635771.0
920.6843979459916 15748724.0
921.0655135628983 16816404.0
921.446868242256 17743640.0
921.8284619840645 18855268.0
922.2102947883237 19617832.0
922.5923666550341 19283360.0
922.9746775841952 19054480.0
923.3572275758072 19607214.0
923.7400166298701 19702058.0
924.1230447463838 19889990.0
924.5063119253487 20384534.0
924.8898181667641 21389490.0
925.2735634706307 22209828.0
925.657547836948 23933370.0
926.0417712657163 23304544.0
926.4262337569354 21607776.0
926.8109353106056 20810698.0
927.1958759267263 18918310.0
927.5810556052983 17297438.0
927.966474346321 16943076.0
928.3521321497947 17827752.0
928.7380290157191 17633524.0
929.1241649440944 18494452.0
929.5105399349206 17971902.0
929.8971539881978 17186402.0
930.2840071039259 16083309.0
930.6710992821048 15716891.0
931.0584305227347 15293950.0
931.4460008258154 14301576.0
931.8338101913471 13349694.0
932.2218586193296 12804781.0
932.610146109763 11519684.0
932.9986726626472 9963044.0
933.3874382779825 7835880.5
933.7764429557685 5543119.0
934.1656866960054 4426284.0
934.5551694986933 3729391.0
934.9448913638321 3852447.5
935.3348522914216 3636489.0
935.7250522814621 3732487.0
936.1154913339535 3392305.0
936.5061694488959 3514736.2
936.8970866262891 4146042.0
937.288242866133 3938946.5
937.6796381684281 3276735.0
938.0712725331739 3752665.2
938.4631459603708 4183499.5
938.8552584500184 4438344.0
939.247610002117 4702915.5
939.6402006166663 5531860.0
940.0330302936667 5713002.5
940.4260990331178 5563890.0
940.8194068350199 6072379.0
941.212953699373 6606160.0
941.6067396261767 6397896.0
942.0007646154315 6167587.0
942.3950286671371 6157799.5
942.7895317812938 6758573.0
943.184273957901 5694824.5
943.5792551969595 5365224.5
943.9744754984687 5260702.5
944.3699348624289 4925747.0
944.7656332888398 5028965.5
945.1615707777016 5221494.0
945.5577473290144 5553764.0
945.9541629427781 4997658.5
946.3508176189927 4746338.0
946.7477113576581 4553099.5
947.1448441587745 4817032.5
947.5422160223416 4888658.0
947.9398269483597 5601364.5
948.3376769368288 6058062.0
948.7357659877487 6029769.5
949.1340941011194 5410402.5
949.5326612769411 6044574.5
949.9314675152136 6961647.0
950.3305128159373 7490479.5
950.7297971791115 7587119.0
951.1293206047367 7790709.0
951.5290830928128 8099007.5
951.9290846433399 7544203.0
952.3293252563178 7100648.0
952.7298049317465 7490047.0
953.1305236696262 7049368.0
953.5314814699568 7218159.0
953.9326783327383 7335799.5
954.3341142579707 7553234.0
954.7357892456539 6774932.0
955.137703295788 6685120.5
955.5398564083731 7151079.0
955.942248583409 6708072.0
956.3448798208958 6202755.0
956.7477501208334 5706901.0
957.1508594832221 4687364.5
957.5542079080615 4414126.0
957.9577953953519 4453564.0
958.3616219450932 4820527.0
958.7656875572852 5022605.0
959.1699922319283 5033313.0
959.5745359690222 5347425.5
959.979318768567 5502373.0
960.3843406305627 5465436.0
960.7896015550094 5663923.0
961.1951015419069 5714114.5
961.6008405912553 5241004.0
962.0068187030545 5287246.0
962.4130358773048 5655534.0
962.8194921140057 6301459.5
963.2261874131577 6516416.0
963.6331217747605 7541762.5
964.0402951988142 7561052.0
964.4477076853188 7309710.0
964.8553592342744 7294905.5
965.2632498456808 6794400.5
965.671379519538 6418269.5
966.0797482558462 7167157.0
966.4883560546052 7709208.0
966.8972029158153 6767049.0
967.3062888394761 6498418.0
967.7156138255879 6131997.0
968.1251778741505 5623802.0
968.534980985164 4985471.0
968.9450231586284 4411739.0
969.3553043945437 4195763.0
969.7658246929099 4348007.0
970.1765840537269 4099145.5
970.5875824769948 3929452.8
970.9988199627137 4052183.5
971.4102965108834 4210221.5
971.822012121504 3942141.0
972.2339667945757 3842630.0
972.6461605300981 4048692.8
973.0585933280714 4798598.0
973.4712651884955 5418063.0
973.8841761113707 5522108.0
974.2973260966967 6233424.5
974.7107151444736 6366673.0
975.1243432547012 6483959.5
975.5382104273799 6150177.5
975.9523166625095 6929182.5
976.3666619600898 7235322.0
976.7812463201212 7900960.5
977.1960697426034 8372869.0
977.6111322275365 9039094.0
978.0264337749204 9271756.0
978.4419743847554 9906754.0
978.8577540570411 9537061.0
979.2737727917779 8619239.0
979.6900305889653 8035968.0
980.1065274486039 7721347.0
980.523263370693 7413012.5
980.9402383552333 7087919.5
981.3574524022245 6720604.0
981.7749055116664 7224049.5
982.1925976835594 7962537.0
982.6105289179031 8271507.5
983.0286992146978 8792531.0
983.4471085739433 10756301.0
983.8657569956398 10500815.0
984.2846444797872 10655658.0
984.7037710263854 11519469.0
985.1231366354345 12807736.0
985.5427413069345 13320415.0
985.9625850408854 13183362.0
986.3826678372873 13837700.0
986.8029896961399 13434305.0
987.2235506174435 13042239.0
987.6443506011979 12658315.0
988.0653896474032 12164241.0
988.4866677560595 12514919.0
988.9081849271665 12449821.0
989.3299411607247 11992228.0
989.7519364567336 11434358.0
990.1741708151934 10471153.0
990.5966442361041 9501024.0
991.0193567194657 8614220.0
991.4423082652781 8427238.0
991.8654988735416 8364984.5
992.2889285442558 8679838.0
992.712597277421 8453991.0
993.1365050730369 8682698.0
993.5606519311038 8160794.5
993.9850378516217 8371403.0
994.4096628345903 8289385.0
994.83452688001 8325751.0
995.2596299878804 9413718.0
995.6849721582018 9905146.0
996.110553390974 10331994.0
996.5363736861973 10289159.0
996.9624330438713 11168051.0
997.3887314639962 11178602.0
997.8152689465721 11187429.0
998.2420454915989 10880504.0
998.6690610990764 10317204.0
999.0963157690048 10067295.0
999.5238095013843 9555458.0
999.9515422962145 9099536.0
1000.3795141534958 9019847.0
1000.8077250732279 8764199.0
1001.2361750554107 7744610.5
1001.6648641000446 7225035.0
1002.0937922071294 6194576.0
1002.522959376665 5588927.0
1002.9523656086515 5296269.0
1003.3820109030889 5388920.5
1003.8118952599773 5524994.0
1004.2420186793163 6263110.0
1004.6723811611065 6711085.5
1005.1029827053474 7132760.0
1005.5338233120393 7546757.0
1005.9649029811819 8523472.0
1006.3962217127755 9770877.0
1006.8277795068202 10962442.0
1007.2595763633155 12869940.0
1007.6916122822619 14953870.0
1008.1238872636591 17067852.0
1008.5564013075071 17692420.0
1008.9891544138061 17598536.0
1009.422146582556 18556758.0
1009.8553778137567 20548334.0
1010.2888481074084 22284352.0
1010.7225574635108 23217892.0
1011.1565058820644 23161024.0
1011.5906933630686 22457288.0
1012.0251199065237 22600570.0
1012.45978551243 20017124.0
1012.8946901807869 17264064.0
1013.3298339115948 14502506.0
1013.7652167048535 10750454.0
1014.2008385605632 7815189.5
1014.6366994787238 6745784.5
1015.0727994593352 6069357.0
1015.5091385023975 5832634.5
1015.9457166079108 6396919.5
1016.3825337758749 6537397.5
1016.8195900062899 6301642.0
1017.2568852991558 7182406.0
1017.6944196544725 8248305.5
1018.1321930722402 9731568.0
1018.5702055524587 10268326.0
1019.0084570951283 11032249.0
1019.4469477002485 12393191.0
1019.8856773678198 14037795.0
1020.3246460978419 14372031.0
1020.763853890315 15671752.0
1021.2033007452387 16450858.0
1021.6429866626136 17815936.0
1022.0829116424393 18585674.0
1022.5230756847159 19067768.0
1022.9634787894433 20370224.0
1023.4041209566217 19562796.0
1023.8450021862509 17716358.0
1024.286122478331 15379270.0
1024.727481832862 12236808.0
1025.1690802498438 8163055.0
1025.6109177292767 4887601.0
1026.0529942711605 4308571.5
1026.495309875495 3824376.2
1026.9378645422805 3021717.0
1027.380658271517 2727123.5
1027.823691063204 2718522.2
1028.2669629173424 2622935.2
1028.7104738339312 1892615.8
1029.1542238129714 1422150.5
1029.598212854462 1507529.5
1030.0424409584039 1266553.5
1030.4869081247964 1310843.5
1030.9316143536398 1562269.5
1031.376559644934 1396390.5
1031.8217439986793 961521.3
1032.2671674148755 956142.4
1032.7128298935227 1210628.2
1033.1587314346207 1488691.0
1033.6048720381693 1508842.2
1034.051251704169 1439512.4
1034.4978704326197 1304870.2
1034.9447282235212 1586412.2
1035.3918250768736 1369359.8
1035.8391609926769 1384484.0
1036.286735970931 1475600.2
1036.734550011636 1428280.0
1037.182603114792 1184517.0
1037.6308952803988 1155768.0
1038.0794265084567 1171379.8
1038.5281967989652 1372762.5
1038.9772061519247 1576286.1
1039.426454567335 1301268.9
1039.8759420451966 1342433.1
1040.3256685855085 1410262.4
1040.7756341882716 1581063.5
1041.2258388534856 1364352.2
1041.6762825811506 1496003.0
1042.1269653712661 1306624.5
1042.577887223833 1495434.0
1043.0290481388504 1924924.0
1043.4804481163187 1799012.4
1043.9320871562381 1898223.1
1044.3839652586082 1965495.6
1044.8360824234294 1971637.2
1045.2884386507012 2265588.5
1045.7410339404241 2095238.8
1046.193868292598 1742111.2
1046.6469417072226 1780532.8
1047.1002541842981 1611110.2
1047.5538057238246 2146202.8
1048.0075963258018 1684743.2
1048.46162599023 1799246.4
1048.915894717109 2086103.9
1049.3704025064392 2049748.6
1049.82514935822 2388813.0
1050.2801352724516 1940929.8
1050.7353602491344 1887220.8
1051.1908242882678 1932952.5
1051.6465273898525 2013346.1
1052.1024695538877 1759291.0
1052.558650780374 1549909.4
1053.015071069311 1721319.8
1053.471730420699 2028123.2
1053.928628834538 1760221.9
1054.3857663108276 1897106.4
1054.8431428495683 1951979.4
1055.30075845076 2146185.5
1055.7586131144024 2345512.2
1056.2167068404956 2263247.5
1056.67503962904 2041339.9
1057.133611480035 2177873.0
1057.592422393481 2397784.0
1058.0514723693777 2428295.2
1058.5107614077258 2656847.0
1058.9702895085243 2863888.0
1059.4300566717739 2216354.8
1059.8900628974743 2099699.5
1060.3503081856259 2456382.8
1060.8107925362278 1189316.2
1061.2715159492811 -458650.47
1061.732478424785 -2099808.5
1062.1936799627401 -3779206.0
1062.6551205631458 -5657169.0
1063.1168002260026 -7373453.0
1063.57871895131 -8999669.0
1064.0408767390686 -10400710.0
1064.503273589278 -11907766.0
1064.965909501938 -14072682.0
1065.4287844770492 -16063439.0
1065.8918985146113 -17837182.0
1066.3552516146242 -19982964.0
1066.818843777088 -21836208.0
1067.2826750020029 -23811220.0
1067.7467452893684 -25861298.0
1068.211054639185 -28362778.0
1068.6756030514523 -30100404.0
1069.1403905261704 0.0
1069.6054170633397 0.0
1070.0706826629596 0.0
1070.5361873250306 0.0
1071.0019310495525 0.0
1071.4679138365252 0.0
1071.9341356859486 0.0
