string
description: px_shifted, calibration parameter: [ 1.19531225e-04 -2.30194563e-02  6.18194146e+02]
converted file:R_100ms_Fe_S3_x_2_35_binned_y back: data/dark_100msRZP-structure:___RZP_S3100msRoi:[0, 1040, 2048, 2048]
eV counts/s
618.1712462133476 1772254.8
618.1485853507007 2071058.6
618.1261635505048 1541828.8
618.1039808127597 1667660.1
618.0820371374655 1868487.5
618.0603325246223 1981219.8
618.0388669742298 2134161.2
618.0176404862883 2275478.8
617.9966530607976 2189093.5
617.9759046977579 1671215.2
617.955395397169 2129524.5
617.9351251590311 1966373.5
617.9150939833439 2255976.2
617.8953018701078 2372711.0
617.8757488193226 2191406.8
617.8564348309881 2631001.0
617.8373599051046 2466111.5
617.8185240416719 2652822.8
617.7999272406903 2550758.5
617.7815695021593 2212016.2
617.7634508260794 1892265.0
617.7455712124504 1855073.1
617.7279306612722 1743103.5
617.7105291725449 1944486.0
617.6933667462686 1843147.8
617.676443382443 2002368.6
617.6597590810685 2072329.4
617.6433138421447 1887340.0
617.6271076656718 2106517.8
617.6111405516499 2003984.0
617.5954125000789 1643304.9
617.5799235109587 1811559.4
617.5646735842894 2065478.2
617.5496627200711 2051135.6
617.5348909183035 2204896.0
617.520358178987 1908204.5
617.5060645021213 2070935.0
617.4920098877064 2145409.5
617.4781943357425 2391505.0
617.4646178462295 2763959.0
617.4512804191673 2999027.5
617.4381820545561 3048818.0
617.4253227523957 2884417.2
617.4127025126862 2639260.2
617.4003213354276 2970647.5
617.3881792206199 2626533.0
617.3762761682632 2317490.5
617.3646121783572 2217799.5
617.3531872509022 2223456.0
617.342001385898 1630587.0
617.3310545833449 1494203.9
617.3203468432424 1679573.5
617.309878165591 1633783.2
617.2996485503904 1708136.8
617.2896579976408 1514110.0
617.2799065073419 1644154.5
617.270394079494 2329993.0
617.261120714097 2463623.2
617.2520864111508 2313215.5
617.2432911706557 2715336.0
617.2347349926113 3048793.5
617.2264178770179 3316168.0
617.2183398238752 3145737.0
617.2105008331837 3110050.5
617.2029009049428 2838752.8
617.195540039153 2874069.0
617.188418235814 3172850.0
617.1815354949258 2865310.0
617.1748918164886 2569067.2
617.1684872005023 2601972.5
617.1623216469668 2628670.2
617.1563951558823 2724097.0
617.1507077272486 2761523.0
617.1452593610658 3204641.2
617.140050057334 3293902.8
617.1350798160529 3389208.0
617.1303486372229 3423587.5
617.1258565208436 3857324.8
617.1216034669154 3984962.5
617.1175894754379 4321708.5
617.1138145464114 4002447.5
617.1102786798357 3818986.5
617.106981875711 3692775.5
617.1039241340371 3592510.0
617.1011054548142 3576673.0
617.0985258380421 3300002.2
617.0961852837207 3442941.2
617.0940837918505 3648804.8
617.092221362431 4417796.0
617.0905979954625 4022470.2
617.0892136909449 3681938.0
617.0880684488782 3290081.2
617.0871622692623 3899274.8
617.0864951520974 4771760.5
617.0860670973833 5440514.0
617.0858781051202 6626280.5
617.0859281753078 7288533.0
617.0862173079464 6637624.0
617.0867455030359 6032613.0
617.0875127605763 5245417.5
617.0885190805675 4041159.0
617.0897644630096 2967147.0
617.0912489079027 1821409.8
617.0929724152465 1274530.5
617.0949349850415 1401952.8
617.0971366172871 1408487.5
617.0995773119838 1731037.6
617.1022570691313 1910107.0
617.1051758887297 1797893.0
617.1083337707789 1595375.0
617.1117307152791 2052334.2
617.1153667222302 2130173.8
617.1192417916321 1849826.4
617.123355923485 1847744.2
617.1277091177888 1900593.6
617.1323013745433 2252883.5
617.1371326937488 2779950.5
617.1422030754052 3147156.5
617.1475125195125 4127213.8
617.1530610260706 4289339.5
617.1588485950797 5094451.5
617.1648752265397 5606894.5
617.1711409204505 5823839.0
617.1776456768123 6358390.0
617.1843894956249 6629120.5
617.1913723768885 6142190.0
617.1985943206029 5708414.5
617.2060553267681 6160615.5
617.2137553953843 6212343.0
617.2216945264513 5206331.5
617.2298727199694 5313396.0
617.2382899759382 4769312.0
617.246946294358 3701926.5
617.2558416752286 2216602.2
617.2649761185502 1435373.5
617.2743496243226 1407321.5
617.2839621925459 1404337.0
617.29381382322 1078282.5
617.3039045163453 1118258.6
617.3142342719211 926702.4
617.3248030899481 1436937.4
617.3356109704258 1015021.9
617.3466579133545 717964.06
617.357943918734 794811.3
617.3694689865644 846452.75
617.3812331168458 861346.6
617.3932363095779 947097.1
617.4054785647611 863320.0
617.417959882395 685242.0
617.43068026248 699364.7
617.4436397050157 830788.8
617.4568382100024 1063018.5
617.47027577744 984778.1
617.4839524073284 1520488.9
617.4978680996677 2136776.5
617.512022854458 3076338.5
617.526416671699 4074904.5
617.5410495513911 4865555.5
617.555921493534 7178107.0
617.5710324981277 6998075.5
617.5863825651725 6476643.0
617.601971694668 5624662.5
617.6177998866144 4597064.5
617.6338671410118 3871256.5
617.6501734578601 3667584.8
617.6667188371591 3552302.8
617.6835032789093 3080019.5
617.70052678311 3139203.5
617.7177893497619 3996249.0
617.7352909788646 4230225.0
617.7530316704182 3869745.5
617.7710114244226 3837834.8
617.7892302408779 4063278.8
617.8076881197842 4265937.0
617.8263850611413 4465189.5
617.8453210649494 4413514.0
617.8644961312083 5019719.5
617.8839102599181 6444967.5
617.9035634510788 8166980.5
617.9234557046905 10543605.0
617.9435870207528 13327109.0
617.9639573992663 14603049.0
617.9845668402305 13980680.0
618.0054153436457 11642804.0
618.0265029095117 9304934.0
618.0478295378288 7381015.0
618.0693952285965 5910809.0
618.0911999818152 4434990.5
618.1132437974848 3500376.5
618.1355266756052 2807107.2
618.1580486161766 2273930.2
618.180809619199 2191341.0
618.2038096846721 1782652.5
618.2270488125961 1630663.6
618.2505270029711 1315062.8
618.2742442557969 1268474.8
618.2982005710737 1328754.0
618.3223959488013 1448987.0
618.3468303889798 1395014.4
618.3715038916091 1226168.0
618.3964164566895 727079.44
618.4215680842207 825697.2
618.4469587742026 986065.5
618.4725885266356 1139122.8
618.4984573415195 1145412.0
618.5245652188543 1392573.5
618.5509121586398 1277269.4
618.5774981608764 1213664.8
618.6043232255638 1525931.4
618.6313873527021 1376720.2
618.6586905422912 1459053.1
618.6862327943314 1470625.0
618.7140141088223 1984111.1
618.7420344857642 2288972.2
618.7702939251569 3207404.8
618.7987924270005 4164388.5
618.827529991295 5911434.0
618.8565066180404 7123073.0
618.8857223072368 8633554.0
618.915177058884 9776664.0
618.944870872982 9454608.0
618.974803749531 8245112.0
619.004975688531 6924399.0
619.0353866899817 5621229.0
619.0660367538834 3777238.0
619.0969258802359 2902021.5
619.1280540690393 2516427.2
619.1594213202936 1953680.2
619.1910276339989 1806608.2
619.2228730101549 1695713.1
619.2549574487618 1300420.0
619.2872809498198 1214138.9
619.3198435133286 1225590.4
619.3526451392883 1188900.5
619.3856858276988 978189.9
619.4189655785602 808609.25
619.4524843918725 1015008.9
619.4862422676358 1140305.2
619.5202392058499 1201768.2
619.5544752065149 961002.75
619.5889502696308 963570.4
619.6236643951976 1293200.5
619.6586175832152 1623744.0
619.6938098336839 1810556.0
619.7292411466033 1851097.2
619.7649115219735 1974878.8
619.8008209597948 2042351.0
619.8369694600669 3063859.0
619.8733570227901 4447701.0
619.9099836479638 5701356.0
619.9468493355887 6513875.0
619.9839540856643 6876862.5
620.0212978981909 6712039.0
620.0588807731684 6494475.5
620.0967027105968 5783037.0
620.134763710476 5302344.0
620.1730637728062 3578018.8
620.2116028975872 2595995.2
620.2503810848191 1914065.0
620.2893983345019 1935555.0
620.3286546466355 1685608.8
620.3681500212202 1398345.5
620.4078844582556 1169411.4
620.447857957742 1367231.1
620.4880705196792 1406156.4
620.5285221440674 1321999.2
620.5692128309064 989929.44
620.6101425801965 783538.25
620.6513113919372 577227.8
620.692719266129 550917.1
620.7343662027715 386114.12
620.7762522018651 618565.7
620.8183772634094 745256.6
620.8607413874046 961968.4
620.9033445738509 1109283.5
620.9461868227478 889018.6
620.9892681340958 663280.94
621.0325885078946 630163.0
621.0761479441444 879021.4
621.1199464428449 1070918.9
621.1639840039965 934488.2
621.2082606275989 826673.06
621.2527763136521 905516.56
621.2975310621563 1035974.6
621.3425248731114 1034329.06
621.3877577465173 1324986.4
621.4332296823742 1096249.2
621.478940680682 1142627.8
621.5248907414405 1044190.4
621.5710798646501 1050897.2
621.6175080503104 1244942.9
621.6641752984218 1439269.4
621.7110816089839 1147385.0
621.758226981997 907540.5
621.8056114174609 845313.9
621.8532349153759 721270.56
621.9010974757415 802835.75
621.9491990985582 1111508.9
621.9975397838257 1220627.2
622.0461195315442 861608.1
622.0949383417135 1126712.6
622.1439962143336 1279561.0
622.1932931494047 1428643.1
622.2428291469266 1358240.8
622.2926042068996 1156105.6
622.3426183293233 1357360.2
622.392871514198 1490115.0
622.4433637615234 1577635.2
622.4940950713 1268222.1
622.5450654435272 1114541.8
622.5962748782055 1014661.6
622.6477233753345 1005805.3
622.6994109349146 1073313.1
622.7513375569454 1441452.8
622.8035032414273 1389654.2
622.8559079883598 1420594.8
622.9085517977434 1807994.5
622.9614346695778 1786792.5
623.0145566038631 2091694.9
623.0679176005993 2098384.0
623.1215176597865 2180284.5
623.1753567814245 2468747.2
623.2294349655133 2229990.5
623.2837522120532 2660573.5
623.3383085210438 2548651.0
623.3931038924854 2713716.2
623.4481383263778 3525092.8
623.5034118227212 3765546.0
623.5589243815153 3761421.2
623.6146760027606 4194471.0
623.6706666864566 5009137.0
623.7268964326033 6361879.5
623.7833652412012 6376172.0
623.8400731122499 5234832.0
623.8970200457495 4194017.5
623.9542060416999 4330826.0
624.0116311001013 3745806.0
624.0692952209534 2713103.8
624.1271984042567 2153808.0
624.1853406500106 2038325.5
624.2437219582156 1781244.2
624.3023423288714 1535799.4
624.3612017619781 1596539.4
624.4203002575357 1264282.4
624.4796378155443 1481031.4
624.5392144360035 1442881.5
624.5990301189137 1191273.9
624.659084864275 1221571.0
624.7193786720869 1066505.8
624.7799115423499 1103740.4
624.8406834750637 1274504.9
624.9016944702284 924893.1
624.962944527844 1065520.8
625.0244336479105 876537.56
625.0861618304278 883931.0
625.1481290753961 1529146.9
625.2103353828153 1654653.1
625.2727807526853 1188004.6
625.3354651850062 1339178.2
625.398388679778 1524066.8
625.4615512370008 1692130.5
625.5249528566744 1647620.2
625.5885935387989 1646696.4
625.6524732833743 2336338.8
625.7165920904006 2304431.0
625.7809499598777 3044244.5
625.8455468918058 2961400.5
625.9103828861847 3512913.0
625.9754579430146 3768865.0
626.0407720622953 3819795.0
626.106325244027 3386984.0
626.1721174882094 3060721.2
626.2381487948429 2147463.5
626.3044191639272 1655952.2
626.3709285954623 2013133.9
626.4376770894484 1761318.2
626.5046646458853 1315231.1
626.5718912647732 1577438.5
626.6393569461119 1484994.8
626.7070616899016 1494765.8
626.7750054961421 1209745.8
626.8431883648335 1447439.0
626.9116102959758 1335753.9
626.980271289569 1181869.4
627.0491713456131 1062800.0
627.1183104641082 1114715.6
627.1876886450539 1264760.1
627.2573058884507 1806888.9
627.3271621942984 1437973.8
627.3972575625968 1127097.2
627.4675919933463 1458769.8
627.5381654865465 1767164.4
627.6089780421978 1982893.0
627.6800296602999 1899008.9
627.7513203408529 2178332.0
627.8228500838567 2815191.5
627.8946188893116 3022719.5
627.9666267572171 2410778.5
628.0388736875738 2234756.5
628.1113596803812 2148348.0
628.1840847356395 1610531.9
628.2570488533487 1347574.8
628.3302520335087 1898175.2
628.4036942761198 2367455.0
628.4773755811816 2323931.2
628.5512959486945 2246412.8
628.6254553786581 2202938.0
628.6998538710727 2596483.8
628.7744914259381 2594834.5
628.8493680432545 2412364.0
628.9244837230217 2861261.2
628.9998384652398 2621093.0
629.0754322699088 2369894.8
629.1512651370288 2494709.0
629.2273370665995 3095828.8
629.3036480586212 3261160.2
629.3801981130938 3129089.5
629.4569872300171 3368635.0
629.5340154093916 3457199.8
629.6112826512167 3323638.8
629.6887889554929 3412356.2
629.7665343222199 2879049.8
629.8445187513979 1988443.8
629.9227422430266 1704646.2
630.0012047971064 1202890.1
630.0799064136369 1520692.0
630.1588470926184 1479529.4
630.2380268340507 1466248.1
630.317445637934 1457026.4
630.3971035042681 1312623.0
630.4770004330533 1520655.1
630.5571364242891 1422128.6
630.6375114779759 1500530.2
630.7181255941136 1453005.0
630.7989787727022 1561766.0
630.8800710137417 1807671.4
630.961402317232 1560466.0
631.0429726831734 1575140.5
631.1247821115654 1502284.9
631.2068306024086 1660196.5
631.2891181557025 1626639.5
631.3716447714473 1517647.6
631.454410449643 1524386.2
631.5374151902896 1557348.6
631.6206589933871 1509300.1
631.7041418589355 1261197.9
631.7878637869347 1272341.0
631.8718247773849 1515618.0
631.956024830286 1471826.9
632.0404639456378 1908261.0
632.1251421234408 1909635.1
632.2100593636944 1700346.0
632.2952156663991 1817862.4
632.3806110315546 1729043.2
632.4662454591611 1582391.2
632.5521189492183 2096415.2
632.6382315017265 2154210.2
632.7245831166855 1934098.2
632.8111737940956 1484988.8
632.8980035339563 1540506.1
632.985072336268 1763190.8
633.0723802010307 1449741.2
633.1599271282441 1497396.0
633.2477131179087 1977728.2
633.3357381700239 2202805.0
633.4240022845902 2719438.8
633.5125054616071 2787962.2
633.6012477010752 2354329.5
633.690229002994 2047331.2
633.7794493673638 2030075.5
633.8689087941844 2015155.0
633.958607283456 2027488.1
634.0485448351784 2018143.6
634.1387214493517 1825828.8
634.2291371259759 1768984.2
634.3197918650509 1903701.2
634.4106856665769 1707629.4
634.5018185305538 1437711.2
634.5931904569816 1064411.5
634.6848014458602 1083404.6
634.7766514971898 1106171.6
634.8687406109701 1013715.0
634.9610687872016 993670.94
635.0536360258837 1104578.6
635.1464423270169 1187106.0
635.2394876906009 1165826.0
635.3327721166357 1111349.5
635.4262956051215 1022212.4
635.5200581560582 855638.25
635.6140597694457 898262.44
635.7083004452841 1094502.5
635.8027801835735 1230636.5
635.8974989843136 1176915.6
635.9924568475049 1287727.0
636.0876537731468 1138054.2
636.1830897612398 1300000.2
636.2787648117835 1257752.6
636.3746789247782 1630205.1
636.4708321002237 1273477.6
636.5672243381202 1490992.5
636.6638556384676 1380504.8
636.7607260012659 1706606.4
636.857835426515 2153088.5
636.9551839142149 1767262.4
637.0527714643658 1415962.6
637.1505980769675 1671283.0
637.2486637520203 2059069.2
637.3469684895239 1963794.9
637.4455122894784 1565695.6
637.5442951518837 1758915.8
637.64331707674 1764172.5
637.742578064047 1901261.1
637.8420781138052 1490881.5
637.941817226014 1207854.4
638.0417954006739 1634572.0
638.1420126377845 1476367.8
638.2424689373462 1309629.0
638.3431642993586 1325674.9
638.444098723822 1251888.9
638.5452722107362 1188823.9
638.6466847601014 980391.5
638.7483363719175 1168661.2
638.8502270461844 1207303.9
638.9523567829023 1173619.8
639.0547255820709 1140930.5
639.1573334436905 1306837.8
639.260180367761 1474568.0
639.3632663542825 1279289.2
639.4665914032546 1285616.0
639.5701555146778 1462939.8
639.6739586885519 1648788.0
639.7780009248769 1764687.2
639.8822822236526 1585037.8
639.9868025848793 2204055.2
640.091562008557 1926520.1
640.1965604946854 2420423.5
640.3017980432649 2961530.5
640.4072746542952 3008207.8
640.5129903277764 2757122.2
640.6189450637083 2858323.5
640.7251388620914 2253280.2
640.8315717229252 1938608.6
640.93824364621 1422348.1
641.0451546319456 1309624.2
641.1523046801321 1121975.1
641.2596937907695 1276221.5
641.3673219638578 1423380.0
641.4751891993969 1734386.8
641.583295497387 1680706.0
641.691640857828 1753894.8
641.8002252807198 1517960.2
641.9090487660626 1405281.9
642.0181113138563 910505.25
642.1274129241008 1033474.4
642.2369535967962 1597469.8
642.3467333319426 1618939.2
642.4567521295397 1532559.4
642.5670099895879 1617898.9
642.6775069120868 1700781.4
642.7882428970366 1862265.8
642.8992179444374 1759915.1
643.010432054289 1554191.2
643.1218852265915 1343768.1
643.2335774613449 1071886.1
643.3455087585494 852203.75
643.4576791182045 920704.75
643.5700885403106 977640.1
643.6827370248676 1026119.9
643.7956245718756 1343701.4
643.9087511813342 1894282.8
644.0221168532439 1597980.0
644.1357215876045 1611235.5
644.249565384416 1421620.8
644.3636482436782 1436726.4
644.4779701653915 1327522.2
644.5925311495556 1479464.9
644.7073311961706 1670058.8
644.8223703052365 1555793.6
644.9376484767532 1369091.0
645.0531657107209 1218647.0
645.1689220071395 1073740.6
645.2849173660089 1482819.2
645.4011517873292 1477464.0
645.5176252711005 1068271.0
645.6343378173226 999499.7
645.7512894259957 1183566.0
645.8684800971196 1162068.0
645.9859098306944 869265.94
646.10357862672 1032907.4
646.2214864851966 1271094.2
646.3396334061241 1128229.8
646.4580193895024 1068668.1
646.5766444353317 1091214.5
646.6955085436118 1532480.2
646.8146117143428 1422309.8
646.9339539475247 1217378.6
647.0535352431576 1461520.0
647.1733556012413 1299485.1
647.2934150217759 1281096.2
647.4137135047613 1366374.0
647.5342510501977 1357897.4
647.6550276580849 1180511.4
647.7760433284232 1080437.9
647.8972980612122 1070681.2
648.018791856452 1353506.8
648.1405247141429 1014585.4
648.2624966342845 1140308.9
648.3847076168772 1005198.25
648.5071576619206 1099098.4
648.629846769415 975232.5
648.7527749393603 1122646.0
648.8759421717565 1124749.8
648.9993484666035 1464189.5
649.1229938239015 1319285.6
649.2468782436503 1145513.4
649.3710017258501 1280287.0
649.4953642705007 1390249.0
649.6199658776021 1285213.6
649.7448065471544 1307516.6
649.8698862791578 1116446.8
649.9952050736119 1191052.0
650.120762930517 1174111.4
650.2465598498729 1163174.0
650.3725958316797 1221354.9
650.4988708759375 1350537.6
650.6253849826461 1138291.8
650.7521381518056 1369448.6
650.879130383416 1333640.0
651.0063616774773 1341417.8
651.1338320339895 1159231.2
651.2615414529527 1073136.8
651.3894899343666 1226536.5
651.5176774782313 1217183.2
651.6461040845472 1339359.9
651.7747697533138 1255180.2
651.9036744845314 1183786.4
652.0328182781997 1322097.8
652.162201134319 1027861.6
652.2918230528892 1369060.5
652.4216840339103 1605604.5
652.5517840773823 1632645.1
652.6821231833052 1544401.8
652.8127013516789 1264416.4
652.9435185825037 1699026.1
653.074574875779 1691154.9
653.2058702315056 1572937.5
653.3374046496829 1391657.2
653.469178130311 1006918.1
653.6011906733902 993156.56
653.73344227892 1175113.6
653.865932946901 1264730.0
653.9986626773327 1266428.5
654.1316314702154 1054346.8
654.2648393255489 1011462.75
654.3982862433335 1340121.2
654.5319722235687 994366.1
654.665897266255 1085225.5
654.8000613713921 1129818.9
654.9344645389801 1019593.5
655.069106769019 1239770.2
655.2039880615088 1261551.2
655.3391084164494 1473162.8
655.4744678338409 1460320.1
655.6100663136834 1475139.9
655.7459038559767 1266576.0
655.881980460721 1656796.2
656.0182961279161 1387920.0
656.1548508575621 1371895.2
656.291644649659 1422158.1
656.4286775042068 1414955.8
656.5659494212055 1362042.0
656.7034604006551 1625547.4
656.8412104425555 1461270.8
656.9791995469069 1672244.4
657.117427713709 1596049.9
657.2558949429622 1356948.2
657.3946012346663 1361960.2
657.5335465888211 1540170.5
657.672731005427 1479340.1
657.8121544844836 1262024.2
657.9518170259913 871314.25
658.0917186299497 861407.2
658.2318592963591 1225823.5
658.3722390252193 1570515.2
658.5128578165305 1535054.4
658.6537156702925 1571131.4
658.7948125865055 1624052.8
658.9361485651692 1233533.2
659.077723606284 998856.9
659.2195377098495 1107426.8
659.361590875866 1591613.6
659.5038831043335 1247551.1
659.6464143952517 1226802.0
659.7891847486209 1266874.2
659.9321941644408 1452361.2
660.0754426427119 1533088.5
660.2189301834336 1298345.0
660.3626567866064 1213384.1
660.50662245223 1039371.9
660.6508271803045 908654.9
660.7952709708298 1168629.8
660.9399538238061 1070224.2
661.0848757392333 822786.94
661.2300367171114 841824.5
661.3754367574403 1106326.0
661.5210758602201 1262456.0
661.6669540254509 1000664.06
661.8130712531324 982728.7
661.9594275432651 1050082.8
662.1060228958484 1288469.1
662.2528573108827 1173657.0
662.3999307883678 1096207.6
662.5472433283039 1462888.8
662.6947949306908 1086071.2
662.8425855955288 1176142.5
662.9906153228175 1335792.2
663.1388841125572 1294951.8
663.2873919647476 1364309.8
663.436138879389 1251261.1
663.5851248564813 1015878.8
663.7343498960245 1258273.6
663.8838139980186 1586867.5
664.0335171624636 1367083.2
664.1834593893594 1190795.8
664.3336406787062 1029529.9
664.4840610305039 923060.0
664.6347204447524 1290794.8
664.7856189214518 1280138.2
664.936756460602 933438.75
665.0881330622034 1256590.1
665.2397487262554 1247174.0
665.3916034527584 1257723.6
665.5436972417123 1139531.1
665.6960300931171 1250394.6
665.8486020069727 1390000.6
666.0014129832791 1368169.5
666.1544630220367 1230076.4
666.3077521232449 1265866.0
666.4612802869042 1208109.1
666.6150475130142 1359866.9
666.7690538015753 1222186.0
666.9232991525871 1429257.5
667.07778356605 1493748.5
667.2325070419636 1625544.9
667.3874695803282 1301938.2
667.5426711811436 1597029.2
667.69811184441 1469174.4
667.8537915701272 1382110.6
668.0097103582953 1472363.5
668.1658682089143 1763553.8
668.3222651219842 2235462.2
668.4789010975051 2000770.8
668.6357761354766 1815412.4
668.7928902358992 1621543.5
668.9502433987727 1319064.8
669.1078356240971 1039674.5
669.2656669118722 1080438.6
669.4237372620985 1039141.2
669.5820466747754 1079647.4
669.7405951499034 1211519.9
669.8993826874821 1345165.6
670.0584092875117 1430369.5
670.2176749499924 1031688.9
670.3771796749238 1024073.9
670.5369234623063 976052.5
670.6969063121394 1038470.0
670.8571282244236 969917.8
671.0175891991586 1114117.1
671.1782892363447 1362480.8
671.3392283359814 1542178.8
671.5004064980691 1394856.1
671.6618237226077 1004061.0
671.8234800095972 1009644.44
671.9853753590376 1039893.0
672.1475097709289 1272018.6
672.309883245271 1533459.4
672.472495782064 1443191.0
672.635347381308 1368213.8
672.7984380430028 1417507.4
672.9617677671484 1271716.5
673.125336553745 1070436.5
673.2891444027925 821628.0
673.453191314291 1117025.2
673.6174772882403 1203125.8
673.7820023246404 1268064.5
673.9467664234915 1643998.0
674.1117695847934 1346351.8
674.2770118085463 1367912.0
674.4424930947499 1478189.2
674.6082134434046 1379525.2
674.7741728545101 1095334.2
674.9403713280664 1225105.6
675.1068088640737 1222058.5
675.2734854625319 1272962.4
675.440401123441 1423206.2
675.6075558468009 1399393.5
675.7749496326118 1585084.9
675.9425824808735 1821052.0
676.1104543915861 1709133.2
676.2785653647496 1641987.6
676.4469154003641 1807999.0
676.6155044984293 1681431.8
676.7843326589456 1671453.0
676.9533998819127 1569305.1
677.1227061673306 1579444.5
677.2922515151995 1385477.6
677.4620359255191 1344930.8
677.6320593982898 1260005.1
677.8023219335114 1458736.4
677.9728235311838 1550600.8
678.1435641913071 1560617.5
678.3145439138814 1370053.9
678.4857626989063 1344919.0
678.6572205463824 1287802.5
678.8289174563092 1293928.4
679.000853428687 1480413.8
679.1730284635156 1190521.0
679.3454425607953 1229158.6
679.5180957205256 1349323.2
679.690987942707 1278566.8
679.8641192273392 1264726.8
680.0374895744222 1379563.1
680.2110989839563 1533838.8
680.3849474559411 1220022.4
680.559034990377 1179215.0
680.7333615872635 1307094.0
680.9079272466012 1443914.8
681.0827319683896 993909.6
681.257775752629 1145216.5
681.4330585993191 1429451.9
681.6085805084602 1438884.0
681.7843414800523 1569690.5
681.9603415140951 1380478.6
682.1365806105889 1344781.2
682.3130587695335 1321438.2
682.4897759909292 1109386.8
682.6667322747755 1184239.8
682.8439276210729 1422375.0
683.0213620298211 1412097.6
683.1990355010204 1660019.4
683.3769480346702 1508346.5
683.5550996307712 1236967.9
683.7334902893231 1090396.5
683.9121200103258 1269843.5
684.0909887937793 1391848.0
684.2700966396839 1178321.0
684.4494435480391 1374365.5
684.6290295188454 1530247.5
684.8088545521025 1285297.4
684.9889186478105 1166051.8
685.1692218059694 1303279.1
685.3497640265792 1067778.5
685.5305453096399 978331.56
685.7115656551515 984096.6
685.8928250631141 1137353.5
686.0743235335274 1243214.8
686.2560610663917 1358882.4
686.4380376617067 1385966.8
686.6202533194729 1309655.0
686.8027080396897 1280945.1
686.9854018223576 1260550.2
687.1683346674763 1625642.4
687.351506575046 1418439.0
687.5349175450664 1306531.8
687.7185675775377 1497168.5
687.9024566724601 1647697.2
688.0865848298331 1598316.0
688.2709520496572 1747047.6
688.4555583319321 1833096.0
688.640403676658 1513190.8
688.8254880838347 1474964.0
689.0108115534624 1313539.9
689.1963740855408 1487541.5
689.3821756800703 1441651.9
689.5682163370506 1584003.1
689.7544960564818 1436439.5
689.9410148383638 1404527.4
690.1277726826967 1293477.6
690.3147695894805 1224327.4
690.5020055587153 1554063.8
690.689480590401 1675206.4
690.8771946845374 1566814.2
691.0651478411248 1697085.1
691.253340060163 1816100.5
691.4417713416524 1631603.2
691.6304416855924 1402095.8
691.8193510919834 1471062.5
692.0084995608252 1582396.5
692.197887092118 1595542.2
692.3875136858616 1502884.2
692.5773793420561 1696085.0
692.7674840607016 1622261.5
692.9578278417978 1698191.2
693.1484106853451 1390272.0
693.339232591343 1636696.5
693.5302935597921 1721295.2
693.7215935906919 1510055.0
693.9131326840427 1333071.2
694.1049108398444 1432053.5
694.2969280580969 1827135.8
694.4891843388003 1562598.9
694.6816796819547 1827643.1
694.8744140875599 2111517.0
695.067387555616 2187696.8
695.260600086123 2159782.2
695.4540516790809 2060084.8
695.6477423344896 1773602.8
695.8416720523492 1871890.6
696.0358408326598 1871489.0
696.2302486754212 1672250.8
696.4248955806336 1843399.5
696.6197815482967 2026172.6
696.814906578411 1905047.8
697.0102706709758 1985157.2
697.2058738259918 2024377.2
697.4017160434586 2378381.5
697.5977973233763 2416128.2
697.7941176657448 2225498.2
697.9906770705643 1927773.5
698.1874755378346 2101673.5
698.3845130675558 2282469.0
698.581789659728 2247781.0
698.779305314351 2208882.0
698.9770600314249 2484310.5
699.1750538109496 2846460.2
699.3732866529253 2618077.8
699.5717585573519 2582984.0
699.7704695242294 2424517.2
699.9694195535577 2168211.0
700.168608645337 2473185.2
700.3680367995671 2810176.2
700.5677040162482 2781996.5
700.7676102953801 2836714.8
700.9677556369629 2971759.8
701.1681400409966 3104090.0
701.368763507481 3256728.8
701.5696260364166 3204414.8
701.7707276278029 2910670.5
701.9720682816403 2678942.2
702.1736479979284 2698808.5
702.3754667766674 2982259.5
702.5775246178573 3007217.2
702.7798215214982 2830682.2
702.9823574875899 2893361.2
703.1851325161325 3393824.8
703.3881466071259 3174743.0
703.5913997605704 2959552.2
703.7948919764656 3102233.8
703.9986232548118 2975537.2
704.2025935956088 2556101.0
704.4068029988567 2457506.5
704.6112514645556 2411020.2
704.8159389927052 2474111.8
705.020865583306 2678067.8
705.2260312363574 2946437.5
705.4314359518598 3010246.0
705.6370797298131 2672270.2
705.8429625702173 2520258.5
706.0490844730723 2813936.0
706.2554454383783 3295035.0
706.4620454661351 3235925.0
706.6688845563428 2854900.2
706.8759627090014 3069517.8
707.0832799241109 3404303.8
707.2908362016714 3404046.2
707.4986315416826 3448050.2
707.7066659441448 3547978.5
707.9149394090579 3401946.0
708.1234519364218 3339214.8
708.3322035262366 3443796.0
708.5411941785025 3487572.2
708.750423893219 3690027.8
708.9598926703866 4036073.8
709.169600510005 4543450.5
709.3795474120743 4125825.5
709.5897333765945 3911065.0
709.8001584035657 4055309.5
710.0108224929876 4245824.5
710.2217256448604 4308146.5
710.4328678591842 4356234.0
710.6442491359588 4625886.0
710.8558694751844 4676293.5
711.0677288768608 4885761.5
711.2798273409882 5699063.0
711.4921648675663 6845250.5
711.7047414565955 8428434.0
711.9175571080754 9626449.0
712.1306118220064 10182469.0
712.343905598388 10098834.0
712.5574384372208 10990790.0
712.7712103385043 10436217.0
712.9852213022388 9655672.0
713.199471328424 9412369.0
713.4139604170601 9087239.0
713.6286885681474 8520333.0
713.8436557816852 8709340.0
714.0588620576742 9178855.0
714.274307396114 9240308.0
714.4899917970047 9282387.0
714.7059152603462 9458912.0
714.9220777861387 9800354.0
715.138479374382 9565198.0
715.3551200250763 10162438.0
715.5719997382214 10776110.0
715.7891185138174 10852580.0
716.0064763518642 11053745.0
716.224073252362 11389879.0
716.4419092153107 11572971.0
716.6599842407103 10890102.0
716.8782983285607 10302351.0
717.096851478862 9689731.0
717.3156436916144 9213346.0
717.5346749668174 9147936.0
717.7539453044715 8763116.0
717.9734547045764 7516707.5
718.1932031671322 6658066.0
718.4131906921389 6474705.0
718.6334172795965 5940683.0
718.853882929505 5086779.5
719.0745876418644 4203938.0
719.2955314166745 4078521.2
719.5167142539357 3988002.8
719.7381361536477 4065682.8
719.9597971158106 3676319.0
720.1816971404245 3567085.5
720.4038362274891 3694251.2
720.6262143770048 3828750.5
720.8488315889713 4498795.0
721.0716878633887 5067858.0
721.2947832002569 5633767.0
721.518117599576 6892806.0
721.741691061346 7885064.5
721.965503585567 8396779.0
722.1895551722389 9482254.0
722.4138458213616 11032469.0
722.6383755329352 11767570.0
722.8631443069596 13178958.0
723.0881521434351 14202366.0
723.3133990423613 14429279.0
723.5388850037385 14205518.0
723.7646100275665 13336392.0
723.9905741138455 12593288.0
724.2167772625753 12665112.0
724.4432194737561 12820490.0
724.6699007473876 12677970.0
724.8968210834703 12403688.0
725.1239804820036 13089440.0
725.3513789429879 13769670.0
725.579016466423 14117155.0
725.8068930523091 14591999.0
726.0350087006461 14983025.0
726.2633634114338 15989892.0
726.4919571846726 15963566.0
726.7207900203623 15811572.0
726.9498619185028 17018020.0
727.1791728790942 18929142.0
727.4087229021366 23319862.0
727.6385119876297 31084300.0
727.8685401355738 41048650.0
728.0988073459687 54388864.0
728.3293136188147 72507110.0
728.5600589541114 91596810.0
728.7910433518591 111713490.0
729.0222668120575 127328820.0
729.2537293347069 131687200.0
729.4854309198073 126905150.0
729.7173715673584 111539090.0
729.9495512773606 87923940.0
730.1819700498136 62038904.0
730.4146278847174 42848590.0
730.6475247820722 31251520.0
730.8806607418778 23618816.0
731.1140357641343 19149118.0
731.3476498488419 15849209.0
731.5815029960002 12851549.0
731.8155952056094 10232763.0
732.0499264776695 7854206.0
732.2844968121806 7366000.0
732.5193062091423 7676864.0
732.754354668555 6555720.0
732.9896421904187 5480160.5
733.2251687747333 5185560.5
733.4609344214988 5039167.0
733.6969391307151 4917626.5
733.9331829023823 5522425.0
734.1696657365004 6003972.0
734.4063876330695 6543083.0
734.6433485920893 6859579.5
734.8805486135602 7182566.0
735.1179876974818 7311281.0
735.3556658438545 7831486.0
735.5935830526778 7986385.5
735.8317393239522 8023682.5
736.0701346576775 7677823.0
736.3087690538534 6734620.5
736.5476425124806 6784730.5
736.7867550335584 6627575.5
737.0261066170873 6503089.5
737.265697263067 6567220.0
737.5055269714976 7360619.0
737.745595742379 8735238.0
737.9859035757114 11098712.0
738.2264504714947 14930740.0
738.4672364297288 20050860.0
738.7082614504138 27709902.0
738.9495255335498 37326336.0
739.1910286791365 50752884.0
739.4327708871742 66220100.0
739.6747521576629 85584410.0
739.9169724906022 101974510.0
740.1594318859927 112228230.0
740.4021303438338 114849910.0
740.6450678641261 107498270.0
740.8882444468691 89368210.0
741.131660092063 67706380.0
741.3753147997079 47049330.0
741.6192085698036 31837156.0
741.8633414023502 23059870.0
742.1077132973477 16665995.0
742.352324254796 12234414.0
742.5971742746954 9918538.0
742.8422633570456 8040644.5
743.0875915018465 6703142.5
743.3331587090985 5942940.0
743.5789649788013 5772805.0
743.8250103109551 5145688.0
744.0712947055597 3688812.2
744.3178181626151 2839058.8
744.5645806821216 2343858.2
744.8115822640789 1926905.1
745.058822908487 2035649.8
745.3063026153461 2461620.5
745.554021384656 2775943.5
745.801979216417 2745709.5
746.0501761106286 2700516.0
746.2986120672912 3394179.8
746.5472870864048 3861442.8
746.7962011679691 3544837.8
747.0453543119845 3596419.5
747.2947465184507 3914757.8
747.5443777873677 3363124.5
747.7942481187357 3355227.8
748.0443575125546 2860146.0
748.2947059688242 2548026.5
748.545293487545 2340889.2
748.7961200687164 2141462.8
749.0471857123389 2235555.5
749.2984904184123 2362098.0
749.5500341869365 2072878.0
749.8018170179115 2085342.0
750.0538389113375 2000831.5
750.3060998672144 1813448.9
750.558599885542 1926363.2
750.8113389663208 2015597.6
751.0643171095503 1968893.5
751.3175343152308 1949271.0
751.570990583362 2023728.5
751.8246859139442 2013234.5
752.0786203069773 2109477.0
752.3327937624614 2343560.2
752.5872062803962 2345451.5
752.841857860782 2849008.0
753.0967485036186 2767920.0
753.3518782089062 2616973.0
753.6072469766447 2466129.8
753.8628548068339 2717669.8
754.1187016994742 2705674.0
754.3747876545652 2893089.0
754.6311126721073 2897503.0
754.8876767521001 2690098.5
755.144479894544 2851651.5
755.4015220994386 2815327.8
755.6588033667842 2829866.2
755.9163236965807 2567624.5
756.1740830888281 2632171.2
756.4320815435262 2924346.2
756.6903190606754 3113537.5
756.9487956402754 3140497.0
757.2075112823263 2854629.8
757.4664659868281 2621732.5
757.7256597537807 2871324.5
757.9850925831844 3213542.0
758.2447644750388 3562691.0
758.5046754293442 3916496.5
758.7648254461004 3897963.8
759.0252145253075 3898909.5
759.2858426669656 4366461.0
759.5467098710745 4638713.0
759.8078161376343 4608241.5
760.069161466645 4884128.0
760.3307458581066 5038178.5
760.5925693120191 4849855.5
760.8546318283825 5098094.5
761.1169334071967 5483879.5
761.3794740484618 5223971.0
761.6422537521778 4122302.0
761.9052725183449 3896340.2
762.1685303469626 4242795.5
762.4320272380314 4514756.5
762.6957631915509 4248999.0
762.9597382075215 3839762.0
763.2239522859428 3596942.2
763.4884054268151 3440927.8
763.7530976301382 3404049.5
764.0180288959123 3883126.2
764.2831992241372 4156919.5
764.5486086148131 3993380.2
764.8142570679397 3718229.0
765.0801445835173 3776576.5
765.3462711615459 4286731.0
765.6126368020252 4962977.0
765.8792415049556 5466869.5
766.1460852703367 5951124.0
766.4131680981689 6818642.0
766.6804899884517 6667735.5
766.9480509411856 6894997.0
767.2158509563703 7144995.5
767.483890034006 6146604.5
767.7521681740925 5391973.0
768.0206853766299 4752214.0
768.2894416416182 4551401.5
768.5584369690574 4359416.0
768.8276713589474 4633570.0
769.0971448112883 4531306.0
769.3668573260802 4274380.0
769.636808903323 4677912.0
769.9069995430166 5007248.5
770.1774292451611 4805488.0
770.4480980097566 5034514.0
770.7190058368028 5851815.0
770.9901527263 6469404.0
771.2615386782481 7115300.5
771.5331636926471 8085634.5
771.805027769497 9238652.0
772.0771309087978 9505112.0
772.3494731105494 10506736.0
772.622054374752 12888612.0
772.8948747014053 14975541.0
773.1679340905096 18033188.0
773.4412325420649 19917378.0
773.714770056071 21800942.0
773.9885466325279 22908628.0
774.2625622714359 22418356.0
774.5368169727947 21879498.0
774.8113107366042 20408468.0
775.0860435628648 17194250.0
775.3610154515762 13205549.0
775.6362264027387 10568678.0
775.9116764163518 8253829.5
776.1873654924159 7345081.0
776.4632936309309 7046451.0
776.7394608318967 6674867.5
777.0158670953135 6365846.0
777.2925124211812 5641273.0
777.5693968094998 5540365.0
777.8465202602692 6536099.0
778.1238827734896 7280393.0
778.4014843491608 7499022.0
778.6793249872829 7519345.5
778.957404687856 8312755.0
779.23572345088 10437539.0
779.5142812763546 12155402.0
779.7930781642804 12989004.0
780.0721141146569 14583078.0
780.3513891274845 16697934.0
780.6309032027627 17827952.0
780.9106563404919 18827886.0
781.1906485406721 19281734.0
781.4708798033031 18744832.0
781.7513501283851 17303764.0
782.0320595159178 16093119.0
782.3130079659015 16086272.0
782.5941954783361 16570456.0
782.8756220532216 16520538.0
783.157287690558 16261658.0
783.4391923903453 15682310.0
783.7213361525834 14682456.0
784.0037189772725 13481591.0
784.2863408644123 12403378.0
784.5692018140032 12472011.0
784.8523018260448 13505259.0
785.1356409005374 13986176.0
785.419219037481 13492948.0
785.7030362368753 13403684.0
785.9870924987206 14712932.0
786.2713878230167 15048429.0
786.5559222097638 14561356.0
786.8406956589616 13872234.0
787.1257081706106 13825089.0
787.4109597447102 13112025.0
787.6964503812609 12743604.0
787.9821800802623 13355686.0
788.2681488417147 12679049.0
788.554356665618 13161210.0
788.8408035519722 14768500.0
789.1274895007773 14929415.0
789.4144145120331 15650750.0
789.70157858574 16103599.0
789.9889817218977 15593546.0
790.2766239205064 16642040.0
790.5645051815659 17965036.0
790.8526255050763 19121738.0
791.1409848910375 21427204.0
791.4295833394498 22777748.0
791.7184208503128 24410428.0
792.0074974236268 26569770.0
792.2968130593916 29048184.0
792.5863677576074 30479722.0
792.876161518274 31737156.0
793.1661943413915 34290540.0
793.45646622696 34309950.0
793.7469771749792 32859776.0
794.0377271854495 32124132.0
794.3287162583705 31531610.0
794.6199443937426 31567480.0
794.9114115915653 31718620.0
795.2031178518391 33185170.0
795.4950631745637 34751730.0
795.7872475597393 36133630.0
796.0796710073657 36337036.0
796.372333517443 38042024.0
796.6652350899712 38157390.0
796.9583757249504 38950200.0
797.2517554223803 41021764.0
797.5453741822612 44737656.0
797.839232004593 47168896.0
798.1333288893755 49866260.0
798.4276648366092 53809760.0
798.7222398462935 57494696.0
799.0170539184289 60828804.0
799.3121070530151 65513856.0
799.6073992500523 66572584.0
799.9029305095402 68547360.0
800.1987008314792 67677730.0
800.4947102158688 65803844.0
800.7909586627096 66550580.0
801.0874461720011 68668350.0
801.3841727437435 68607160.0
801.6811383779369 67835320.0
801.9783430745811 68997010.0
802.2757868336762 68342970.0
802.5734696552222 64885844.0
802.8713915392192 58109160.0
803.1695524856669 54995660.0
803.4679524945657 54304616.0
803.7665915659152 53923630.0
804.0654696997157 53162810.0
804.364586895967 52368596.0
804.6639431546693 54135620.0
804.9635384758224 56458730.0
805.2633728594265 57585656.0
805.5634463054813 59558676.0
805.863758813987 59863776.0
806.1643103849437 61489700.0
806.4651010183513 63686650.0
806.7661307142098 63586810.0
807.0673994725191 63148320.0
807.3689072932794 63961424.0
807.6706541764905 65993356.0
807.9726401221526 67440370.0
808.2748651302655 68446180.0
808.5773292008294 74673010.0
808.880032333844 83385260.0
809.1829745293097 91833960.0
809.4861557872262 106533610.0
809.7895761075936 126031190.0
810.0932354904118 145879250.0
810.3971339356808 167164140.0
810.701271443401 186941940.0
811.0056480135719 209347340.0
811.3102636461938 226178850.0
811.6151183412665 233270880.0
811.9202120987901 237552500.0
812.2255449187645 239361460.0
812.5311168011899 230120930.0
812.8369277460662 207476140.0
813.1429777533934 183772080.0
813.4492668231715 162304980.0
813.7557949554005 150089700.0
814.0625621500802 140983760.0
814.3695684072109 126747210.0
814.6768137267925 114809380.0
814.984298108825 105596550.0
815.2920215533085 99878800.0
815.5999840602427 95062850.0
815.908185629628 90234650.0
816.216626261464 82120010.0
816.5253059557509 74433330.0
816.8342247124888 68117570.0
817.1433825316776 61820420.0
817.4527794133171 54397216.0
817.7624153574077 49153376.0
818.072290363949 43845776.0
818.3824044329415 41146970.0
818.6927575643846 40605970.0
819.0033497582787 41846216.0
819.3141810146236 44383740.0
819.6252513334194 49011600.0
819.9365607146663 52667260.0
820.2481091583638 56444940.0
820.5598966645124 62417040.0
820.8719232331118 71184504.0
821.1841888641621 79629570.0
821.4966935576633 89382020.0
821.8094373136155 101966340.0
822.1224201320184 117974980.0
822.4356420128723 135532500.0
822.749102956177 155870020.0
823.0628029619327 178966740.0
823.3767420301392 205743970.0
823.6909201607966 230857620.0
824.005337353905 253229570.0
824.3199936094642 279483230.0
824.6348889274743 301554050.0
824.9500233079352 312217500.0
825.2653967508472 305688220.0
825.5810092562099 284463840.0
825.8968608240236 251133380.0
826.2129514542881 207477630.0
826.5292811470036 158898020.0
826.8458499021699 116356540.0
827.1626577197871 84421390.0
827.4797045998553 63491120.0
827.7969905423743 48823444.0
828.1145155473441 39437856.0
828.4322796147649 31805310.0
828.7502827446367 26034460.0
829.0685249369592 20753508.0
829.3870061917327 17521034.0
829.705726508957 16135136.0
830.0246858886322 14473965.0
830.3438843307583 12755076.0
830.6633218353354 11093216.0
830.9829984023633 9845188.0
831.3029140318422 9037896.0
831.6230687237718 8443606.0
831.9434624781525 8101642.5
832.2640952949838 7964820.5
832.5849671742662 8305797.0
832.9060781159994 8816916.0
833.2274281201835 9352097.0
833.5490171868187 9972698.0
833.8708453159045 9984245.0
834.1929125074414 9895941.0
834.515218761429 9975976.0
834.8377640778676 9630861.0
835.160548456757 9958664.0
835.4835718980975 11097860.0
835.8068344018886 11791878.0
836.1303359681309 12218746.0
836.4540765968239 13563111.0
836.778056287968 14565609.0
837.1022750415626 14829080.0
837.4267328576084 15822190.0
837.7514297361049 17183368.0
838.0763656770524 18199982.0
838.4015406804508 18757088.0
838.7269547463001 17905106.0
839.0526078746003 18443918.0
839.3785000653513 20226670.0
839.7046313185533 19565382.0
840.0310016342061 19163036.0
840.3576110123099 20060556.0
840.6844594528644 19517604.0
841.01154695587 19905078.0
841.3388735213264 18891976.0
841.6664391492336 18658328.0
841.9942438395917 18698198.0
842.3222875924008 19814352.0
842.6505704076608 21408998.0
842.9790922853716 22023078.0
843.3078532255333 22012242.0
843.636853228146 22381858.0
843.9660922932096 22395540.0
844.2955704207238 20684238.0
844.6252876106893 19535852.0
844.9552438631054 19432742.0
845.2854391779725 20158928.0
845.6158735552905 20307792.0
845.9465469950594 20836616.0
846.2774594972791 21268844.0
846.6086110619498 22043896.0
846.9400016890712 23893008.0
847.2716313786436 26336904.0
847.603500130667 29159944.0
847.9356079451411 31693124.0
848.2679548220663 36924936.0
848.6005407614422 41212216.0
848.9333657632692 44945950.0
849.2664298275467 47723520.0
849.5997329542755 50093656.0
849.933275143455 52444356.0
850.2670563950855 55158984.0
850.6010767091668 56820144.0
850.935336085699 57133490.0
851.2698345246821 56973700.0
851.6045720261161 55342904.0
851.939548590001 53047116.0
852.2747642163367 51162300.0
852.6102189051235 48780016.0
852.9459126563609 45190180.0
853.2818454700493 42684050.0
853.6180173461887 38560360.0
853.9544282847789 33471732.0
854.29107828582 28786410.0
854.627967349312 27558820.0
854.9650954752549 27547290.0
855.3024626636488 26319918.0
855.6400689144934 27211048.0
855.9779142277889 29812530.0
856.3159986035355 31295058.0
856.6543220417327 32376142.0
856.992884542381 34511796.0
857.33168610548 35750504.0
857.6707267310301 38015670.0
858.010006419031 40028250.0
858.3495251694828 42861196.0
858.6892829823855 46934004.0
859.0292798577391 50530010.0
859.3695157955435 52578850.0
859.709990795799 56090156.0
860.0507048585051 61131684.0
860.3916579836623 64594280.0
860.7328501712702 67221930.0
861.0742814213293 68539016.0
861.415951733839 73477920.0
861.7578611087997 77023340.0
862.1000095462114 77431700.0
862.4423970460737 78029810.0
862.7850236083872 76398050.0
863.1278892331513 73434870.0
863.4709939203666 68863450.0
863.8143376700325 61883244.0
864.1579204821496 54151330.0
864.5017423567174 46397616.0
864.845803293736 39573150.0
865.1901032932057 34360084.0
865.5346423551262 28663442.0
865.8794204794975 25007738.0
866.2244376663198 23428208.0
866.569693915593 23223964.0
866.9151892273169 25485940.0
867.2609236014919 26982896.0
867.6068970381177 28453020.0
867.9531095371945 30971684.0
868.299561098722 33826116.0
868.6462517227006 37232350.0
868.9931814091299 43115476.0
869.3403501580103 47294450.0
869.6877579693414 51697620.0
870.0354048431236 55136310.0
870.3832907793565 58498104.0
870.7314157780402 60602316.0
871.079779839175 63154956.0
871.4283829627606 66662244.0
871.7772251487971 71226450.0
872.1263063972845 75933060.0
872.4756267082229 81624430.0
872.825186081612 83527890.0
873.1749845174521 82090456.0
873.525022015743 77451816.0
873.875298576485 71847096.0
874.2258141996776 63872380.0
874.5765688853213 52951450.0
874.9275626334158 44948956.0
875.2787954439613 41355464.0
875.6302673169575 41318170.0
875.9819782524048 41819892.0
876.3339282503027 41795776.0
876.6861173106518 41592772.0
877.0385454334516 41993480.0
877.3912126187024 40878504.0
877.744118866404 39565330.0
878.0972641765566 39018988.0
878.45064854916 36510596.0
878.8042719842143 32546138.0
879.1581344817196 27696432.0
879.5122360416756 22814960.0
879.8665766640827 19344086.0
880.2211563489404 16971560.0
880.5759750962493 16099685.0
880.9310329060089 15980295.0
881.2863297782194 16546644.0
881.6418657128809 17224210.0
881.9976407099932 16954716.0
882.3536547695564 16863188.0
882.7099078915705 17198672.0
883.0664000760355 18172150.0
883.4231313229513 17575696.0
883.7801016323183 17312970.0
884.1373110041359 18206096.0
884.4947594384045 18426016.0
884.8524469351239 18796542.0
885.2103734942943 17812928.0
885.5685391159154 16812334.0
885.9269437999875 16722339.0
886.2855875465107 16100674.0
886.6444703554844 16167461.0
887.0035922269093 16202701.0
887.3629531607849 15017039.0
887.7225531571116 15528779.0
888.082392215889 15957420.0
888.4424703371174 16548270.0
888.8027875207965 16520128.0
889.1633437669268 17701708.0
889.5241390755077 18284256.0
889.8851734465397 20065768.0
890.2464468800224 21689472.0
890.6079593759562 24408130.0
890.9697109343408 27261520.0
891.3317015551763 30052350.0
891.6939312384626 33846090.0
892.0563999841997 36270230.0
892.419107792388 38241236.0
892.7820546630269 43083924.0
893.145240596117 46510630.0
893.5086655916577 49321456.0
893.8723296496495 53193880.0
894.2362327700921 54810320.0
894.6003749529856 55285416.0
894.96475619833 60846150.0
895.3293765061252 64094564.0
895.6942358763713 68255440.0
896.0593343090684 70622460.0
896.4246718042164 73378480.0
896.7902483618151 73716264.0
897.1560639818649 73731130.0
897.5221186643654 72935140.0
897.888412409317 66927936.0
898.2549452167193 57945144.0
898.6217170865726 47875836.0
898.9887280188768 36153188.0
899.3559780136319 27543878.0
899.7234670708378 22419502.0
900.0911951904947 18069142.0
900.4591623726023 14732595.0
900.827368617161 12692155.0
901.1958139241705 10915636.0
901.5644982936308 11081795.0
901.9334217255422 12098150.0
902.3025842199042 12008630.0
902.6719857767174 11122300.0
903.0416263959813 11385691.0
903.4115060776962 11516644.0
903.7816248218619 11683165.0
904.1519826284787 12322535.0
904.5225794975461 11510074.0
904.8934154290646 11436666.0
905.2644904230337 10783925.0
905.635804479454 10208708.0
906.0073575983251 10369056.0
906.3791497796472 10138142.0
906.7511810234199 10218095.0
907.1234513296438 10217036.0
907.4959606983184 10033032.0
907.8687091294438 9916719.0
908.2416966230203 9362802.0
908.6149231790475 9012690.0
908.9883887975259 9003576.0
909.3620934784549 8649862.0
909.736037221835 8344630.0
910.1102200276657 7854134.5
910.4846418959476 7624499.5
910.8593028266802 8069875.0
911.2342028198638 8568824.0
911.6093418754981 8759872.0
911.9847199935836 8258529.5
912.3603371741196 8540201.0
912.7361934171067 8845378.0
913.1122887225448 8992390.0
913.4886230904336 9084860.0
913.8651965207735 8858768.0
914.242009013564 9897783.0
914.6190605688057 11252172.0
914.996351186498 12460846.0
915.3738808666415 13679020.0
915.7516496092356 14123812.0
916.1296574142808 13046972.0
916.5079042817767 13123725.0
916.8863902117237 12894611.0
917.2651152041215 14417288.0
917.6440792589702 16223898.0
918.0232823762697 15727016.0
918.4027245560201 14542470.0
918.7824057982216 14184996.0
919.1623261028737 13457036.0
919.542485469977 12445524.0
919.9228838995309 11468902.0
920.3035213915359 11803482.0
920.6843979459916 12140591.0
921.0655135628983 11769349.0
921.446868242256 12596388.0
921.8284619840645 13622318.0
922.2102947883237 13908095.0
922.5923666550341 14614355.0
922.9746775841952 15448298.0
923.3572275758072 16212708.0
923.7400166298701 17063378.0
924.1230447463838 18689400.0
924.5063119253487 19267338.0
924.8898181667641 19301636.0
925.2735634706307 18933212.0
925.657547836948 18977948.0
926.0417712657163 18014028.0
926.4262337569354 17299312.0
926.8109353106056 16977488.0
927.1958759267263 16520224.0
927.5810556052983 14455232.0
927.966474346321 14405384.0
928.3521321497947 14185941.0
928.7380290157191 14501681.0
929.1241649440944 14387082.0
929.5105399349206 14089965.0
929.8971539881978 14000099.0
930.2840071039259 13562844.0
930.6710992821048 12743761.0
931.0584305227347 11383568.0
931.4460008258154 10420454.0
931.8338101913471 10839245.0
932.2218586193296 10915220.0
932.610146109763 9453897.0
932.9986726626472 7519242.5
933.3874382779825 5557774.5
933.7764429557685 4555488.5
934.1656866960054 3885486.2
934.5551694986933 3209965.0
934.9448913638321 3098416.2
935.3348522914216 3321160.0
935.7250522814621 2796788.5
936.1154913339535 2910124.5
936.5061694488959 3069076.5
936.8970866262891 3032233.0
937.288242866133 3161775.2
937.6796381684281 3079671.5
938.0712725331739 3231092.2
938.4631459603708 3688224.8
938.8552584500184 3633836.5
939.247610002117 3752844.8
939.6402006166663 4361846.0
940.0330302936667 4465143.0
940.4260990331178 4295299.5
940.8194068350199 4326905.5
941.212953699373 4967581.5
941.6067396261767 5342085.0
942.0007646154315 5411115.0
942.3950286671371 5040702.0
942.7895317812938 4665954.5
943.184273957901 4273306.0
943.5792551969595 4065823.8
943.9744754984687 3823457.5
944.3699348624289 3936626.0
944.7656332888398 3962388.0
945.1615707777016 3647628.8
945.5577473290144 3382065.5
945.9541629427781 3244602.2
946.3508176189927 3417176.5
946.7477113576581 3381369.8
947.1448441587745 3434542.0
947.5422160223416 3909047.5
947.9398269483597 4318488.0
948.3376769368288 4192052.0
948.7357659877487 4655356.0
949.1340941011194 4712086.0
949.5326612769411 4620588.0
949.9314675152136 5265125.0
950.3305128159373 5463038.0
950.7297971791115 5672991.0
951.1293206047367 5444086.0
951.5290830928128 5710777.0
951.9290846433399 6137278.0
952.3293252563178 6277619.5
952.7298049317465 6293044.0
953.1305236696262 6219644.5
953.5314814699568 6832119.0
953.9326783327383 7102470.5
954.3341142579707 5836651.0
954.7357892456539 5595068.0
955.137703295788 5813412.5
955.5398564083731 5352582.5
955.942248583409 5404326.0
956.3448798208958 5128856.0
956.7477501208334 4987416.0
957.1508594832221 5068375.0
957.5542079080615 4891462.5
957.9577953953519 4142722.2
958.3616219450932 4254843.5
958.7656875572852 4022043.5
959.1699922319283 3910754.0
959.5745359690222 4236675.0
959.979318768567 5200574.5
960.3843406305627 4841287.5
960.7896015550094 4253442.0
961.1951015419069 4342685.5
961.6008405912553 4728555.5
962.0068187030545 4793304.0
962.4130358773048 5287689.0
962.8194921140057 5348662.5
963.2261874131577 5664021.0
963.6331217747605 6104373.0
964.0402951988142 6120305.5
964.4477076853188 6257557.5
964.8553592342744 6492499.5
965.2632498456808 6067699.5
965.671379519538 6261549.5
966.0797482558462 6069784.5
966.4883560546052 6222792.5
966.8972029158153 5811130.5
967.3062888394761 5591867.0
967.7156138255879 4825172.0
968.1251778741505 4146196.2
968.534980985164 3908777.0
968.9450231586284 3924613.5
969.3553043945437 3698553.5
969.7658246929099 3254361.5
970.1765840537269 3006231.0
970.5875824769948 2876590.0
970.9988199627137 3041674.0
971.4102965108834 3172936.5
971.822012121504 3564631.5
972.2339667945757 3621298.0
972.6461605300981 3920137.2
973.0585933280714 4374814.5
973.4712651884955 4511642.0
973.8841761113707 4408157.5
974.2973260966967 5113761.5
974.7107151444736 4794509.5
975.1243432547012 5125744.0
975.5382104273799 5265610.0
975.9523166625095 6399603.0
976.3666619600898 7745603.0
976.7812463201212 7344637.5
977.1960697426034 6705956.0
977.6111322275365 7594705.0
978.0264337749204 8099027.5
978.4419743847554 8071077.0
978.8577540570411 8449589.0
979.2737727917779 8422090.0
979.6900305889653 8209472.5
980.1065274486039 6787912.0
980.523263370693 6437139.0
980.9402383552333 6402249.0
981.3574524022245 6779679.5
981.7749055116664 6805008.0
982.1925976835594 6690168.0
982.6105289179031 6950544.0
983.0286992146978 7279031.0
983.4471085739433 8497559.0
983.8657569956398 9717238.0
984.2846444797872 10244560.0
984.7037710263854 10953764.0
985.1231366354345 11109651.0
985.5427413069345 10747214.0
985.9625850408854 12007119.0
986.3826678372873 12111598.0
986.8029896961399 11831238.0
987.2235506174435 11994461.0
987.6443506011979 11540104.0
988.0653896474032 11174761.0
988.4866677560595 11032571.0
988.9081849271665 9934844.0
989.3299411607247 9935429.0
989.7519364567336 9466698.0
990.1741708151934 8703824.0
990.5966442361041 8843020.0
991.0193567194657 9121151.0
991.4423082652781 8425920.0
991.8654988735416 7744523.0
992.2889285442558 8344764.0
992.712597277421 8004266.0
993.1365050730369 6769925.5
993.5606519311038 6796774.5
993.9850378516217 7069670.0
994.4096628345903 7676777.0
994.83452688001 8134840.5
995.2596299878804 7879329.5
995.6849721582018 8741313.0
996.110553390974 9210472.0
996.5363736861973 9326317.0
996.9624330438713 9613042.0
997.3887314639962 10520275.0
997.8152689465721 10657994.0
998.2420454915989 9504685.0
998.6690610990764 9342568.0
999.0963157690048 9340768.0
999.5238095013843 8792679.0
999.9515422962145 8572288.0
1000.3795141534958 8323057.5
1000.8077250732279 8082506.0
1001.2361750554107 7756010.5
1001.6648641000446 6682361.0
1002.0937922071294 6071383.0
1002.522959376665 5507730.5
1002.9523656086515 5399457.5
1003.3820109030889 5271639.0
1003.8118952599773 4938003.5
1004.2420186793163 5391420.0
1004.6723811611065 5700383.0
1005.1029827053474 6328120.0
1005.5338233120393 7770998.0
1005.9649029811819 8873826.0
1006.3962217127755 9037476.0
1006.8277795068202 10547789.0
1007.2595763633155 12293025.0
1007.6916122822619 13686040.0
1008.1238872636591 14186195.0
1008.5564013075071 15886681.0
1008.9891544138061 17469380.0
1009.422146582556 18398204.0
1009.8553778137567 19600438.0
1010.2888481074084 19425028.0
1010.7225574635108 21037522.0
1011.1565058820644 22739500.0
1011.5906933630686 22596798.0
1012.0251199065237 21130948.0
1012.45978551243 18697812.0
1012.8946901807869 14661119.0
1013.3298339115948 12146785.0
1013.7652167048535 9132069.0
1014.2008385605632 7481920.0
1014.6366994787238 6641193.0
1015.0727994593352 5721792.5
1015.5091385023975 5652097.5
1015.9457166079108 5823900.5
1016.3825337758749 5351839.0
1016.8195900062899 5828389.5
1017.2568852991558 7041325.0
1017.6944196544725 8356380.5
1018.1321930722402 9016706.0
1018.5702055524587 10507272.0
1019.0084570951283 11036056.0
1019.4469477002485 10996290.0
1019.8856773678198 11938090.0
1020.3246460978419 13303869.0
1020.763853890315 14633721.0
1021.2033007452387 16288510.0
1021.6429866626136 17234282.0
1022.0829116424393 19192984.0
1022.5230756847159 17735656.0
1022.9634787894433 17028408.0
1023.4041209566217 16291484.0
1023.8450021862509 14208455.0
1024.286122478331 11968120.0
1024.727481832862 9731626.0
1025.1690802498438 7082755.5
1025.6109177292767 5097214.5
1026.0529942711605 4325873.0
1026.495309875495 3686586.5
1026.9378645422805 2646597.0
1027.380658271517 2030799.2
1027.823691063204 1871709.2
1028.2669629173424 1499394.9
1028.7104738339312 1644615.6
1029.1542238129714 1636699.9
1029.598212854462 1407131.4
1030.0424409584039 1385172.0
1030.4869081247964 1024952.4
1030.9316143536398 1269228.2
1031.376559644934 1317991.9
1031.8217439986793 1424551.9
1032.2671674148755 981690.9
1032.7128298935227 904130.06
1033.1587314346207 1262092.1
1033.6048720381693 1004100.7
1034.051251704169 954963.44
1034.4978704326197 1005559.6
1034.9447282235212 1107730.5
1035.3918250768736 1173046.6
1035.8391609926769 1461368.5
1036.286735970931 1242469.9
1036.734550011636 1035853.25
1037.182603114792 1035067.5
1037.6308952803988 931488.9
1038.0794265084567 935402.44
1038.5281967989652 1318662.4
1038.9772061519247 1379563.1
1039.426454567335 1439592.5
1039.8759420451966 1454433.2
1040.3256685855085 1141645.0
1040.7756341882716 1300174.0
1041.2258388534856 1217143.9
1041.6762825811506 1287670.2
1042.1269653712661 1401883.1
1042.577887223833 1553225.0
1043.0290481388504 1291775.2
1043.4804481163187 1437048.6
1043.9320871562381 1627767.5
1044.3839652586082 1328760.6
1044.8360824234294 1715952.8
1045.2884386507012 1606620.0
1045.7410339404241 1928542.0
1046.193868292598 1900282.6
1046.6469417072226 1654466.8
1047.1002541842981 1529653.2
1047.5538057238246 1722108.6
1048.0075963258018 1901303.0
1048.46162599023 1676819.8
1048.915894717109 1654561.4
1049.3704025064392 1693071.5
1049.82514935822 1953195.8
1050.2801352724516 1903601.0
1050.7353602491344 1766189.8
1051.1908242882678 1686429.4
1051.6465273898525 1700361.8
1052.1024695538877 1491520.0
1052.558650780374 1857217.0
1053.015071069311 1810899.8
1053.471730420699 1908395.6
1053.928628834538 2110982.8
1054.3857663108276 1946307.5
1054.8431428495683 1558539.5
1055.30075845076 1612353.1
1055.7586131144024 1707945.1
1056.2167068404956 2129685.0
1056.67503962904 2475406.2
1057.133611480035 2270051.8
1057.592422393481 1786284.5
1058.0514723693777 1787858.9
1058.5107614077258 2118773.0
1058.9702895085243 774406.4
1059.4300566717739 -1182281.1
1059.8900628974743 -2754578.8
1060.3503081856259 -4665444.0
1060.8107925362278 -6380075.5
1061.2715159492811 -8027652.5
1061.732478424785 -9747812.0
1062.1936799627401 -11112300.0
1062.6551205631458 -12936346.0
1063.1168002260026 -14851111.0
1063.57871895131 -16675531.0
1064.0408767390686 -18427762.0
1064.503273589278 -20143126.0
1064.965909501938 -22211202.0
1065.4287844770492 -24267208.0
1065.8918985146113 -26289342.0
1066.3552516146242 -28424140.0
1066.818843777088 -30100404.0
1067.2826750020029 0.0
1067.7467452893684 0.0
1068.211054639185 0.0
1068.6756030514523 0.0
1069.1403905261704 0.0
1069.6054170633397 0.0
1070.0706826629596 0.0
1070.5361873250306 0.0
1071.0019310495525 0.0
1071.4679138365252 0.0
1071.9341356859486 0.0
