string
description: px_shifted, calibration parameter: [ 1.19531225e-04 -2.30194563e-02  6.18194146e+02]
converted file:R_100ms_Fe_S3_x_1_48_binned_y back: data/dark_100msRZP-structure:___RZP_S3100msRoi:[0, 1040, 2048, 2048]
eV counts/s
618.1712462133476 1478239.0
618.1485853507007 1738759.5
618.1261635505048 1878148.1
618.1039808127597 1818079.4
618.0820371374655 1963062.0
618.0603325246223 1940930.2
618.0388669742298 1859523.0
618.0176404862883 1490476.0
617.9966530607976 1649703.8
617.9759046977579 1841693.5
617.955395397169 1837445.1
617.9351251590311 1795500.8
617.9150939833439 2105546.8
617.8953018701078 2217200.8
617.8757488193226 2115011.5
617.8564348309881 1923906.0
617.8373599051046 1627028.2
617.8185240416719 1680579.0
617.7999272406903 1952384.8
617.7815695021593 2198674.0
617.7634508260794 2232267.5
617.7455712124504 2172134.8
617.7279306612722 2339920.0
617.7105291725449 2131910.0
617.6933667462686 2043509.4
617.676443382443 1797190.0
617.6597590810685 1577578.0
617.6433138421447 1964564.4
617.6271076656718 1873053.9
617.6111405516499 2009579.4
617.5954125000789 2028618.0
617.5799235109587 1733805.2
617.5646735842894 1407807.2
617.5496627200711 1645365.1
617.5348909183035 2225197.0
617.520358178987 2863748.5
617.5060645021213 2782286.5
617.4920098877064 2686929.8
617.4781943357425 2484007.0
617.4646178462295 2545277.0
617.4512804191673 2497838.0
617.4381820545561 2352719.0
617.4253227523957 2306818.2
617.4127025126862 2055844.4
617.4003213354276 2098631.0
617.3881792206199 1957738.2
617.3762761682632 2056006.0
617.3646121783572 1762757.0
617.3531872509022 1688074.2
617.342001385898 2073912.8
617.3310545833449 1963883.9
617.3203468432424 1858375.8
617.309878165591 1658110.0
617.2996485503904 1385453.0
617.2896579976408 1801723.5
617.2799065073419 2136682.8
617.270394079494 2478886.0
617.261120714097 2271167.0
617.2520864111508 2752142.8
617.2432911706557 2962447.5
617.2347349926113 2393818.2
617.2264178770179 2867781.2
617.2183398238752 2745702.2
617.2105008331837 2893267.8
617.2029009049428 2975538.8
617.195540039153 2502431.2
617.188418235814 2037748.6
617.1815354949258 2167780.8
617.1748918164886 2587771.5
617.1684872005023 2629717.5
617.1623216469668 2763773.0
617.1563951558823 2548361.2
617.1507077272486 2454674.0
617.1452593610658 2994817.5
617.140050057334 3161177.0
617.1350798160529 3593266.0
617.1303486372229 3845662.0
617.1258565208436 3817817.8
617.1216034669154 4017597.0
617.1175894754379 4200027.0
617.1138145464114 3967797.0
617.1102786798357 3629200.0
617.106981875711 3161594.5
617.1039241340371 3151692.2
617.1011054548142 3561561.2
617.0985258380421 3539825.2
617.0961852837207 3447945.5
617.0940837918505 2832740.2
617.092221362431 3249589.5
617.0905979954625 3324761.2
617.0892136909449 3462514.8
617.0880684488782 3494660.0
617.0871622692623 4291939.5
617.0864951520974 5116223.0
617.0860670973833 5745087.0
617.0858781051202 5795764.5
617.0859281753078 6485545.0
617.0862173079464 6120766.0
617.0867455030359 4929917.5
617.0875127605763 3932878.8
617.0885190805675 2467197.0
617.0897644630096 1860671.5
617.0912489079027 1515542.5
617.0929724152465 1369087.2
617.0949349850415 1533377.4
617.0971366172871 1528946.8
617.0995773119838 1989293.2
617.1022570691313 1493484.8
617.1051758887297 1356915.1
617.1083337707789 1637273.1
617.1117307152791 1800975.8
617.1153667222302 1504174.5
617.1192417916321 2161703.2
617.123355923485 2398973.2
617.1277091177888 2432401.8
617.1323013745433 2772866.0
617.1371326937488 3118925.0
617.1422030754052 4051288.5
617.1475125195125 4062104.8
617.1530610260706 3504633.0
617.1588485950797 4045225.5
617.1648752265397 5449107.0
617.1711409204505 5754200.5
617.1776456768123 5236276.0
617.1843894956249 5406005.0
617.1913723768885 6051997.0
617.1985943206029 5580434.0
617.2060553267681 5387093.0
617.2137553953843 5540016.0
617.2216945264513 4462913.0
617.2298727199694 3883967.8
617.2382899759382 3400724.0
617.246946294358 2730922.5
617.2558416752286 1912391.5
617.2649761185502 1185616.5
617.2743496243226 780453.2
617.2839621925459 984628.9
617.29381382322 971101.75
617.3039045163453 1044806.3
617.3142342719211 922122.44
617.3248030899481 738864.25
617.3356109704258 872470.9
617.3466579133545 1062042.2
617.357943918734 811006.8
617.3694689865644 544945.7
617.3812331168458 782850.0
617.3932363095779 834632.5
617.4054785647611 594634.56
617.417959882395 736349.0
617.43068026248 1071887.8
617.4436397050157 956488.2
617.4568382100024 768067.75
617.47027577744 990237.1
617.4839524073284 1588176.8
617.4978680996677 2225093.8
617.512022854458 3329630.5
617.526416671699 4499587.0
617.5410495513911 6031044.5
617.555921493534 6215773.0
617.5710324981277 6258882.5
617.5863825651725 5532903.0
617.601971694668 4735298.0
617.6177998866144 3716434.8
617.6338671410118 3127853.5
617.6501734578601 2730579.5
617.6667188371591 2944323.5
617.6835032789093 3454789.8
617.70052678311 3615734.5
617.7177893497619 3689777.0
617.7352909788646 3538204.8
617.7530316704182 3474368.0
617.7710114244226 3752926.5
617.7892302408779 3969969.5
617.8076881197842 3322375.2
617.8263850611413 3944632.5
617.8453210649494 4602218.0
617.8644961312083 5787980.0
617.8839102599181 7769507.0
617.9035634510788 10357438.0
617.9234557046905 11650371.0
617.9435870207528 12331790.0
617.9639573992663 12438274.0
617.9845668402305 11242780.0
618.0054153436457 10233681.0
618.0265029095117 8269557.0
618.0478295378288 6062747.5
618.0693952285965 4060736.5
618.0911999818152 3423959.0
618.1132437974848 2679690.5
618.1355266756052 2217191.8
618.1580486161766 1840682.8
618.180809619199 1763753.2
618.2038096846721 1424222.5
618.2270488125961 1123435.2
618.2505270029711 1070915.1
618.2742442557969 841499.1
618.2982005710737 799035.3
618.3223959488013 1173157.4
618.3468303889798 1007380.06
618.3715038916091 997047.0
618.3964164566895 765135.0
618.4215680842207 777264.3
618.4469587742026 866371.6
618.4725885266356 845004.44
618.4984573415195 1089199.2
618.5245652188543 1003644.44
618.5509121586398 1352271.5
618.5774981608764 1202730.5
618.6043232255638 1359183.5
618.6313873527021 1310646.0
618.6586905422912 1404780.8
618.6862327943314 1733524.2
618.7140141088223 2301773.5
618.7420344857642 3264309.0
618.7702939251569 4126495.0
618.7987924270005 5693318.0
618.827529991295 7760321.0
618.8565066180404 8442808.0
618.8857223072368 9553306.0
618.915177058884 8694141.0
618.944870872982 8066800.5
618.974803749531 7547218.0
619.004975688531 5411222.5
619.0353866899817 4224533.0
619.0660367538834 3343049.5
619.0969258802359 2878162.5
619.1280540690393 2834088.8
619.1594213202936 2216602.2
619.1910276339989 1996649.0
619.2228730101549 1947028.5
619.2549574487618 1512082.0
619.2872809498198 1269820.2
619.3198435133286 1159439.8
619.3526451392883 754289.4
619.3856858276988 610168.75
619.4189655785602 869916.0
619.4524843918725 796638.25
619.4862422676358 589323.0
619.5202392058499 757281.1
619.5544752065149 1226850.2
619.5889502696308 1473872.8
619.6236643951976 1101836.5
619.6586175832152 990506.9
619.6938098336839 1073199.1
619.7292411466033 1697461.0
619.7649115219735 2521159.0
619.8008209597948 3123694.5
619.8369694600669 3571562.8
619.8733570227901 5036833.5
619.9099836479638 5888276.0
619.9468493355887 5865648.0
619.9839540856643 6440062.0
620.0212978981909 6772035.5
620.0588807731684 6368840.5
620.0967027105968 4764390.5
620.134763710476 3536305.5
620.1730637728062 2591347.2
620.2116028975872 1937265.0
620.2503810848191 1484638.8
620.2893983345019 1426525.5
620.3286546466355 1104032.0
620.3681500212202 1197610.4
620.4078844582556 1032756.1
620.447857957742 844040.0
620.4880705196792 772429.6
620.5285221440674 1161078.1
620.5692128309064 1126327.9
620.6101425801965 829377.0
620.6513113919372 664724.1
620.692719266129 774225.75
620.7343662027715 697586.5
620.7762522018651 732838.8
620.8183772634094 845534.3
620.8607413874046 859408.6
620.9033445738509 566420.9
620.9461868227478 464642.78
620.9892681340958 532281.4
621.0325885078946 527159.1
621.0761479441444 792328.06
621.1199464428449 850402.9
621.1639840039965 897806.75
621.2082606275989 1063695.2
621.2527763136521 828378.25
621.2975310621563 785296.3
621.3425248731114 812079.7
621.3877577465173 883157.9
621.4332296823742 584310.25
621.478940680682 603956.3
621.5248907414405 870323.6
621.5710798646501 981709.7
621.6175080503104 1013074.75
621.6641752984218 857050.5
621.7110816089839 703723.9
621.758226981997 826700.25
621.8056114174609 891365.75
621.8532349153759 1061248.9
621.9010974757415 1060326.6
621.9491990985582 771548.25
621.9975397838257 1138642.1
622.0461195315442 1373150.5
622.0949383417135 1044373.1
622.1439962143336 1038390.06
622.1932931494047 1227325.2
622.2428291469266 1463201.0
622.2926042068996 1649624.8
622.3426183293233 2189875.0
622.392871514198 1765832.4
622.4433637615234 1366182.2
622.4940950713 1156670.8
622.5450654435272 1024645.7
622.5962748782055 751812.6
622.6477233753345 951162.8
622.6994109349146 1236224.2
622.7513375569454 1363354.0
622.8035032414273 1197514.5
622.8559079883598 1269763.0
622.9085517977434 1508754.5
622.9614346695778 1805973.8
623.0145566038631 1942474.8
623.0679176005993 1982468.0
623.1215176597865 2293680.5
623.1753567814245 2367553.0
623.2294349655133 2419141.5
623.2837522120532 2180556.5
623.3383085210438 1971321.2
623.3931038924854 2402066.2
623.4481383263778 3075321.2
623.5034118227212 3605171.5
623.5589243815153 4060026.5
623.6146760027606 4135110.5
623.6706666864566 4404110.5
623.7268964326033 4645234.0
623.7833652412012 5043416.0
623.8400731122499 4566184.5
623.8970200457495 3861756.0
623.9542060416999 3148515.5
624.0116311001013 2568215.5
624.0692952209534 2087765.1
624.1271984042567 1697883.6
624.1853406500106 2001079.8
624.2437219582156 1835789.0
624.3023423288714 1352091.2
624.3612017619781 1334121.8
624.4203002575357 1143132.0
624.4796378155443 1074033.1
624.5392144360035 1032019.9
624.5990301189137 1210936.0
624.659084864275 958700.94
624.7193786720869 1210375.2
624.7799115423499 1225902.4
624.8406834750637 1164611.0
624.9016944702284 1482199.4
624.962944527844 1242242.0
625.0244336479105 1120146.5
625.0861618304278 941982.9
625.1481290753961 929104.94
625.2103353828153 844426.8
625.2727807526853 848598.6
625.3354651850062 1118680.4
625.398388679778 1010551.9
625.4615512370008 1178047.2
625.5249528566744 1900869.0
625.5885935387989 1694651.1
625.6524732833743 2245787.5
625.7165920904006 2880912.0
625.7809499598777 2994232.0
625.8455468918058 3322045.0
625.9103828861847 3972225.0
625.9754579430146 3732074.0
626.0407720622953 3435511.2
626.106325244027 2853542.8
626.1721174882094 1984701.5
626.2381487948429 1833742.4
626.3044191639272 1596858.6
626.3709285954623 1504922.0
626.4376770894484 1550978.5
626.5046646458853 1237775.1
626.5718912647732 1360136.1
626.6393569461119 1455965.1
626.7070616899016 1258009.8
626.7750054961421 1048195.4
626.8431883648335 999251.56
626.9116102959758 1172400.2
626.980271289569 1255874.2
627.0491713456131 950169.1
627.1183104641082 1111789.0
627.1876886450539 814984.4
627.2573058884507 827756.9
627.3271621942984 830318.8
627.3972575625968 961826.3
627.4675919933463 1331313.0
627.5381654865465 1240549.2
627.6089780421978 1764482.6
627.6800296602999 1988133.1
627.7513203408529 1816729.4
627.8228500838567 2270439.5
627.8946188893116 2456129.0
627.9666267572171 2298748.5
628.0388736875738 1599672.2
628.1113596803812 1525825.2
628.1840847356395 1705485.2
628.2570488533487 1530444.8
628.3302520335087 1451480.6
628.4036942761198 1885452.8
628.4773755811816 1760836.9
628.5512959486945 1826131.1
628.6254553786581 1860567.5
628.6998538710727 2244574.0
628.7744914259381 2566981.0
628.8493680432545 2708634.5
628.9244837230217 2614033.2
628.9998384652398 2058051.4
629.0754322699088 1737989.4
629.1512651370288 1973944.2
629.2273370665995 2806659.5
629.3036480586212 3260505.0
629.3801981130938 3655359.0
629.4569872300171 3297268.0
629.5340154093916 2819947.0
629.6112826512167 2692399.0
629.6887889554929 2198962.8
629.7665343222199 1995177.5
629.8445187513979 1812531.1
629.9227422430266 1530622.0
630.0012047971064 1485819.4
630.0799064136369 1129948.6
630.1588470926184 1421886.8
630.2380268340507 1622233.6
630.317445637934 1816744.9
630.3971035042681 1777798.0
630.4770004330533 1857529.8
630.5571364242891 1751085.6
630.6375114779759 1404026.5
630.7181255941136 1410852.6
630.7989787727022 1275865.1
630.8800710137417 1338010.5
630.961402317232 1368674.9
631.0429726831734 1289536.5
631.1247821115654 1532799.5
631.2068306024086 1692868.2
631.2891181557025 1488425.2
631.3716447714473 1418328.0
631.454410449643 1118450.1
631.5374151902896 1042888.6
631.6206589933871 1039169.25
631.7041418589355 1270439.1
631.7878637869347 1195157.4
631.8718247773849 1529361.0
631.956024830286 1630936.1
632.0404639456378 1879236.0
632.1251421234408 2268202.2
632.2100593636944 2019954.5
632.2952156663991 1806232.2
632.3806110315546 1368786.0
632.4662454591611 1329059.9
632.5521189492183 1398158.9
632.6382315017265 1134728.9
632.7245831166855 1250926.5
632.8111737940956 1383641.4
632.8980035339563 1493281.9
632.985072336268 1398616.2
633.0723802010307 1185488.5
633.1599271282441 1236894.6
633.2477131179087 1926500.2
633.3357381700239 2090684.5
633.4240022845902 1859289.9
633.5125054616071 2187211.2
633.6012477010752 2047886.1
633.690229002994 1984695.0
633.7794493673638 1886947.8
633.8689087941844 1872153.2
633.958607283456 1986628.8
634.0485448351784 1891183.6
634.1387214493517 1855471.5
634.2291371259759 1627610.2
634.3197918650509 1670191.9
634.4106856665769 1456661.8
634.5018185305538 1478884.4
634.5931904569816 1130861.5
634.6848014458602 923095.0
634.7766514971898 1089111.0
634.8687406109701 969889.25
634.9610687872016 870574.3
635.0536360258837 1185545.8
635.1464423270169 970010.06
635.2394876906009 918032.5
635.3327721166357 851527.6
635.4262956051215 924912.25
635.5200581560582 980542.0
635.6140597694457 1216716.0
635.7083004452841 1169596.0
635.8027801835735 1023566.8
635.8974989843136 1164354.6
635.9924568475049 943199.5
636.0876537731468 756951.75
636.1830897612398 899904.6
636.2787648117835 886867.8
636.3746789247782 1384242.8
636.4708321002237 1376043.6
636.5672243381202 1227686.9
636.6638556384676 1485237.5
636.7607260012659 1611242.6
636.857835426515 1446782.6
636.9551839142149 1727793.0
637.0527714643658 1884889.2
637.1505980769675 1574235.5
637.2486637520203 1527176.0
637.3469684895239 1927506.1
637.4455122894784 1886621.9
637.5442951518837 1561312.0
637.64331707674 1294170.6
637.742578064047 1310624.1
637.8420781138052 1221792.2
637.941817226014 1070409.5
638.0417954006739 1262809.1
638.1420126377845 1529263.6
638.2424689373462 1760499.4
638.3431642993586 1615863.1
638.444098723822 1074020.9
638.5452722107362 889671.25
638.6466847601014 1073563.8
638.7483363719175 917529.6
638.8502270461844 825000.06
638.9523567829023 1105817.2
639.0547255820709 1341677.0
639.1573334436905 1018668.8
639.260180367761 1023986.4
639.3632663542825 1016619.75
639.4665914032546 1282537.6
639.5701555146778 1182486.1
639.6739586885519 1525117.5
639.7780009248769 1503233.2
639.8822822236526 1672470.1
639.9868025848793 1935553.2
640.091562008557 1868690.0
640.1965604946854 2137714.0
640.3017980432649 2562763.0
640.4072746542952 2798713.5
640.5129903277764 2509618.5
640.6189450637083 2178569.0
640.7251388620914 1820577.2
640.8315717229252 1660064.8
640.93824364621 1194384.8
641.0451546319456 1009083.06
641.1523046801321 1194789.2
641.2596937907695 1253306.8
641.3673219638578 1084205.0
641.4751891993969 1138036.0
641.583295497387 895141.2
641.691640857828 1187041.5
641.8002252807198 966095.25
641.9090487660626 1115425.1
642.0181113138563 1211979.2
642.1274129241008 1263178.6
642.2369535967962 1419569.0
642.3467333319426 1237368.0
642.4567521295397 1409261.1
642.5670099895879 1763676.8
642.6775069120868 1504995.1
642.7882428970366 1412291.2
642.8992179444374 1528038.1
643.010432054289 1505265.5
643.1218852265915 1287153.6
643.2335774613449 1400223.9
643.3455087585494 1158310.1
643.4576791182045 1162810.8
643.5700885403106 1111221.5
643.6827370248676 1202483.2
643.7956245718756 1267601.1
643.9087511813342 1482505.8
644.0221168532439 1294820.5
644.1357215876045 1024996.56
644.249565384416 960011.25
644.3636482436782 965715.9
644.4779701653915 977939.44
644.5925311495556 1191122.2
644.7073311961706 1315959.8
644.8223703052365 1011686.6
644.9376484767532 1235840.6
645.0531657107209 1545978.9
645.1689220071395 1379344.0
645.2849173660089 1212292.0
645.4011517873292 1081069.5
645.5176252711005 1091325.5
645.6343378173226 1295257.0
645.7512894259957 1326286.9
645.8684800971196 1293997.4
645.9859098306944 1267164.9
646.10357862672 1215439.5
646.2214864851966 1345556.2
646.3396334061241 1205794.6
646.4580193895024 1156411.8
646.5766444353317 1101450.1
646.6955085436118 1141029.0
646.8146117143428 1215229.8
646.9339539475247 903624.6
647.0535352431576 1150866.9
647.1733556012413 1319904.0
647.2934150217759 1425226.8
647.4137135047613 1228551.0
647.5342510501977 1385679.4
647.6550276580849 1286241.1
647.7760433284232 1144407.9
647.8972980612122 935745.25
648.018791856452 859039.3
648.1405247141429 1000058.9
648.2624966342845 1234548.6
648.3847076168772 1213472.6
648.5071576619206 1147685.8
648.629846769415 1079509.6
648.7527749393603 1300279.8
648.8759421717565 1146366.4
648.9993484666035 1289302.9
649.1229938239015 876636.56
649.2468782436503 834198.75
649.3710017258501 1197963.0
649.4953642705007 1453766.9
649.6199658776021 1287876.5
649.7448065471544 957901.8
649.8698862791578 598481.2
649.9952050736119 625963.8
650.120762930517 852294.9
650.2465598498729 1131036.5
650.3725958316797 1166061.9
650.4988708759375 1323858.9
650.6253849826461 1216940.0
650.7521381518056 1308988.1
650.879130383416 1383871.4
651.0063616774773 1472356.2
651.1338320339895 1265636.5
651.2615414529527 852704.0
651.3894899343666 1221820.5
651.5176774782313 1009780.25
651.6461040845472 1047305.6
651.7747697533138 1067678.2
651.9036744845314 681301.6
652.0328182781997 805009.3
652.162201134319 1076655.0
652.2918230528892 1229985.5
652.4216840339103 1284890.9
652.5517840773823 1100605.5
652.6821231833052 1523925.1
652.8127013516789 1472565.8
652.9435185825037 1278177.6
653.074574875779 1009677.0
653.2058702315056 1057108.0
653.3374046496829 1143896.5
653.469178130311 1073253.8
653.6011906733902 1046269.75
653.73344227892 897248.06
653.865932946901 965577.0
653.9986626773327 1023842.9
654.1316314702154 1086870.5
654.2648393255489 1212026.4
654.3982862433335 1314906.1
654.5319722235687 1137719.5
654.665897266255 1314402.8
654.8000613713921 1183630.9
654.9344645389801 995541.1
655.069106769019 937182.9
655.2039880615088 993460.06
655.3391084164494 1077978.6
655.4744678338409 1198665.9
655.6100663136834 1497696.0
655.7459038559767 1241070.4
655.881980460721 1154515.1
656.0182961279161 1155418.8
656.1548508575621 1307905.9
656.291644649659 1292250.8
656.4286775042068 1464807.6
656.5659494212055 1424889.9
656.7034604006551 1641694.4
656.8412104425555 1476560.8
656.9791995469069 1152497.5
657.117427713709 1339519.8
657.2558949429622 1389021.1
657.3946012346663 1656259.5
657.5335465888211 1506974.5
657.672731005427 1098913.8
657.8121544844836 1173077.8
657.9518170259913 1152383.2
658.0917186299497 1021255.1
658.2318592963591 1085843.2
658.3722390252193 1215662.2
658.5128578165305 929962.44
658.6537156702925 1091582.9
658.7948125865055 1208396.6
658.9361485651692 1354576.1
659.077723606284 1510704.5
659.2195377098495 1016421.6
659.361590875866 1185971.8
659.5038831043335 1216143.9
659.6464143952517 1280691.4
659.7891847486209 988529.7
659.9321941644408 1116075.9
660.0754426427119 1299613.5
660.2189301834336 971272.0
660.3626567866064 976704.4
660.50662245223 1240310.8
660.6508271803045 1183265.0
660.7952709708298 1229047.6
660.9399538238061 1106494.5
661.0848757392333 1058416.6
661.2300367171114 1307155.8
661.3754367574403 1233224.8
661.5210758602201 1207599.9
661.6669540254509 1284423.4
661.8130712531324 1389158.9
661.9594275432651 988337.75
662.1060228958484 907757.75
662.2528573108827 1010057.56
662.3999307883678 877440.94
662.5472433283039 942551.8
662.6947949306908 910991.8
662.8425855955288 931650.0
662.9906153228175 1093589.8
663.1388841125572 1206241.5
663.2873919647476 1075808.2
663.436138879389 1045583.9
663.5851248564813 1284356.8
663.7343498960245 1130953.0
663.8838139980186 1100165.6
664.0335171624636 1233168.8
664.1834593893594 950540.3
664.3336406787062 1010305.3
664.4840610305039 972918.7
664.6347204447524 971168.6
664.7856189214518 1031081.1
664.936756460602 855113.5
665.0881330622034 914543.2
665.2397487262554 932471.2
665.3916034527584 1067113.5
665.5436972417123 1141640.0
665.6960300931171 887909.75
665.8486020069727 965406.5
666.0014129832791 964275.94
666.1544630220367 1005149.4
666.3077521232449 1090785.6
666.4612802869042 824164.6
666.6150475130142 1099977.4
666.7690538015753 1004728.5
666.9232991525871 1136745.8
667.07778356605 1206238.9
667.2325070419636 1468618.6
667.3874695803282 1576475.2
667.5426711811436 1259800.8
667.69811184441 1150834.0
667.8537915701272 1031113.7
668.0097103582953 920093.8
668.1658682089143 909852.2
668.3222651219842 1156752.1
668.4789010975051 1329523.1
668.6357761354766 1219584.8
668.7928902358992 1106733.8
668.9502433987727 1251309.9
669.1078356240971 1066251.4
669.2656669118722 1027118.1
669.4237372620985 892809.4
669.5820466747754 1064316.0
669.7405951499034 1203539.5
669.8993826874821 1069539.0
670.0584092875117 1063953.9
670.2176749499924 796272.8
670.3771796749238 958120.0
670.5369234623063 932407.4
670.6969063121394 864286.6
670.8571282244236 932560.4
671.0175891991586 1032809.3
671.1782892363447 984905.6
671.3392283359814 982790.9
671.5004064980691 1062064.2
671.6618237226077 1017893.0
671.8234800095972 1264789.0
671.9853753590376 1476600.2
672.1475097709289 1243000.1
672.309883245271 1132762.5
672.472495782064 926977.25
672.635347381308 1017456.6
672.7984380430028 944986.0
672.9617677671484 947298.0
673.125336553745 1048655.4
673.2891444027925 868135.5
673.453191314291 919624.6
673.6174772882403 1230068.5
673.7820023246404 1209401.0
673.9467664234915 886633.0
674.1117695847934 1179710.2
674.2770118085463 1291935.8
674.4424930947499 1045064.25
674.6082134434046 1091065.9
674.7741728545101 941787.6
674.9403713280664 1215073.2
675.1068088640737 1414126.2
675.2734854625319 1402733.1
675.440401123441 1495184.5
675.6075558468009 1576422.6
675.7749496326118 1917923.6
675.9425824808735 1774318.2
676.1104543915861 1590559.4
676.2785653647496 1635062.0
676.4469154003641 1358822.2
676.6155044984293 1219105.5
676.7843326589456 1271684.8
676.9533998819127 1570807.4
677.1227061673306 1526950.8
677.2922515151995 1173405.5
677.4620359255191 975017.1
677.6320593982898 799321.1
677.8023219335114 870987.2
677.9728235311838 1084353.2
678.1435641913071 1322099.0
678.3145439138814 1091182.2
678.4857626989063 1142578.6
678.6572205463824 1257883.2
678.8289174563092 1050310.8
679.000853428687 1014408.8
679.1730284635156 1071142.6
679.3454425607953 1274976.8
679.5180957205256 1178566.0
679.690987942707 1406613.8
679.8641192273392 1341209.8
680.0374895744222 997662.5
680.2110989839563 1132644.9
680.3849474559411 1400073.8
680.559034990377 1444354.4
680.7333615872635 1352899.4
680.9079272466012 1310287.0
681.0827319683896 1493032.2
681.257775752629 1348034.8
681.4330585993191 1207491.1
681.6085805084602 854299.4
681.7843414800523 1107761.2
681.9603415140951 1124207.6
682.1365806105889 1052576.5
682.3130587695335 1019799.0
682.4897759909292 1051205.8
682.6667322747755 1361018.2
682.8439276210729 1191229.4
683.0213620298211 1038986.6
683.1990355010204 1204227.6
683.3769480346702 1015596.4
683.5550996307712 1207943.4
683.7334902893231 1209758.2
683.9121200103258 906750.4
684.0909887937793 1052925.2
684.2700966396839 1281538.4
684.4494435480391 1233007.8
684.6290295188454 1037151.4
684.8088545521025 1233808.4
684.9889186478105 1085788.4
685.1692218059694 1021781.4
685.3497640265792 883767.25
685.5305453096399 979373.25
685.7115656551515 1014724.5
685.8928250631141 1021932.9
686.0743235335274 1064516.1
686.2560610663917 1020124.06
686.4380376617067 1396195.8
686.6202533194729 1106711.0
686.8027080396897 1144312.6
686.9854018223576 1106048.2
687.1683346674763 1183891.2
687.351506575046 1438488.5
687.5349175450664 1329417.2
687.7185675775377 1322975.6
687.9024566724601 1197246.2
688.0865848298331 1108356.4
688.2709520496572 1151461.4
688.4555583319321 1132663.0
688.640403676658 1147759.8
688.8254880838347 1360721.0
689.0108115534624 1337161.9
689.1963740855408 1447923.1
689.3821756800703 1427099.5
689.5682163370506 1389327.6
689.7544960564818 1137987.1
689.9410148383638 1251857.6
690.1277726826967 1369824.8
690.3147695894805 1598746.1
690.5020055587153 1694894.5
690.689480590401 1518264.9
690.8771946845374 1656839.5
691.0651478411248 1573053.9
691.253340060163 1556114.9
691.4417713416524 1548143.1
691.6304416855924 1410156.2
691.8193510919834 1193651.4
692.0084995608252 1350463.9
692.197887092118 1580825.2
692.3875136858616 1266761.9
692.5773793420561 1437381.5
692.7674840607016 1346621.8
692.9578278417978 1205286.6
693.1484106853451 1282785.8
693.339232591343 1526614.8
693.5302935597921 1643831.2
693.7215935906919 1556673.5
693.9131326840427 1771785.5
694.1049108398444 1859149.5
694.2969280580969 1933984.4
694.4891843388003 2001987.2
694.6816796819547 1634808.9
694.8744140875599 1500350.6
695.067387555616 1610443.5
695.260600086123 1837412.5
695.4540516790809 1984421.0
695.6477423344896 1801609.4
695.8416720523492 1376382.4
696.0358408326598 1634899.5
696.2302486754212 2182373.2
696.4248955806336 2243547.5
696.6197815482967 2142866.2
696.814906578411 1946476.9
697.0102706709758 2184451.0
697.2058738259918 2080777.4
697.4017160434586 2281088.5
697.5977973233763 1921013.1
697.7941176657448 2012343.5
697.9906770705643 2129989.2
698.1874755378346 2210990.8
698.3845130675558 1845131.2
698.581789659728 2067890.6
698.779305314351 2492759.0
698.9770600314249 2482996.5
699.1750538109496 2256024.5
699.3732866529253 2410157.2
699.5717585573519 2187220.5
699.7704695242294 2264075.2
699.9694195535577 2615234.5
700.168608645337 2617477.2
700.3680367995671 2315025.2
700.5677040162482 2246079.0
700.7676102953801 2546341.5
700.9677556369629 2483090.0
701.1681400409966 3124575.2
701.368763507481 3059041.2
701.5696260364166 2961131.0
701.7707276278029 2482598.5
701.9720682816403 2172911.8
702.1736479979284 2167564.8
702.3754667766674 2283189.5
702.5775246178573 2345514.0
702.7798215214982 2275683.0
702.9823574875899 2236702.0
703.1851325161325 2801303.5
703.3881466071259 2759252.0
703.5913997605704 2358535.5
703.7948919764656 2274971.8
703.9986232548118 2484846.5
704.2025935956088 2596549.2
704.4068029988567 2571650.8
704.6112514645556 2689238.5
704.8159389927052 3023687.5
705.020865583306 3066326.0
705.2260312363574 2586710.2
705.4314359518598 2316548.8
705.6370797298131 2385457.0
705.8429625702173 2741545.5
706.0490844730723 2755573.0
706.2554454383783 2656261.5
706.4620454661351 2707857.2
706.6688845563428 3095583.8
706.8759627090014 3082078.0
707.0832799241109 3221400.2
707.2908362016714 3238199.0
707.4986315416826 3280514.8
707.7066659441448 3328976.5
707.9149394090579 3166865.2
708.1234519364218 3244851.0
708.3322035262366 3555578.5
708.5411941785025 3826983.8
708.750423893219 3791750.0
708.9598926703866 4065975.5
709.169600510005 4211915.5
709.3795474120743 4567579.5
709.5897333765945 4541652.5
709.8001584035657 4339327.0
710.0108224929876 4259324.5
710.2217256448604 4037367.5
710.4328678591842 4087424.8
710.6442491359588 4097792.8
710.8558694751844 4154405.2
711.0677288768608 4845878.5
711.2798273409882 6132529.0
711.4921648675663 6617959.0
711.7047414565955 7564059.5
711.9175571080754 9380624.0
712.1306118220064 10784484.0
712.343905598388 10874506.0
712.5574384372208 10413732.0
712.7712103385043 10428559.0
712.9852213022388 10123389.0
713.199471328424 9086583.0
713.4139604170601 7845644.5
713.6286885681474 8011683.0
713.8436557816852 8358958.0
714.0588620576742 8073236.0
714.274307396114 7997343.0
714.4899917970047 9063994.0
714.7059152603462 9237127.0
714.9220777861387 9081730.0
715.138479374382 9614504.0
715.3551200250763 10132819.0
715.5719997382214 10021511.0
715.7891185138174 10899326.0
716.0064763518642 11709470.0
716.224073252362 10903852.0
716.4419092153107 10478472.0
716.6599842407103 10821549.0
716.8782983285607 10282105.0
717.096851478862 9193266.0
717.3156436916144 8967806.0
717.5346749668174 9244188.0
717.7539453044715 8165886.0
717.9734547045764 6868262.5
718.1932031671322 5827664.0
718.4131906921389 5114770.0
718.6334172795965 4963508.5
718.853882929505 4793602.5
719.0745876418644 4465052.0
719.2955314166745 4157702.2
719.5167142539357 3997489.0
719.7381361536477 3878125.0
719.9597971158106 3862512.0
720.1816971404245 3765120.5
720.4038362274891 3968025.0
720.6262143770048 4048748.5
720.8488315889713 4408547.0
721.0716878633887 4851594.5
721.2947832002569 5680913.0
721.518117599576 6515616.0
721.741691061346 6928317.0
721.965503585567 7713705.0
722.1895551722389 9408147.0
722.4138458213616 11124240.0
722.6383755329352 11684922.0
722.8631443069596 12480214.0
723.0881521434351 13268681.0
723.3133990423613 13154191.0
723.5388850037385 13532620.0
723.7646100275665 12752354.0
723.9905741138455 11308048.0
724.2167772625753 10825659.0
724.4432194737561 11205872.0
724.6699007473876 11175444.0
724.8968210834703 10719278.0
725.1239804820036 11416874.0
725.3513789429879 13118640.0
725.579016466423 14570876.0
725.8068930523091 15065128.0
726.0350087006461 15342068.0
726.2633634114338 15976231.0
726.4919571846726 16088980.0
726.7207900203623 16462768.0
726.9498619185028 17205120.0
727.1791728790942 19309516.0
727.4087229021366 23005840.0
727.6385119876297 31075918.0
727.8685401355738 42547690.0
728.0988073459687 56905204.0
728.3293136188147 74799736.0
728.5600589541114 94178110.0
728.7910433518591 110019200.0
729.0222668120575 121101870.0
729.2537293347069 124861260.0
729.4854309198073 113988860.0
729.7173715673584 92998270.0
729.9495512773606 67497850.0
730.1819700498136 44788936.0
730.4146278847174 30646808.0
730.6475247820722 23843970.0
730.8806607418778 18097970.0
731.1140357641343 15498936.0
731.3476498488419 14197302.0
731.5815029960002 11822856.0
731.8155952056094 9803071.0
732.0499264776695 7827543.0
732.2844968121806 6891508.0
732.5193062091423 6198634.5
732.754354668555 5604255.0
732.9896421904187 5143876.0
733.2251687747333 4935148.0
733.4609344214988 5082588.5
733.6969391307151 5038004.0
733.9331829023823 5119229.0
734.1696657365004 5288482.5
734.4063876330695 5938432.0
734.6433485920893 6526649.0
734.8805486135602 7394754.0
735.1179876974818 8227946.0
735.3556658438545 8303732.0
735.5935830526778 7798814.0
735.8317393239522 7413729.5
736.0701346576775 7403790.0
736.3087690538534 6682547.5
736.5476425124806 6486100.0
736.7867550335584 6532259.0
737.0261066170873 6573209.5
737.265697263067 7386987.0
737.5055269714976 8440451.0
737.745595742379 9649683.0
737.9859035757114 11850109.0
738.2264504714947 15698555.0
738.4672364297288 21132030.0
738.7082614504138 28644082.0
738.9495255335498 39796984.0
739.1910286791365 55738136.0
739.4327708871742 71183780.0
739.6747521576629 88494020.0
739.9169724906022 102264780.0
740.1594318859927 107938360.0
740.4021303438338 104222550.0
740.6450678641261 91808500.0
740.8882444468691 70800090.0
741.131660092063 49789240.0
741.3753147997079 34405180.0
741.6192085698036 24408572.0
741.8633414023502 18747596.0
742.1077132973477 14510455.0
742.352324254796 12000909.0
742.5971742746954 10058516.0
742.8422633570456 8559368.0
743.0875915018465 7003713.0
743.3331587090985 6173512.5
743.5789649788013 5378366.0
743.8250103109551 4332508.0
744.0712947055597 3402776.5
744.3178181626151 2619906.8
744.5645806821216 2403949.0
744.8115822640789 2449620.2
745.058822908487 2388084.8
745.3063026153461 2257069.8
745.554021384656 2587436.5
745.801979216417 3267359.8
746.0501761106286 3858342.8
746.2986120672912 3796757.8
746.5472870864048 3850909.5
746.7962011679691 4033298.5
747.0453543119845 3710683.8
747.2947465184507 3211737.8
747.5443777873677 3137056.0
747.7942481187357 3117677.8
748.0443575125546 2575599.5
748.2947059688242 2544752.8
748.545293487545 2265875.5
748.7961200687164 2040958.1
749.0471857123389 2045037.6
749.2984904184123 1976722.0
749.5500341869365 1602632.2
749.8018170179115 1750168.6
750.0538389113375 2075283.9
750.3060998672144 1728528.2
750.558599885542 1640233.5
750.8113389663208 2096031.9
751.0643171095503 2143438.5
751.3175343152308 2302524.5
751.570990583362 2096387.0
751.8246859139442 2210750.2
752.0786203069773 1852701.8
752.3327937624614 1818778.2
752.5872062803962 1818550.2
752.841857860782 1833954.0
753.0967485036186 1888748.8
753.3518782089062 2280687.8
753.6072469766447 2466003.5
753.8628548068339 2664080.2
754.1187016994742 2880673.8
754.3747876545652 2640307.0
754.6311126721073 2417993.0
754.8876767521001 2282616.5
755.144479894544 2695757.5
755.4015220994386 2731137.2
755.6588033667842 2680770.5
755.9163236965807 2271024.8
756.1740830888281 2270336.2
756.4320815435262 2601716.0
756.6903190606754 2692319.8
756.9487956402754 2375492.2
757.2075112823263 2565554.8
757.4664659868281 2547504.0
757.7256597537807 3019599.8
757.9850925831844 3241240.2
758.2447644750388 3421323.0
758.5046754293442 3440020.5
758.7648254461004 3503591.0
759.0252145253075 4246023.0
759.2858426669656 4197043.5
759.5467098710745 4183737.0
759.8078161376343 4219838.5
760.069161466645 4845265.5
760.3307458581066 5078334.0
760.5925693120191 5245629.5
760.8546318283825 5095712.0
761.1169334071967 4650962.5
761.3794740484618 3927127.8
761.6422537521778 3873296.0
761.9052725183449 3861137.2
762.1685303469626 3538668.5
762.4320272380314 3764361.2
762.6957631915509 3325932.2
762.9597382075215 3608629.0
763.2239522859428 3915098.0
763.4884054268151 3970867.5
763.7530976301382 3625280.5
764.0180288959123 3748300.2
764.2831992241372 3676378.5
764.5486086148131 3364164.8
764.8142570679397 3432310.2
765.0801445835173 3829906.0
765.3462711615459 4280049.5
765.6126368020252 5246943.0
765.8792415049556 6314640.5
766.1460852703367 6724996.0
766.4131680981689 6691467.5
766.6804899884517 6566025.0
766.9480509411856 6345305.0
767.2158509563703 6089573.0
767.483890034006 6070614.5
767.7521681740925 5336396.0
768.0206853766299 4573055.5
768.2894416416182 4158267.0
768.5584369690574 4418705.5
768.8276713589474 4764850.0
769.0971448112883 5271562.5
769.3668573260802 4911929.5
769.636808903323 4524106.5
769.9069995430166 4984054.0
770.1774292451611 5639215.0
770.4480980097566 6152744.5
770.7190058368028 7056929.5
770.9901527263 7280514.0
771.2615386782481 7609361.0
771.5331636926471 8188244.5
771.805027769497 8881348.0
772.0771309087978 10020377.0
772.3494731105494 11652480.0
772.622054374752 14001666.0
772.8948747014053 15977840.0
773.1679340905096 18545664.0
773.4412325420649 20326182.0
773.714770056071 21417280.0
773.9885466325279 22895692.0
774.2625622714359 22262688.0
774.5368169727947 19935318.0
774.8113107366042 16380981.0
775.0860435628648 12689775.0
775.3610154515762 9821950.0
775.6362264027387 8519662.0
775.9116764163518 7130612.0
776.1873654924159 6458629.0
776.4632936309309 6407306.0
776.7394608318967 6059980.0
777.0158670953135 5914365.0
777.2925124211812 5826421.0
777.5693968094998 5593382.5
777.8465202602692 5884322.0
778.1238827734896 6216799.0
778.4014843491608 6480910.5
778.6793249872829 7589641.0
778.957404687856 9340149.0
779.23572345088 10726326.0
779.5142812763546 11582155.0
779.7930781642804 13050985.0
780.0721141146569 14823694.0
780.3513891274845 16599964.0
780.6309032027627 18283088.0
780.9106563404919 18119114.0
781.1906485406721 17850934.0
781.4708798033031 17497298.0
781.7513501283851 16486620.0
782.0320595159178 15376486.0
782.3130079659015 15072871.0
782.5941954783361 16360295.0
782.8756220532216 16251280.0
783.157287690558 15591132.0
783.4391923903453 14868148.0
783.7213361525834 13679735.0
784.0037189772725 12107860.0
784.2863408644123 10997755.0
784.5692018140032 11464672.0
784.8523018260448 13065706.0
785.1356409005374 14137504.0
785.419219037481 14075121.0
785.7030362368753 14020496.0
785.9870924987206 14461884.0
786.2713878230167 14308142.0
786.5559222097638 14156490.0
786.8406956589616 13639548.0
787.1257081706106 12888594.0
787.4109597447102 12661744.0
787.6964503812609 12733069.0
787.9821800802623 13246726.0
788.2681488417147 13597809.0
788.554356665618 13594856.0
788.8408035519722 14511910.0
789.1274895007773 15561108.0
789.4144145120331 16376782.0
789.70157858574 16733370.0
789.9889817218977 16605554.0
790.2766239205064 17218436.0
790.5645051815659 17952024.0
790.8526255050763 18450296.0
791.1409848910375 20227394.0
791.4295833394498 23312178.0
791.7184208503128 25945390.0
792.0074974236268 28423720.0
792.2968130593916 30325870.0
792.5863677576074 31070564.0
792.876161518274 32948822.0
793.1661943413915 32886750.0
793.45646622696 31769096.0
793.7469771749792 30781540.0
794.0377271854495 31032124.0
794.3287162583705 31089740.0
794.6199443937426 31386128.0
794.9114115915653 31625978.0
795.2031178518391 31681322.0
795.4950631745637 31933492.0
795.7872475597393 33986950.0
796.0796710073657 34550224.0
796.372333517443 34250024.0
796.6652350899712 36779304.0
796.9583757249504 39366612.0
797.2517554223803 40292420.0
797.5453741822612 41778940.0
797.839232004593 46621820.0
798.1333288893755 50155344.0
798.4276648366092 54498056.0
798.7222398462935 58558284.0
799.0170539184289 61496256.0
799.3121070530151 63854084.0
799.6073992500523 63678784.0
799.9029305095402 62415510.0
800.1987008314792 62353100.0
800.4947102158688 64093196.0
800.7909586627096 64999604.0
801.0874461720011 66428964.0
801.3841727437435 68560696.0
801.6811383779369 66866530.0
801.9783430745811 63474944.0
802.2757868336762 60966776.0
802.5734696552222 59026016.0
802.8713915392192 56740730.0
803.1695524856669 53485824.0
803.4679524945657 51653900.0
803.7665915659152 51249156.0
804.0654696997157 50965800.0
804.364586895967 50446704.0
804.6639431546693 52105900.0
804.9635384758224 52892880.0
805.2633728594265 53670190.0
805.5634463054813 56299730.0
805.863758813987 57988544.0
806.1643103849437 61038576.0
806.4651010183513 61486544.0
806.7661307142098 59921290.0
807.0673994725191 59473410.0
807.3689072932794 60007676.0
807.6706541764905 61518980.0
807.9726401221526 62779104.0
808.2748651302655 68322870.0
808.5773292008294 73724550.0
808.880032333844 81225900.0
809.1829745293097 93414360.0
809.4861557872262 107974050.0
809.7895761075936 123945060.0
810.0932354904118 144079980.0
810.3971339356808 164488600.0
810.701271443401 183497470.0
811.0056480135719 200206080.0
811.3102636461938 216706800.0
811.6151183412665 225266960.0
811.9202120987901 227138140.0
812.2255449187645 223773100.0
812.5311168011899 206286530.0
812.8369277460662 183055800.0
813.1429777533934 163543440.0
813.4492668231715 148652600.0
813.7557949554005 134525380.0
814.0625621500802 124401470.0
814.3695684072109 114715880.0
814.6768137267925 106734330.0
814.984298108825 102616170.0
815.2920215533085 96262340.0
815.5999840602427 90421830.0
815.908185629628 82843070.0
816.216626261464 79000660.0
816.5253059557509 72078810.0
816.8342247124888 63544590.0
817.1433825316776 55892836.0
817.4527794133171 48938656.0
817.7624153574077 43994876.0
818.072290363949 40736508.0
818.3824044329415 40547664.0
818.6927575643846 39854004.0
819.0033497582787 40714396.0
819.3141810146236 43601724.0
819.6252513334194 46513580.0
819.9365607146663 51373824.0
820.2481091583638 57309900.0
820.5598966645124 63456736.0
820.8719232331118 69057576.0
821.1841888641621 78008410.0
821.4966935576633 89796610.0
821.8094373136155 104063590.0
822.1224201320184 117259600.0
822.4356420128723 133900670.0
822.749102956177 156520540.0
823.0628029619327 178037980.0
823.3767420301392 198388880.0
823.6909201607966 222093040.0
824.005337353905 249245800.0
824.3199936094642 269061380.0
824.6348889274743 282119840.0
824.9500233079352 286810200.0
825.2653967508472 280454100.0
825.5810092562099 253655060.0
825.8968608240236 216177570.0
826.2129514542881 171470240.0
826.5292811470036 129696390.0
826.8458499021699 94538730.0
827.1626577197871 68289860.0
827.4797045998553 52388230.0
827.7969905423743 41961160.0
828.1145155473441 35748572.0
828.4322796147649 29890942.0
828.7502827446367 25223902.0
829.0685249369592 21614478.0
829.3870061917327 17531056.0
829.705726508957 15157642.0
830.0246858886322 13396012.0
830.3438843307583 11532160.0
830.6633218353354 10023988.0
830.9829984023633 9190876.0
831.3029140318422 8767842.0
831.6230687237718 8537159.0
831.9434624781525 8049687.0
832.2640952949838 8039675.5
832.5849671742662 7777917.5
832.9060781159994 8474889.0
833.2274281201835 9880036.0
833.5490171868187 10057108.0
833.8708453159045 9560936.0
834.1929125074414 9383644.0
834.515218761429 9361707.0
834.8377640778676 9986905.0
835.160548456757 10688248.0
835.4835718980975 11115088.0
835.8068344018886 11900171.0
836.1303359681309 12702769.0
836.4540765968239 13837055.0
836.778056287968 14229881.0
837.1022750415626 13820914.0
837.4267328576084 14819136.0
837.7514297361049 16768004.0
838.0763656770524 17100478.0
838.4015406804508 17099768.0
838.7269547463001 18316584.0
839.0526078746003 18624286.0
839.3785000653513 18777324.0
839.7046313185533 19473488.0
840.0310016342061 20022984.0
840.3576110123099 19726578.0
840.6844594528644 18610394.0
841.01154695587 17711718.0
841.3388735213264 17489328.0
841.6664391492336 18200528.0
841.9942438395917 19026634.0
842.3222875924008 18572482.0
842.6505704076608 18836482.0
842.9790922853716 19452656.0
843.3078532255333 20183078.0
843.636853228146 19951708.0
843.9660922932096 19407558.0
844.2955704207238 18861456.0
844.6252876106893 19037956.0
844.9552438631054 18765580.0
845.2854391779725 19179108.0
845.6158735552905 18604456.0
845.9465469950594 19210076.0
846.2774594972791 20134252.0
846.6086110619498 21358678.0
846.9400016890712 24078836.0
847.2716313786436 26127696.0
847.603500130667 29760872.0
847.9356079451411 34309536.0
848.2679548220663 37807270.0
848.6005407614422 40442430.0
848.9333657632692 45202450.0
849.2664298275467 48324316.0
849.5997329542755 49811700.0
849.933275143455 52639560.0
850.2670563950855 55659770.0
850.6010767091668 56150490.0
850.935336085699 55151096.0
851.2698345246821 55265324.0
851.6045720261161 53907760.0
851.939548590001 50875724.0
852.2747642163367 49874450.0
852.6102189051235 47536620.0
852.9459126563609 42953860.0
853.2818454700493 37947436.0
853.6180173461887 34187812.0
853.9544282847789 31235596.0
854.29107828582 27614116.0
854.627967349312 25421844.0
854.9650954752549 25147140.0
855.3024626636488 26506370.0
855.6400689144934 28811362.0
855.9779142277889 29357030.0
856.3159986035355 29382578.0
856.6543220417327 30912288.0
856.992884542381 33329690.0
857.33168610548 35757220.0
857.6707267310301 39335404.0
858.010006419031 41335824.0
858.3495251694828 43524410.0
858.6892829823855 46705300.0
859.0292798577391 49366836.0
859.3695157955435 50935920.0
859.709990795799 54840864.0
860.0507048585051 59112416.0
860.3916579836623 62541860.0
860.7328501712702 66624716.0
861.0742814213293 69538810.0
861.415951733839 72114820.0
861.7578611087997 75357740.0
862.1000095462114 76433230.0
862.4423970460737 76513304.0
862.7850236083872 73350320.0
863.1278892331513 68728520.0
863.4709939203666 62962496.0
863.8143376700325 55703280.0
864.1579204821496 48005916.0
864.5017423567174 42032810.0
864.845803293736 35953210.0
865.1901032932057 28758456.0
865.5346423551262 23939504.0
865.8794204794975 21794712.0
866.2244376663198 21884940.0
866.569693915593 22654240.0
866.9151892273169 25498562.0
867.2609236014919 27003508.0
867.6068970381177 28778436.0
867.9531095371945 31455920.0
868.299561098722 33355122.0
868.6462517227006 36857076.0
868.9931814091299 42131216.0
869.3403501580103 47636090.0
869.6877579693414 50933244.0
870.0354048431236 55187270.0
870.3832907793565 59814440.0
870.7314157780402 62794880.0
871.079779839175 65679640.0
871.4283829627606 69928060.0
871.7772251487971 72767280.0
872.1263063972845 77490664.0
872.4756267082229 81268220.0
872.825186081612 81799370.0
873.1749845174521 77954730.0
873.525022015743 71093140.0
873.875298576485 60638256.0
874.2258141996776 50950750.0
874.5765688853213 44379804.0
874.9275626334158 43254800.0
875.2787954439613 42910696.0
875.6302673169575 40905916.0
875.9819782524048 41000936.0
876.3339282503027 41249284.0
876.6861173106518 40982390.0
877.0385454334516 40059900.0
877.3912126187024 39361376.0
877.744118866404 36745428.0
878.0972641765566 34905924.0
878.45064854916 32724508.0
878.8042719842143 28650496.0
879.1581344817196 24246998.0
879.5122360416756 19999942.0
879.8665766640827 17525902.0
880.2211563489404 16397026.0
880.5759750962493 15324192.0
880.9310329060089 14677348.0
881.2863297782194 15793206.0
881.6418657128809 15776040.0
881.9976407099932 15664756.0
882.3536547695564 15530570.0
882.7099078915705 15560331.0
883.0664000760355 17031648.0
883.4231313229513 18281396.0
883.7801016323183 18934636.0
884.1373110041359 18091072.0
884.4947594384045 17571458.0
884.8524469351239 16347504.0
885.2103734942943 16731541.0
885.5685391159154 16153155.0
885.9269437999875 16312800.0
886.2855875465107 16022541.0
886.6444703554844 15343759.0
887.0035922269093 15235778.0
887.3629531607849 14815009.0
887.7225531571116 14476030.0
888.082392215889 15329584.0
888.4424703371174 16356900.0
888.8027875207965 17939054.0
889.1633437669268 19109652.0
889.5241390755077 20049998.0
889.8851734465397 20526162.0
890.2464468800224 21536932.0
890.6079593759562 23980058.0
890.9697109343408 27045496.0
891.3317015551763 30291122.0
891.6939312384626 33777004.0
892.0563999841997 36451756.0
892.419107792388 38177736.0
892.7820546630269 40391416.0
893.145240596117 43016936.0
893.5086655916577 46346904.0
893.8723296496495 47780690.0
894.2362327700921 50015710.0
894.6003749529856 52677220.0
894.96475619833 54547624.0
895.3293765061252 59262940.0
895.6942358763713 64208820.0
896.0593343090684 67881260.0
896.4246718042164 70816870.0
896.7902483618151 72823230.0
897.1560639818649 72690900.0
897.5221186643654 68213550.0
897.888412409317 58744290.0
898.2549452167193 49531880.0
898.6217170865726 38375744.0
898.9887280188768 29534564.0
899.3559780136319 22746538.0
899.7234670708378 19206458.0
900.0911951904947 17600028.0
900.4591623726023 15402155.0
900.827368617161 13422692.0
901.1958139241705 11861620.0
901.5644982936308 11599380.0
901.9334217255422 11195742.0
902.3025842199042 11967209.0
902.6719857767174 11819426.0
903.0416263959813 11757284.0
903.4115060776962 11665248.0
903.7816248218619 10745102.0
904.1519826284787 11187786.0
904.5225794975461 12007429.0
904.8934154290646 11767654.0
905.2644904230337 10884568.0
905.635804479454 10182454.0
906.0073575983251 10223714.0
906.3791497796472 9677414.0
906.7511810234199 10684891.0
907.1234513296438 10687489.0
907.4959606983184 10511925.0
907.8687091294438 9563301.0
908.2416966230203 9457817.0
908.6149231790475 9207961.0
908.9883887975259 9153629.0
909.3620934784549 9448247.0
909.736037221835 9349499.0
910.1102200276657 8944232.0
910.4846418959476 7704474.0
910.8593028266802 7773171.0
911.2342028198638 8638761.0
911.6093418754981 8652321.0
911.9847199935836 8952139.0
912.3603371741196 9258171.0
912.7361934171067 9372531.0
913.1122887225448 10025934.0
913.4886230904336 10752629.0
913.8651965207735 10742339.0
914.242009013564 11333934.0
914.6190605688057 11391466.0
914.996351186498 11755086.0
915.3738808666415 12646446.0
915.7516496092356 12996172.0
916.1296574142808 13749818.0
916.5079042817767 14423801.0
916.8863902117237 15605248.0
917.2651152041215 15676549.0
917.6440792589702 14899729.0
918.0232823762697 14453828.0
918.4027245560201 13983885.0
918.7824057982216 13448984.0
919.1623261028737 13261234.0
919.542485469977 12698558.0
919.9228838995309 12171498.0
920.3035213915359 12211745.0
920.6843979459916 12577856.0
921.0655135628983 12838656.0
921.446868242256 13464735.0
921.8284619840645 13453316.0
922.2102947883237 13597949.0
922.5923666550341 14026010.0
922.9746775841952 15002185.0
923.3572275758072 15942765.0
923.7400166298701 17578816.0
924.1230447463838 19078944.0
924.5063119253487 19273178.0
924.8898181667641 18755664.0
925.2735634706307 19650170.0
925.657547836948 19208000.0
926.0417712657163 18577840.0
926.4262337569354 16876152.0
926.8109353106056 15278856.0
927.1958759267263 14389445.0
927.5810556052983 13930940.0
927.966474346321 14141382.0
928.3521321497947 15721788.0
928.7380290157191 15247140.0
929.1241649440944 14156309.0
929.5105399349206 13455832.0
929.8971539881978 13464369.0
930.2840071039259 13356200.0
930.6710992821048 11775734.0
931.0584305227347 10787982.0
931.4460008258154 11409319.0
931.8338101913471 11856261.0
932.2218586193296 10610331.0
932.610146109763 8244310.5
932.9986726626472 5995907.0
933.3874382779825 5188266.0
933.7764429557685 3716585.0
934.1656866960054 3084716.2
934.5551694986933 3256810.0
934.9448913638321 3076407.2
935.3348522914216 3069834.5
935.7250522814621 2758926.2
936.1154913339535 2897063.0
936.5061694488959 3472174.8
936.8970866262891 3715852.8
937.288242866133 3347722.2
937.6796381684281 3518274.8
938.0712725331739 3663646.0
938.4631459603708 3960053.5
938.8552584500184 3891196.0
939.247610002117 4060183.8
939.6402006166663 4167750.0
940.0330302936667 3934205.5
940.4260990331178 4314859.5
940.8194068350199 5343814.5
941.212953699373 5538784.0
941.6067396261767 4928033.5
942.0007646154315 4771445.5
942.3950286671371 4842665.5
942.7895317812938 5170613.0
943.184273957901 5553405.5
943.5792551969595 5073670.5
943.9744754984687 4350919.0
944.3699348624289 3735338.8
944.7656332888398 3599874.5
945.1615707777016 3650629.8
945.5577473290144 3412866.5
945.9541629427781 3568960.2
946.3508176189927 3633122.5
946.7477113576581 3254528.8
947.1448441587745 3558608.5
947.5422160223416 4314712.0
947.9398269483597 4538265.5
948.3376769368288 4301147.0
948.7357659877487 4497658.0
949.1340941011194 4855235.5
949.5326612769411 5422076.0
949.9314675152136 5719580.5
950.3305128159373 7040547.5
950.7297971791115 6875997.0
951.1293206047367 6520047.0
951.5290830928128 5798539.0
951.9290846433399 5647817.0
952.3293252563178 5932504.0
952.7298049317465 6039177.5
953.1305236696262 5961467.5
953.5314814699568 5483320.5
953.9326783327383 6130568.0
954.3341142579707 6315350.5
954.7357892456539 5581124.0
955.137703295788 5767957.0
955.5398564083731 5332145.5
955.942248583409 5165677.0
956.3448798208958 5014664.0
956.7477501208334 4555462.5
957.1508594832221 4004171.5
957.5542079080615 3988564.0
957.9577953953519 4449633.5
958.3616219450932 4949154.5
958.7656875572852 5103044.0
959.1699922319283 4956914.5
959.5745359690222 4311457.5
959.979318768567 4693031.0
960.3843406305627 4806865.0
960.7896015550094 4367565.5
961.1951015419069 3946094.8
961.6008405912553 4468769.0
962.0068187030545 5303681.0
962.4130358773048 5208524.0
962.8194921140057 5258974.0
963.2261874131577 5612477.0
963.6331217747605 6415305.5
964.0402951988142 6995555.5
964.4477076853188 6262139.5
964.8553592342744 6677619.0
965.2632498456808 6054725.5
965.671379519538 6703931.0
966.0797482558462 6075789.5
966.4883560546052 5225979.0
966.8972029158153 5300257.0
967.3062888394761 5262847.5
967.7156138255879 4639447.0
968.1251778741505 4020003.5
968.534980985164 4106092.8
968.9450231586284 4024502.2
969.3553043945437 3378502.2
969.7658246929099 3114400.0
970.1765840537269 3158575.2
970.5875824769948 3108516.5
970.9988199627137 3161882.8
971.4102965108834 3517918.8
971.822012121504 3492396.5
972.2339667945757 3735706.0
972.6461605300981 3548072.0
973.0585933280714 3789756.2
973.4712651884955 4300893.5
973.8841761113707 4249529.5
974.2973260966967 4972784.5
974.7107151444736 5258001.0
975.1243432547012 5683130.5
975.5382104273799 5476381.0
975.9523166625095 5616596.0
976.3666619600898 6169210.0
976.7812463201212 6769463.0
977.1960697426034 7357847.0
977.6111322275365 7349458.0
978.0264337749204 7295162.0
978.4419743847554 7670497.0
978.8577540570411 7548359.0
979.2737727917779 7627633.0
979.6900305889653 6260065.5
980.1065274486039 5495977.5
980.523263370693 5757798.0
980.9402383552333 5978556.0
981.3574524022245 6600649.5
981.7749055116664 6631325.0
982.1925976835594 7111640.5
982.6105289179031 7437839.0
983.0286992146978 7813177.5
983.4471085739433 8854820.0
983.8657569956398 9258149.0
984.2846444797872 8587088.0
984.7037710263854 8422913.0
985.1231366354345 9370378.0
985.5427413069345 10996479.0
985.9625850408854 11594979.0
986.3826678372873 11184841.0
986.8029896961399 11636015.0
987.2235506174435 11410879.0
987.6443506011979 11421130.0
988.0653896474032 10445902.0
988.4866677560595 10251209.0
988.9081849271665 9842289.0
989.3299411607247 9446014.0
989.7519364567336 8961088.0
990.1741708151934 9438782.0
990.5966442361041 8784926.0
991.0193567194657 8414775.0
991.4423082652781 7489674.5
991.8654988735416 6527647.0
992.2889285442558 6426787.0
992.712597277421 6733242.5
993.1365050730369 6428336.0
993.5606519311038 6293705.0
993.9850378516217 6545999.5
994.4096628345903 6105020.5
994.83452688001 6905426.0
995.2596299878804 7808780.0
995.6849721582018 8641426.0
996.110553390974 9249682.0
996.5363736861973 8713136.0
996.9624330438713 9641216.0
997.3887314639962 10149684.0
997.8152689465721 9513969.0
998.2420454915989 8723728.0
998.6690610990764 7965521.0
999.0963157690048 7770145.5
999.5238095013843 7931767.5
999.9515422962145 7640998.0
1000.3795141534958 7100309.5
1000.8077250732279 6804342.0
1001.2361750554107 6598284.5
1001.6648641000446 5351480.5
1002.0937922071294 4783830.5
1002.522959376665 5403410.0
1002.9523656086515 5577180.5
1003.3820109030889 4782121.0
1003.8118952599773 4435183.0
1004.2420186793163 4778810.5
1004.6723811611065 5093447.5
1005.1029827053474 5839685.0
1005.5338233120393 6192842.0
1005.9649029811819 6664175.5
1006.3962217127755 8365495.5
1006.8277795068202 10241756.0
1007.2595763633155 11829138.0
1007.6916122822619 12299545.0
1008.1238872636591 13774359.0
1008.5564013075071 14477990.0
1008.9891544138061 16484239.0
1009.422146582556 16802064.0
1009.8553778137567 17490376.0
1010.2888481074084 18747602.0
1010.7225574635108 19897388.0
1011.1565058820644 20279864.0
1011.5906933630686 19766694.0
1012.0251199065237 18506778.0
1012.45978551243 16723741.0
1012.8946901807869 14362894.0
1013.3298339115948 10891960.0
1013.7652167048535 8025048.0
1014.2008385605632 6409369.0
1014.6366994787238 5523777.0
1015.0727994593352 5468862.0
1015.5091385023975 6280985.5
1015.9457166079108 5707128.0
1016.3825337758749 6129004.0
1016.8195900062899 6714941.0
1017.2568852991558 6744085.5
1017.6944196544725 7471717.0
1018.1321930722402 8401856.0
1018.5702055524587 9823928.0
1019.0084570951283 10387196.0
1019.4469477002485 10413212.0
1019.8856773678198 11994758.0
1020.3246460978419 12965780.0
1020.763853890315 13287062.0
1021.2033007452387 14149608.0
1021.6429866626136 17018962.0
1022.0829116424393 18434608.0
1022.5230756847159 17055584.0
1022.9634787894433 17780850.0
1023.4041209566217 16582591.0
1023.8450021862509 14119044.0
1024.286122478331 10197655.0
1024.727481832862 7613640.5
1025.1690802498438 5461492.0
1025.6109177292767 4329386.5
1026.0529942711605 3699975.0
1026.495309875495 3343777.8
1026.9378645422805 2943450.0
1027.380658271517 2484682.2
1027.823691063204 2064824.4
1028.2669629173424 1914182.0
1028.7104738339312 1456751.1
1029.1542238129714 1464211.8
1029.598212854462 1486202.6
1030.0424409584039 1374458.6
1030.4869081247964 1125092.6
1030.9316143536398 1248280.2
1031.376559644934 1294540.8
1031.8217439986793 1175020.2
1032.2671674148755 1214482.1
1032.7128298935227 1101260.5
1033.1587314346207 1376814.0
1033.6048720381693 1337770.0
1034.051251704169 1173530.8
1034.4978704326197 1134496.8
1034.9447282235212 1011988.0
1035.3918250768736 1085709.5
1035.8391609926769 1295363.5
1036.286735970931 1798377.4
1036.734550011636 1394879.4
1037.182603114792 876322.9
1037.6308952803988 909353.6
1038.0794265084567 925934.1
1038.5281967989652 1155591.8
1038.9772061519247 1345532.4
1039.426454567335 1384095.2
1039.8759420451966 1634054.0
1040.3256685855085 1426364.4
1040.7756341882716 1164340.4
1041.2258388534856 962582.9
1041.6762825811506 1537014.8
1042.1269653712661 1415366.2
1042.577887223833 1263510.1
1043.0290481388504 1575877.5
1043.4804481163187 1436921.5
1043.9320871562381 1372962.8
1044.3839652586082 876260.56
1044.8360824234294 969434.25
1045.2884386507012 889604.44
1045.7410339404241 1093467.0
1046.193868292598 1044655.4
1046.6469417072226 1302426.8
1047.1002541842981 1765451.8
1047.5538057238246 1607229.0
1048.0075963258018 1692021.1
1048.46162599023 1608461.5
1048.915894717109 1642456.4
1049.3704025064392 1516961.0
1049.82514935822 1393809.0
1050.2801352724516 1166378.4
1050.7353602491344 1084949.5
1051.1908242882678 1108970.5
1051.6465273898525 1436586.4
1052.1024695538877 1539250.0
1052.558650780374 1819405.6
1053.015071069311 1770082.6
1053.471730420699 1958997.2
1053.928628834538 1681589.5
1054.3857663108276 1872643.1
1054.8431428495683 1814273.6
1055.30075845076 1658525.0
1055.7586131144024 1590846.0
1056.2167068404956 1847341.4
1056.67503962904 2023485.1
1057.133611480035 2268199.2
1057.592422393481 2179973.0
1058.0514723693777 823236.4
1058.5107614077258 -798660.56
1058.9702895085243 -2211578.5
1059.4300566717739 -4410515.5
1059.8900628974743 -5918067.0
1060.3503081856259 -7173603.0
1060.8107925362278 -9375350.0
1061.2715159492811 -11499611.0
1061.732478424785 -13025876.0
1062.1936799627401 -14559991.0
1062.6551205631458 -16532259.0
1063.1168002260026 -18407652.0
1063.57871895131 -20508446.0
1064.0408767390686 -22598932.0
1064.503273589278 -24535878.0
1064.965909501938 -26322604.0
1065.4287844770492 -28438450.0
1065.8918985146113 -30100404.0
1066.3552516146242 0.0
1066.818843777088 0.0
1067.2826750020029 0.0
1067.7467452893684 0.0
1068.211054639185 0.0
1068.6756030514523 0.0
1069.1403905261704 0.0
1069.6054170633397 0.0
1070.0706826629596 0.0
1070.5361873250306 0.0
1071.0019310495525 0.0
1071.4679138365252 0.0
1071.9341356859486 0.0
