string
description: px_shifted, calibration parameter: [ 1.31e-02 -2.00e+00  1.38e+03  3.80e+00  2.35e+03  0.00e+00]
fileR_100ms_Fe_S3_x_1_10_binn back: data/NiO_ausfloesung/dark/RZP-structure:___RZP_S3100ms roi list:[0, 1040, 2048, 2048]
nm eV counts/s
2.192805235112707 565.4136127728956 1698996.5
2.1922954696910724 565.5450860677583 1701787.0
2.191785747058297 565.6766094753773 1703908.8
2.1912760672145337 565.8081830229789 1968193.2
2.190766430159783 565.9398067378487 1981949.4
2.1902568358940444 566.0714806472919 2510089.2
2.1897472844173183 566.203204778633 2022704.9
2.189237775729911 566.3349791591369 2333478.0
2.188728309831516 566.4668038162466 2674997.5
2.1882188867222863 566.5986787773057 2388509.0
2.1877095064025287 566.7306040696378 1967390.5
2.1872001688719367 566.8625797207446 2066737.6
2.1866908741308166 566.9946057579888 2122373.5
2.1861816221790153 567.1266822088718 2167751.8
2.185672413016686 567.2588091008353 2284515.2
2.185163246643982 567.3909864613405 2008595.2
2.1846541230607497 567.5232143179478 1814529.5
2.1841450422671427 567.6554926981581 2032096.0
2.183636004263161 567.7878216295314 2025448.0
2.183127009048804 567.9202011396477 2082169.4
2.182618056624379 568.0526312560268 2195149.8
2.1821091469895793 568.1851120063681 2685101.0
2.181600280144711 568.3176434182308 2459186.5
2.1810914560897743 568.4502255192742 1750916.2
2.180582674824616 568.582858337217 1825509.0
2.1800739363495425 568.7155418996781 1577647.5
2.179565240664554 568.8482762343759 1965762.5
2.1790565877694967 568.9810613690893 2189990.0
2.1785479776646777 569.1138973314963 2166239.2
2.1780394103500966 569.2467841493753 2389860.2
2.1775308858256004 569.3797218505648 2371474.5
2.177022404091342 569.5127104628427 2274072.5
2.176513965147475 569.6457500140073 1986617.5
2.1760055689939994 569.7788405319166 1719306.9
2.175497215630915 569.9119820444488 1915347.0
2.1749889050582216 570.0451745795023 2318007.2
2.1744806372760728 570.1784181649549 2203697.0
2.1739724122844684 570.3117128287453 2384595.8
2.1734642300834084 570.4450585988317 2645527.5
2.172956090673046 570.5784555031522 2687896.2
2.1724479940533814 570.7119035697058 2863214.8
2.1719399402244144 570.8454028265111 2858849.0
2.1714319291862982 570.9789533015668 3152753.0
2.170923960939033 571.1125550229317 3190457.8
2.1704160354824653 571.2462080187257 3107072.8
2.169908152817055 571.3799123169272 3280814.5
2.1694003129424955 571.5136679457365 2969271.0
2.16889251585894 571.6474749332533 2349479.2
2.168384761566542 571.7813333075976 1991675.8
2.167877050065148 571.9152430969899 1999226.9
2.167369381354911 572.0492043295908 2068844.5
2.166861755435985 572.1832170335811 1784676.4
2.166354172308216 572.3172812372422 1656687.6
2.1658466319717573 572.451396968796 1805727.2
2.1653391344267625 572.585564256484 1460746.8
2.164831679673078 572.719783128649 1884303.1
2.1643242677108576 572.8540536135737 1815462.5
2.1638168985401007 572.9883757396015 1763323.0
2.1633095721608075 573.1227495350961 1706348.5
2.1628022885731313 573.2571750284013 2241560.5
2.162295047777225 573.3916522478811 2838175.5
2.1617878497727827 573.5261812220424 3306878.8
2.1612806945602636 573.6607619792087 3530103.5
2.1607735821393614 573.7953945479278 4016104.5
2.1602665125103826 573.9300789566054 3952964.0
2.159759485673174 574.0648152337892 3177573.5
2.1592525016278885 574.1996034079671 3315779.5
2.1587455603746797 574.3344435076466 2941295.5
2.158238661913241 574.4693355614787 2830937.0
2.157731806244032 574.6042795979309 2359629.0
2.1572249933668997 574.7392756456547 2363824.2
2.156718223281844 574.8743237332815 2807036.5
2.1562114959890177 575.0094238894222 3177941.5
2.1557048114884214 575.1445761427498 2985805.2
2.155198169780208 575.2797805219166 3148713.5
2.1546915708642245 575.4150370556778 3507180.2
2.154185014740624 575.5503457727275 3789361.2
2.153678501409406 575.6857067018217 3757571.5
2.1531720308707247 575.8211198716958 4102759.5
2.1526656031245794 575.9565853111474 4553414.5
2.1521592181709703 576.0921030489947 4463928.5
2.1516528760098974 576.2276731140768 5213602.0
2.151146576641514 576.3632955352128 4349617.0
2.150640320065973 576.4989703412429 4594043.5
2.150134106282968 576.6346975611507 4491152.0
2.149627935292806 576.770477223777 3753380.0
2.1491218070956397 576.9063093580247 3166142.0
2.1486157216911628 577.0421939929407 2673818.5
2.148109679079835 577.1781311573874 2561587.8
2.1476036792613495 577.3141208804539 4050413.0
2.14709772223586 577.450163191127 4358558.5
2.1465918080035196 577.5862581184142 3476052.2
2.146085936564175 577.722405691427 3039497.5
2.1455801079181325 577.8586059391739 2940967.0
2.145074322065239 577.9948588908084 3186457.0
2.144568579005648 578.1311645754226 4463223.0
2.144062878739359 578.267523022171 6170920.0
2.1435572212665255 578.4039342601878 8648917.0
2.143051606586841 578.5403983187529 9970334.0
2.142546034700765 578.6769152269601 8525868.0
2.142040505608145 578.8134850140902 5604388.0
2.141535019309133 578.9501077093626 3156107.5
2.141029575803577 579.0867833421 1862277.0
2.1405241750917825 579.2235119415233 1599407.4
2.1400188171735968 579.360293536998 1414961.1
2.139513502049173 579.4971281578287 1661891.5
2.1390082297183577 579.6340158334239 1675211.1
2.1385030001816108 579.7709565930473 1697383.6
2.1379978134384725 579.907950466234 1585672.8
2.1374926694894025 580.0449974822902 1519453.5
2.1369875683342476 580.1820976707104 1483624.5
2.136482509973161 580.319251060927 1418088.9
2.1359774944059895 580.4564576824774 1655971.2
2.1354725216330395 580.5937175647954 1624706.8
2.1349675916541577 580.7310307374613 1831785.0
2.1344627044694975 580.8683972299934 2290526.8
2.1339578600790587 581.0058170719738 2346333.8
2.1334530584828415 581.1432902930055 3040363.8
2.132948299680999 581.2808169226715 3620795.0
2.132443583673531 581.4183969906185 4497264.5
2.131938910460438 581.5560305265144 4563317.0
2.1314342800417196 581.693717560049 4051236.0
2.1309296924176824 581.8314581208499 4874942.5
2.130425147588173 581.9692522386921 7026281.0
2.1299206455531916 582.1070999433302 7242705.5
2.1294161863128913 582.2450012644991 6748054.5
2.128911769867272 582.3829562319968 5905312.5
2.1284073962164873 582.5209648756012 4623967.0
2.1279030653603836 582.6590272251962 4762918.0
2.1273987772991143 582.7971433106034 6307925.5
2.1268945320326793 582.935313161708 7513705.5
2.126390329561232 583.0735368083753 7165575.0
2.125886169884772 583.2118142805344 5079141.5
2.1253820530032996 583.3501456081361 3263231.5
2.124877978916815 583.4885308211535 1856887.0
2.124373947625624 583.6269699494969 1193215.8
2.123869959129421 583.7654630232674 1043777.8
2.1233660134283583 583.9040100724613 912204.06
2.122862110522743 584.0426111270554 652694.56
2.1223582504122684 584.1812662172161 894483.7
2.121854433097241 584.319975372964 886015.5
2.1213506585775077 584.4587386244679 687944.4
2.1208469268532215 584.5975560018343 666510.75
2.1203432379243825 584.736427535234 739406.4
2.119839591791144 584.8753532548179 792011.56
2.1193359884533525 585.0143331908431 1022700.1
2.1188324279113147 585.1533673734622 987715.7
2.118328910164724 585.2924558330191 1035822.2
2.11782543521404 585.4315985996685 854351.9
2.117322003058957 585.5707957037987 930766.3
2.11681861369978 585.710047175651 817371.25
2.116315267136357 585.8493530456158 1107223.2
2.115811963368841 585.9887133440211 819778.6
2.115308702397385 586.1281281012174 945829.44
2.1148054842216824 586.2675973477045 1068664.5
2.114302308842193 586.4071211137922 1573226.8
2.1137991762586106 586.5466994300252 2139843.5
2.1132960864712413 586.6863323268008 3053873.8
2.1127930394800853 586.8260198346231 5312844.0
2.1122900352849894 586.9657619840616 7397654.5
2.11178707388626 587.1055588055805 8529690.0
2.1112841552837436 587.2454103297939 7331452.5
2.1107812794775938 587.3853165872534 5997832.0
2.1102784464678104 587.5252776085758 4185793.0
2.1097756562545467 587.6652934243574 3162167.0
2.1092729088376494 587.8053640653026 2733331.5
2.108770204217425 587.9454895620103 2769310.0
2.108267542393567 588.0856699452727 2440593.5
2.107764923366535 588.2259052456908 2851399.5
2.107262347136023 588.3661954941024 3985050.2
2.1067598137021837 588.5065407212392 4121083.8
2.1062573230651704 588.6469409578556 4148408.0
2.1057548752249833 588.7873962347716 4771983.0
2.105252470181622 588.9279065828299 4364069.0
2.104750107935087 589.0684720328958 3954045.2
2.1042477884855315 589.2090926158145 3649837.8
2.103745511832955 589.3497683624968 3456402.8
2.103243277977358 589.4904993038763 4306097.0
2.1027410869188934 589.6312854708666 5646596.0
2.1022389386575613 589.7721268944467 7226415.0
2.1017368331933617 589.913023605619 9676297.0
2.1012347705262946 590.053975635408 13816038.0
2.100732750656513 590.1949830148187 17591652.0
2.1002307735840176 590.336045774922 18418102.0
2.099728839308961 590.4771639467681 14757545.0
2.09922694783119 590.6183375615169 10700801.0
2.0987250991508577 590.7595666502647 6208101.0
2.0982232932681177 590.9008512441308 4166195.0
2.0977215301828167 591.042191374344 2683169.8
2.097219809895108 591.1835870720699 2188367.5
2.096718132404838 591.3250383685829 2247631.8
2.0962164977124664 591.4665452950084 1865801.1
2.095714905817687 591.6081078827103 1691585.5
2.0952133567206532 591.7497261629463 1563786.8
2.0947118504213647 591.8914001670407 1635945.0
2.0942103869199746 592.0331299262972 1401251.0
2.093708966216483 592.1749154720859 1213396.1
2.0932075883110435 592.3167568357574 1268244.0
2.092706253203349 592.4586540488148 1400720.2
2.0922049608938598 592.600607142568 1321762.8
2.091703711382269 592.7426161485675 1043984.75
2.091202504668883 592.8846810982127 790430.94
2.0907013407537023 593.0268020230133 1064308.9
2.090200219636573 593.1689789545461 1109259.0
2.0896991413178023 593.3112119242809 1062797.0
2.0891981057972364 593.4535009638406 969696.25
2.088697113075182 593.5958461047419 893127.1
2.0881961631513324 593.7382473786982 1014433.2
2.0876952560259943 593.8807048172728 1121769.8
2.0871943916990143 594.0232184521827 1371524.5
2.086693570170699 594.165788315038 1253604.8
2.086192791440895 594.3084144376024 1338648.8
2.0856920555096026 594.4510968516206 1676330.8
2.085191362377128 594.5938355887724 2117987.5
2.0846907120431646 594.7366306809365 2241510.0
2.084190104508019 594.8794821598404 2616185.2
2.0836895397716915 595.0223900573226 3719247.8
2.0831890178341816 595.1653544052447 5593746.0
2.0826885386954896 595.3083752354926 9228484.0
2.0821881023557687 595.4514525799319 11349145.0
2.0816877088150187 595.5945864704955 12752308.0
2.081187358073393 595.7377769390964 12994998.0
2.080687050130585 595.8810240178027 10049624.0
2.080186784987055 596.0243277384872 6020574.5
2.0796865626426486 596.1676881332216 4282407.0
2.0791863830973667 596.311105234058 3436020.0
2.0786862463513622 596.4545790730281 2564787.8
2.0781861524046352 596.5981096822311 2411494.8
2.0776861012571857 596.7416970937905 2190146.0
2.077186092909167 596.88534133981 1922603.2
2.0766861273604253 597.0290424525044 1380582.5
2.076186204611268 597.1728004639808 1501492.2
2.075686324661694 597.3166154064584 1672362.5
2.075186487511551 597.4604873122242 1179543.2
2.074686693160992 597.6044162135014 1213517.8
2.0741869416100167 597.748402142581 1165106.8
2.0736872328587785 597.8924451317339 903387.44
2.0731875669074307 598.0365452132553 755287.25
2.0726879437556667 598.1807024195967 1063718.6
2.072188363403793 598.3249167830575 1109476.8
2.0716888258516564 598.469188336093 1353337.5
2.0711893310995633 598.6135171110509 1054240.1
2.0706898791473605 598.7579031404349 879136.5
2.070190469995201 598.9023464566854 851896.6
2.0696911036430854 599.0468470923103 1096283.8
2.069191780091013 599.1914050798424 1574972.5
2.0686924993389844 599.3360204518384 1787578.2
2.0681932613873055 599.480693240791 2308143.0
2.06769406623567 599.6254234793943 3197359.0
2.067194913884385 599.7702112001891 4092607.2
2.0666958043334493 599.91505643583 5245244.0
2.066196737582864 600.0599592189953 6192094.0
2.065697713632628 600.2049195823879 8444415.0
2.0651987324827425 600.3499375587355 9373591.0
2.0646997941335132 600.4950131807008 8351405.0
2.064200898584634 600.6401464811493 5832704.5
2.063702045836411 600.7853374927925 3701639.8
2.063203235888844 600.9305862484559 2289104.8
2.062704468741934 601.0758927809894 1923345.1
2.06220574439568 601.2212571232675 1897425.1
2.0617070628502354 601.3666793081446 1774726.8
2.0612084241056006 601.5121593685444 1436051.8
2.0607098281617753 601.6576973374152 1691082.2
2.0602112750187596 601.80329324773 1686487.4
2.05971276467686 601.948947132397 1204985.6
2.0592142971357696 602.094659024528 851955.1
2.0587158723957955 602.2404289570807 907284.75
2.058217490456784 602.3862569631715 954343.7
2.0577191513188886 602.5321430758526 837999.1
2.0572208549822624 602.6780873282 711512.5
2.056722601446752 602.8240897534054 702214.25
2.056224390712358 602.9701503846395 542546.1
2.055726222779386 603.1162692550088 630620.0
2.0552280976476833 603.2624463977787 484133.56
2.054730015317403 603.4086818461503 553231.8
2.054231975788545 603.554975633394 560645.8
2.0537339790611098 603.7013277928057 685382.75
2.05323602513525 603.847738357661 814940.6
2.0527381140109657 603.9942073613055 872768.6
2.052240245688104 604.1407348371549 1011041.1
2.051742420166971 604.2873208185148 651712.75
2.051244637447567 604.433965338806 785695.75
2.0507468975298915 604.5806684314746 999500.1
2.050249200413945 604.7274301299913 1274021.6
2.0497515460997273 604.8742504678524 1389714.8
2.0492539345873917 605.0211294785344 1012322.8
2.0487563658770913 605.1680671955382 1063763.0
2.048258839968673 605.3150636524811 999306.25
2.0477613568621367 605.4621188829599 824737.2
2.047263916557789 605.6092329205064 1014636.25
2.0467665190554762 605.7564057988136 759027.6
2.046269164355199 605.9036375515542 1123036.4
2.0457718524572632 606.0509282123359 1233163.2
2.045274583361363 606.1982778149728 1240053.5
2.044777357067804 606.3456863931233 1290417.1
2.044280173576587 606.4931539805617 959427.25
2.0437830328875584 606.6406806111331 849552.5
2.0432859350010246 606.788266318572 944685.4
2.0427888799169858 606.9359111367293 1162326.9
2.0422918676352886 607.0836150995264 1108881.4
2.0417948981560863 607.2313782408197 1354723.9
2.041297971479532 607.379200594491 1195368.5
2.040801087605626 607.5270821944932 911981.0
2.040304246534368 607.6750230748048 1171125.5
2.039807448265758 607.8230232694299 1433148.9
2.039310692799796 607.9710828123983 1448632.0
2.038813980136789 608.1192017376742 1524615.5
2.0383173102764296 608.2673800794299 1285134.8
2.037820683219025 608.4156178716811 1461348.0
2.0373240989645747 608.5639151485602 1367163.6
2.036827557513079 608.7122719442257 1044903.0
2.036331058864538 608.8606882928617 1117230.4
2.0358346030191043 609.0091642286324 1261788.6
2.0353381899766254 609.1576997858194 1395551.8
2.0348418197374074 609.3062949985929 1493340.2
2.034345492301297 609.4549499012861 1374503.1
2.033849207668448 609.6036645281669 1865246.4
2.0333529658388594 609.7524389135743 1853933.2
2.032856766812532 609.9012730918741 2044304.9
2.0323606105896186 610.0501670974116 2380525.2
2.0318644971701194 610.1991209646042 2826649.8
2.0313684265540344 610.3481347278952 3472239.5
2.0308723987413635 610.4972084217543 4045346.5
2.03037641373226 610.6463420806309 4006155.0
2.029880471526724 610.7955357390468 3797445.5
2.029384572124755 610.9447894315499 3465405.0
2.0288887155265067 611.0941031926678 3604625.0
2.028392901731979 611.2434770570009 3978671.5
2.027897130741172 611.3929110591753 4059070.0
2.0274014025540854 611.5424052338441 4568331.0
2.0269057171708726 611.6919596156396 5250647.0
2.0264100745915337 611.841574239267 6826560.5
2.0259144748162217 611.9912491394115 8422331.0
2.0254189178447835 612.1409843508771 9105232.0
2.0249234036773722 612.2907799084021 7990847.0
2.024427932313988 612.4406358467966 5425874.5
2.0239325037546307 612.5905522008975 3747784.5
2.0234371179994537 612.740529005522 3003606.2
2.022941775048457 612.8905662955601 2921666.0
2.0224464749017934 613.0406641058814 2529558.0
2.021951217559157 613.1908224715218 1931966.1
2.021456003021007 613.3410414273111 1606371.2
2.0209608312871907 613.4913210082918 1438428.1
2.020465702357861 613.64166124944 1371989.4
2.0199706162328646 613.792062185851 1245560.9
2.019475572912355 613.9425238525544 1342322.0
2.0189805723963317 614.0930462846524 1550278.1
2.0184856146849484 614.2436295172273 1041260.75
2.0179906997780517 614.3942735854819 1038869.9
2.017495827675948 614.5449785245052 911470.56
2.0170009983784842 614.6957443695532 842384.1
2.0165062118858135 614.8465711558152 786995.06
2.0160114681979358 614.9974589185543 759984.7
2.015516767314851 615.1484076930599 544361.06
2.0150221092365594 615.299417514649 467106.12
2.0145274939633673 615.450488418571 775130.1
2.014032921494968 615.6016204402903 1156158.0
2.0135383918316685 615.7528136151103 1360963.8
2.013043904973315 615.9040679785022 1471606.8
2.0125494609202144 616.0553835658236 1638074.0
2.012055059672213 616.2067604125997 1951958.1
2.0115607012293113 616.3581985543356 2125344.5
2.011066385591662 616.5096980265168 2075910.2
2.0105721127592657 616.661258864703 1962514.0
2.010077882732122 616.8128811044805 1592530.5
2.009583695510384 616.9645647814164 2001680.5
2.009089551094052 617.1163099311511 3041265.2
2.008595449483126 617.2681165893532 4116193.0
2.0081013906776057 617.4199847917175 5172852.5
2.007607374677798 617.571914573873 5784041.0
2.007113401483396 617.7239059716633 4180750.2
2.006619471094706 617.8759590207712 3153006.0
2.0061255835115754 618.0280737570488 2555208.2
2.005631738734157 618.1802502162801 1968220.1
2.005137936762451 618.3324884343248 1805731.1
2.0046441775966106 618.4847884470221 1320228.5
2.0041504612366356 618.6371502902858 1293012.8
2.003656787682373 618.789574000105 1318454.8
2.003163156934129 618.9420596123538 1148598.6
2.0026695689917506 619.0946071630758 1435576.5
2.002176023855391 619.2472166882482 1379317.5
2.001682521525203 619.3998882238747 1077474.9
2.001189062000881 619.5526218061293 1308715.5
2.000695645282884 619.7054174709765 1137421.1
2.0002022713709056 619.8582752546457 1184361.2
1.9997089402652524 620.0111951932039 1263991.2
1.9992156519657711 620.1641773228883 1062686.1
1.998722406472615 620.3172216798689 1015490.94
1.998229203785784 620.470328300391 1201366.0
1.9977360439052783 620.6234972207274 1352412.4
1.9972429268312508 620.7767284771312 1256850.1
1.9967498525637017 620.9300221059314 982345.5
1.996256821102631 621.0833781434839 1581211.8
1.9957638324481919 621.2367966261255 1991682.6
1.995270886600231 621.3902775903164 2296264.0
1.9947779835590551 621.5438210724011 2256611.5
1.9942851233243575 621.6974271089431 2561287.8
1.9937923058965978 621.8510957362954 2692447.5
1.9932995312754698 622.0048269910775 3118451.5
1.9928067994612797 622.1586209097459 2693345.5
1.9923141104537212 622.3124775289765 2048181.5
1.991821464253254 622.4663968852342 1427784.2
1.9913288608597246 622.6203790152031 1173371.0
1.99083630027298 622.7744239555956 1775891.8
1.99034378249348 622.9285317429608 1731383.6
1.9898513075209179 623.0827024141153 1542194.2
1.9893588753556002 623.2369360057124 1925681.0
1.9888664859972205 623.3912325546255 1902285.6
1.9883741394462384 623.5455920975163 2254930.5
1.9878818357023476 623.7000146713148 3014104.5
1.9873895747658543 623.854500312787 3782193.5
1.9868973566366055 624.0090490588718 3137459.0
1.9864051813147543 624.1636609464401 1975101.9
1.9859130488003007 624.3183360124394 2056553.5
1.9854209590932448 624.4730742938458 2400343.0
1.9849289121937397 624.6278758276152 2893281.2
1.9844369081017854 624.7827406507804 3582785.2
1.983944946817382 624.9376688004031 3826832.5
1.9834530283405294 625.092660313573 3944927.0
1.9829611526713808 625.2477152273607 3474982.8
1.9824693198099363 625.4028335789129 2766322.2
1.981977529756349 625.5580154053573 2075685.5
1.981485782510466 625.7132607439466 1697075.8
1.98099407807244 625.8685696318655 1371715.1
1.9805024164422713 626.0239421063761 1646639.0
1.98001079761996 626.1793782047685 1483026.1
1.979519221605659 626.334877964314 1434432.5
1.9790276883993685 626.4904414223606 1678454.9
1.9785361980010885 626.6460686162852 1602988.2
1.9780447504109722 626.8017595834452 1469791.0
1.9775533456288663 626.957514361324 1501537.8
1.9770619836550773 627.1133329872879 1954835.1
1.9765706644892989 627.2692154989264 2518611.0
1.9760793881319905 627.4251619336158 1931576.2
1.9755881545828458 627.5811723290033 1528476.2
1.9750969638421711 627.7372467225712 1741024.9
1.9746058159096602 627.8933851520258 2151353.0
1.9741147107857726 628.0495876548582 2130417.2
1.973623648470355 628.2058542687843 2639614.0
1.9731326289632545 628.3621850315485 2297105.2
1.9726416522649304 628.5185799807297 1620607.4
1.9721507183750764 628.6750391541794 1105753.2
1.9716598272938457 628.8315625896327 886009.75
1.9711689790213915 628.9881503248532 1158629.8
1.9706781735575607 629.1448023977317 1388658.2
1.9701874109025064 629.3015188460907 1380534.8
1.9696966910563818 629.458299707782 1334656.2
1.9692060140190337 629.6151450207842 1258585.8
1.9687153797904622 629.7720548230569 1218664.8
1.9682247883709736 629.9290291524909 1631974.8
1.9677342397604147 630.0860680471533 2106669.2
1.9672437339587856 630.2431715450921 2249393.5
1.9667532709663926 630.400339684286 2308948.5
1.9662628507829294 630.5575725029398 2502382.8
1.9657724734087023 630.714870039092 2611264.0
1.9652821388435582 630.8722323309576 1982965.2
1.9647918470878034 631.0296594166332 1444011.0
1.9643015981411316 631.1871513344429 1653142.6
1.9638113920040023 631.3447081224934 1730395.0
1.963321228675956 631.5023298192172 1459636.4
1.9628311081574523 631.6600164627806 1317847.5
1.9623410304484912 631.8177680915277 1143928.9
1.9618509955487662 631.9755847439308 1765368.1
1.961361003458737 632.1334664582455 2295858.8
1.9608710541782504 632.2914132729546 2830297.8
1.9603811477073063 632.4494252265214 3010021.2
1.959891284046058 632.6075023573898 2761141.2
1.9594014631945056 632.7656447040827 2209132.0
1.958911685152649 632.9238523051534 2130811.5
1.9584219499206412 633.0821251991355 2003632.8
1.9579322574983293 633.2404634246915 1997488.8
1.9574426078858664 633.398867020415 2078130.8
1.9569530010834058 633.55733602493 2110086.0
1.956463437090794 633.7158704769889 2033013.8
1.9559739159083378 633.8744704152265 1867190.5
1.9554844375357305 634.0331358785053 1560860.5
1.9549950019732787 634.19186690552 1675186.5
1.954505609220829 634.3506635351442 1592650.6
1.954016259278688 634.5095258061331 1257318.8
1.9535269521465493 634.6684537574705 1225039.8
1.953037687824719 634.8274474279717 1319066.2
1.9525484663131976 634.9865068565823 1680582.8
1.9520592876119847 635.1456320822774 1631502.5
1.9515701517212336 635.3048231440138 1647956.0
1.9510810586407912 635.4640800808771 1368183.1
1.9505920083706574 635.6234029319348 1153340.8
1.9501030009111386 635.7827917361842 1182022.2
1.949614036262235 635.9422465327532 839229.4
1.949125114423793 636.1017673608503 810383.8
1.9486362353959663 636.2613542596144 624087.4
1.9481473991787546 636.4210072682654 754414.1
1.947658605772311 636.5807264260031 670678.1
1.9471698551764827 636.740511772159 749878.2
1.9466811473915757 636.9003633459444 954833.8
1.946192482417437 637.0602811867515 1211712.1
1.9457038602540666 637.2202653339538 1307372.2
1.9452152809016177 637.3803158269047 1224422.0
1.9447267443602434 637.540432704989 1313011.2
1.9442382506297906 637.7006160077226 1174876.4
1.9437497997102593 637.8608657746016 1071787.8
1.9432613916019559 638.0211820450529 1334386.4
1.942773026304574 638.1815648587356 1301148.6
1.942284703818573 638.3420142550876 1633797.4
1.9417964241434937 638.5025302738807 1566983.2
1.9413081872797955 638.6631129546147 1545875.2
1.9408199932274783 638.823762336972 1917932.4
1.940331841986389 638.9844784607166 2129640.8
1.9398437335565277 639.1452613655928 2041485.2
1.9393556679382007 639.3061110912756 2245521.2
1.9388676451312548 639.4670276776221 1908811.1
1.9383796651358431 639.6280111644202 1915171.1
1.9378917279519658 639.789061591539 1327484.9
1.9374038335796229 639.9501789988791 1449021.5
1.9369159820188142 640.1113634263725 1851626.4
1.936428173269693 640.2726149139316 1925875.8
1.9359404073322595 640.4339335015512 1634446.9
1.9354526842066666 640.5953192292066 1518755.8
1.9349650038927613 640.7567721370057 1612624.2
1.9344773663906967 640.9182922649867 1218096.8
1.9339897717003196 641.0798796533209 1036836.0
1.9335022198220897 641.2415343420075 1248214.9
1.9330147107555473 641.4032563713827 1268849.9
1.932527244501152 641.5650457815085 1191531.1
1.9320398210587508 641.7269026126829 1087131.2
1.9315524404283435 641.8888269051838 1214918.4
1.9310651026100834 642.0508186992703 1412268.1
1.9305778076039704 642.2128780352838 1650045.6
1.9300905554101577 642.375004953547 1653145.1
1.929603346028339 642.5371994945666 1436278.9
1.929116179458974 642.6994616986268 1348270.2
1.9286290557019092 642.8617916062474 1710188.2
1.9281419747569917 643.0241892579795 1450300.0
1.927654936624681 643.186654694203 1739228.5
1.9271679413046705 643.349187955584 1967570.5
1.926680988797267 643.5117890826168 1897134.9
1.9261940791021637 643.6744581160319 1987714.5
1.9257072122198204 643.8371950963362 2298190.0
1.9252203881499308 644.0000000643246 2701645.5
1.9247336068928012 644.1628730606186 3042790.5
1.9242468684482783 644.3258141260267 3201172.8
1.9237601728165155 644.4888233012857 2913791.5
1.9232735199975126 644.651900627217 1940517.5
1.9227869099912698 644.8150461446733 1331953.0
1.922300342797787 644.97825989454 1167703.0
1.9218138184173705 645.1415419176319 1559990.1
1.9213273368497141 645.3048922550018 1329760.5
1.9208408980951241 645.468310947529 1112350.5
1.9203545021534474 645.6317980362794 970210.1
1.919868149024837 645.7953535622485 960631.94
1.9193818387094463 645.9589775664643 922082.5
1.918895571207122 646.1226700900902 1212071.4
1.9184093465178642 646.2864311742701 1207133.6
1.917923164641826 646.4502608601299 1335306.0
1.9174370255791606 646.614159188827 1708853.5
1.916950929329715 646.778126201655 2036215.0
1.916464875893642 646.9421619398371 1350908.5
1.915978865270942 647.1062664446802 1124169.8
1.9154928974616148 647.2704397575246 1334810.5
1.9150069724658136 647.4346819196909 1724352.4
1.9145210902833854 647.5989929726366 1894007.4
1.9140352509146363 647.7633729576957 2056071.1
1.9135494543594134 647.9278219163916 1878832.2
1.9130637006177165 648.0923398902279 1574497.8
1.9125779896896988 648.2569269206895 1360628.0
1.9120923215755137 648.421583049294 1456629.4
1.9116066962750078 648.5863083176959 1621500.8
1.9111211137881812 648.7511027675308 1415508.0
1.9106355741153402 648.9159664403633 1307062.0
1.9101500772563318 649.0808993779467 1601354.5
1.9096646232111558 649.245901622016 1378177.4
1.9091792119799655 649.4109732142866 1261099.0
1.908693843562761 649.5761141965597 1280753.6
1.908208517959542 649.7413246106689 1604282.6
1.907723235170462 649.9066044984297 1474767.6
1.9072379951953677 650.0719539017946 1391674.5
1.9067527980345655 650.2373728625929 1674384.2
1.9062676436879022 650.402861422844 1640614.9
1.9057825321553779 650.5684196245485 1557778.2
1.9052974634371456 650.7340475096873 1366007.8
1.9048124375333586 650.8997451202757 1394909.9
1.9043274544438638 651.0655124984665 1455080.8
1.903842514168661 651.2313496863937 1488543.2
1.9033576167080568 651.3972567261202 1503608.2
1.9028727620617447 651.5632336599517 1238064.6
1.9023879502300312 651.7292805300182 1786996.2
1.9019031812129161 651.8953973785877 1669292.4
1.9014184550103996 652.0615842479624 1457250.6
1.9009337716224817 652.2278411804776 1281782.9
1.9004491310491622 652.3941682185026 866554.06
1.8999645332907478 652.5605654043352 936479.1
1.8994799783469318 652.7270327805173 1064802.2
1.8989954662180208 652.8935703894144 1141072.0
1.8985109969038616 653.0601782735835 1157989.5
1.8980265704046073 653.2268564755097 1004499.3
1.897542186720258 653.3936050377656 777467.5
1.8970578458508136 653.5604240029571 945249.44
1.8965735477964274 653.7273134136717 1249291.5
1.8960892925570993 653.8942733125831 1162086.0
1.8956050801328295 654.0613037423996 1315116.1
1.895120910523771 654.2284047458103 1678106.5
1.8946367837297706 654.3955763656446 1438705.0
1.8941526997509817 654.5628186446596 1271320.2
1.893668658587404 654.7301316257002 1650835.1
1.893184660239191 654.8975153515921 1589821.1
1.8927007047061895 655.0649698653011 1528676.5
1.8922167919887056 655.2324952096687 1468731.4
1.8917329220864332 655.4000914277824 1020507.56
1.8912490949998317 655.5677585624989 1172918.1
1.8907653107284417 655.7354966570279 1264002.0
1.8902815692727226 655.9033057542945 1168947.6
1.8897978706326746 656.0711858974181 1197873.9
1.8893142148081443 656.2391371296053 1367677.5
1.8888306017991319 656.4071594940442 1309162.8
1.8883470316059436 656.5752530338513 1506987.2
1.8878635042284264 656.7434177923367 1303754.5
1.8873800196667334 656.9116538127392 1264857.6
1.8868965779208646 657.0799611383854 1292256.5
1.8864131789906669 657.2483398126899 1544427.5
1.8859298228764465 657.4167898789416 1341704.8
1.8854465095782036 657.5853113805714 1092734.2
1.884963239095938 657.7539043610444 1195114.1
1.88448001142965 657.9225688638614 1147528.5
1.8839968265793394 658.0913049325573 1180152.4
1.8835136845451594 658.2601126106487 1257723.9
1.88303058532711 658.4289919417404 1189507.9
1.8825475289251914 658.5979429694723 1108591.5
1.8820645153395565 658.766965737466 1037794.1
1.8815815445702055 658.9360602894313 1352071.4
1.8810986166169852 659.1052266691669 1715095.5
1.880615731480202 659.2744649203455 1406920.0
1.8801328891597024 659.4437750868362 1208117.0
1.87965008965564 659.6131572124356 1278386.4
1.8791673329680147 659.7826113410293 1309858.0
1.8786846190969797 659.9521375164846 1028816.75
1.8782019480423817 660.1217357828112 1245429.0
1.877719319804374 660.2914061839468 1407277.6
1.8772367343829566 660.4611487639183 1374026.2
1.8767541917781294 660.6309635667882 1320353.9
1.8762716919900457 660.8008506365998 1243140.8
1.8757892350187055 660.9708100174861 1473735.5
1.8753068208641088 661.1408417536159 1113486.2
1.8748244495262556 661.3109458891934 1066793.0
1.874342121005299 661.4811224684039 1390075.0
1.8738598353012392 661.651371535523 1421300.2
1.873377592414076 661.8216931348614 1459383.6
1.8728953923439629 661.9920873107117 1369197.5
1.8724132350907463 662.1625541075101 1938278.0
1.8719311206547329 662.3330935695662 2042455.2
1.8714490490356162 662.5037057414426 1655250.5
1.8709670202337025 662.6743906675199 1623451.9
1.870485034248992 662.845148392324 1325627.6
1.8700030910813314 663.0159789604702 1338771.2
1.8695211907310272 663.1868824164474 1384291.2
1.8690393331980792 663.3578588048885 1316802.8
1.8685575184823344 663.5289081705172 1521627.2
1.868075746583946 663.7000305579843 1384953.2
1.867594017503067 663.8712260119768 1311441.4
1.8671123312395443 664.0424945773264 1073390.4
1.8666306877935313 664.2138362987921 1179863.0
1.8661490871650277 664.3852512212237 1167427.4
1.8656675293540337 664.5567393895072 1218201.8
1.8651860143607024 664.72830084851 1472898.2
1.864704542185034 664.8999356431907 1250878.5
1.8642231128270281 665.0716438185439 1081389.1
1.863741726286685 665.2434254196006 1027466.94
1.863260382564158 665.4152804913741 1200838.1
1.8627790816592937 665.5872090790227 1496936.9
1.8622978235723986 665.7592112275775 1474680.8
1.8618166083033194 665.93128698227 1080563.0
1.8613354358522094 666.1034363882588 934700.94
1.8608543062190686 666.2756594907943 1239267.1
1.8603732194038969 666.4479563351626 1445185.2
1.8598921754068476 666.6203269666325 1558666.8
1.8594111742277675 666.7927714306188 1840263.6
1.8589302158668097 666.9652897724632 1883287.4
1.8584493003239744 667.1378820375992 1828189.9
1.8579684275994146 667.310548271442 1779273.2
1.8574875976929772 667.4832885195538 1608154.5
1.8570068106048154 667.6561028274235 1279179.2
1.8565260663350824 667.8289912405769 1175162.4
1.856045364883625 668.0019538046868 1244958.6
1.8555647062505964 668.174990565353 1052354.4
1.8550840904359966 668.3481015682673 1353973.5
1.8546035174398257 668.5212868591586 1224351.1
1.8541229872620835 668.6945464837929 1210801.8
1.8536424999030765 668.8678804878629 1176534.5
1.8531620553624983 669.0412889173192 1318293.9
1.8526816536406554 669.2147718179289 1544977.5
1.8522012947373945 669.3883292356619 1438301.8
1.8517209786528688 669.561961216415 1761099.2
1.8512407053870783 669.7356678061777 1501604.8
1.8507604749401763 669.909449050921 1501650.0
1.8502802873118562 670.08330499682 1284531.6
1.8498001425025778 670.2572356898099 1150786.0
1.849320040512188 670.4312411760852 1473829.0
1.8488399813406864 670.6053215018223 1598291.8
1.8483599649882265 670.77947671318 1273049.0
1.8478799914548083 670.9537068564097 1256388.2
1.8474000607402785 671.1280119778564 1208287.8
1.8469201728449436 671.3023921237358 1362666.4
1.8464403277688035 671.4768473404126 1417113.8
1.8459605255118583 671.651377674289 1082202.5
1.8454807660739547 671.8259831718613 721085.94
1.8450010494553992 672.0006638794956 1199693.4
1.8445213756561918 672.1754198437079 1255525.1
1.8440417446763324 672.3502511110519 1142362.9
1.843562156515668 672.5251577281751 1158033.5
1.8430826111745047 672.7001397415956 1403173.2
1.8426031086528427 672.8751971979809 1390180.6
1.842123648950682 673.0503301440368 1336423.2
1.8416442320680226 673.2255386265069 1116404.1
1.8411648580048645 673.4008226921734 1149910.8
1.8406855267613609 673.5761823878001 1288160.1
1.8402062383375117 673.7516177602454 1071603.5
1.839726992733317 673.9271288564058 1182493.6
1.839247789948777 674.1027157232164 1363839.9
1.8387686299840444 674.2783784075938 1368136.2
1.8382895128391197 674.4541169565497 1255215.8
1.8378104385141558 674.6299314170776 1385282.0
1.8373314070088465 674.8058218363785 1383593.9
1.8368524183236512 674.9817882614104 1042324.7
1.8363734724582637 675.157830739451 1021771.75
1.8358945694129902 675.3339493175918 1250689.1
1.8354157091876777 675.5101440431314 1359666.1
1.8349368917824793 675.6864149632946 1399702.4
1.834458117197395 675.8627621254011 1177760.8
1.833979385432425 676.0391855768096 1248941.0
1.8335006964875689 676.2156853649171 1232121.5
1.8330220503629802 676.3922615371033 1164263.2
1.832543447058812 676.5689141407865 1282522.6
1.832064886574758 676.7456432235934 1484930.1
1.8315863689111245 676.9224488329637 1168034.1
1.8311078940679115 677.0993310164887 1149646.5
1.830629462044966 677.2762898218558 1130065.1
1.830151072842594 677.4533252966213 1241323.5
1.829672726460796 677.6304374884937 1384978.9
1.8291944228994184 677.8076264452777 1027334.9
1.8287161621586145 677.9848922147035 1211987.9
1.8282379442385377 678.1622348445401 1367231.2
1.8277597691390346 678.3396543827098 1601745.6
1.8272816368602585 678.5171508770607 1652183.1
1.826803547402056 678.6947243755932 1112444.5
1.826325500764887 678.8723749261201 1153349.1
1.8258474969482918 679.0501025768347 1327487.8
1.82536953595273 679.2279073756282 1774156.4
1.824891617777895 679.4057893707163 2267475.0
1.8244137424240936 679.5837486101259 1995370.2
1.8239359098911723 679.7617851420948 2048348.5
1.8234581201792843 679.9398990147861 1861107.5
1.8229803732884298 680.1180902764596 1880525.1
1.8225026692186086 680.2963589754148 1765061.5
1.822025007969974 680.4747051599339 1602489.9
1.821547389542526 680.6531288783957 1676821.5
1.8210698139362647 680.8316301792191 1659059.9
1.8205922811511899 681.0102091108627 1647267.0
1.8201147911873017 681.188865721825 1184073.0
1.8196373440449065 681.3676000605296 1241802.2
1.819159939723698 681.54641217567 1245072.4
1.8186825782239824 681.7253021157493 1155167.4
1.8182052595456066 681.9042699294837 976018.6
1.817727983688724 682.0833156655141 936202.0
1.8172507506533342 682.2624393725791 1044455.7
1.8167735604395907 682.4416410994 1365036.4
1.816296413047187 682.6209208949109 1202088.4
1.8158193084765828 682.8002788077983 1241951.5
1.8153422467276248 682.9797148870193 1109586.0
1.814865227800313 683.1592291815138 997450.56
1.8143882516948007 683.3388217402043 979035.25
1.8139113184109346 683.5184926121691 1295882.6
1.813434427949021 683.6982418463539 1352104.9
1.812957580308907 683.878069491918 962981.25
1.8124807754905925 684.0579755980036 1145075.0
1.8120040134942306 684.2379602137354 1366413.8
1.8115272943199745 684.418023388279 814732.2
1.8110506179675179 684.5981651710143 856399.3
1.810573984437167 684.7783856111299 1082944.4
1.8100973937289222 684.9586847579714 1216644.5
1.8096208458427832 685.1390626609248 1285124.4
1.8091443407789032 685.3195193693592 1332197.0
1.8086678785369759 685.5000549328589 1140982.8
1.8081914591174608 685.6806694007582 1136514.9
1.8077150825202049 685.8613628226652 1019852.9
1.807238748745208 686.0421352481704 1171198.0
1.8067624577924701 686.222986726906 1380965.6
1.8062862096622978 686.4039173084283 1099141.8
1.8058100043543845 686.5849270425679 1230028.1
1.8053338418690368 686.7660159789634 1260482.5
1.8048577222061013 686.9471841674696 1284339.1
1.8043816453657313 687.1284316578658 1604203.5
1.8039056113479268 687.309758500031 1248167.0
1.803429620152841 687.4911647438271 1038556.75
1.8029536717801675 687.6726504393326 1332723.0
1.802477766230366 687.8542156363753 1377011.8
1.802001903503283 688.0358603850584 1163633.9
1.8015260835989189 688.2175847354678 1067395.0
1.8010503065172734 688.3993887377311 1295405.2
1.800574572258653 688.5812724419006 2005670.0
1.8000988808227514 688.7632358983043 2206485.2
1.7996232322098749 688.9452791570775 2219292.8
1.7991476264198702 689.1274022685731 2205891.0
1.7986720634528908 689.3096052830683 2245675.8
1.7981965433089364 689.4918882509414 2224061.0
1.7977210659880072 689.6742512226118 2243132.2
1.7972456314902563 689.8566942484823 2084766.4
1.7967702398155305 690.0392173791155 2120435.5
1.7962948909641363 690.2218206649391 1746301.4
1.7958195849357672 690.4045041566583 1431753.0
1.7953443217308829 690.5872679047262 1320784.9
1.7948691013491769 690.7701119599325 1349805.1
1.7943939237908024 690.9530363729318 1373023.1
1.7939187890557595 691.1360411944806 1384887.6
1.7934436971442014 691.3191264753182 1318958.6
1.7929686480559748 691.5022922663439 1120878.6
1.792493641791233 691.6855386183821 1266398.2
1.792018678350129 691.8688655822989 1254078.1
1.79154375773251 692.052273209121 1092614.9
1.7910688799385288 692.2357615497997 1603196.2
1.7905940449681856 692.4193306553876 2065333.5
1.7901192528214804 692.6029805769803 1617630.0
1.7896445034985664 692.7867113656562 1336730.0
1.7891697969992904 692.970523072655 1194641.5
1.7886951333238055 693.1544157491411 1284841.9
1.788220512472265 693.3383894463207 1146553.0
1.7877459344443625 693.5224442156214 1280013.5
1.7872713992405576 693.7065801082167 1464055.5
1.7867969068605438 693.8907971756197 1449548.1
1.7863224573046277 694.075095469149 1584548.9
1.785848050572656 694.2594750403442 1325597.0
1.7853736866647818 694.4439359406693 1392674.4
1.7848993655810053 694.6284782216904 1516718.8
1.7844250873213263 694.813101935017 1447400.0
1.783950851885745 694.9978071323018 1555348.1
1.7834766592744145 695.1825938651806 1309864.2
1.7830025094873347 695.3674621853926 1280375.9
1.7825284025245058 695.5524121447199 1239545.5
1.7820543383859277 695.7374437949883 1186786.4
1.7815803170717537 695.9225571880065 1363442.2
1.7811063385819836 696.1077523756871 1579888.5
1.7806324029166176 696.2930294099859 1381387.6
1.7801585100756556 696.478388342902 1126804.0
1.7796846600592509 696.6638292264183 1356212.8
1.7792108528674033 696.8493521126213 1384851.2
1.778737088500113 697.0349570536407 1334132.2
1.7782633669575332 697.2206441015906 1165030.2
1.7777896882393573 697.406413308808 1187038.6
1.7773160523460452 697.5922647273744 1329055.6
1.7768424592774434 697.7781984096545 1358384.4
1.7763689090335522 697.9642144079972 1533349.8
1.7758954016145245 698.1503127747352 1542986.9
1.7754219370203606 698.3364935623051 1506785.8
1.774948515250907 698.522756823248 1342562.2
1.7744751363064704 698.7091026099678 1468656.9
1.7740018001870506 698.8955309750337 1522267.0
1.7735285068924944 699.0820419711187 1024872.8
1.7730552564229551 699.2686356508198 1134278.0
1.772582048778586 699.4553120667779 1298548.6
1.7721088839592336 699.642071271799 1226577.9
1.7716357619650513 699.8289133186126 1407218.0
1.771162682795886 700.0158382601139 1525630.0
1.7706896464520439 700.2028461490602 1630202.6
1.770216652933525 700.3899370383749 1390719.9
1.7697437022401763 700.5771109810862 1445638.8
1.769270794372304 700.7643680300852 1406237.5
1.768797929329602 700.9517082385499 1354911.5
1.7683251071123762 701.1391316594606 1140974.8
1.767852327720627 701.3266383459637 1319396.9
1.7673795911543544 701.5142283512498 1499510.8
1.766906897413405 701.7019017286157 1615952.5
1.7664342464982385 701.8896585311593 1648461.0
1.7659616384085486 702.0774988123278 1496475.2
1.7654890731443351 702.2654226254917 1460284.9
1.7650165507059046 702.4534300239446 1273869.2
1.764544071093257 702.6415210611467 1280965.2
1.764071634306239 702.8296957906645 1056659.4
1.763599240345004 703.0179542659874 1297090.4
1.763126889209552 703.2062965407115 1422424.8
1.7626545808998828 703.3947226684774 1057773.5
1.7621823154161498 703.5832327029103 1200551.1
1.7617100927583529 703.7718266977419 1222108.6
1.7612379129264921 703.9605047067488 1454823.1
1.7607657759207207 704.1492667836922 1546326.9
1.7602936817408854 704.3381129825009 1785010.1
1.7598216303869862 704.5270433570885 1560627.6
1.7593496218593296 704.7160579612907 1582383.8
1.7588776561577624 704.9051568491735 1691078.6
1.7584057332824377 705.0943400747257 1706433.2
1.7579338532332023 705.2836076921038 1787137.8
1.7574620160103627 705.472959755327 1834118.1
1.7569902216137656 705.6623963186435 1756248.2
1.756518470043411 705.8519174362866 1401322.2
1.7560467612994524 706.0415231624737 1586733.0
1.7555750953818894 706.2312135515298 1673679.8
1.7551034722907222 706.4209886578254 1800706.1
1.754631892026104 706.6108485357162 1808050.8
1.7541603545878814 706.8007932397264 2153467.0
1.753688859976208 706.9908228243037 1907166.2
1.7532174081912366 707.1809373439414 1748492.0
1.7527459992328143 707.371136853303 1388424.0
1.752274633100941 707.561421407036 1467530.8
1.751803309795923 707.751791059711 1667869.4
1.751332029317454 707.9422458661923 1971344.8
1.7508607916658403 708.1327858811426 2050922.8
1.750389596841082 708.3234111593955 1630222.5
1.7499184448431793 708.5141217558307 1838052.2
1.7494473356719786 708.7049177254369 2025615.5
1.7489762693277866 708.8957991230627 2018809.8
1.7485052458106032 709.0867660037281 1807871.1
1.7480342651202752 709.2778184225615 1773937.4
1.747563327257109 709.4689564345518 1639132.2
1.7470924322209513 709.6601800949212 1877239.9
1.7466215800118023 709.8514894588766 2460404.8
1.7461507706298152 710.0428845816095 2333746.5
1.7456800040749898 710.2343655184206 2348907.8
1.7452092803474795 710.4259323245954 2421423.0
1.744738599447131 710.617585055591 2358075.5
1.7442679613739442 710.8093237668494 2279082.8
1.7437973661282258 711.0011485137348 2355047.8
1.7433268137098223 711.193059351846 2641114.5
1.742856304118734 711.3850563367665 2594792.5
1.7423858373551138 711.5771395240648 2335056.5
1.7419154134189618 711.769308969419 2112536.5
1.7414450323102781 711.9615647285548 2482705.5
1.7409746940290627 712.1539068572454 2763027.5
1.7405043985754687 712.3463354112486 2574536.0
1.7400341459494961 712.5388504464328 2544580.2
1.7395639361512982 712.7314520186508 2544339.0
1.7390937691805686 712.9241401839918 2504197.2
1.7386236450376136 713.1169149983414 2360043.8
1.7381535637224332 713.3097765177585 2558412.2
1.7376835252350276 713.5027247983498 2416726.2
1.7372135295753965 713.6957598962701 2458897.2
1.7367435767436934 713.8888818676592 2392925.0
1.7362736667399181 714.0820907687671 2593834.5
1.7358037995640707 714.2753866558927 3036610.2
1.735333975215998 714.4687695854457 3121911.2
1.7348641936961595 714.6622396136315 3226694.0
1.734394455004249 714.8557967970193 3014681.2
1.7339247591404194 715.049441192037 2870900.2
1.7334551061048242 715.243172855161 3013882.5
1.732985495897157 715.4369918431055 2657794.8
1.732515928517877 715.6308982123168 2800292.5
1.7320464039666783 715.824892019606 2691793.0
1.731576922243867 716.0189733215797 2748015.2
1.73110748334929 716.2131421750825 2886600.5
1.7306380872829474 716.4073986369449 2987364.0
1.7301687340451455 716.6017427639188 3129783.8
1.7296994236355778 716.7961746130585 3126283.8
1.7292301560545509 716.9906942412134 3149607.8
1.7287609313019114 717.1853017054722 2798160.2
1.728291749377966 717.3799970627813 2616529.0
1.727822610282408 717.574780370391 2692421.5
1.7273535140153906 717.7696516854091 2771627.5
1.7268844605770672 717.9646110649929 3075286.0
1.7264154499674378 718.1596585664123 2827953.8
1.7259464821865023 718.3547942469861 2676073.8
1.7254775572342607 718.5500181640822 2887818.0
1.7250086751108662 718.7453303750544 2865872.2
1.7245398358161657 718.9407309374327 2800152.0
1.7240710393503123 719.1362199086693 2939696.5
1.723602285713306 719.3317973463296 2876286.5
1.7231335749053 719.5274633079641 2855882.8
1.7226649069261413 719.723217851301 3148917.2
1.7221962817759828 719.9190610339899 3500726.2
1.721727699454978 720.1149929137301 3671837.8
1.7212591599628202 720.3110135484626 3556142.2
1.7207906632999692 720.5071229958576 3518621.2
1.7203222094661186 720.7033213139557 3780687.2
1.7198537984614215 720.8996085606549 3714094.8
1.719385430285878 721.0959847939672 3937508.8
1.7189171049396412 721.2924500718902 4308200.5
1.7184488224227112 721.4890044525357 4697216.5
1.7179805827349348 721.6856479941299 4381808.0
1.7175123858766184 721.8823807547559 4168992.0
1.7170442318476087 722.0792027927403 4719273.5
1.716576120648059 722.2761141663306 5056599.5
1.7161080522779693 722.4731149338894 4896337.0
1.7156400267373395 722.6702051538293 4853168.0
1.715172044026323 722.8673848845488 4473975.5
1.7147041041447664 723.064654184626 4242109.0
1.7142362070926698 723.2620131126245 4322663.5
1.7137683528703396 723.4594617270297 4580670.0
1.7133005414777758 723.6570000865064 4726903.0
1.7128327729148252 723.8546282498347 4938845.5
1.7123650471814877 724.0523462757808 5054952.0
1.71189736427807 724.250154223032 5609855.5
1.7114297242044185 724.448052150521 6577861.0
1.7109621269605335 724.646040117166 8027112.0
1.7104945725465681 724.8441181818714 10175738.0
1.7100270609625223 725.0422864036577 11225404.0
1.7095595922085494 725.2405448415312 11470605.0
1.7090921662843428 725.4388935547441 12123860.0
1.7086247831903623 725.6373326022746 11539442.0
1.7081574429263013 725.8358620434775 10367033.0
1.7076901454923132 726.0344819375637 9566709.0
1.7072228908885512 726.2331923437946 9151554.0
1.706755679114862 726.4319933216142 8829569.0
1.7062885101713987 726.6308849303866 8815145.0
1.7058213840583147 726.8298672295278 8153245.0
1.7053543007753036 727.0289402787012 8105660.5
1.7048872603226717 727.22810413736 8026066.0
1.704420262700419 727.4273588651403 8701423.0
1.7039533079083924 727.6267045217946 9438852.0
1.7034863959468982 727.8261411669314 10228192.0
1.7030195268159365 728.0256688603414 10758424.0
1.702552700515354 728.2252876619328 11104922.0
1.7020859170451508 728.4249976316004 10820419.0
1.7016191764056332 728.6247988291593 11923928.0
1.7011524785968013 728.8246913146082 12582981.0
1.7006858236185018 729.024675148063 11256481.0
1.700219211470888 729.2247503895609 10697626.0
1.69975264215396 729.4249170992564 9377483.0
1.6992861156677175 729.6251753373568 8681104.0
1.6988196320121607 729.8255251641212 8956948.0
1.698353191187596 730.0259666397296 9423935.0
1.697886793193717 730.2264998246777 8451750.0
1.69742043803083 730.42712477925 6934923.0
1.696954125698782 730.6278415639814 5924302.5
1.696487856197726 730.8286502393275 5066741.0
1.696021629527662 731.0295508658621 4852821.5
1.695555445688437 731.2305435042781 4796741.5
1.6950893046805104 731.4316282150569 4390223.0
1.694623206503576 731.6328050590625 4340773.0
1.6941571511576337 731.8340740970805 4167940.0
1.6936911386429898 732.035435389816 3707276.0
1.6932251689594913 732.2368889982265 3596642.2
1.692759242107138 732.4384349832558 3748668.8
1.6922933580862365 732.6400734057682 3638965.5
1.6918275168964803 732.8418043269465 4155084.5
1.6913617185380225 733.0436278078279 4395850.5
1.6908959630110165 733.2455439095022 5018181.0
1.6904302503154622 733.4475526931793 5517719.5
1.6899645804512065 733.649654220189 6676360.0
1.6894989534185556 733.8518485517146 8402314.0
1.6890333692173565 734.054135749193 8922865.0
1.688567827847609 734.2565158740478 10073328.0
1.6881023293096198 734.4589889876228 11819938.0
1.6876368736030822 734.661555151582 12983116.0
1.6871714607283028 734.864214427377 13558452.0
1.6867060906851283 735.0669668767124 14077619.0
1.686240763473712 735.2698125612138 14542461.0
1.6857754790940538 735.4727515426272 14321626.0
1.6853102375461537 735.6757838827524 13294396.0
1.684845038830165 735.8789096433766 12026994.0
1.6843798829459344 736.0821288864746 11673858.0
1.6839147698936152 736.2854416739417 12431025.0
1.6834496996732073 736.488848067794 11891089.0
1.682984672284864 736.6923481300353 11769226.0
1.682519687728432 736.8959419228571 12355570.0
1.6820547460039115 737.0996295084389 12577788.0
1.6815898471116086 737.3034109488798 13611515.0
1.6811249910513704 737.5072863065351 14736540.0
1.6806601778233499 737.7112556436803 15420701.0
1.680195407427394 737.9153190227794 15783876.0
1.679730679863809 738.1194765061501 16281076.0
1.6792659951322886 738.3237281564333 16285555.0
1.6788013532331392 738.5280740360557 16835796.0
1.6783367541662075 738.7325142077008 19142968.0
1.6778721979316469 738.9370487339721 23531136.0
1.6774076845296104 739.1416776775283 31381300.0
1.6769432139597917 739.3464011012851 43154870.0
1.6764787862226505 739.5512190678761 61117016.0
1.676014401317727 739.756131640395 85413630.0
1.6755500592454808 739.9611388815856 109988420.0
1.675085760005759 740.166240854517 128403590.0
1.6746215035987144 740.3714376221784 142042530.0
1.6741572900241941 740.5767292477499 144205150.0
1.6736931192823512 740.7821157943314 128826300.0
1.6732289913731857 740.987597325146 100466010.0
1.6727649062968508 741.1931739034048 67251864.0
1.6723008640531933 741.3988455925098 41176620.0
1.6718368646423665 741.6046124557835 27125160.0
1.6713729080643702 741.8104745566714 20815860.0
1.6709089943192046 742.0164319586751 16425171.0
1.6704451234070228 742.2224847252842 13576896.0
1.6699812953276716 742.4286329201799 11700644.0
1.6695175100813042 742.6348766069635 10297660.0
1.669053767668074 742.8412158492923 8242717.5
1.6685900680878274 743.047650711016 6640738.0
1.6681264113405647 743.2541812559721 5651994.0
1.667662797426439 743.4608075479863 4699800.0
1.6671992263456037 743.6675296509405 4566326.0
1.6667356980977521 743.8743476289778 4889115.5
1.6662722126831908 744.0812615460245 5182365.5
1.6658087701019197 744.2882714662 5419948.0
1.665345370353939 744.49537745368 5418399.0
1.6648820134392484 744.7025795726972 5275947.5
1.6644186993580012 744.9098778874724 5353284.5
1.6639554281100444 745.1172724624198 5592077.5
1.663492199695531 745.3247633618737 6659086.0
1.663029014114461 745.5323506502934 8062817.0
1.6625658713668345 745.7400343921959 7934274.0
1.6621027714528047 745.9478146520854 8040800.0
1.6616397143722184 746.1556914946615 7900133.0
1.6611767001253819 746.3636649844739 7208182.0
1.660713728712142 746.5717351863361 6597665.0
1.660250800132499 746.7799021650504 6728397.5
1.6597879143866057 746.988165985407 6387213.0
1.6593250714744623 747.1965267123225 6149987.0
1.6588622713960688 747.4049844107706 6146516.0
1.6583995141514252 747.6135391457832 6783499.5
1.6579367997406846 747.8221909823801 8518248.0
1.657474128163694 748.0309399857771 9994695.0
1.6570114994207596 748.2397862210402 11863622.0
1.6565489135117284 748.4487297535004 15576195.0
1.6560863704366002 748.6577706484778 21220930.0
1.6556238701955284 748.8669089712807 30717588.0
1.6551614127885128 749.0761447873449 44672270.0
1.6546989982155536 749.2854781621637 60500480.0
1.6542366264766506 749.494909161289 78641860.0
1.6537742975719572 749.704437850261 98359910.0
1.6533120115014732 749.9140642947476 115096520.0
1.6528497682650456 750.1237885605447 122710560.0
1.6523875678629807 750.3336107132975 119157760.0
1.6519254102952785 750.5435308188491 101834660.0
1.6514632955617858 750.7535489431701 75624110.0
1.651001223662656 750.9636651521511 47453140.0
1.6505391945978887 751.17387951181 27806488.0
1.6500772083676374 751.3841920881542 18916024.0
1.6496152649717488 751.5946029473895 14856118.0
1.6491533644103762 751.8051121556402 12316621.0
1.6486915066835195 752.0157197791598 10364412.0
1.6482296917911787 752.2264258842603 8452859.0
1.647767919733354 752.437230537313 6417358.0
1.6473061905103514 752.6481338046082 5091388.5
1.646844504121865 752.8591357527748 4324867.5
1.6463828605680475 753.0702364482917 3771277.2
1.6459212598490525 753.281435957696 3249286.5
1.6454597019648798 753.4927343476547 2924347.2
1.6449981869153762 753.7041316849644 2804882.5
1.644536714700695 753.9156280363403 2414284.2
1.6440752853208362 754.1272234686278 2604811.5
1.643613898775953 754.3389180486613 2464454.2
1.6431525550660453 754.5507118434051 2351564.5
1.6426912541911132 754.7626049198831 2751557.2
1.6422299961510034 754.9745973452494 3312363.0
1.6417687809460224 755.186689186507 3271848.0
1.6413076085761702 755.398880510859 3543063.0
1.6408464790412935 755.6111713856396 3781418.0
1.640385392341699 755.8235618780311 3853171.5
1.6399243484770798 756.0360520555579 4047995.0
1.6394633474477427 756.2486419855226 3906912.2
1.6390023892536876 756.461331735429 3416778.5
1.6385414738949144 756.674121372841 2789966.5
1.6380806013714233 756.8870109653834 2564122.0
1.6376197716832142 757.1000005807409 2412859.0
1.6371589848304402 757.3130902865882 2262998.5
1.6366982408129482 757.5262801508021 2098908.5
1.6362375396310447 757.7395702411072 1901444.2
1.6357768812845763 757.9529606255016 1901323.2
1.6353162657735432 758.1664513719735 1995812.0
1.6348556930980984 758.3800425485006 2249304.8
1.634395163258242 758.5937342231925 1977696.8
1.6339346762539741 758.8075264642201 1677290.6
1.6334742320852946 759.0214193398148 1715139.5
1.6330138307523567 759.2354129181983 1654316.2
1.6325534722550072 759.4495072677958 2021482.2
1.6320931565935526 759.6637024568798 1966282.8
1.6316328837678395 759.8779985539982 1990611.1
1.6311726537778681 760.0923956276888 2384670.0
1.6307124666237915 760.3068937464793 1956761.9
1.6302523223056098 760.5214929790308 2094767.5
1.6297922208233229 760.7361933940651 2220179.8
1.6293321621769308 760.9509950603667 2073568.5
1.6288721463664335 761.1658980467811 2395384.5
1.6284121733921375 761.3809024220727 2499657.5
1.6279522432537363 761.5960082553538 2306658.2
1.6274923559515364 761.8112156155125 2785251.2
1.6270325114853845 762.0265245717136 3085472.5
1.6265727098552807 762.2419351931126 2871618.8
1.6261129510615313 762.4574475487831 2683152.8
1.62565323510383 762.6730617081483 3040447.0
1.625193561982483 762.8887777404066 3171951.2
1.6247339316974907 763.104595714962 3034757.0
1.6242743442486995 763.320515701353 2736712.5
1.6238147996362629 763.5365377690368 2839667.0
1.6233552978601806 763.7526619876049 2956112.8
1.6228958389204529 763.9688884267118 3298768.8
1.6224364228172328 764.1852171560022 2849477.8
1.6219770495505204 764.4016482452555 2539867.5
1.6215177191203156 764.6181817643146 2933293.0
1.6210584315266185 764.8348177830846 2766188.5
1.6205991867695824 765.0515563714619 2501086.2
1.6201399848490539 765.2683975995498 2928773.8
1.6196808257651862 765.4853415373708 3331895.2
1.6192217095181327 765.70238825501 3723551.2
1.6187626361075869 765.9195378228334 4341686.5
1.6183036055340083 766.1367903109076 4463784.0
1.6178446177970907 766.3541457897254 4709206.0
1.617385672896987 766.5716043296255 4527162.5
1.6169267708336976 766.7891660010824 4679489.5
1.6164679116072223 767.0068308746345 5249410.0
1.6160090952178674 767.2245990207382 5541277.0
1.6155503216653266 767.4424705102048 5333865.0
1.6150915909497532 767.6604454136909 4952157.0
1.614632903071147 767.8785238019901 4747206.0
1.6141742580296614 768.096705745887 4321314.0
1.6137156558252963 768.3149913163028 4178863.5
1.6132570964580517 768.5333805842229 3958607.0
1.6127985799277744 768.7518736207704 4081100.5
1.612340106234924 768.9704704968399 3862816.0
1.611881675379041 769.1891712838288 4024060.5
1.611423287360585 769.407976052761 3728916.0
1.6109649421792493 769.6268848750896 3456761.2
1.6105066398353407 769.8458978220398 3422577.2
1.610048380328859 770.0650149650481 3419333.0
1.6095901636594978 770.2842363757622 3532137.2
1.6091319898277168 770.5035621255278 3579466.5
1.6086738588333627 770.7229922860489 3623493.5
1.6082157706764355 770.942526929021 4017062.2
1.6077577253570885 771.1621661261314 4519799.5
1.6072997228753216 771.3819099492055 4991572.0
1.6068417632309817 771.6017584702075 5376734.0
1.6063838464243752 771.8217117609463 5575328.0
1.6059259724553487 772.0417698935166 6495503.0
1.6054681413240557 772.2619329399314 7180982.0
1.6050103530303428 772.4822009724164 7812894.5
1.6045526075745165 772.7025740630417 7563070.5
1.6040949049564235 772.9230522841638 7342585.0
1.6036372451760639 773.1436357081315 6002885.5
1.6031796282335908 773.3643244072856 4807856.5
1.6027220541290044 773.5851184541062 4716180.0
1.6022645228623045 773.8060179211394 4581026.0
1.6018070344334912 774.0270228809973 4617982.5
1.6013495888427176 774.2481334062838 4856773.5
1.6008921860899838 774.4693495697434 4854879.5
1.6004348261751367 774.6906714442601 4539561.5
1.5999775090984825 774.9120991025625 4617348.0
1.599520234859868 775.1336326176676 5439812.5
1.5990630034594466 775.3552720625104 6274038.0
1.5986058148972182 775.5770175101668 6615758.0
1.5981486691730296 775.7988690338534 7207849.5
1.5976915662871871 776.0208267066305 8031250.5
1.5972345062396909 776.2428906017736 9051080.0
1.5967774890303876 776.4650607926997 9788739.0
1.5963205146594306 776.6873373527435 9605038.0
1.5958635831268198 776.9097203553813 10263249.0
1.5954066944327083 777.1322098740817 12489249.0
1.594949848576943 777.3548059825295 16140705.0
1.594493045559524 777.5775087544023 19438278.0
1.5940362853807577 777.8003182632953 22662088.0
1.5935795680404907 778.0232345830952 25152416.0
1.5931228935387232 778.2462577876815 25764422.0
1.5926662618756082 778.4693879509261 24921440.0
1.592209673051146 778.6926251468435 22810598.0
1.5917531270653362 778.9159694495155 21296464.0
1.5912966239181792 779.139420933092 18463188.0
1.5908401636096747 779.3629796717902 14208068.0
1.5903837461401293 779.5866457397454 10127770.0
1.5899273715092366 779.8104192114612 8010808.0
1.5894710397171496 780.0343001612835 7564181.0
1.5890147507638686 780.2582886637016 7444149.5
1.5885585046495465 780.4823847931979 6732781.0
1.5881023013741835 780.7065886243979 6278395.0
1.5876461409377796 780.9309002319959 6363179.0
1.5871900233403347 781.1553196907539 6094559.0
1.5867339485818488 781.3798470755032 5852659.5
1.5862779166624752 781.6044824610675 5935244.0
1.5858219275820606 781.8292259224905 6710476.0
1.5853659813409116 782.054077534658 7491290.0
1.5849100779388747 782.2790373727507 9045081.0
1.5844542173759502 782.5041055119434 10426614.0
1.583998399652291 782.7292820274038 11388370.0
1.5835426247678974 782.9545669944439 13615445.0
1.583086892722616 783.1799604885213 16084304.0
1.5826312035169066 783.405462584859 16936624.0
1.5821755571503093 783.6310733592045 18176812.0
1.5817199536231308 783.8567928869953 19370980.0
1.5812643929355241 784.0826212438142 20120878.0
1.580808875087183 784.308558505541 20381506.0
1.5803534000784136 784.5346047478216 19400620.0
1.579897967909063 784.7607600465994 17081402.0
1.5794425785792843 784.9870244777355 15490086.0
1.5789872320890774 785.2133981172367 16123186.0
1.5785319284384425 785.4398810411798 16840958.0
1.5780766676273794 785.6664733257115 17727748.0
1.5776214496561947 785.8931750468964 18095518.0
1.5771662745245818 786.1199862811739 16210425.0
1.5767111422325408 786.3469071049011 13499815.0
1.5762560527805314 786.5739375942765 11914636.0
1.5758010061680938 786.8010778260272 11936176.0
1.5753460023956878 787.028327876492 11644811.0
1.5748910414630068 787.2556878224628 12701216.0
1.5744361233702042 787.4831577405727 13728085.0
1.57398124811728 787.7107377076018 13950541.0
1.5735264157043871 787.9384278003243 14731155.0
1.5730716261315258 788.1662280956621 15796130.0
1.572616879398696 788.394138670608 15525802.0
1.5721621755057447 788.6221596023024 14291960.0
1.571707514452978 788.8502909677268 13528451.0
1.571252896240396 789.0785328440871 13439480.0
1.5707983208678455 789.3068853087377 13029552.0
1.570343788335633 789.5353484388733 13053589.0
1.569889298643452 789.7639223120681 13219155.0
1.569434851791609 789.9926070056597 13335444.0
1.5689804477799507 790.2214025972884 14101289.0
1.5685260866087836 790.450309164435 14060581.0
1.5680717682778011 790.6793267849605 14389899.0
1.5676174927871567 790.9084555365662 15592639.0
1.5671632601370034 791.1376954970254 17721570.0
1.5667090703273412 791.3670467442607 17898904.0
1.566254923358017 791.596509356344 17908308.0
1.565800819229184 791.8260834112647 18791136.0
1.5653467579409952 792.0557689870843 20329212.0
1.5648927394932977 792.285566162092 21707980.0
1.5644387638862445 792.5154750144936 23530498.0
1.5639848311196825 792.7454956227236 26979490.0
1.563530941193918 792.9756280650554 29160922.0
1.563077094108798 793.2058724200683 32018972.0
1.5626232898644754 793.4362287662591 34183104.0
1.5621695284607973 793.6666971823527 35628468.0
1.5617158098979167 793.8972777469916 36465196.0
1.5612621341758337 794.127970538969 35627650.0
1.5608085012947015 794.3587756370732 31688430.0
1.5603549112543669 794.5896931203218 30148844.0
1.559901364054983 794.8207230676495 31123148.0
1.55944785969655 795.0518655581424 32840282.0
1.5589943981790677 795.2831206709601 33515158.0
1.5585409795025362 795.5144884853357 34261380.0
1.5580876036671087 795.745969080498 35857680.0
1.5576342706727853 795.977562535827 36270970.0
1.5571809805195658 796.2092689307773 36644604.0
1.5567277332074503 796.4410883448766 37639656.0
1.5562745287364388 796.673020857727 38643340.0
1.5558213671066845 796.9050665489266 39954356.0
1.5553682483181874 797.137225498225 41677884.0
1.5549151723709476 797.369497785447 44791596.0
1.554462139264965 797.6018834904912 47618264.0
1.5540091490003927 797.8343826932521 51138516.0
1.5535562015770776 798.0669954738559 55667630.0
1.553103296995173 798.299721912346 59835770.0
1.5526504352546788 798.5325620889192 63336796.0
1.552197616355595 798.7655160838473 66368060.0
1.551744840298075 798.9985839773972 65929736.0
1.5512921070821184 799.2317658499907 66089456.0
1.5508394167075723 799.4650617822025 67217704.0
1.550386769174743 799.6984718544463 67925940.0
1.5499341644833242 799.9319961475265 67794130.0
1.5494816026337754 800.1656347419276 67916300.0
1.5490290836257903 800.399387718605 69616860.0
1.548576607459522 800.6332551583519 69939496.0
1.5481241741349705 800.8672371421162 67221660.0
1.5476717836521359 801.1013337509219 65826656.0
1.5472194360111713 801.3355450657888 60994660.0
1.5467671312120768 801.569871167892 54783370.0
1.546314869254699 801.804312138562 51238024.0
1.5458626501393447 802.0388680589666 51137844.0
1.5454104738658603 802.2735390105885 51865050.0
1.544958340434246 802.5083250749067 52598300.0
1.544506249844808 802.7432263333176 52110080.0
1.5440542020972403 802.9782428676117 53172130.0
1.543602197191849 803.2133747593382 54585320.0
1.543150235128481 803.4486220903608 57173716.0
1.5426983159071361 803.6839849425411 59279684.0
1.5422464395279678 803.919463397737 62233664.0
1.5417946059911292 804.1550575378831 65035424.0
1.5413428152963138 804.3907674452307 64964524.0
1.540891067443828 804.6265932017883 64322424.0
1.5404393624335189 804.8625348898811 62871680.0
1.5399877002655393 805.0985925917518 62717824.0
1.5395360809400427 805.33476638972 63451884.0
1.5390845044567225 805.5710563664228 66374376.0
1.5386329708158852 805.8074626042544 70787490.0
1.5381814800173776 806.0439851859269 76111980.0
1.5377300320615062 806.2806241939892 85410030.0
1.5372786269479644 806.5173797113891 100305460.0
1.5368272646770587 806.7542518208307 119083890.0
1.5363759452486359 806.9912406053372 139252770.0
1.535924668662696 807.2283461479293 159472380.0
1.5354734349195454 807.4655685315446 178988380.0
1.5350222440188777 807.7029078395211 196195200.0
1.5345710959609993 807.9403641549525 212366080.0
1.534119990745757 808.1779375612529 226500420.0
1.533668928373304 808.4156281417534 235729460.0
1.5332179088436404 808.6534359799439 235057680.0
1.532766932156766 808.8913611593936 226149890.0
1.532315998312681 809.1294037637496 205675380.0
1.5318651073113854 809.3675638767384 180071040.0
1.5314142591530322 809.6058415820839 159147980.0
1.5309634538377748 809.8442369635895 145559060.0
1.5305126913653067 810.08275010538 135565150.0
1.530061971735781 810.3213810914167 123984980.0
1.5296112949493512 810.5601300057399 114858250.0
1.529160661005864 810.7989969326316 107701360.0
1.5287100699056255 811.0379819562094 99449140.0
1.5282595216483297 811.2770851609955 91735260.0
1.5278090162342828 811.5163066312668 86387000.0
1.5273585536634848 811.755646451542 80569260.0
1.5269081339357826 811.9951047065014 75332350.0
1.5264577570511761 812.2346814808235 68181580.0
1.5260074230099718 812.4743768591042 60961970.0
1.5255571318121697 812.714190926182 54851144.0
1.5251068834574633 812.9541237671391 50354750.0
1.5246566779463122 813.1941754667296 45190376.0
1.5242065152784101 813.4343461101962 41015504.0
1.5237563954540634 813.6746357825356 38692984.0
1.5233063184729656 813.9150445691517 39029600.0
1.5228562843355764 814.1555725551203 41622384.0
1.5224062930415894 814.3962198260068 45405004.0
1.5219563445910045 814.6369864672939 48809710.0
1.5215064389841282 814.8778725643815 54171676.0
1.5210565762209605 815.1188782029138 60245780.0
1.520606756301195 815.3600034687812 66775476.0
1.5201569792252911 815.6012484475438 74456020.0
1.5197072449929427 815.8426132252544 84183570.0
1.5192575536044561 816.0840978877181 97071870.0
1.518807905059678 816.3257025210687 112054390.0
1.5183582993586087 816.5674272114386 126247940.0
1.517908736501401 816.8092720449599 149135100.0
1.5174592164880552 817.0512371079291 178123140.0
1.517009739318571 817.2933224867243 203678480.0
1.5165603049929488 817.5355282678053 226054640.0
1.5161109135113415 817.777854537632 245019700.0
1.5156615648737493 818.0203013828287 269389400.0
1.5152122590800188 818.2628688901849 287912900.0
1.5147629961304565 818.505557146324 298270530.0
1.5143137760249092 818.7483662382002 298174430.0
1.513864598763377 818.9912962527678 282322180.0
1.513415464346013 819.2343472769804 253444980.0
1.512966372772817 819.477519397958 211841950.0
1.5125173240437895 819.7208127029024 160917200.0
1.5120683181590833 819.9642272790162 113373600.0
1.511619355118392 820.2077632138338 77524620.0
1.5111704349221755 820.4514205945576 54860010.0
1.5107215575702804 820.6951995088053 41446564.0
1.5102727230625534 820.9391000442783 32855324.0
1.5098239313993012 821.183122288512 28137482.0
1.5093751825805235 821.4272663292912 24104358.0
1.5089264766060673 821.6715322545683 19881852.0
1.5084778134760857 821.9159201522124 17037076.0
1.5080291931905787 822.1604301102598 15082071.0
1.5075806157495464 822.4050622168312 13763938.0
1.507132081153142 822.6498165600472 13218370.0
1.5066835894013653 822.8946932281964 12119211.0
1.5062351404940633 823.1396923097353 10823709.0
1.5057867344315423 823.384813892954 10313486.0
1.5053383712136492 823.6300580664773 10555162.0
1.504890050840384 823.8754249189319 9469288.0
1.5044417733118998 824.1209145389445 8710148.0
1.5039935386281966 824.3665270153109 9023866.0
1.5035453467892745 824.6122624369115 9642306.0
1.5030971977951335 824.8581208927117 10054599.0
1.5026490916459267 825.1041024716777 10192230.0
1.502201028341501 825.3502072630298 10609225.0
1.5017530078820096 825.5964353559042 10058572.0
1.5013050302674524 825.8427868396076 9961638.0
1.5008570954979827 826.0892618034471 10413967.0
1.5004092035734473 826.3358603369844 10563238.0
1.4999613544939994 826.5825825296982 10431719.0
1.4995135482594857 826.8294284713218 10901999.0
1.4990657848702127 827.0763982514205 11957439.0
1.498618064325874 827.3234919599843 13897090.0
1.4981703866269291 827.5707096866659 15490974.0
1.4977227517730718 827.8180515216274 16083696.0
1.497275159764302 828.0655175549481 16788304.0
1.496827610600926 828.3131078766241 17546082.0
1.4963801042827907 828.5608225769922 19399146.0
1.495932640809896 828.8086617463907 19594252.0
1.4954852201823954 829.0566254751607 19886334.0
1.4950378424002886 829.3047138538137 19877496.0
1.4945905074635757 829.5529269729489 20327440.0
1.4941432153722567 829.8012649232525 20831124.0
1.4936959661264848 830.0497277954124 21219578.0
1.4932487597261068 830.2983156803742 21929590.0
1.492801596171276 830.5470286690005 23241850.0
1.492354475461839 830.7958668524115 22821882.0
1.4919073975982555 831.0448303214741 21784668.0
1.491460362580066 831.2939191676546 20869196.0
1.4910133704075768 831.5431334820805 22016902.0
1.4905664210807879 831.7924733561374 23151822.0
1.490119514599546 832.0419388813848 23220328.0
1.4896726509641578 832.2915301492136 22883142.0
1.489225830174623 832.5412472512738 23180622.0
1.4887790522307887 832.7910902793893 24163092.0
1.4883323171326546 833.041059325387 23136252.0
1.4878856248805272 833.2911544810105 21463104.0
1.4874389754741002 833.5413758384354 20805612.0
1.48699236891368 833.7917234895825 20984424.0
1.4865458051992664 834.0421975266331 21236256.0
1.4860992843307064 834.2927980419431 21781538.0
1.485652806308153 834.5435251277862 21983228.0
1.4852063711317598 834.7943788765244 20929434.0
1.48475997880122 835.0453593808677 21584290.0
1.4843136293168402 835.2964667332707 23684124.0
1.4838673226786203 835.5477010264498 28322916.0
1.4834210588865604 835.7990623532108 31266608.0
1.4829748379406604 836.0505508064495 33882508.0
1.4825286598409204 836.3021664791512 37830492.0
1.4820825245873404 836.5539094643913 41685220.0
1.4816364321802267 836.805779855162 45331144.0
1.481190382619273 837.0577777448916 50324140.0
1.4807443759046324 837.3099032268393 54783240.0
1.480298412036305 837.562156394441 57428724.0
1.479852491014444 837.8145373411362 60105756.0
1.4794066128390493 838.0670461605417 62128756.0
1.4789607775099678 838.319682946452 60525380.0
1.4785149850273527 838.5724477925781 58909740.0
1.4780692353913572 838.8253407927227 57444910.0
1.477623528601828 839.0783620409525 57448780.0
1.4771778646587652 839.3315116313387 57380390.0
1.4767322435624752 839.5847896578694 54212990.0
1.4762866653126516 839.8381962149726 52025710.0
1.4758411299094476 840.0917313969062 48140970.0
1.4753956373530164 840.3453952980196 41790750.0
1.474950187643358 840.5991880128411 34817892.0
1.474504780780319 840.8531096360776 29417816.0
1.474059416764053 841.1071602623539 27400964.0
1.4736140955945598 841.3613399864737 26850122.0
1.4731688172719926 841.6156489032453 27928482.0
1.4727235817961981 841.8700871077442 28919272.0
1.4722783891673297 842.1246546949634 30040050.0
1.4718332393853872 842.3793517600753 32050696.0
1.4713881324503708 842.6341783983455 34785460.0
1.4709430683622804 842.8891347051319 37941110.0
1.4704980471212692 843.1442207757974 39483268.0
1.470053068727184 843.3994367059732 41883556.0
1.4696081331803312 843.6547825911201 43511890.0
1.4691632404804045 843.9102585271436 44976184.0
1.4687183906277101 844.1658646096906 46713680.0
1.468273583622095 844.4216009347653 50127630.0
1.4678288194635591 844.6774675983769 56099104.0
1.4673840981524089 844.9334646964526 60754916.0
1.4669394196883379 845.1895923253653 65175684.0
1.4664947840716525 845.4458505812293 69616180.0
1.4660501913021995 845.7022395605169 72187900.0
1.4656056413801322 845.9587593596183 73538650.0
1.4651611343054505 846.2154100751061 76797060.0
1.4647166700780012 846.4721918037353 78057390.0
1.4642722486980908 846.7291046420901 79617580.0
1.463827870165566 846.9861486871146 80550630.0
1.463383534480427 847.2433240357587 79716710.0
1.4629392416429798 847.5006307848902 77226930.0
1.4624949916529184 847.7580690318258 73246030.0
1.4620507845103958 848.0156388737114 66107844.0
1.4616066202155653 848.2733404077877 58423680.0
1.4611624987682736 848.5311737315682 48675964.0
1.460718420168674 848.7891389424839 39647536.0
1.4602743844167665 849.0472361381503 33468178.0
1.459830391512551 849.3054654162779 28575148.0
1.4593864414560276 849.5638268746734 24162416.0
1.4589425342473494 849.8223206111497 22335256.0
1.4584986698863633 850.0809467237941 23590484.0
1.4580548483732225 850.3397053106114 27400240.0
1.457611069707927 850.5985964697917 29396480.0
1.4571673338904767 850.857620299621 30184572.0
1.456723640921025 851.1167768983927 32607084.0
1.4562799907994184 851.3760663646754 34711430.0
1.4558363835258104 851.6354887969547 37498044.0
1.455392819100354 851.8950442938136 41207612.0
1.454949297522743 852.1547329542003 44645964.0
1.4545058187931303 852.4145548768912 51259056.0
1.4540623829116694 852.6745101607595 60037524.0
1.4536189898783602 852.9345989048651 67314070.0
1.4531756396932027 853.1948212083655 69429770.0
1.452732332356197 853.4551771705156 69405030.0
1.4522890678673428 853.7156668906674 70237490.0
1.4518458462266404 853.976290468271 72325780.0
1.451402667434396 854.237048002694 75331610.0
1.4509595314903034 854.4979395937619 79023976.0
1.4505164383945157 854.758965341128 83449860.0
1.4500733881471861 855.0201253445437 86218110.0
1.4496303807480082 855.2814197041295 85095480.0
1.4491874161974416 855.5428485196525 77310320.0
1.44874449449518 855.8044118914298 64633030.0
1.4483016156413764 856.0661099196066 54048840.0
1.4478587796361841 856.3279427044259 46179524.0
1.44741598647945 856.5899103464111 42954730.0
1.446973236171174 856.852012946094 43482116.0
1.4465305287115093 857.1142506040145 44431824.0
1.446087864100456 857.3766234209029 43697064.0
1.445645242338014 857.639131497588 44115596.0
1.4452026634243365 857.9017749349078 43556520.0
1.444760127359117 858.1645538340724 42323956.0
1.4443176341428154 858.4274682959368 39339532.0
1.4438751837751251 858.6905184219111 36341844.0
1.4434327762563526 858.9537043131403 34824350.0
1.4429904115863446 859.2170260711436 34058716.0
1.442548089765101 859.4804837974486 29753052.0
1.4421058107927753 859.7440775935925 23268422.0
1.4416635746692141 860.007807561395 17927822.0
1.4412213813947239 860.2716738025027 16359190.0
1.4407792309691514 860.5356764189369 15452462.0
1.4403371233924966 860.7998155127278 14875991.0
1.4398950586647596 861.0640911860075 15026672.0
1.4394530367862468 861.3285035408252 16366106.0
1.4390110577566517 861.5930526796977 16979276.0
1.4385691215761276 861.8577387049686 16736056.0
1.4381272282448276 862.1225617190823 17724840.0
1.4376853777625986 862.387521824769 17672808.0
1.4372435701295938 862.6526191246762 18827288.0
1.4368018053458131 862.9178537216453 19254096.0
1.4363600834112566 863.1832257186197 19086258.0
1.4359184043257711 863.4487352187372 19708992.0
1.4354767680898162 863.7143823248687 18709350.0
1.4350351747030854 863.9801671404484 17799240.0
1.4345936241655788 864.2460897688288 17861900.0
1.4341521164776028 864.5121503132802 17642022.0
1.4337106516390041 864.7783488774523 17213752.0
1.4332692296497829 865.0446855650057 16495922.0
1.4328278505100922 865.3111604796109 16182109.0
1.432386514219779 865.577773725227 16032191.0
1.4319452207789962 865.8445254057308 16713389.0
1.4315039701878973 866.1114156251026 16627676.0
1.4310627624461758 866.378444487704 17490016.0
1.4306215975542913 866.6456120975364 18148290.0
1.4301804755117842 866.9129185592622 20004696.0
1.429739396319114 867.18036397709 23667948.0
1.4292983599759745 867.4479484557969 24796936.0
1.428857366482672 867.7156720998926 24467398.0
1.4284164158390533 867.9835350142696 25719938.0
1.4279755080452716 868.2515373037387 28439570.0
1.4275346431011737 868.5196790734016 30601310.0
1.4270938210069128 868.7879604282784 33537664.0
1.4266530417626422 869.0563814734933 36947756.0
1.4262123053680553 869.3249423145558 40006812.0
1.4257716118234587 869.5936430567068 44252040.0
1.4253309611288523 869.8624838054792 48868016.0
1.424890353284236 870.1314646665107 50984210.0
1.42444978828961 870.4005857455451 54213650.0
1.4240092661448212 870.6698471485247 56915764.0
1.4235687868503288 870.9392489811233 55886780.0
1.4231283504058267 871.2087913495886 56713830.0
1.4226879568113149 871.4784743600873 61197504.0
1.4222476060670997 871.7482981187035 62399844.0
1.4218072981728747 872.0182627320038 64594530.0
1.4213670331289463 872.2883683062853 69591620.0
1.4209268109353146 872.558614948139 74762950.0
1.4204866315918263 872.829002764357 76773570.0
1.4200464950986347 873.0995318616497 74356770.0
1.4196064014557397 873.3702023469284 69714090.0
1.4191663506631413 873.6410143272118 59649724.0
1.4187263427209929 873.9119679095307 46369084.0
1.418286377629141 874.1830632012127 34033610.0
1.4178464553878922 874.4543003094085 24740560.0
1.41740657599694 874.725679341755 20458804.0
1.4169667394564378 874.9972004057129 18312944.0
1.4165269457663854 875.2688636089454 16032212.0
1.416087194926936 875.5406690591286 13978932.0
1.4156474869380897 875.8126168641418 12743888.0
1.4152078217996933 876.0847071320666 12050900.0
1.4147681995120531 876.3569399708092 11755979.0
1.414328620075016 876.6293154886685 11609431.0
1.413889083488582 876.9018337939567 10980210.0
1.4134495897529042 877.1744949950004 11138542.0
1.4130101388678296 877.4472992004248 12484330.0
1.4125707308336644 877.7202465186789 13035078.0
1.4121313656502554 877.993337058606 13209609.0
1.4116920433176028 878.2665709290637 12586915.0
1.4112527638357064 878.5399482390192 12389459.0
1.4108135272047195 878.8134690974537 12944540.0
1.4103743334247953 879.0871336134577 12625050.0
1.4099351824956274 879.3609418965183 12273620.0
1.409496074417369 879.6348940559461 12054614.0
1.4090570091901733 879.9089902011616 11640985.0
1.408617986813887 880.1832304418868 11429774.0
1.4081790072886635 880.4576148877628 11102304.0
1.4077400706145027 880.7321436486368 11311596.0
1.4073011767915578 881.0068168343707 12127119.0
1.4068623258195223 881.2816345552252 11533381.0
1.4064235176987028 881.5565969211877 10338746.0
1.4059847524290991 881.8317040425493 9588753.0
1.4055460300105582 882.1069560298076 9912638.0
1.4051073504433864 882.382352993284 9724662.0
1.4046687137274305 882.6578950436991 8956814.0
1.4042301198626905 882.9335822917894 9241552.0
1.4037915688493197 883.2094148483069 9440395.0
1.4033530606871647 883.4853928243077 9674841.0
1.402914595376532 883.7615163306714 9368245.0
1.4024761729171153 884.037785478775 9344791.0
1.402037793309221 884.3142003797225 9429443.0
1.401599456552849 884.5907611449225 9730328.0
1.401161162647846 884.8674678859936 10607440.0
1.4007229115943653 885.1443207144737 11426496.0
1.4002847033922539 885.4213197422071 12241836.0
1.399846538041818 885.6984650808604 12464686.0
1.3994084155430575 885.9757568424072 13263519.0
1.3989703358958194 886.2531951390316 14131518.0
1.398532299100257 886.5307800828369 15189092.0
1.3980943051562167 886.8085117862347 14685324.0
1.3976563540640052 887.086390361458 14895956.0
1.3972184458234693 887.3644159211461 14972278.0
1.396780580434609 887.6425885779546 16288516.0
1.3963427578975773 887.9209084445565 17006272.0
1.3959049782123745 888.1993756338359 16128631.0
1.3954672413790004 888.4779902587916 16345176.0
1.395029547397455 888.7567524325373 16038188.0
1.3945918962678916 889.0356622682033 14603194.0
1.3941542879900037 889.3147198793281 14243574.0
1.393716722564251 889.5939253790772 14090980.0
1.3932791999904803 889.8732788811212 13584258.0
1.3928417202685384 890.1527804992473 13316581.0
1.3924042833987316 890.4324303470638 13824034.0
1.3919668893809067 890.7122285385884 15185355.0
1.391529538215217 890.9921751877592 15888876.0
1.3910922299015094 891.2722704088256 16814122.0
1.39065496444009 891.5525143158594 16500940.0
1.3902177418306527 891.8329070234407 16035312.0
1.3897805620735038 892.1134486458737 15741882.0
1.38934342516849 892.3941392978736 16872798.0
1.3889063311157646 892.6749790940756 17909968.0
1.3884692799153275 892.9559681493299 18554162.0
1.388032271567179 893.2371065786042 19752472.0
1.3875953060713186 893.518394496983 21035328.0
1.3871583834279 893.7998320195692 21520200.0
1.3867215036366165 894.0814192618799 20373032.0
1.3862846666979278 894.3631563390555 19054692.0
1.3858478726116807 894.6450433667492 17954084.0
1.385411121377722 894.9270804607324 16380221.0
1.3849744129963582 895.2092677365979 16525394.0
1.3845377474674359 895.4916053103531 16201739.0
1.3841011247911084 895.7740932979257 16005060.0
1.3836645449673757 896.0567318154615 16258705.0
1.3832280079962378 896.3395209792242 15836614.0
1.3827915138775415 896.6224609056961 15674870.0
1.3823550626117465 896.905551711081 15079570.0
1.381918654198393 897.1887935122976 14346758.0
1.3814822886377875 897.4721864258876 13567496.0
1.3810459659299301 897.7557305687102 12949720.0
1.3806096860748207 898.0394260577442 12122236.0
1.3801734490726125 898.3232730099888 12317758.0
1.3797372549229991 898.6072715428618 11834339.0
1.379301103626287 898.8914217735025 10124775.0
1.378864995182476 899.1757238193694 7845627.0
1.3784289295915664 899.4601777980415 5396419.5
1.377992906853558 899.744783827218 4021113.0
1.3775569269684507 900.0295420247193 3431966.5
1.3771209899362447 900.3144525084859 3342755.2
1.376685095757093 900.5995153964798 3451739.0
1.376249244430996 900.8847308068833 3801255.5
1.3758134359579532 901.1700988580008 3781117.8
1.375377670337965 901.4556196682572 3489311.0
1.3749419475710312 901.7412933562001 3355849.5
1.374506267657305 902.0271200403972 3550872.8
1.3740706305966333 902.31309983974 3874321.2
1.3736350363891692 902.5992328730398 4357836.0
1.3731994850349127 902.8855192593319 4078403.0
1.3727639765340172 903.1719591176721 3915513.8
1.372328510886176 903.4585525675416 4039622.2
1.3718930880916957 903.7452997281408 4456504.5
1.3714577081505763 904.0322007189948 4702617.0
1.3710223710628178 904.3192556597511 5008473.0
1.3705870768282669 904.6064646702818 4660678.5
1.37015182544723 904.893827870279 5067400.0
1.3697166169197073 905.1813453797603 5281225.5
1.3692814512455453 905.4690173189679 5298017.0
1.3688463284247443 905.7568438081672 4869704.5
1.3684112484576105 906.0448249675441 4779793.5
1.3679762113438376 906.3329609178145 5195822.0
1.367541217083732 906.6212517794124 4939757.0
1.3671062656771404 906.9096976732011 4880549.0
1.3666713571242162 907.1982987199648 4817876.0
1.3662364914249592 907.4870550407143 4751989.5
1.3658016685793695 907.7759667565851 4723613.5
1.3653668885872938 908.0650339889402 4481926.0
1.3649321514490387 908.354256858961 4506606.5
1.364497457164604 908.6436354881589 4249451.5
1.3640628057338366 908.9331699982728 3550599.8
1.3636281971568898 909.2228605109626 3757238.0
1.3631936314337634 909.5127071481168 4373668.0
1.3627591085644575 909.8027100317494 4341081.0
1.362324628548972 910.0928692840006 4286072.0
1.3618901913874604 910.383185027035 4029283.5
1.3614557970799224 910.6736573832453 4760407.5
1.3610214456262049 910.964286475254 6111782.5
1.3605871370266143 911.2550724255024 5855127.5
1.3601528712808442 911.5460153569694 5906832.5
1.359718648389201 911.8371153923501 5878807.0
1.3592844683516847 912.1283726546728 6872877.0
1.3588503311681421 912.4197872671955 7407822.5
1.3584162368388797 912.7113593529953 7723107.5
1.357982185363591 913.0030890356892 6763168.0
1.3575481767424291 913.2949764387128 6462882.5
1.3571142109755474 913.5870216856301 5760229.0
1.3566802880627926 913.8792249003395 5504841.0
1.3562464080044712 914.1715862065581 5556373.0
1.3558125708002766 914.4641057285448 5983194.5
1.3553787764503622 914.7567835903773 5539976.0
1.354945024954728 915.0496199163656 5763810.0
1.354511316313527 915.3426148308455 5995136.0
1.3540776505267593 915.6357684583854 5687702.0
1.3536440275942718 915.9290809237866 5767055.5
1.3532104475162177 916.2225523517733 5454061.0
1.3527769102925968 916.5161828673025 5217654.0
1.3523434159235626 916.8099725953581 5111084.0
1.3519099644089616 917.1039216612609 4640836.5
1.351476555748794 917.3980301903588 4369116.0
1.3510431899433661 917.6922983079221 4151308.0
1.3506098669923716 917.9867261397677 4737196.0
1.3501765868961169 918.2813138114268 5027079.0
1.3497433496542954 918.5760614489786 5017693.0
1.349310155267367 918.8709691781121 4465709.5
1.348877003735025 919.1660371251686 4921226.0
1.3484438950572697 919.4612654164133 5677085.5
1.3480108292344073 919.7566541780332 5914496.0
1.3475778062662847 920.0522035366606 5418478.0
1.3471448261529018 920.347913618956 5061590.0
1.3467118888944118 920.6437845516068 5333046.0
1.346278994490815 920.9398164615376 5631102.0
1.3458461429419577 921.23600947591 5795122.5
1.3454133342479935 921.5323637218094 6218135.5
1.3449805684089222 921.8288793265584 6370190.5
1.3445478454248971 922.1255564175077 6550562.0
1.344115165295765 922.4223951223511 6725569.5
1.343682528021679 922.7193955687057 6642825.0
1.3432499336026393 923.0165578844278 7007521.0
1.3428173820386458 923.3138821975066 6674534.5
1.3423848733296984 923.6113686360657 7056365.0
1.3419524074759503 923.9090173282572 6318993.0
1.3415199844770953 924.2068284026841 5793117.5
1.3410876043335929 924.5048019875562 5097725.5
1.3406552670452898 924.8029382116395 5032041.5
1.340222972612033 925.1012372038358 4604437.0
1.3397907210341287 925.3996990928644 3767256.0
1.3393585123114238 925.6983240078963 4501532.0
1.3389263464440715 925.9971120780272 4546866.0
1.3384942234319186 926.2960634326994 3619496.0
1.3380621432751183 926.5951782012796 2947792.8
1.3376301059736706 926.8944565133755 3186487.0
1.3371981115277287 927.1938984986253 3135126.5
1.3367661599371394 927.4935042870154 3065408.0
1.3363342512019027 927.7932740085625 2918287.2
1.3359023853221719 928.0932077933139 3649727.5
1.3354705622979468 928.3933057715595 4641831.5
1.3350387821292276 928.6935680737263 4941858.5
1.3346070448161673 928.9939948302714 4835123.0
1.3341753503584597 929.2945861721097 4287212.0
1.3337436987565643 929.5953422297599 5024041.0
1.3333120900101747 929.896263134412 6427062.0
1.3328805241194441 930.1973490170735 6748474.5
1.3324490010842194 930.4986000091033 6471705.5
1.33201752090496 930.8000162415711 7109585.5
1.3315860835812066 931.1015978463272 7661969.0
1.3311546891132653 931.4033449548241 7507308.0
1.3307233375011362 931.7052576988684 7824389.0
1.3302920287448194 932.0073362104047 8567283.0
1.3298607628443149 932.3095806215173 8824842.0
1.3294295397996225 932.6119910644296 9434508.0
1.3289983596107424 932.9145676715044 8909624.0
1.3285672222778278 933.2173105751367 8553840.0
1.3281361278008785 933.5202199079689 7861278.0
1.3277050761797415 933.8232958028907 6986844.0
1.3272740674147232 934.1265383926094 6553848.0
1.3268431015056703 934.4299478102956 6182310.5
1.3264121784525829 934.733524189153 6624545.0
1.325981298255614 935.0372676624173 7487994.5
1.325550460914764 935.3411783635743 8491069.0
1.3251196664298792 935.6452564263581 9488612.0
1.3246889148012664 935.9495019843198 9829457.0
1.324258206028619 936.2539151715853 10106496.0
1.3238275401122435 936.5584961219886 10821720.0
1.3233969170521398 936.8632449697224 11442379.0
1.322966336848308 937.1681618491214 12010532.0
1.3225357995005949 937.4732468947709 11629632.0
1.3221053050091536 937.7785002411817 11515802.0
1.3216748533741374 938.0839220230076 11938266.0
1.321244444595393 938.3895123752616 12178024.0
1.3208140786729206 938.6952714329918 12014382.0
1.3203837556068732 939.0011993312805 11453289.0
1.3199534753972508 939.3072962054619 11222289.0
1.3195232380442068 939.6135621909048 11679206.0
1.3190930435474346 939.919997423449 10081394.0
1.3186628919072407 940.2266020386422 9546741.0
1.318232783123472 940.5333761725033 9518671.0
1.3178027171962814 940.840319960977 9713939.0
1.317372694125516 941.1474335403716 9213596.0
1.316942713911482 941.4547170468115 8265813.0
1.3165127765540263 941.7621706168944 8223447.5
1.3160828820533021 942.069794387144 7850657.0
1.3156530304091563 942.3775884944487 7923385.5
1.3152232216215887 942.6855530757327 6912251.0
1.3147934556909058 942.9936882678462 6225034.0
1.3143637326168012 943.3019942082246 6866062.5
1.3139340523995813 943.6104710340098 7697072.0
1.3135044150390929 943.9191188828199 7719809.5
1.313074820535336 944.2279378923092 7731613.0
1.3126452688884638 944.5369282001689 8240582.5
1.3122157600984763 944.8460899443468 9346427.0
1.3117862941653735 945.1554232629379 9604863.0
1.3113568710891554 945.4649282941843 9750369.0
1.3109274908699753 945.7746051763655 10564630.0
1.3104981535076798 946.0844540481289 10230679.0
1.310068859002269 946.39447504816 10419224.0
1.3096396073540495 946.7046683150703 9905069.0
1.3092103985627146 947.0150339880627 9014194.0
1.3087812326285708 947.3255722060454 9385098.0
1.3083521095513118 947.6362831085186 8961856.0
1.307923029331397 947.9471668345763 8590934.0
1.3074939919685202 948.258223524017 7701047.0
1.3070649974626813 948.569453316566 6339347.0
1.3066360458141868 948.8808563518758 6477902.0
1.3062071370228834 949.192432770082 6246164.0
1.305778271088771 949.5041827113585 5455051.0
1.30534944801185 949.81610631603 5664587.5
1.3049206677924263 950.1282037243477 5571726.0
1.3044919304300406 950.4404750772711 4856289.0
1.3040632359251525 950.7529205152409 4652290.5
1.3036345842776087 951.0655401792948 5181614.5
1.3032059754874092 951.37833421051 6024014.0
1.3027774095547073 951.6913027500036 6880547.5
1.3023488864793498 952.0044459392666 7480329.0
1.3019204062614897 952.3177639197193 8390206.0
1.3014919689011273 952.6312568330444 10608969.0
1.3010635743981092 952.9449248211896 12825559.0
1.300635222752895 953.2587680258059 13799591.0
1.3002069139650252 953.57278658937 14117911.0
1.2997786480348061 953.8869806539499 14460308.0
1.2993504249622378 954.2013503619911 15233610.0
1.298922244747167 954.5158958562046 15704900.0
1.2984941073899003 954.8306172791167 16439362.0
1.2980660128902843 955.1455147737456 17777228.0
1.297637961248319 955.4605884831502 19470206.0
1.2972099524640046 955.7758385505432 20455894.0
1.2967819865376473 956.0912651190655 20729618.0
1.2963540634689408 956.4068683324643 20863484.0
1.2959261832580382 956.722648334302 21193962.0
1.2954983459049396 957.0386052684091 19209564.0
1.2950705514097982 957.3547392786572 16116569.0
1.2946427997724608 957.6710505093004 11138339.0
1.2942150909930805 957.9875391045206 7583906.0
1.2937874250715042 958.3042052088823 6206299.0
1.2933598020080384 958.6210489667659 4855279.0
1.2929322218023764 958.9380705231608 4942165.0
1.292504684454825 959.2552700227592 5005786.0
1.2920771899652306 959.57264761075 5621051.0
1.2916497383337466 959.8902034322514 6340112.0
1.291222329560373 960.2079376326519 7328222.0
1.2907949636449567 960.5258503576116 8163083.0
1.290367640587804 960.843941752605 9682076.0
1.2899403603887616 961.162211963607 9936329.0
1.2895131230478296 961.480661136635 9112789.0
1.2890859285651612 961.7992894177513 10012116.0
1.2886587769406033 962.118096953404 12219585.0
1.288231668174462 962.4370838898562 13965399.0
1.2878046022664313 962.7562503739879 14283466.0
1.2873775792168174 963.0755965523792 14869050.0
1.286950599025467 963.3951225721132 16492320.0
1.2865236616923803 963.7148285803173 16533561.0
1.2860967672177104 964.0347147241636 17080438.0
1.2856699156014573 964.3547811510982 17093292.0
1.285243106843621 964.6750280087277 17272358.0
1.2848163409442015 964.995455444818 16907842.0
1.284389617903352 965.3160636071805 14327051.0
1.2839629377209194 965.6368526440167 11591859.0
1.2835363003969036 965.9578227035746 8484828.0
1.2831097059314578 966.2789739341472 5841495.0
1.282683154324582 966.6003064843037 4709880.5
1.2822566455764295 966.9218205026592 3737428.0
1.2818301796866938 967.2435161383372 2477363.8
1.2814037566556813 967.5653935401605 2210834.0
1.280977376483392 967.8874528573448 1637839.9
1.2805510391696728 968.2096942393839 1550268.1
1.2801247447146769 968.5321178357027 1167764.5
1.2796984931184041 968.8547237960042 1368364.8
1.2792722843808546 969.1775122701545 1601982.4
1.2788461185021816 969.5004834080664 1572756.4
1.2784199954822317 969.8236373600482 1472290.5
1.2779939153211584 970.1469742763395 1321847.0
1.2775678780189614 970.47049430746 1218014.8
1.277141883575641 970.7941976040929 1170788.2
1.2767159319910437 971.1180843172026 1246387.6
1.2762900232656293 971.4421545974513 1252158.6
1.2758641573989382 971.7664085963656 1285218.2
1.2754383343912767 972.0908464650537 1161559.4
1.275012554242645 972.4154683550219 1034003.44
1.2745868169530428 972.7402744179421 1091960.1
1.2741611225224703 973.065264805652 1100484.2
1.2737354709509274 973.3904396701543 1227994.1
1.2733098622385675 973.7157991635012 1423383.8
1.2728842963852371 974.041343438145 1402720.1
1.2724587733910897 974.3670726464702 1032069.75
1.2720332932561251 974.6929869411453 1108101.4
1.2716078559801902 975.0190864751225 1324819.2
1.2711824615635914 975.3453714011697 1331802.5
1.2707571100063286 975.6718418724563 1617730.1
1.2703318013080955 975.9984980425547 1554091.0
1.2699065354693517 976.325340064617 1367212.0
1.2694813124897908 976.6523680925513 1233006.1
1.269056132369566 976.9795822800814 1149560.2
1.2686309951086772 977.3069827812171 1564362.5
1.2682059007072777 977.6345697500187 1816100.8
1.2677808491652143 977.9623433409515 1909268.1
1.267355840482487 978.2903037085323 1799262.2
1.266930874659249 978.6184510073288 1527818.9
1.2665059516956534 978.946785392078 1425555.0
1.266081071591394 979.2753070180423 1484474.0
1.2656562343466238 979.6040160402988 1663319.0
1.2652314399614961 979.932912614095 1610506.5
1.2648066884358578 980.2619968950856 1877815.6
1.2643819797698619 980.5912690388594 2123364.0
1.2639573139635085 980.9207292012945 2147506.5
1.2635326910167977 981.2503775384404 2012140.2
1.263108110929576 981.5802142066374 1541836.9
1.2626835737021502 981.91023936204 1415771.4
1.26225907933452 982.2404531612128 1432850.8
1.2618346278265324 982.5708557610121 1423150.5
1.2614102191783405 982.9014473182282 1435240.6
1.2609858533899443 983.2322279899429 1902509.8
1.2605615304613438 983.5631979334111 2003253.8
1.260137250392539 983.8943573060612 1798674.4
1.25971301318353 984.2257062654948 1802954.8
1.2592888188344697 984.5572449693674 1606891.9
1.2588646673453585 984.8889735756278 1859016.2
1.258440558716043 985.2208922425192 1596419.2
1.2580164929466764 985.5530011282193 1692607.4
1.257592470037412 985.8853003910801 1839816.8
1.2571684899880964 986.2177901898685 1634662.2
1.2567445527987298 986.5504706834067 1458906.2
1.2563206584694653 986.8833420305717 1636753.2
1.2558968070001497 987.2164043906567 2009985.8
1.2554729983910895 987.5496579227696 2359361.5
1.2550492326419782 987.8831027866761 2239751.8
1.2546255097531223 988.2167391418361 2085760.8
1.2542018297243684 988.5505671482476 1971027.0
1.25377819255587 988.8845869658444 1947530.8
1.2533545982474736 989.2187987549783 1970448.2
1.2529310467993326 989.5532026759374 2043180.2
1.252507538211447 989.8877988893073 2402339.2
1.2520840724838167 990.2225875558523 2656237.5
1.251660649616595 990.5575688363928 2582318.5
1.2512372696096286 990.8927428921698 2189822.8
1.2508139324629175 991.2281098844824 2220112.8
1.250390638176615 991.5636699746863 2315305.2
1.249967386750721 991.8994233244374 2532869.8
1.2495441781852357 992.2353700955717 2440642.8
1.249121012480312 992.5715104499822 2221289.0
1.2486978896356438 992.9078445501069 2121637.5
1.2482748096515373 993.2443725580771 2247472.0
1.2478517725279925 993.5810946364477 2748614.5
1.2474287782650095 993.9180109479538 3255511.5
1.247005826862435 994.2551216556336 2436522.2
1.2465829183205757 994.5924269223399 1000196.5
1.246160052639278 994.929926911473 -255073.4
1.245737229818542 995.267621786493 -1646300.0
1.2453144498585211 995.6055117109189 -3666562.0
1.244891712759062 995.9435968486964 -5142951.5
1.2444690185203178 996.2818773637088 -6574701.0
1.2440463671424418 996.6203534200216 -7955995.0
1.2436237586251275 996.959025182251 -9648583.0
1.2432011929686815 997.2978928147057 -11904550.0
1.2427786701729504 997.6369564822453 -13832170.0
1.2423561902380875 997.9762163496674 -15940446.0
1.2419337531640928 998.3156725820769 -18105070.0
1.241511358950813 998.6553253448848 -19776984.0
1.2410890075985548 998.9951748033176 -21971482.0
1.2406666991071646 999.3352211231559 -23966422.0
1.2402444334766427 999.6754644702415 -25961176.0
1.239822210706989 1000.0159050106015 -28284964.0
1.2394000307985098 1000.3565429102013 -30106340.0
