string
description: px_shifted, calibration parameter: [ 1.31e-02 -2.00e+00  1.38e+03  3.80e+00  2.35e+03  0.00e+00]
fileR_100ms_Fe_S3_x_1_6_binn back: data/NiO_ausfloesung/dark/RZP-structure:___RZP_S3100ms roi list:[0, 1040, 2048, 2048]
nm eV counts/s
2.192805235112707 565.4136127728956 1554112.4
2.1922954696910724 565.5450860677583 1328709.9
2.191785747058297 565.6766094753773 1884806.8
2.1912760672145337 565.8081830229789 2090724.9
2.190766430159783 565.9398067378487 1722089.4
2.1902568358940444 566.0714806472919 1735615.6
2.1897472844173183 566.203204778633 1636728.6
2.189237775729911 566.3349791591369 1758368.9
2.188728309831516 566.4668038162466 1672950.2
2.1882188867222863 566.5986787773057 1869981.1
2.1877095064025287 566.7306040696378 1839086.8
2.1872001688719367 566.8625797207446 1821036.2
2.1866908741308166 566.9946057579888 2140330.2
2.1861816221790153 567.1266822088718 2127997.8
2.185672413016686 567.2588091008353 2187984.0
2.185163246643982 567.3909864613405 1687458.9
2.1846541230607497 567.5232143179478 1561046.8
2.1841450422671427 567.6554926981581 1904510.0
2.183636004263161 567.7878216295314 2155505.0
2.183127009048804 567.9202011396477 1733171.8
2.182618056624379 568.0526312560268 1329247.6
2.1821091469895793 568.1851120063681 1276257.8
2.181600280144711 568.3176434182308 1326567.4
2.1810914560897743 568.4502255192742 1482597.4
2.180582674824616 568.582858337217 1356938.1
2.1800739363495425 568.7155418996781 1367323.9
2.179565240664554 568.8482762343759 1632056.8
2.1790565877694967 568.9810613690893 1806745.2
2.1785479776646777 569.1138973314963 1601210.1
2.1780394103500966 569.2467841493753 1194218.0
2.1775308858256004 569.3797218505648 1605457.2
2.177022404091342 569.5127104628427 1893161.1
2.176513965147475 569.6457500140073 1976523.5
2.1760055689939994 569.7788405319166 1884062.6
2.175497215630915 569.9119820444488 1723593.5
2.1749889050582216 570.0451745795023 2120736.8
2.1744806372760728 570.1784181649549 2757136.0
2.1739724122844684 570.3117128287453 2648768.8
2.1734642300834084 570.4450585988317 2590363.0
2.172956090673046 570.5784555031522 2575964.8
2.1724479940533814 570.7119035697058 2676286.5
2.1719399402244144 570.8454028265111 2884413.8
2.1714319291862982 570.9789533015668 2258377.2
2.170923960939033 571.1125550229317 1923993.0
2.1704160354824653 571.2462080187257 1791272.8
2.169908152817055 571.3799123169272 1791492.5
2.1694003129424955 571.5136679457365 1556588.9
2.16889251585894 571.6474749332533 1542792.8
2.168384761566542 571.7813333075976 1364653.1
2.167877050065148 571.9152430969899 1457181.9
2.167369381354911 572.0492043295908 1396112.5
2.166861755435985 572.1832170335811 1752951.9
2.166354172308216 572.3172812372422 1651352.0
2.1658466319717573 572.451396968796 1362445.6
2.1653391344267625 572.585564256484 1206793.0
2.164831679673078 572.719783128649 1186593.5
2.1643242677108576 572.8540536135737 1962105.0
2.1638168985401007 572.9883757396015 2439198.5
2.1633095721608075 573.1227495350961 2324794.2
2.1628022885731313 573.2571750284013 2325557.2
2.162295047777225 573.3916522478811 2654892.8
2.1617878497727827 573.5261812220424 2881086.0
2.1612806945602636 573.6607619792087 2775594.0
2.1607735821393614 573.7953945479278 2251750.2
2.1602665125103826 573.9300789566054 2535869.2
2.159759485673174 574.0648152337892 2496841.8
2.1592525016278885 574.1996034079671 2139998.0
2.1587455603746797 574.3344435076466 2245275.5
2.158238661913241 574.4693355614787 1760322.5
2.157731806244032 574.6042795979309 1890971.5
2.1572249933668997 574.7392756456547 2186340.0
2.156718223281844 574.8743237332815 2728942.5
2.1562114959890177 575.0094238894222 3176461.0
2.1557048114884214 575.1445761427498 3292340.2
2.155198169780208 575.2797805219166 3921081.2
2.1546915708642245 575.4150370556778 3369378.5
2.154185014740624 575.5503457727275 3704570.0
2.153678501409406 575.6857067018217 3524144.0
2.1531720308707247 575.8211198716958 3147768.5
2.1526656031245794 575.9565853111474 3704381.0
2.1521592181709703 576.0921030489947 3764626.5
2.1516528760098974 576.2276731140768 3809347.5
2.151146576641514 576.3632955352128 3241887.0
2.150640320065973 576.4989703412429 2828482.2
2.150134106282968 576.6346975611507 2867901.0
2.149627935292806 576.770477223777 3350882.0
2.1491218070956397 576.9063093580247 3608255.2
2.1486157216911628 577.0421939929407 3217387.2
2.148109679079835 577.1781311573874 3244096.0
2.1476036792613495 577.3141208804539 3052266.5
2.14709772223586 577.450163191127 3019368.5
2.1465918080035196 577.5862581184142 3520007.8
2.146085936564175 577.722405691427 3865574.5
2.1455801079181325 577.8586059391739 4991981.0
2.145074322065239 577.9948588908084 5895730.0
2.144568579005648 578.1311645754226 7092925.0
2.144062878739359 578.267523022171 6934661.0
2.1435572212665255 578.4039342601878 6128260.5
2.143051606586841 578.5403983187529 4410233.5
2.142546034700765 578.6769152269601 2786942.8
2.142040505608145 578.8134850140902 1809471.4
2.141535019309133 578.9501077093626 1082665.8
2.141029575803577 579.0867833421 1004784.1
2.1405241750917825 579.2235119415233 1294206.0
2.1400188171735968 579.360293536998 1350344.8
2.139513502049173 579.4971281578287 1694223.1
2.1390082297183577 579.6340158334239 1799317.2
2.1385030001816108 579.7709565930473 1593963.9
2.1379978134384725 579.907950466234 1005063.6
2.1374926694894025 580.0449974822902 927435.56
2.1369875683342476 580.1820976707104 1178600.4
2.136482509973161 580.319251060927 1211237.8
2.1359774944059895 580.4564576824774 1443810.5
2.1354725216330395 580.5937175647954 1747768.9
2.1349675916541577 580.7310307374613 1965073.9
2.1344627044694975 580.8683972299934 2035105.1
2.1339578600790587 581.0058170719738 2776237.2
2.1334530584828415 581.1432902930055 3316599.0
2.132948299680999 581.2808169226715 4124372.0
2.132443583673531 581.4183969906185 4813491.0
2.131938910460438 581.5560305265144 6079689.0
2.1314342800417196 581.693717560049 6705806.0
2.1309296924176824 581.8314581208499 6197284.0
2.130425147588173 581.9692522386921 5899252.0
2.1299206455531916 582.1070999433302 5092202.0
2.1294161863128913 582.2450012644991 4354374.5
2.128911769867272 582.3829562319968 4544044.5
2.1284073962164873 582.5209648756012 5445189.5
2.1279030653603836 582.6590272251962 5735889.5
2.1273987772991143 582.7971433106034 5525125.0
2.1268945320326793 582.935313161708 4302541.5
2.126390329561232 583.0735368083753 2611816.2
2.125886169884772 583.2118142805344 1590391.8
2.1253820530032996 583.3501456081361 1121739.9
2.124877978916815 583.4885308211535 1090905.4
2.124373947625624 583.6269699494969 1075812.6
2.123869959129421 583.7654630232674 810161.3
2.1233660134283583 583.9040100724613 737206.94
2.122862110522743 584.0426111270554 742051.5
2.1223582504122684 584.1812662172161 1117813.5
2.121854433097241 584.319975372964 784168.8
2.1213506585775077 584.4587386244679 823040.06
2.1208469268532215 584.5975560018343 976634.9
2.1203432379243825 584.736427535234 830337.56
2.119839591791144 584.8753532548179 543602.44
2.1193359884533525 585.0143331908431 586204.06
2.1188324279113147 585.1533673734622 582859.25
2.118328910164724 585.2924558330191 507794.1
2.11782543521404 585.4315985996685 557408.5
2.117322003058957 585.5707957037987 609319.3
2.11681861369978 585.710047175651 453041.88
2.116315267136357 585.8493530456158 663593.5
2.115811963368841 585.9887133440211 1293669.0
2.115308702397385 586.1281281012174 1770629.2
2.1148054842216824 586.2675973477045 2548981.5
2.114302308842193 586.4071211137922 3686594.5
2.1137991762586106 586.5466994300252 5135612.0
2.1132960864712413 586.6863323268008 6215479.0
2.1127930394800853 586.8260198346231 6524764.0
2.1122900352849894 586.9657619840616 5589499.0
2.11178707388626 587.1055588055805 4005923.8
2.1112841552837436 587.2454103297939 3149820.0
2.1107812794775938 587.3853165872534 2827764.0
2.1102784464678104 587.5252776085758 2724828.5
2.1097756562545467 587.6652934243574 2311002.0
2.1092729088376494 587.8053640653026 2125453.5
2.108770204217425 587.9454895620103 2540789.8
2.108267542393567 588.0856699452727 3406428.0
2.107764923366535 588.2259052456908 3561976.2
2.107262347136023 588.3661954941024 3653082.5
2.1067598137021837 588.5065407212392 3625003.5
2.1062573230651704 588.6469409578556 3704237.5
2.1057548752249833 588.7873962347716 3763496.5
2.105252470181622 588.9279065828299 3141152.2
2.104750107935087 589.0684720328958 3199397.8
2.1042477884855315 589.2090926158145 4193185.5
2.103745511832955 589.3497683624968 5476608.0
2.103243277977358 589.4904993038763 8141127.5
2.1027410869188934 589.6312854708666 11744271.0
2.1022389386575613 589.7721268944467 15033314.0
2.1017368331933617 589.913023605619 14952679.0
2.1012347705262946 590.053975635408 13556518.0
2.100732750656513 590.1949830148187 11546081.0
2.1002307735840176 590.336045774922 8152064.0
2.099728839308961 590.4771639467681 5362035.5
2.09922694783119 590.6183375615169 3099475.5
2.0987250991508577 590.7595666502647 2771563.0
2.0982232932681177 590.9008512441308 2799263.8
2.0977215301828167 591.042191374344 2406145.5
2.097219809895108 591.1835870720699 1541371.2
2.096718132404838 591.3250383685829 1326048.9
2.0962164977124664 591.4665452950084 949899.06
2.095714905817687 591.6081078827103 921737.75
2.0952133567206532 591.7497261629463 1322876.0
2.0947118504213647 591.8914001670407 1356776.2
2.0942103869199746 592.0331299262972 1092982.0
2.093708966216483 592.1749154720859 1182739.2
2.0932075883110435 592.3167568357574 1346994.2
2.092706253203349 592.4586540488148 1055394.5
2.0922049608938598 592.600607142568 647309.7
2.091703711382269 592.7426161485675 714582.0
2.091202504668883 592.8846810982127 671427.4
2.0907013407537023 593.0268020230133 959848.8
2.090200219636573 593.1689789545461 733386.75
2.0896991413178023 593.3112119242809 604337.9
2.0891981057972364 593.4535009638406 914720.7
2.088697113075182 593.5958461047419 1106052.1
2.0881961631513324 593.7382473786982 1480830.0
2.0876952560259943 593.8807048172728 1408774.8
2.0871943916990143 594.0232184521827 1064230.4
2.086693570170699 594.165788315038 1193675.0
2.086192791440895 594.3084144376024 1408201.9
2.0856920555096026 594.4510968516206 1679917.0
2.085191362377128 594.5938355887724 2158228.8
2.0846907120431646 594.7366306809365 3285397.2
2.084190104508019 594.8794821598404 5983112.0
2.0836895397716915 595.0223900573226 8064033.0
2.0831890178341816 595.1653544052447 10301546.0
2.0826885386954896 595.3083752354926 11106716.0
2.0821881023557687 595.4514525799319 9455484.0
2.0816877088150187 595.5945864704955 7293930.0
2.081187358073393 595.7377769390964 5625212.5
2.080687050130585 595.8810240178027 3817949.8
2.080186784987055 596.0243277384872 2344847.8
2.0796865626426486 596.1676881332216 2038797.2
2.0791863830973667 596.311105234058 2252830.0
2.0786862463513622 596.4545790730281 2366009.5
2.0781861524046352 596.5981096822311 1750006.9
2.0776861012571857 596.7416970937905 1497577.5
2.077186092909167 596.88534133981 1228720.1
2.0766861273604253 597.0290424525044 1097985.6
2.076186204611268 597.1728004639808 793236.25
2.075686324661694 597.3166154064584 861813.9
2.075186487511551 597.4604873122242 791602.75
2.074686693160992 597.6044162135014 601110.5
2.0741869416100167 597.748402142581 742990.5
2.0736872328587785 597.8924451317339 883458.8
2.0731875669074307 598.0365452132553 890743.6
2.0726879437556667 598.1807024195967 721287.75
2.072188363403793 598.3249167830575 459906.12
2.0716888258516564 598.469188336093 717112.44
2.0711893310995633 598.6135171110509 1186802.6
2.0706898791473605 598.7579031404349 1550772.8
2.070190469995201 598.9023464566854 1763187.4
2.0696911036430854 599.0468470923103 2567682.8
2.069191780091013 599.1914050798424 2437084.8
2.0686924993389844 599.3360204518384 3132414.8
2.0681932613873055 599.480693240791 4193190.2
2.06769406623567 599.6254234793943 4829219.5
2.067194913884385 599.7702112001891 5276542.5
2.0666958043334493 599.91505643583 6063377.0
2.066196737582864 600.0599592189953 7027752.5
2.065697713632628 600.2049195823879 7069347.5
2.0651987324827425 600.3499375587355 5455792.0
2.0646997941335132 600.4950131807008 3770084.5
2.064200898584634 600.6401464811493 2693854.5
2.063702045836411 600.7853374927925 1944881.1
2.063203235888844 600.9305862484559 1231272.4
2.062704468741934 601.0758927809894 1502266.0
2.06220574439568 601.2212571232675 1436537.2
2.0617070628502354 601.3666793081446 1241499.0
2.0612084241056006 601.5121593685444 1117604.2
2.0607098281617753 601.6576973374152 1056072.2
2.0602112750187596 601.80329324773 948515.56
2.05971276467686 601.948947132397 625262.6
2.0592142971357696 602.094659024528 520610.75
2.0587158723957955 602.2404289570807 657178.1
2.058217490456784 602.3862569631715 815261.6
2.0577191513188886 602.5321430758526 690982.56
2.0572208549822624 602.6780873282 633635.7
2.056722601446752 602.8240897534054 926610.3
2.056224390712358 602.9701503846395 624201.6
2.055726222779386 603.1162692550088 343155.25
2.0552280976476833 603.2624463977787 364653.75
2.054730015317403 603.4086818461503 540122.4
2.054231975788545 603.554975633394 440486.2
2.0537339790611098 603.7013277928057 408827.5
2.05323602513525 603.847738357661 745135.3
2.0527381140109657 603.9942073613055 882447.8
2.052240245688104 604.1407348371549 956726.2
2.051742420166971 604.2873208185148 658232.1
2.051244637447567 604.433965338806 629375.3
2.0507468975298915 604.5806684314746 780126.8
2.050249200413945 604.7274301299913 401817.06
2.0497515460997273 604.8742504678524 423822.75
2.0492539345873917 605.0211294785344 441915.9
2.0487563658770913 605.1680671955382 721307.2
2.048258839968673 605.3150636524811 919841.6
2.0477613568621367 605.4621188829599 780404.94
2.047263916557789 605.6092329205064 728448.4
2.0467665190554762 605.7564057988136 678410.56
2.046269164355199 605.9036375515542 820693.5
2.0457718524572632 606.0509282123359 918027.5
2.045274583361363 606.1982778149728 963952.44
2.044777357067804 606.3456863931233 774226.9
2.044280173576587 606.4931539805617 536284.44
2.0437830328875584 606.6406806111331 771435.75
2.0432859350010246 606.788266318572 833792.6
2.0427888799169858 606.9359111367293 693442.8
2.0422918676352886 607.0836150995264 710020.06
2.0417948981560863 607.2313782408197 757449.44
2.041297971479532 607.379200594491 1152261.4
2.040801087605626 607.5270821944932 1498769.9
2.040304246534368 607.6750230748048 1244043.1
2.039807448265758 607.8230232694299 1436896.5
2.039310692799796 607.9710828123983 1360153.0
2.038813980136789 608.1192017376742 1608534.4
2.0383173102764296 608.2673800794299 1261515.1
2.037820683219025 608.4156178716811 1047749.0
2.0373240989645747 608.5639151485602 1142734.5
2.036827557513079 608.7122719442257 1075730.2
2.036331058864538 608.8606882928617 966564.7
2.0358346030191043 609.0091642286324 724477.25
2.0353381899766254 609.1576997858194 870264.06
2.0348418197374074 609.3062949985929 1046680.75
2.034345492301297 609.4549499012861 1683471.1
2.033849207668448 609.6036645281669 1452162.4
2.0333529658388594 609.7524389135743 1791609.4
2.032856766812532 609.9012730918741 2060251.8
2.0323606105896186 610.0501670974116 1939518.9
2.0318644971701194 610.1991209646042 1933812.8
2.0313684265540344 610.3481347278952 2035114.9
2.0308723987413635 610.4972084217543 1888325.5
2.03037641373226 610.6463420806309 1863586.1
2.029880471526724 610.7955357390468 1678933.1
2.029384572124755 610.9447894315499 1991736.4
2.0288887155265067 611.0941031926678 2520854.2
2.028392901731979 611.2434770570009 3242788.0
2.027897130741172 611.3929110591753 4320629.0
2.0274014025540854 611.5424052338441 5491150.0
2.0269057171708726 611.6919596156396 6058371.0
2.0264100745915337 611.841574239267 6229194.0
2.0259144748162217 611.9912491394115 6116229.5
2.0254189178447835 612.1409843508771 4732863.0
2.0249234036773722 612.2907799084021 3193998.8
2.024427932313988 612.4406358467966 2465960.2
2.0239325037546307 612.5905522008975 2298701.0
2.0234371179994537 612.740529005522 2097832.5
2.022941775048457 612.8905662955601 1998194.5
2.0224464749017934 613.0406641058814 1498624.0
2.021951217559157 613.1908224715218 1321866.1
2.021456003021007 613.3410414273111 1094882.0
2.0209608312871907 613.4913210082918 1050457.4
2.020465702357861 613.64166124944 1213659.6
2.0199706162328646 613.792062185851 864978.06
2.019475572912355 613.9425238525544 533623.5
2.0189805723963317 614.0930462846524 590545.6
2.0184856146849484 614.2436295172273 884764.6
2.0179906997780517 614.3942735854819 797368.44
2.017495827675948 614.5449785245052 747574.5
2.0170009983784842 614.6957443695532 705720.7
2.0165062118858135 614.8465711558152 525685.9
2.0160114681979358 614.9974589185543 682618.06
2.015516767314851 615.1484076930599 782899.3
2.0150221092365594 615.299417514649 850847.56
2.0145274939633673 615.450488418571 999531.2
2.014032921494968 615.6016204402903 1329360.0
2.0135383918316685 615.7528136151103 1490803.9
2.013043904973315 615.9040679785022 1966719.8
2.0125494609202144 616.0553835658236 1552419.8
2.012055059672213 616.2067604125997 1682258.6
2.0115607012293113 616.3581985543356 1609440.1
2.011066385591662 616.5096980265168 1766851.8
2.0105721127592657 616.661258864703 2082166.9
2.010077882732122 616.8128811044805 2651663.0
2.009583695510384 616.9645647814164 3570887.2
2.009089551094052 617.1163099311511 3369563.0
2.008595449483126 617.2681165893532 3292127.2
2.0081013906776057 617.4199847917175 2951532.0
2.007607374677798 617.571914573873 2621266.5
2.007113401483396 617.7239059716633 2169745.8
2.006619471094706 617.8759590207712 1667350.8
2.0061255835115754 618.0280737570488 1682781.1
2.005631738734157 618.1802502162801 1667751.8
2.005137936762451 618.3324884343248 1663436.9
2.0046441775966106 618.4847884470221 1479641.1
2.0041504612366356 618.6371502902858 1301385.0
2.003656787682373 618.789574000105 1319662.2
2.003163156934129 618.9420596123538 1525949.4
2.0026695689917506 619.0946071630758 1421465.0
2.002176023855391 619.2472166882482 1424101.8
2.001682521525203 619.3998882238747 1126681.1
2.001189062000881 619.5526218061293 918493.2
2.000695645282884 619.7054174709765 779191.9
2.0002022713709056 619.8582752546457 1005029.1
1.9997089402652524 620.0111951932039 996726.9
1.9992156519657711 620.1641773228883 1256090.2
1.998722406472615 620.3172216798689 1231773.9
1.998229203785784 620.470328300391 1100639.8
1.9977360439052783 620.6234972207274 1288594.6
1.9972429268312508 620.7767284771312 1140241.0
1.9967498525637017 620.9300221059314 1102680.6
1.996256821102631 621.0833781434839 1347512.8
1.9957638324481919 621.2367966261255 1652003.9
1.995270886600231 621.3902775903164 2286470.8
1.9947779835590551 621.5438210724011 3081054.5
1.9942851233243575 621.6974271089431 2978667.5
1.9937923058965978 621.8510957362954 2725817.2
1.9932995312754698 622.0048269910775 1841071.8
1.9928067994612797 622.1586209097459 1438768.6
1.9923141104537212 622.3124775289765 1146792.4
1.991821464253254 622.4663968852342 1391152.5
1.9913288608597246 622.6203790152031 1480243.0
1.99083630027298 622.7744239555956 1600709.8
1.99034378249348 622.9285317429608 1713355.0
1.9898513075209179 623.0827024141153 1796673.1
1.9893588753556002 623.2369360057124 2531519.5
1.9888664859972205 623.3912325546255 2591932.8
1.9883741394462384 623.5455920975163 2452220.8
1.9878818357023476 623.7000146713148 2227015.5
1.9873895747658543 623.854500312787 1625615.6
1.9868973566366055 624.0090490588718 1337695.2
1.9864051813147543 624.1636609464401 1627388.1
1.9859130488003007 624.3183360124394 2345778.0
1.9854209590932448 624.4730742938458 2476822.0
1.9849289121937397 624.6278758276152 2902063.8
1.9844369081017854 624.7827406507804 3091056.2
1.983944946817382 624.9376688004031 2959958.5
1.9834530283405294 625.092660313573 2824899.0
1.9829611526713808 625.2477152273607 1627545.1
1.9824693198099363 625.4028335789129 1735502.2
1.981977529756349 625.5580154053573 1337845.8
1.981485782510466 625.7132607439466 1127656.5
1.98099407807244 625.8685696318655 1153253.2
1.9805024164422713 626.0239421063761 968763.6
1.98001079761996 626.1793782047685 1031448.4
1.979519221605659 626.334877964314 1131186.1
1.9790276883993685 626.4904414223606 1531825.2
1.9785361980010885 626.6460686162852 1569427.5
1.9780447504109722 626.8017595834452 1434302.5
1.9775533456288663 626.957514361324 1782120.0
1.9770619836550773 627.1133329872879 1348498.8
1.9765706644892989 627.2692154989264 1076008.6
1.9760793881319905 627.4251619336158 1372075.0
1.9755881545828458 627.5811723290033 1877505.2
1.9750969638421711 627.7372467225712 1599634.4
1.9746058159096602 627.8933851520258 1684194.8
1.9741147107857726 628.0495876548582 1970075.2
1.973623648470355 628.2058542687843 1576519.4
1.9731326289632545 628.3621850315485 1038474.6
1.9726416522649304 628.5185799807297 763979.25
1.9721507183750764 628.6750391541794 929430.5
1.9716598272938457 628.8315625896327 1125482.9
1.9711689790213915 628.9881503248532 1023203.1
1.9706781735575607 629.1448023977317 861821.25
1.9701874109025064 629.3015188460907 918891.75
1.9696966910563818 629.458299707782 1328275.0
1.9692060140190337 629.6151450207842 1503567.0
1.9687153797904622 629.7720548230569 1775627.0
1.9682247883709736 629.9290291524909 1818240.1
1.9677342397604147 630.0860680471533 1801718.0
1.9672437339587856 630.2431715450921 2081118.1
1.9667532709663926 630.400339684286 2264129.0
1.9662628507829294 630.5575725029398 1828962.5
1.9657724734087023 630.714870039092 1182581.4
1.9652821388435582 630.8722323309576 974272.6
1.9647918470878034 631.0296594166332 1446581.2
1.9643015981411316 631.1871513344429 1222173.2
1.9638113920040023 631.3447081224934 1364111.0
1.963321228675956 631.5023298192172 1780610.2
1.9628311081574523 631.6600164627806 1676816.0
1.9623410304484912 631.8177680915277 1862623.6
1.9618509955487662 631.9755847439308 2123910.8
1.961361003458737 632.1334664582455 2267361.0
1.9608710541782504 632.2914132729546 2264625.2
1.9603811477073063 632.4494252265214 1757271.2
1.959891284046058 632.6075023573898 1264508.9
1.9594014631945056 632.7656447040827 1684709.2
1.958911685152649 632.9238523051534 2088435.8
1.9584219499206412 633.0821251991355 2103583.2
1.9579322574983293 633.2404634246915 2110882.8
1.9574426078858664 633.398867020415 1951195.5
1.9569530010834058 633.55733602493 1719093.2
1.956463437090794 633.7158704769889 1783951.8
1.9559739159083378 633.8744704152265 1667394.9
1.9554844375357305 634.0331358785053 1533268.9
1.9549950019732787 634.19186690552 1144612.5
1.954505609220829 634.3506635351442 1190607.1
1.954016259278688 634.5095258061331 1357464.2
1.9535269521465493 634.6684537574705 1034218.2
1.953037687824719 634.8274474279717 1066388.1
1.9525484663131976 634.9865068565823 1226462.6
1.9520592876119847 635.1456320822774 976532.1
1.9515701517212336 635.3048231440138 679401.9
1.9510810586407912 635.4640800808771 547030.56
1.9505920083706574 635.6234029319348 502769.7
1.9501030009111386 635.7827917361842 837747.8
1.949614036262235 635.9422465327532 944747.6
1.949125114423793 636.1017673608503 774486.25
1.9486362353959663 636.2613542596144 1054668.6
1.9481473991787546 636.4210072682654 969229.0
1.947658605772311 636.5807264260031 654342.2
1.9471698551764827 636.740511772159 435633.25
1.9466811473915757 636.9003633459444 525552.8
1.946192482417437 637.0602811867515 817070.94
1.9457038602540666 637.2202653339538 722966.4
1.9452152809016177 637.3803158269047 1166691.0
1.9447267443602434 637.540432704989 913802.8
1.9442382506297906 637.7006160077226 692499.75
1.9437497997102593 637.8608657746016 606715.5
1.9432613916019559 638.0211820450529 1072242.0
1.942773026304574 638.1815648587356 1500926.4
1.942284703818573 638.3420142550876 1712295.0
1.9417964241434937 638.5025302738807 1394556.5
1.9413081872797955 638.6631129546147 1445006.1
1.9408199932274783 638.823762336972 1797074.0
1.940331841986389 638.9844784607166 1734718.5
1.9398437335565277 639.1452613655928 1523827.5
1.9393556679382007 639.3061110912756 1174476.0
1.9388676451312548 639.4670276776221 1391769.5
1.9383796651358431 639.6280111644202 1571752.4
1.9378917279519658 639.789061591539 1792812.0
1.9374038335796229 639.9501789988791 1891118.9
1.9369159820188142 640.1113634263725 1217376.8
1.936428173269693 640.2726149139316 766906.2
1.9359404073322595 640.4339335015512 767064.0
1.9354526842066666 640.5953192292066 826399.06
1.9349650038927613 640.7567721370057 615077.44
1.9344773663906967 640.9182922649867 959468.0
1.9339897717003196 641.0798796533209 648049.1
1.9335022198220897 641.2415343420075 646237.9
1.9330147107555473 641.4032563713827 593322.1
1.932527244501152 641.5650457815085 717615.56
1.9320398210587508 641.7269026126829 991105.0
1.9315524404283435 641.8888269051838 800030.1
1.9310651026100834 642.0508186992703 680715.94
1.9305778076039704 642.2128780352838 780929.94
1.9300905554101577 642.375004953547 1060711.2
1.929603346028339 642.5371994945666 1003200.06
1.929116179458974 642.6994616986268 1305627.8
1.9286290557019092 642.8617916062474 1239083.6
1.9281419747569917 643.0241892579795 1277393.5
1.927654936624681 643.186654694203 1221819.9
1.9271679413046705 643.349187955584 1503239.5
1.926680988797267 643.5117890826168 2087679.0
1.9261940791021637 643.6744581160319 2421987.5
1.9257072122198204 643.8371950963362 2877942.8
1.9252203881499308 644.0000000643246 2796831.0
1.9247336068928012 644.1628730606186 2214730.0
1.9242468684482783 644.3258141260267 2040234.4
1.9237601728165155 644.4888233012857 1529016.1
1.9232735199975126 644.651900627217 1402234.0
1.9227869099912698 644.8150461446733 1349753.9
1.922300342797787 644.97825989454 1101869.0
1.9218138184173705 645.1415419176319 862200.0
1.9213273368497141 645.3048922550018 805529.25
1.9208408980951241 645.468310947529 982503.1
1.9203545021534474 645.6317980362794 1018706.3
1.919868149024837 645.7953535622485 857502.56
1.9193818387094463 645.9589775664643 942242.25
1.918895571207122 646.1226700900902 1064726.8
1.9184093465178642 646.2864311742701 1187268.2
1.917923164641826 646.4502608601299 1029679.75
1.9174370255791606 646.614159188827 1115052.4
1.916950929329715 646.778126201655 1273018.0
1.916464875893642 646.9421619398371 1477183.5
1.915978865270942 647.1062664446802 1703084.2
1.9154928974616148 647.2704397575246 1389497.4
1.9150069724658136 647.4346819196909 1091938.8
1.9145210902833854 647.5989929726366 1201374.2
1.9140352509146363 647.7633729576957 1436453.2
1.9135494543594134 647.9278219163916 1436007.6
1.9130637006177165 648.0923398902279 1141495.0
1.9125779896896988 648.2569269206895 980933.6
1.9120923215755137 648.421583049294 1177525.4
1.9116066962750078 648.5863083176959 1059427.8
1.9111211137881812 648.7511027675308 970798.6
1.9106355741153402 648.9159664403633 1608109.5
1.9101500772563318 649.0808993779467 1663480.0
1.9096646232111558 649.245901622016 1270722.6
1.9091792119799655 649.4109732142866 1107229.5
1.908693843562761 649.5761141965597 907884.94
1.908208517959542 649.7413246106689 1006484.5
1.907723235170462 649.9066044984297 1068030.2
1.9072379951953677 650.0719539017946 1090840.2
1.9067527980345655 650.2373728625929 906973.5
1.9062676436879022 650.402861422844 982803.8
1.9057825321553779 650.5684196245485 1495630.2
1.9052974634371456 650.7340475096873 1639383.1
1.9048124375333586 650.8997451202757 1240812.2
1.9043274544438638 651.0655124984665 1021310.1
1.903842514168661 651.2313496863937 1102009.1
1.9033576167080568 651.3972567261202 950627.44
1.9028727620617447 651.5632336599517 1427658.9
1.9023879502300312 651.7292805300182 1887880.2
1.9019031812129161 651.8953973785877 1268706.1
1.9014184550103996 652.0615842479624 1063297.1
1.9009337716224817 652.2278411804776 1346057.0
1.9004491310491622 652.3941682185026 1116576.1
1.8999645332907478 652.5605654043352 1004349.7
1.8994799783469318 652.7270327805173 1191064.5
1.8989954662180208 652.8935703894144 1320890.0
1.8985109969038616 653.0601782735835 1029968.2
1.8980265704046073 653.2268564755097 811781.5
1.897542186720258 653.3936050377656 734097.1
1.8970578458508136 653.5604240029571 944337.8
1.8965735477964274 653.7273134136717 866521.9
1.8960892925570993 653.8942733125831 1214576.8
1.8956050801328295 654.0613037423996 1288424.2
1.895120910523771 654.2284047458103 741427.44
1.8946367837297706 654.3955763656446 658233.1
1.8941526997509817 654.5628186446596 1161457.9
1.893668658587404 654.7301316257002 1108754.4
1.893184660239191 654.8975153515921 1231427.5
1.8927007047061895 655.0649698653011 884996.25
1.8922167919887056 655.2324952096687 1024441.0
1.8917329220864332 655.4000914277824 851844.9
1.8912490949998317 655.5677585624989 993734.4
1.8907653107284417 655.7354966570279 826495.56
1.8902815692727226 655.9033057542945 489508.16
1.8897978706326746 656.0711858974181 471772.0
1.8893142148081443 656.2391371296053 1062494.9
1.8888306017991319 656.4071594940442 1221778.2
1.8883470316059436 656.5752530338513 1049021.2
1.8878635042284264 656.7434177923367 756364.25
1.8873800196667334 656.9116538127392 752361.2
1.8868965779208646 657.0799611383854 878722.75
1.8864131789906669 657.2483398126899 1187311.1
1.8859298228764465 657.4167898789416 981997.2
1.8854465095782036 657.5853113805714 953257.75
1.884963239095938 657.7539043610444 992237.8
1.88448001142965 657.9225688638614 1227587.6
1.8839968265793394 658.0913049325573 884379.6
1.8835136845451594 658.2601126106487 1031117.8
1.88303058532711 658.4289919417404 1248626.2
1.8825475289251914 658.5979429694723 1289833.9
1.8820645153395565 658.766965737466 1068890.5
1.8815815445702055 658.9360602894313 865546.94
1.8810986166169852 659.1052266691669 869116.4
1.880615731480202 659.2744649203455 1118383.4
1.8801328891597024 659.4437750868362 1257684.8
1.87965008965564 659.6131572124356 920560.56
1.8791673329680147 659.7826113410293 674084.06
1.8786846190969797 659.9521375164846 492449.12
1.8782019480423817 660.1217357828112 683648.7
1.877719319804374 660.2914061839468 976196.4
1.8772367343829566 660.4611487639183 852680.1
1.8767541917781294 660.6309635667882 1134241.2
1.8762716919900457 660.8008506365998 1237648.1
1.8757892350187055 660.9708100174861 1108181.1
1.8753068208641088 661.1408417536159 1264490.5
1.8748244495262556 661.3109458891934 984183.7
1.874342121005299 661.4811224684039 1293866.6
1.8738598353012392 661.651371535523 919436.4
1.873377592414076 661.8216931348614 910482.2
1.8728953923439629 661.9920873107117 1002510.4
1.8724132350907463 662.1625541075101 941933.1
1.8719311206547329 662.3330935695662 879648.1
1.8714490490356162 662.5037057414426 865491.94
1.8709670202337025 662.6743906675199 939030.4
1.870485034248992 662.845148392324 964408.4
1.8700030910813314 663.0159789604702 1036569.44
1.8695211907310272 663.1868824164474 931317.1
1.8690393331980792 663.3578588048885 832168.06
1.8685575184823344 663.5289081705172 829566.9
1.868075746583946 663.7000305579843 601321.0
1.867594017503067 663.8712260119768 735263.6
1.8671123312395443 664.0424945773264 919251.1
1.8666306877935313 664.2138362987921 908876.75
1.8661490871650277 664.3852512212237 1001493.7
1.8656675293540337 664.5567393895072 1012587.1
1.8651860143607024 664.72830084851 879621.75
1.864704542185034 664.8999356431907 1001979.06
1.8642231128270281 665.0716438185439 820901.9
1.863741726286685 665.2434254196006 961413.2
1.863260382564158 665.4152804913741 1033784.3
1.8627790816592937 665.5872090790227 1160260.1
1.8622978235723986 665.7592112275775 1291942.6
1.8618166083033194 665.93128698227 1274848.9
1.8613354358522094 666.1034363882588 1432792.5
1.8608543062190686 666.2756594907943 1609693.2
1.8603732194038969 666.4479563351626 1383331.8
1.8598921754068476 666.6203269666325 1401311.2
1.8594111742277675 666.7927714306188 1287004.6
1.8589302158668097 666.9652897724632 1285093.5
1.8584493003239744 667.1378820375992 1504947.4
1.8579684275994146 667.310548271442 987821.9
1.8574875976929772 667.4832885195538 993069.44
1.8570068106048154 667.6561028274235 1062834.8
1.8565260663350824 667.8289912405769 944809.94
1.856045364883625 668.0019538046868 776851.75
1.8555647062505964 668.174990565353 649096.6
1.8550840904359966 668.3481015682673 773729.44
1.8546035174398257 668.5212868591586 926022.9
1.8541229872620835 668.6945464837929 1158158.9
1.8536424999030765 668.8678804878629 973288.06
1.8531620553624983 669.0412889173192 1086948.0
1.8526816536406554 669.2147718179289 1229136.2
1.8522012947373945 669.3883292356619 1182594.0
1.8517209786528688 669.561961216415 967382.4
1.8512407053870783 669.7356678061777 658385.9
1.8507604749401763 669.909449050921 1040013.75
1.8502802873118562 670.08330499682 1366714.8
1.8498001425025778 670.2572356898099 1512964.0
1.849320040512188 670.4312411760852 1029773.8
1.8488399813406864 670.6053215018223 947733.44
1.8483599649882265 670.77947671318 620301.4
1.8478799914548083 670.9537068564097 503693.06
1.8474000607402785 671.1280119778564 690613.6
1.8469201728449436 671.3023921237358 636490.25
1.8464403277688035 671.4768473404126 632189.9
1.8459605255118583 671.651377674289 885183.44
1.8454807660739547 671.8259831718613 1188214.0
1.8450010494553992 672.0006638794956 1029049.9
1.8445213756561918 672.1754198437079 1134746.4
1.8440417446763324 672.3502511110519 1168357.0
1.843562156515668 672.5251577281751 914863.06
1.8430826111745047 672.7001397415956 1008474.9
1.8426031086528427 672.8751971979809 758554.3
1.842123648950682 673.0503301440368 862241.3
1.8416442320680226 673.2255386265069 746689.4
1.8411648580048645 673.4008226921734 758305.9
1.8406855267613609 673.5761823878001 670022.2
1.8402062383375117 673.7516177602454 849401.9
1.839726992733317 673.9271288564058 1155031.1
1.839247789948777 674.1027157232164 1346371.2
1.8387686299840444 674.2783784075938 1039712.6
1.8382895128391197 674.4541169565497 1066532.6
1.8378104385141558 674.6299314170776 757318.6
1.8373314070088465 674.8058218363785 766084.25
1.8368524183236512 674.9817882614104 820716.6
1.8363734724582637 675.157830739451 980784.7
1.8358945694129902 675.3339493175918 921422.4
1.8354157091876777 675.5101440431314 932558.4
1.8349368917824793 675.6864149632946 886604.7
1.834458117197395 675.8627621254011 1140398.6
1.833979385432425 676.0391855768096 1176879.0
1.8335006964875689 676.2156853649171 890656.25
1.8330220503629802 676.3922615371033 911083.1
1.832543447058812 676.5689141407865 834324.6
1.832064886574758 676.7456432235934 976988.7
1.8315863689111245 676.9224488329637 901868.2
1.8311078940679115 677.0993310164887 851785.4
1.830629462044966 677.2762898218558 925845.1
1.830151072842594 677.4533252966213 566939.7
1.829672726460796 677.6304374884937 530377.5
1.8291944228994184 677.8076264452777 783128.44
1.8287161621586145 677.9848922147035 995554.3
1.8282379442385377 678.1622348445401 1027840.75
1.8277597691390346 678.3396543827098 696260.94
1.8272816368602585 678.5171508770607 923772.4
1.826803547402056 678.6947243755932 943299.5
1.826325500764887 678.8723749261201 1403917.0
1.8258474969482918 679.0501025768347 916463.1
1.82536953595273 679.2279073756282 1133712.6
1.824891617777895 679.4057893707163 1071432.4
1.8244137424240936 679.5837486101259 1016827.75
1.8239359098911723 679.7617851420948 1510138.6
1.8234581201792843 679.9398990147861 1492093.1
1.8229803732884298 680.1180902764596 1244885.2
1.8225026692186086 680.2963589754148 1197136.9
1.822025007969974 680.4747051599339 1323058.5
1.821547389542526 680.6531288783957 1542920.0
1.8210698139362647 680.8316301792191 1191295.9
1.8205922811511899 681.0102091108627 892610.25
1.8201147911873017 681.188865721825 674525.4
1.8196373440449065 681.3676000605296 639461.2
1.819159939723698 681.54641217567 768914.94
1.8186825782239824 681.7253021157493 837581.3
1.8182052595456066 681.9042699294837 980535.0
1.817727983688724 682.0833156655141 816352.8
1.8172507506533342 682.2624393725791 722062.4
1.8167735604395907 682.4416410994 912149.06
1.816296413047187 682.6209208949109 803244.75
1.8158193084765828 682.8002788077983 892704.4
1.8153422467276248 682.9797148870193 934243.6
1.814865227800313 683.1592291815138 1175827.2
1.8143882516948007 683.3388217402043 1271491.8
1.8139113184109346 683.5184926121691 954164.75
1.813434427949021 683.6982418463539 773662.9
1.812957580308907 683.878069491918 825837.8
1.8124807754905925 684.0579755980036 1046715.56
1.8120040134942306 684.2379602137354 1082681.8
1.8115272943199745 684.418023388279 1187218.2
1.8110506179675179 684.5981651710143 1417421.8
1.810573984437167 684.7783856111299 1347708.9
1.8100973937289222 684.9586847579714 1320401.1
1.8096208458427832 685.1390626609248 959277.0
1.8091443407789032 685.3195193693592 806976.6
1.8086678785369759 685.5000549328589 749484.25
1.8081914591174608 685.6806694007582 709711.9
1.8077150825202049 685.8613628226652 1044023.6
1.807238748745208 686.0421352481704 1168054.8
1.8067624577924701 686.222986726906 1019754.6
1.8062862096622978 686.4039173084283 1115639.8
1.8058100043543845 686.5849270425679 969346.2
1.8053338418690368 686.7660159789634 764353.0
1.8048577222061013 686.9471841674696 914320.56
1.8043816453657313 687.1284316578658 1080376.6
1.8039056113479268 687.309758500031 995681.9
1.803429620152841 687.4911647438271 1060062.4
1.8029536717801675 687.6726504393326 988095.9
1.802477766230366 687.8542156363753 1221814.2
1.802001903503283 688.0358603850584 1339181.4
1.8015260835989189 688.2175847354678 1542053.0
1.8010503065172734 688.3993887377311 1619654.5
1.800574572258653 688.5812724419006 1582255.2
1.8000988808227514 688.7632358983043 1530973.0
1.7996232322098749 688.9452791570775 1827107.4
1.7991476264198702 689.1274022685731 1731607.5
1.7986720634528908 689.3096052830683 1404258.0
1.7981965433089364 689.4918882509414 1273348.9
1.7977210659880072 689.6742512226118 1146228.8
1.7972456314902563 689.8566942484823 1004595.0
1.7967702398155305 690.0392173791155 1135585.0
1.7962948909641363 690.2218206649391 998064.06
1.7958195849357672 690.4045041566583 1058140.9
1.7953443217308829 690.5872679047262 1033451.1
1.7948691013491769 690.7701119599325 743371.6
1.7943939237908024 690.9530363729318 846862.2
1.7939187890557595 691.1360411944806 774953.2
1.7934436971442014 691.3191264753182 1169443.9
1.7929686480559748 691.5022922663439 1083715.5
1.792493641791233 691.6855386183821 1104817.0
1.792018678350129 691.8688655822989 1168417.4
1.79154375773251 692.052273209121 996587.1
1.7910688799385288 692.2357615497997 1307113.1
1.7905940449681856 692.4193306553876 1291708.0
1.7901192528214804 692.6029805769803 975588.75
1.7896445034985664 692.7867113656562 971138.44
1.7891697969992904 692.970523072655 1207124.2
1.7886951333238055 693.1544157491411 1459855.5
1.788220512472265 693.3383894463207 1391835.2
1.7877459344443625 693.5224442156214 1312357.2
1.7872713992405576 693.7065801082167 1467281.1
1.7867969068605438 693.8907971756197 1309488.8
1.7863224573046277 694.075095469149 1081438.1
1.785848050572656 694.2594750403442 1128074.2
1.7853736866647818 694.4439359406693 1227412.0
1.7848993655810053 694.6284782216904 1153691.5
1.7844250873213263 694.813101935017 1132092.1
1.783950851885745 694.9978071323018 1042949.94
1.7834766592744145 695.1825938651806 961308.7
1.7830025094873347 695.3674621853926 1103935.6
1.7825284025245058 695.5524121447199 918454.94
1.7820543383859277 695.7374437949883 1230768.6
1.7815803170717537 695.9225571880065 1224398.0
1.7811063385819836 696.1077523756871 894375.75
1.7806324029166176 696.2930294099859 999243.06
1.7801585100756556 696.478388342902 971816.9
1.7796846600592509 696.6638292264183 1027867.4
1.7792108528674033 696.8493521126213 861972.9
1.778737088500113 697.0349570536407 892617.6
1.7782633669575332 697.2206441015906 1006817.6
1.7777896882393573 697.406413308808 855307.1
1.7773160523460452 697.5922647273744 1104848.2
1.7768424592774434 697.7781984096545 1169768.1
1.7763689090335522 697.9642144079972 1205434.2
1.7758954016145245 698.1503127747352 1148739.9
1.7754219370203606 698.3364935623051 1216109.1
1.774948515250907 698.522756823248 905306.94
1.7744751363064704 698.7091026099678 1138022.6
1.7740018001870506 698.8955309750337 1230824.5
1.7735285068924944 699.0820419711187 1312996.5
1.7730552564229551 699.2686356508198 1196111.1
1.772582048778586 699.4553120667779 1263251.4
1.7721088839592336 699.642071271799 1034480.7
1.7716357619650513 699.8289133186126 815956.25
1.771162682795886 700.0158382601139 932385.25
1.7706896464520439 700.2028461490602 817589.5
1.770216652933525 700.3899370383749 1289164.5
1.7697437022401763 700.5771109810862 1212909.2
1.769270794372304 700.7643680300852 1026070.56
1.768797929329602 700.9517082385499 1165474.8
1.7683251071123762 701.1391316594606 1046573.7
1.767852327720627 701.3266383459637 1015780.75
1.7673795911543544 701.5142283512498 1695868.9
1.766906897413405 701.7019017286157 1674253.2
1.7664342464982385 701.8896585311593 1630206.9
1.7659616384085486 702.0774988123278 1880979.9
1.7654890731443351 702.2654226254917 1422387.4
1.7650165507059046 702.4534300239446 1357813.9
1.764544071093257 702.6415210611467 1484009.0
1.764071634306239 702.8296957906645 1478143.5
1.763599240345004 703.0179542659874 1180758.0
1.763126889209552 703.2062965407115 1327517.6
1.7626545808998828 703.3947226684774 1283407.4
1.7621823154161498 703.5832327029103 1147462.4
1.7617100927583529 703.7718266977419 1268662.6
1.7612379129264921 703.9605047067488 1297559.2
1.7607657759207207 704.1492667836922 1060866.2
1.7602936817408854 704.3381129825009 991861.1
1.7598216303869862 704.5270433570885 1261627.1
1.7593496218593296 704.7160579612907 1166087.2
1.7588776561577624 704.9051568491735 1030781.0
1.7584057332824377 705.0943400747257 1005073.9
1.7579338532332023 705.2836076921038 1309840.8
1.7574620160103627 705.472959755327 1385909.5
1.7569902216137656 705.6623963186435 1557804.4
1.756518470043411 705.8519174362866 1332450.8
1.7560467612994524 706.0415231624737 1138244.9
1.7555750953818894 706.2312135515298 1589452.0
1.7551034722907222 706.4209886578254 1283475.2
1.754631892026104 706.6108485357162 1169421.0
1.7541603545878814 706.8007932397264 1482481.0
1.753688859976208 706.9908228243037 1342416.5
1.7532174081912366 707.1809373439414 1375310.2
1.7527459992328143 707.371136853303 1426149.9
1.752274633100941 707.561421407036 1509245.8
1.751803309795923 707.751791059711 1204096.2
1.751332029317454 707.9422458661923 1578537.5
1.7508607916658403 708.1327858811426 1802473.5
1.750389596841082 708.3234111593955 1588576.1
1.7499184448431793 708.5141217558307 1511932.5
1.7494473356719786 708.7049177254369 1581988.1
1.7489762693277866 708.8957991230627 1587714.9
1.7485052458106032 709.0867660037281 1662120.5
1.7480342651202752 709.2778184225615 1698066.8
1.747563327257109 709.4689564345518 1678717.0
1.7470924322209513 709.6601800949212 1894075.2
1.7466215800118023 709.8514894588766 1866834.8
1.7461507706298152 710.0428845816095 1761836.0
1.7456800040749898 710.2343655184206 1806061.8
1.7452092803474795 710.4259323245954 1998548.6
1.744738599447131 710.617585055591 2203257.0
1.7442679613739442 710.8093237668494 2325774.0
1.7437973661282258 711.0011485137348 2267711.5
1.7433268137098223 711.193059351846 1938715.6
1.742856304118734 711.3850563367665 2215917.2
1.7423858373551138 711.5771395240648 2320714.8
1.7419154134189618 711.769308969419 1966693.9
1.7414450323102781 711.9615647285548 1777102.4
1.7409746940290627 712.1539068572454 2096996.5
1.7405043985754687 712.3463354112486 2127474.2
1.7400341459494961 712.5388504464328 1969329.5
1.7395639361512982 712.7314520186508 1748180.2
1.7390937691805686 712.9241401839918 1755282.4
1.7386236450376136 713.1169149983414 1906214.9
1.7381535637224332 713.3097765177585 2250321.8
1.7376835252350276 713.5027247983498 2484495.5
1.7372135295753965 713.6957598962701 2557124.5
1.7367435767436934 713.8888818676592 2196561.5
1.7362736667399181 714.0820907687671 2315994.0
1.7358037995640707 714.2753866558927 2437099.8
1.735333975215998 714.4687695854457 2340872.8
1.7348641936961595 714.6622396136315 2442208.5
1.734394455004249 714.8557967970193 2302031.5
1.7339247591404194 715.049441192037 2374361.5
1.7334551061048242 715.243172855161 2499860.0
1.732985495897157 715.4369918431055 2156986.2
1.732515928517877 715.6308982123168 2482508.0
1.7320464039666783 715.824892019606 2598603.0
1.731576922243867 716.0189733215797 2277745.2
1.73110748334929 716.2131421750825 2582326.5
1.7306380872829474 716.4073986369449 2397593.2
1.7301687340451455 716.6017427639188 2308870.5
1.7296994236355778 716.7961746130585 2589584.8
1.7292301560545509 716.9906942412134 2518738.0
1.7287609313019114 717.1853017054722 2104541.5
1.728291749377966 717.3799970627813 2252501.0
1.727822610282408 717.574780370391 2421595.5
1.7273535140153906 717.7696516854091 2744507.0
1.7268844605770672 717.9646110649929 2767660.0
1.7264154499674378 718.1596585664123 2748962.2
1.7259464821865023 718.3547942469861 2501484.8
1.7254775572342607 718.5500181640822 2653536.2
1.7250086751108662 718.7453303750544 2875829.0
1.7245398358161657 718.9407309374327 2590505.2
1.7240710393503123 719.1362199086693 2572484.8
1.723602285713306 719.3317973463296 2462850.5
1.7231335749053 719.5274633079641 2285983.2
1.7226649069261413 719.723217851301 2934742.0
1.7221962817759828 719.9190610339899 3429998.5
1.721727699454978 720.1149929137301 3286398.5
1.7212591599628202 720.3110135484626 3195658.0
1.7207906632999692 720.5071229958576 3195194.0
1.7203222094661186 720.7033213139557 3063767.0
1.7198537984614215 720.8996085606549 3334905.0
1.719385430285878 721.0959847939672 4021027.0
1.7189171049396412 721.2924500718902 4283753.5
1.7184488224227112 721.4890044525357 4367575.0
1.7179805827349348 721.6856479941299 4060712.2
1.7175123858766184 721.8823807547559 3810373.8
1.7170442318476087 722.0792027927403 3637909.0
1.716576120648059 722.2761141663306 3991118.8
1.7161080522779693 722.4731149338894 4268740.0
1.7156400267373395 722.6702051538293 4170609.0
1.715172044026323 722.8673848845488 4029889.0
1.7147041041447664 723.064654184626 3887414.8
1.7142362070926698 723.2620131126245 3956717.8
1.7137683528703396 723.4594617270297 4497618.5
1.7133005414777758 723.6570000865064 5012368.0
1.7128327729148252 723.8546282498347 5287208.0
1.7123650471814877 724.0523462757808 5752667.0
1.71189736427807 724.250154223032 6557244.0
1.7114297242044185 724.448052150521 7405809.5
1.7109621269605335 724.646040117166 9373061.0
1.7104945725465681 724.8441181818714 10719862.0
1.7100270609625223 725.0422864036577 11011971.0
1.7095595922085494 725.2405448415312 10843034.0
1.7090921662843428 725.4388935547441 9578141.0
1.7086247831903623 725.6373326022746 8053599.5
1.7081574429263013 725.8358620434775 6966665.5
1.7076901454923132 726.0344819375637 6954896.0
1.7072228908885512 726.2331923437946 7633262.0
1.706755679114862 726.4319933216142 8429971.0
1.7062885101713987 726.6308849303866 8356394.0
1.7058213840583147 726.8298672295278 7839405.0
1.7053543007753036 727.0289402787012 7648623.0
1.7048872603226717 727.22810413736 7567947.5
1.704420262700419 727.4273588651403 7329746.0
1.7039533079083924 727.6267045217946 8794475.0
1.7034863959468982 727.8261411669314 9725920.0
1.7030195268159365 728.0256688603414 10114253.0
1.702552700515354 728.2252876619328 11060022.0
1.7020859170451508 728.4249976316004 10930980.0
1.7016191764056332 728.6247988291593 10655084.0
1.7011524785968013 728.8246913146082 10142873.0
1.7006858236185018 729.024675148063 9382863.0
1.700219211470888 729.2247503895609 8808784.0
1.69975264215396 729.4249170992564 8344006.0
1.6992861156677175 729.6251753373568 8537189.0
1.6988196320121607 729.8255251641212 7692258.0
1.698353191187596 730.0259666397296 7122734.5
1.697886793193717 730.2264998246777 5950927.5
1.69742043803083 730.42712477925 5074914.0
1.696954125698782 730.6278415639814 4686140.5
1.696487856197726 730.8286502393275 4085431.2
1.696021629527662 731.0295508658621 3887125.2
1.695555445688437 731.2305435042781 3975880.2
1.6950893046805104 731.4316282150569 3627225.2
1.694623206503576 731.6328050590625 3069121.0
1.6941571511576337 731.8340740970805 3184792.8
1.6936911386429898 732.035435389816 3463550.0
1.6932251689594913 732.2368889982265 3809356.0
1.692759242107138 732.4384349832558 3808966.5
1.6922933580862365 732.6400734057682 3846949.5
1.6918275168964803 732.8418043269465 4203357.0
1.6913617185380225 733.0436278078279 4753369.5
1.6908959630110165 733.2455439095022 5435575.0
1.6904302503154622 733.4475526931793 5895170.5
1.6899645804512065 733.649654220189 6856515.0
1.6894989534185556 733.8518485517146 7766324.5
1.6890333692173565 734.054135749193 8910329.0
1.688567827847609 734.2565158740478 10697041.0
1.6881023293096198 734.4589889876228 12555719.0
1.6876368736030822 734.661555151582 13058909.0
1.6871714607283028 734.864214427377 13685334.0
1.6867060906851283 735.0669668767124 13282420.0
1.686240763473712 735.2698125612138 13502969.0
1.6857754790940538 735.4727515426272 11858072.0
1.6853102375461537 735.6757838827524 11066900.0
1.684845038830165 735.8789096433766 11169954.0
1.6843798829459344 736.0821288864746 10854850.0
1.6839147698936152 736.2854416739417 10584950.0
1.6834496996732073 736.488848067794 10857295.0
1.682984672284864 736.6923481300353 10571564.0
1.682519687728432 736.8959419228571 10880939.0
1.6820547460039115 737.0996295084389 12066906.0
1.6815898471116086 737.3034109488798 13859302.0
1.6811249910513704 737.5072863065351 15703548.0
1.6806601778233499 737.7112556436803 15472066.0
1.680195407427394 737.9153190227794 14487788.0
1.679730679863809 738.1194765061501 13663868.0
1.6792659951322886 738.3237281564333 13526658.0
1.6788013532331392 738.5280740360557 15353774.0
1.6783367541662075 738.7325142077008 19409166.0
1.6778721979316469 738.9370487339721 26906640.0
1.6774076845296104 739.1416776775283 39692370.0
1.6769432139597917 739.3464011012851 58012690.0
1.6764787862226505 739.5512190678761 82817496.0
1.676014401317727 739.756131640395 106953700.0
1.6755500592454808 739.9611388815856 125101500.0
1.675085760005759 740.166240854517 136608820.0
1.6746215035987144 740.3714376221784 133072250.0
1.6741572900241941 740.5767292477499 108274040.0
1.6736931192823512 740.7821157943314 73942880.0
1.6732289913731857 740.987597325146 44270520.0
1.6727649062968508 741.1931739034048 29144628.0
1.6723008640531933 741.3988455925098 22440748.0
1.6718368646423665 741.6046124557835 18010376.0
1.6713729080643702 741.8104745566714 15754188.0
1.6709089943192046 742.0164319586751 14184255.0
1.6704451234070228 742.2224847252842 12459836.0
1.6699812953276716 742.4286329201799 9899747.0
1.6695175100813042 742.6348766069635 8110736.0
1.669053767668074 742.8412158492923 7049315.5
1.6685900680878274 743.047650711016 5820624.5
1.6681264113405647 743.2541812559721 5303944.5
1.667662797426439 743.4608075479863 4653783.0
1.6671992263456037 743.6675296509405 4072390.5
1.6667356980977521 743.8743476289778 4241207.5
1.6662722126831908 744.0812615460245 4364290.5
1.6658087701019197 744.2882714662 4523675.5
1.665345370353939 744.49537745368 4714728.0
1.6648820134392484 744.7025795726972 4928115.5
1.6644186993580012 744.9098778874724 5493136.0
1.6639554281100444 745.1172724624198 6589999.5
1.663492199695531 745.3247633618737 7228626.0
1.663029014114461 745.5323506502934 7170764.5
1.6625658713668345 745.7400343921959 7282773.0
1.6621027714528047 745.9478146520854 7089425.5
1.6616397143722184 746.1556914946615 7243714.5
1.6611767001253819 746.3636649844739 6650505.0
1.660713728712142 746.5717351863361 6026801.0
1.660250800132499 746.7799021650504 5662627.5
1.6597879143866057 746.988165985407 5668260.0
1.6593250714744623 747.1965267123225 6114853.0
1.6588622713960688 747.4049844107706 6297192.0
1.6583995141514252 747.6135391457832 6828943.0
1.6579367997406846 747.8221909823801 7664650.5
1.657474128163694 748.0309399857771 9434076.0
1.6570114994207596 748.2397862210402 12361385.0
1.6565489135117284 748.4487297535004 17491400.0
1.6560863704366002 748.6577706484778 26406068.0
1.6556238701955284 748.8669089712807 38943624.0
1.6551614127885128 749.0761447873449 56044380.0
1.6546989982155536 749.2854781621637 77182950.0
1.6542366264766506 749.494909161289 96881100.0
1.6537742975719572 749.704437850261 110470270.0
1.6533120115014732 749.9140642947476 114374230.0
1.6528497682650456 750.1237885605447 104029180.0
1.6523875678629807 750.3336107132975 82169790.0
1.6519254102952785 750.5435308188491 53615000.0
1.6514632955617858 750.7535489431701 33465036.0
1.651001223662656 750.9636651521511 23252808.0
1.6505391945978887 751.17387951181 16962362.0
1.6500772083676374 751.3841920881542 13149688.0
1.6496152649717488 751.5946029473895 11692594.0
1.6491533644103762 751.8051121556402 10073104.0
1.6486915066835195 752.0157197791598 7943140.5
1.6482296917911787 752.2264258842603 6386854.0
1.647767919733354 752.437230537313 5320714.5
1.6473061905103514 752.6481338046082 4644549.5
1.646844504121865 752.8591357527748 4631989.5
1.6463828605680475 753.0702364482917 4000208.8
1.6459212598490525 753.281435957696 3047871.2
1.6454597019648798 753.4927343476547 2278277.0
1.6449981869153762 753.7041316849644 2323581.0
1.644536714700695 753.9156280363403 2282578.2
1.6440752853208362 754.1272234686278 2089635.2
1.643613898775953 754.3389180486613 2079462.6
1.6431525550660453 754.5507118434051 2360359.2
1.6426912541911132 754.7626049198831 2999414.8
1.6422299961510034 754.9745973452494 3335689.8
1.6417687809460224 755.186689186507 3494611.0
1.6413076085761702 755.398880510859 3859413.0
1.6408464790412935 755.6111713856396 3784597.2
1.640385392341699 755.8235618780311 3886995.0
1.6399243484770798 756.0360520555579 3343807.8
1.6394633474477427 756.2486419855226 2575732.0
1.6390023892536876 756.461331735429 2145941.2
1.6385414738949144 756.674121372841 2037935.0
1.6380806013714233 756.8870109653834 1730701.8
1.6376197716832142 757.1000005807409 1652023.6
1.6371589848304402 757.3130902865882 1949260.8
1.6366982408129482 757.5262801508021 1856840.5
1.6362375396310447 757.7395702411072 1608041.8
1.6357768812845763 757.9529606255016 1512957.8
1.6353162657735432 758.1664513719735 1570071.2
1.6348556930980984 758.3800425485006 1598168.9
1.634395163258242 758.5937342231925 1921485.0
1.6339346762539741 758.8075264642201 1915797.6
1.6334742320852946 759.0214193398148 1999936.9
1.6330138307523567 759.2354129181983 1811270.6
1.6325534722550072 759.4495072677958 1639498.6
1.6320931565935526 759.6637024568798 1783136.9
1.6316328837678395 759.8779985539982 1990333.0
1.6311726537778681 760.0923956276888 2439046.0
1.6307124666237915 760.3068937464793 1709400.8
1.6302523223056098 760.5214929790308 1736364.4
1.6297922208233229 760.7361933940651 2014832.4
1.6293321621769308 760.9509950603667 1893868.6
1.6288721463664335 761.1658980467811 1873063.0
1.6284121733921375 761.3809024220727 2105850.0
1.6279522432537363 761.5960082553538 2188408.0
1.6274923559515364 761.8112156155125 2353747.0
1.6270325114853845 762.0265245717136 2706653.8
1.6265727098552807 762.2419351931126 2083339.9
1.6261129510615313 762.4574475487831 2001396.9
1.62565323510383 762.6730617081483 2317314.2
1.625193561982483 762.8887777404066 2199626.2
1.6247339316974907 763.104595714962 2166763.5
1.6242743442486995 763.320515701353 2327674.8
1.6238147996362629 763.5365377690368 2526208.0
1.6233552978601806 763.7526619876049 2064406.9
1.6228958389204529 763.9688884267118 2089573.9
1.6224364228172328 764.1852171560022 2165907.8
1.6219770495505204 764.4016482452555 2347146.5
1.6215177191203156 764.6181817643146 2519505.2
1.6210584315266185 764.8348177830846 2826786.5
1.6205991867695824 765.0515563714619 2913528.5
1.6201399848490539 765.2683975995498 2695586.0
1.6196808257651862 765.4853415373708 2768063.8
1.6192217095181327 765.70238825501 3227694.5
1.6187626361075869 765.9195378228334 3829216.5
1.6183036055340083 766.1367903109076 4204981.0
1.6178446177970907 766.3541457897254 3638015.5
1.617385672896987 766.5716043296255 3687792.0
1.6169267708336976 766.7891660010824 4233787.0
1.6164679116072223 767.0068308746345 4206331.0
1.6160090952178674 767.2245990207382 4922256.5
1.6155503216653266 767.4424705102048 4732266.5
1.6150915909497532 767.6604454136909 3912767.0
1.614632903071147 767.8785238019901 3136937.2
1.6141742580296614 768.096705745887 3221883.5
1.6137156558252963 768.3149913163028 3481162.2
1.6132570964580517 768.5333805842229 3403787.8
1.6127985799277744 768.7518736207704 3395171.0
1.612340106234924 768.9704704968399 3270521.2
1.611881675379041 769.1891712838288 3259417.8
1.611423287360585 769.407976052761 3309898.0
1.6109649421792493 769.6268848750896 3210816.2
1.6105066398353407 769.8458978220398 3227680.5
1.610048380328859 770.0650149650481 3298694.5
1.6095901636594978 770.2842363757622 3319629.5
1.6091319898277168 770.5035621255278 3212474.5
1.6086738588333627 770.7229922860489 3528385.0
1.6082157706764355 770.942526929021 4055309.8
1.6077577253570885 771.1621661261314 4585045.5
1.6072997228753216 771.3819099492055 4927172.5
1.6068417632309817 771.6017584702075 4865154.0
1.6063838464243752 771.8217117609463 5098729.5
1.6059259724553487 772.0417698935166 5506350.0
1.6054681413240557 772.2619329399314 6150984.0
1.6050103530303428 772.4822009724164 6397593.0
1.6045526075745165 772.7025740630417 5950345.0
1.6040949049564235 772.9230522841638 4842243.5
1.6036372451760639 773.1436357081315 4208332.0
1.6031796282335908 773.3643244072856 3759923.8
1.6027220541290044 773.5851184541062 3873861.0
1.6022645228623045 773.8060179211394 4289987.5
1.6018070344334912 774.0270228809973 4403781.5
1.6013495888427176 774.2481334062838 4936011.0
1.6008921860899838 774.4693495697434 4999135.0
1.6004348261751367 774.6906714442601 5182597.5
1.5999775090984825 774.9120991025625 5066283.5
1.599520234859868 775.1336326176676 5583682.0
1.5990630034594466 775.3552720625104 6145696.0
1.5986058148972182 775.5770175101668 6691329.5
1.5981486691730296 775.7988690338534 6755869.5
1.5976915662871871 776.0208267066305 6993901.0
1.5972345062396909 776.2428906017736 7559179.0
1.5967774890303876 776.4650607926997 7728475.0
1.5963205146594306 776.6873373527435 9125525.0
1.5958635831268198 776.9097203553813 11122866.0
1.5954066944327083 777.1322098740817 13367414.0
1.594949848576943 777.3548059825295 16284399.0
1.594493045559524 777.5775087544023 19244578.0
1.5940362853807577 777.8003182632953 22163428.0
1.5935795680404907 778.0232345830952 23074168.0
1.5931228935387232 778.2462577876815 22267632.0
1.5926662618756082 778.4693879509261 21835804.0
1.592209673051146 778.6926251468435 18688408.0
1.5917531270653362 778.9159694495155 14972301.0
1.5912966239181792 779.139420933092 10767626.0
1.5908401636096747 779.3629796717902 7097529.5
1.5903837461401293 779.5866457397454 5546797.0
1.5899273715092366 779.8104192114612 5796534.5
1.5894710397171496 780.0343001612835 5927762.5
1.5890147507638686 780.2582886637016 5312926.0
1.5885585046495465 780.4823847931979 5201458.0
1.5881023013741835 780.7065886243979 5123042.5
1.5876461409377796 780.9309002319959 5463216.0
1.5871900233403347 781.1553196907539 6000739.0
1.5867339485818488 781.3798470755032 5733913.0
1.5862779166624752 781.6044824610675 5915574.5
1.5858219275820606 781.8292259224905 5964600.0
1.5853659813409116 782.054077534658 6617674.5
1.5849100779388747 782.2790373727507 8153897.5
1.5844542173759502 782.5041055119434 10066091.0
1.583998399652291 782.7292820274038 12427561.0
1.5835426247678974 782.9545669944439 14524776.0
1.583086892722616 783.1799604885213 15568905.0
1.5826312035169066 783.405462584859 17669892.0
1.5821755571503093 783.6310733592045 18972630.0
1.5817199536231308 783.8567928869953 19011816.0
1.5812643929355241 784.0826212438142 16540274.0
1.580808875087183 784.308558505541 15616684.0
1.5803534000784136 784.5346047478216 14133988.0
1.579897967909063 784.7607600465994 13345885.0
1.5794425785792843 784.9870244777355 14154849.0
1.5789872320890774 785.2133981172367 15685440.0
1.5785319284384425 785.4398810411798 15865769.0
1.5780766676273794 785.6664733257115 14994505.0
1.5776214496561947 785.8931750468964 12768946.0
1.5771662745245818 786.1199862811739 10477048.0
1.5767111422325408 786.3469071049011 9078506.0
1.5762560527805314 786.5739375942765 9707036.0
1.5758010061680938 786.8010778260272 11347942.0
1.5753460023956878 787.028327876492 12615528.0
1.5748910414630068 787.2556878224628 13174846.0
1.5744361233702042 787.4831577405727 13653960.0
1.57398124811728 787.7107377076018 14208092.0
1.5735264157043871 787.9384278003243 14551238.0
1.5730716261315258 788.1662280956621 13989782.0
1.572616879398696 788.394138670608 12711881.0
1.5721621755057447 788.6221596023024 10995371.0
1.571707514452978 788.8502909677268 10794279.0
1.571252896240396 789.0785328440871 11494285.0
1.5707983208678455 789.3068853087377 12428279.0
1.570343788335633 789.5353484388733 12388035.0
1.569889298643452 789.7639223120681 13210419.0
1.569434851791609 789.9926070056597 13458232.0
1.5689804477799507 790.2214025972884 13093218.0
1.5685260866087836 790.450309164435 13175850.0
1.5680717682778011 790.6793267849605 13633162.0
1.5676174927871567 790.9084555365662 14293181.0
1.5671632601370034 791.1376954970254 15397052.0
1.5667090703273412 791.3670467442607 16028334.0
1.566254923358017 791.596509356344 17212770.0
1.565800819229184 791.8260834112647 18778470.0
1.5653467579409952 792.0557689870843 21071242.0
1.5648927394932977 792.285566162092 22235922.0
1.5644387638862445 792.5154750144936 25282922.0
1.5639848311196825 792.7454956227236 28756250.0
1.563530941193918 792.9756280650554 29765860.0
1.563077094108798 793.2058724200683 31209024.0
1.5626232898644754 793.4362287662591 33488400.0
1.5621695284607973 793.6666971823527 33350918.0
1.5617158098979167 793.8972777469916 31060444.0
1.5612621341758337 794.127970538969 29149122.0
1.5608085012947015 794.3587756370732 28888808.0
1.5603549112543669 794.5896931203218 28393590.0
1.559901364054983 794.8207230676495 29194436.0
1.55944785969655 795.0518655581424 31161128.0
1.5589943981790677 795.2831206709601 32027480.0
1.5585409795025362 795.5144884853357 33002304.0
1.5580876036671087 795.745969080498 32874318.0
1.5576342706727853 795.977562535827 33780250.0
1.5571809805195658 796.2092689307773 33124838.0
1.5567277332074503 796.4410883448766 33653412.0
1.5562745287364388 796.673020857727 35717756.0
1.5558213671066845 796.9050665489266 38799630.0
1.5553682483181874 797.137225498225 42551460.0
1.5549151723709476 797.369497785447 45890480.0
1.554462139264965 797.6018834904912 50288980.0
1.5540091490003927 797.8343826932521 54278100.0
1.5535562015770776 798.0669954738559 56764796.0
1.553103296995173 798.299721912346 59267240.0
1.5526504352546788 798.5325620889192 59545350.0
1.552197616355595 798.7655160838473 61558216.0
1.551744840298075 798.9985839773972 61372710.0
1.5512921070821184 799.2317658499907 60705530.0
1.5508394167075723 799.4650617822025 61098480.0
1.550386769174743 799.6984718544463 62427510.0
1.5499341644833242 799.9319961475265 64177236.0
1.5494816026337754 800.1656347419276 65096370.0
1.5490290836257903 800.399387718605 62948740.0
1.548576607459522 800.6332551583519 60756356.0
1.5481241741349705 800.8672371421162 56233624.0
1.5476717836521359 801.1013337509219 51408260.0
1.5472194360111713 801.3355450657888 50417020.0
1.5467671312120768 801.569871167892 49039816.0
1.546314869254699 801.804312138562 48263400.0
1.5458626501393447 802.0388680589666 48567010.0
1.5454104738658603 802.2735390105885 48814656.0
1.544958340434246 802.5083250749067 49730824.0
1.544506249844808 802.7432263333176 48834520.0
1.5440542020972403 802.9782428676117 50135716.0
1.543602197191849 803.2133747593382 52649956.0
1.543150235128481 803.4486220903608 55675030.0
1.5426983159071361 803.6839849425411 57111210.0
1.5422464395279678 803.919463397737 57973410.0
1.5417946059911292 804.1550575378831 57281036.0
1.5413428152963138 804.3907674452307 56966844.0
1.540891067443828 804.6265932017883 57214130.0
1.5404393624335189 804.8625348898811 58507916.0
1.5399877002655393 805.0985925917518 59115944.0
1.5395360809400427 805.33476638972 60221370.0
1.5390845044567225 805.5710563664228 61854564.0
1.5386329708158852 805.8074626042544 66824880.0
1.5381814800173776 806.0439851859269 74054970.0
1.5377300320615062 806.2806241939892 85907830.0
1.5372786269479644 806.5173797113891 103669340.0
1.5368272646770587 806.7542518208307 120336140.0
1.5363759452486359 806.9912406053372 138164080.0
1.535924668662696 807.2283461479293 160936580.0
1.5354734349195454 807.4655685315446 181359600.0
1.5350222440188777 807.7029078395211 198796020.0
1.5345710959609993 807.9403641549525 216220100.0
1.534119990745757 808.1779375612529 225216400.0
1.533668928373304 808.4156281417534 219742910.0
1.5332179088436404 808.6534359799439 205752290.0
1.532766932156766 808.8913611593936 185960580.0
1.532315998312681 809.1294037637496 161747100.0
1.5318651073113854 809.3675638767384 142953540.0
1.5314142591530322 809.6058415820839 131218640.0
1.5309634538377748 809.8442369635895 120544120.0
1.5305126913653067 810.08275010538 110282930.0
1.530061971735781 810.3213810914167 103277930.0
1.5296112949493512 810.5601300057399 101235580.0
1.529160661005864 810.7989969326316 96547650.0
1.5287100699056255 811.0379819562094 90118590.0
1.5282595216483297 811.2770851609955 84041560.0
1.5278090162342828 811.5163066312668 78004480.0
1.5273585536634848 811.755646451542 70600660.0
1.5269081339357826 811.9951047065014 62777830.0
1.5264577570511761 812.2346814808235 57724756.0
1.5260074230099718 812.4743768591042 49588550.0
1.5255571318121697 812.714190926182 42722676.0
1.5251068834574633 812.9541237671391 38031684.0
1.5246566779463122 813.1941754667296 35539796.0
1.5242065152784101 813.4343461101962 35318450.0
1.5237563954540634 813.6746357825356 35268016.0
1.5233063184729656 813.9150445691517 37123084.0
1.5228562843355764 814.1555725551203 39998030.0
1.5224062930415894 814.3962198260068 44069244.0
1.5219563445910045 814.6369864672939 49251130.0
1.5215064389841282 814.8778725643815 53925176.0
1.5210565762209605 815.1188782029138 59494690.0
1.520606756301195 815.3600034687812 66329690.0
1.5201569792252911 815.6012484475438 76034030.0
1.5197072449929427 815.8426132252544 86256470.0
1.5192575536044561 816.0840978877181 98010240.0
1.518807905059678 816.3257025210687 111418970.0
1.5183582993586087 816.5674272114386 125960810.0
1.517908736501401 816.8092720449599 148457390.0
1.5174592164880552 817.0512371079291 170887230.0
1.517009739318571 817.2933224867243 195692930.0
1.5165603049929488 817.5355282678053 226032740.0
1.5161109135113415 817.777854537632 252974820.0
1.5156615648737493 818.0203013828287 274109630.0
1.5152122590800188 818.2628688901849 286371100.0
1.5147629961304565 818.505557146324 285757860.0
1.5143137760249092 818.7483662382002 266808770.0
1.513864598763377 818.9912962527678 230417250.0
1.513415464346013 819.2343472769804 186706940.0
1.512966372772817 819.477519397958 137687820.0
1.5125173240437895 819.7208127029024 95897040.0
1.5120683181590833 819.9642272790162 66809284.0
1.511619355118392 820.2077632138338 50399484.0
1.5111704349221755 820.4514205945576 41878796.0
1.5107215575702804 820.6951995088053 35694030.0
1.5102727230625534 820.9391000442783 30235472.0
1.5098239313993012 821.183122288512 24952658.0
1.5093751825805235 821.4272663292912 20902478.0
1.5089264766060673 821.6715322545683 17722206.0
1.5084778134760857 821.9159201522124 15283268.0
1.5080291931905787 822.1604301102598 13624536.0
1.5075806157495464 822.4050622168312 12071481.0
1.507132081153142 822.6498165600472 10108311.0
1.5066835894013653 822.8946932281964 8717128.0
1.5062351404940633 823.1396923097353 8036873.0
1.5057867344315423 823.384813892954 7353492.0
1.5053383712136492 823.6300580664773 7839927.5
1.504890050840384 823.8754249189319 8254502.5
1.5044417733118998 824.1209145389445 8080310.5
1.5039935386281966 824.3665270153109 7947073.0
1.5035453467892745 824.6122624369115 8935752.0
1.5030971977951335 824.8581208927117 8352302.0
1.5026490916459267 825.1041024716777 8667226.0
1.502201028341501 825.3502072630298 9118892.0
1.5017530078820096 825.5964353559042 9157718.0
1.5013050302674524 825.8427868396076 8786804.0
1.5008570954979827 826.0892618034471 8791385.0
1.5004092035734473 826.3358603369844 9692913.0
1.4999613544939994 826.5825825296982 11444179.0
1.4995135482594857 826.8294284713218 11668756.0
1.4990657848702127 827.0763982514205 11372224.0
1.498618064325874 827.3234919599843 10749606.0
1.4981703866269291 827.5707096866659 12819988.0
1.4977227517730718 827.8180515216274 14923649.0
1.497275159764302 828.0655175549481 15095998.0
1.496827610600926 828.3131078766241 15140031.0
1.4963801042827907 828.5608225769922 15436879.0
1.495932640809896 828.8086617463907 16988970.0
1.4954852201823954 829.0566254751607 18696562.0
1.4950378424002886 829.3047138538137 19555240.0
1.4945905074635757 829.5529269729489 19672708.0
1.4941432153722567 829.8012649232525 20017048.0
1.4936959661264848 830.0497277954124 20000782.0
1.4932487597261068 830.2983156803742 19112576.0
1.492801596171276 830.5470286690005 18040288.0
1.492354475461839 830.7958668524115 16995308.0
1.4919073975982555 831.0448303214741 16952434.0
1.491460362580066 831.2939191676546 16811004.0
1.4910133704075768 831.5431334820805 17484588.0
1.4905664210807879 831.7924733561374 19064462.0
1.490119514599546 832.0419388813848 20065490.0
1.4896726509641578 832.2915301492136 20544592.0
1.489225830174623 832.5412472512738 20552258.0
1.4887790522307887 832.7910902793893 18782032.0
1.4883323171326546 833.041059325387 17071436.0
1.4878856248805272 833.2911544810105 17235850.0
1.4874389754741002 833.5413758384354 18682238.0
1.48699236891368 833.7917234895825 18323200.0
1.4865458051992664 834.0421975266331 16134332.0
1.4860992843307064 834.2927980419431 16328912.0
1.485652806308153 834.5435251277862 16878958.0
1.4852063711317598 834.7943788765244 17328528.0
1.48475997880122 835.0453593808677 19764904.0
1.4843136293168402 835.2964667332707 23992480.0
1.4838673226786203 835.5477010264498 26558932.0
1.4834210588865604 835.7990623532108 29969164.0
1.4829748379406604 836.0505508064495 32937370.0
1.4825286598409204 836.3021664791512 36265572.0
1.4820825245873404 836.5539094643913 38630772.0
1.4816364321802267 836.805779855162 41151810.0
1.481190382619273 837.0577777448916 45847620.0
1.4807443759046324 837.3099032268393 49946164.0
1.480298412036305 837.562156394441 49910596.0
1.479852491014444 837.8145373411362 52501180.0
1.4794066128390493 838.0670461605417 53172324.0
1.4789607775099678 838.319682946452 51968756.0
1.4785149850273527 838.5724477925781 50313344.0
1.4780692353913572 838.8253407927227 49728790.0
1.477623528601828 839.0783620409525 50432650.0
1.4771778646587652 839.3315116313387 47027904.0
1.4767322435624752 839.5847896578694 44900164.0
1.4762866653126516 839.8381962149726 40734136.0
1.4758411299094476 840.0917313969062 34033024.0
1.4753956373530164 840.3453952980196 28433884.0
1.474950187643358 840.5991880128411 24278952.0
1.474504780780319 840.8531096360776 22656336.0
1.474059416764053 841.1071602623539 22022840.0
1.4736140955945598 841.3613399864737 23186920.0
1.4731688172719926 841.6156489032453 25241638.0
1.4727235817961981 841.8700871077442 27329508.0
1.4722783891673297 842.1246546949634 28976044.0
1.4718332393853872 842.3793517600753 28228778.0
1.4713881324503708 842.6341783983455 30773452.0
1.4709430683622804 842.8891347051319 33669080.0
1.4704980471212692 843.1442207757974 36393750.0
1.470053068727184 843.3994367059732 37971028.0
1.4696081331803312 843.6547825911201 38805716.0
1.4691632404804045 843.9102585271436 39942624.0
1.4687183906277101 844.1658646096906 44156330.0
1.468273583622095 844.4216009347653 46356324.0
1.4678288194635591 844.6774675983769 50597420.0
1.4673840981524089 844.9334646964526 55399516.0
1.4669394196883379 845.1895923253653 57761710.0
1.4664947840716525 845.4458505812293 59264324.0
1.4660501913021995 845.7022395605169 61378896.0
1.4656056413801322 845.9587593596183 65861540.0
1.4651611343054505 846.2154100751061 70525750.0
1.4647166700780012 846.4721918037353 75039100.0
1.4642722486980908 846.7291046420901 74077100.0
1.463827870165566 846.9861486871146 73354100.0
1.463383534480427 847.2433240357587 72568170.0
1.4629392416429798 847.5006307848902 66603160.0
1.4624949916529184 847.7580690318258 56119304.0
1.4620507845103958 848.0156388737114 48424530.0
1.4616066202155653 848.2733404077877 40354240.0
1.4611624987682736 848.5311737315682 33014684.0
1.460718420168674 848.7891389424839 27831502.0
1.4602743844167665 849.0472361381503 23237072.0
1.459830391512551 849.3054654162779 19690748.0
1.4593864414560276 849.5638268746734 18307472.0
1.4589425342473494 849.8223206111497 18886168.0
1.4584986698863633 850.0809467237941 20272178.0
1.4580548483732225 850.3397053106114 23039408.0
1.457611069707927 850.5985964697917 24666202.0
1.4571673338904767 850.857620299621 26744896.0
1.456723640921025 851.1167768983927 30383568.0
1.4562799907994184 851.3760663646754 32184392.0
1.4558363835258104 851.6354887969547 34939296.0
1.455392819100354 851.8950442938136 39389156.0
1.454949297522743 852.1547329542003 45309684.0
1.4545058187931303 852.4145548768912 49595060.0
1.4540623829116694 852.6745101607595 55321884.0
1.4536189898783602 852.9345989048651 58002316.0
1.4531756396932027 853.1948212083655 59779484.0
1.452732332356197 853.4551771705156 62710384.0
1.4522890678673428 853.7156668906674 66667996.0
1.4518458462266404 853.976290468271 70880110.0
1.451402667434396 854.237048002694 77567380.0
1.4509595314903034 854.4979395937619 80857304.0
1.4505164383945157 854.758965341128 79242950.0
1.4500733881471861 855.0201253445437 75235950.0
1.4496303807480082 855.2814197041295 66247360.0
1.4491874161974416 855.5428485196525 55409996.0
1.44874449449518 855.8044118914298 44187850.0
1.4483016156413764 856.0661099196066 37912370.0
1.4478587796361841 856.3279427044259 36829604.0
1.44741598647945 856.5899103464111 38587588.0
1.446973236171174 856.852012946094 38912516.0
1.4465305287115093 857.1142506040145 39390610.0
1.446087864100456 857.3766234209029 38145824.0
1.445645242338014 857.639131497588 38735970.0
1.4452026634243365 857.9017749349078 36999730.0
1.444760127359117 858.1645538340724 35897164.0
1.4443176341428154 858.4274682959368 35564370.0
1.4438751837751251 858.6905184219111 33520578.0
1.4434327762563526 858.9537043131403 28969682.0
1.4429904115863446 859.2170260711436 23919272.0
1.442548089765101 859.4804837974486 18842196.0
1.4421058107927753 859.7440775935925 15564372.0
1.4416635746692141 860.007807561395 14641458.0
1.4412213813947239 860.2716738025027 13738961.0
1.4407792309691514 860.5356764189369 13207889.0
1.4403371233924966 860.7998155127278 14004770.0
1.4398950586647596 861.0640911860075 14751948.0
1.4394530367862468 861.3285035408252 15993810.0
1.4390110577566517 861.5930526796977 16529385.0
1.4385691215761276 861.8577387049686 16660862.0
1.4381272282448276 862.1225617190823 16159461.0
1.4376853777625986 862.387521824769 16300450.0
1.4372435701295938 862.6526191246762 18291712.0
1.4368018053458131 862.9178537216453 19829466.0
1.4363600834112566 863.1832257186197 18251512.0
1.4359184043257711 863.4487352187372 17825452.0
1.4354767680898162 863.7143823248687 16979636.0
1.4350351747030854 863.9801671404484 15812414.0
1.4345936241655788 864.2460897688288 14843656.0
1.4341521164776028 864.5121503132802 14097689.0
1.4337106516390041 864.7783488774523 14485358.0
1.4332692296497829 865.0446855650057 14057955.0
1.4328278505100922 865.3111604796109 14344292.0
1.432386514219779 865.577773725227 15206649.0
1.4319452207789962 865.8445254057308 15323020.0
1.4315039701878973 866.1114156251026 15632435.0
1.4310627624461758 866.378444487704 15904650.0
1.4306215975542913 866.6456120975364 15811278.0
1.4301804755117842 866.9129185592622 17875318.0
1.429739396319114 867.18036397709 20039892.0
1.4292983599759745 867.4479484557969 20494982.0
1.428857366482672 867.7156720998926 22001302.0
1.4284164158390533 867.9835350142696 23706072.0
1.4279755080452716 868.2515373037387 25510410.0
1.4275346431011737 868.5196790734016 27646860.0
1.4270938210069128 868.7879604282784 31620800.0
1.4266530417626422 869.0563814734933 35158456.0
1.4262123053680553 869.3249423145558 38159316.0
1.4257716118234587 869.5936430567068 40289324.0
1.4253309611288523 869.8624838054792 43559304.0
1.424890353284236 870.1314646665107 44902796.0
1.42444978828961 870.4005857455451 45151496.0
1.4240092661448212 870.6698471485247 46126000.0
1.4235687868503288 870.9392489811233 47602640.0
1.4231283504058267 871.2087913495886 53186004.0
1.4226879568113149 871.4784743600873 59422980.0
1.4222476060670997 871.7482981187035 64440810.0
1.4218072981728747 872.0182627320038 68891940.0
1.4213670331289463 872.2883683062853 72169950.0
1.4209268109353146 872.558614948139 74221610.0
1.4204866315918263 872.829002764357 72695220.0
1.4200464950986347 873.0995318616497 65880864.0
1.4196064014557397 873.3702023469284 56063670.0
1.4191663506631413 873.6410143272118 42043420.0
1.4187263427209929 873.9119679095307 29734048.0
1.418286377629141 874.1830632012127 21698148.0
1.4178464553878922 874.4543003094085 18444612.0
1.41740657599694 874.725679341755 16100351.0
1.4169667394564378 874.9972004057129 14359805.0
1.4165269457663854 875.2688636089454 12884828.0
1.416087194926936 875.5406690591286 11663844.0
1.4156474869380897 875.8126168641418 11251568.0
1.4152078217996933 876.0847071320666 11156866.0
1.4147681995120531 876.3569399708092 11388188.0
1.414328620075016 876.6293154886685 11478972.0
1.413889083488582 876.9018337939567 11063684.0
1.4134495897529042 877.1744949950004 11447954.0
1.4130101388678296 877.4472992004248 11337639.0
1.4125707308336644 877.7202465186789 11169420.0
1.4121313656502554 877.993337058606 12521270.0
1.4116920433176028 878.2665709290637 11909754.0
1.4112527638357064 878.5399482390192 10678181.0
1.4108135272047195 878.8134690974537 10726692.0
1.4103743334247953 879.0871336134577 10937549.0
1.4099351824956274 879.3609418965183 10873238.0
1.409496074417369 879.6348940559461 10819119.0
1.4090570091901733 879.9089902011616 10378892.0
1.408617986813887 880.1832304418868 9999369.0
1.4081790072886635 880.4576148877628 8985954.0
1.4077400706145027 880.7321436486368 9675181.0
1.4073011767915578 881.0068168343707 9591864.0
1.4068623258195223 881.2816345552252 9148448.0
1.4064235176987028 881.5565969211877 8680493.0
1.4059847524290991 881.8317040425493 8282663.0
1.4055460300105582 882.1069560298076 7782902.0
1.4051073504433864 882.382352993284 7992077.5
1.4046687137274305 882.6578950436991 8730012.0
1.4042301198626905 882.9335822917894 8095554.5
1.4037915688493197 883.2094148483069 7220936.0
1.4033530606871647 883.4853928243077 7628843.0
1.402914595376532 883.7615163306714 8223938.0
1.4024761729171153 884.037785478775 8670572.0
1.402037793309221 884.3142003797225 8997936.0
1.401599456552849 884.5907611449225 9568792.0
1.401161162647846 884.8674678859936 9860574.0
1.4007229115943653 885.1443207144737 10444225.0
1.4002847033922539 885.4213197422071 10540092.0
1.399846538041818 885.6984650808604 11401250.0
1.3994084155430575 885.9757568424072 12462411.0
1.3989703358958194 886.2531951390316 13000280.0
1.398532299100257 886.5307800828369 13885589.0
1.3980943051562167 886.8085117862347 14121931.0
1.3976563540640052 887.086390361458 14223266.0
1.3972184458234693 887.3644159211461 14240028.0
1.396780580434609 887.6425885779546 14630302.0
1.3963427578975773 887.9209084445565 15052746.0
1.3959049782123745 888.1993756338359 14476409.0
1.3954672413790004 888.4779902587916 13667488.0
1.395029547397455 888.7567524325373 12506850.0
1.3945918962678916 889.0356622682033 12035196.0
1.3941542879900037 889.3147198793281 10782459.0
1.393716722564251 889.5939253790772 11416036.0
1.3932791999904803 889.8732788811212 11294101.0
1.3928417202685384 890.1527804992473 11082060.0
1.3924042833987316 890.4324303470638 12242505.0
1.3919668893809067 890.7122285385884 12844091.0
1.391529538215217 890.9921751877592 13796459.0
1.3910922299015094 891.2722704088256 13843056.0
1.39065496444009 891.5525143158594 13941348.0
1.3902177418306527 891.8329070234407 14909514.0
1.3897805620735038 892.1134486458737 15650596.0
1.38934342516849 892.3941392978736 17108274.0
1.3889063311157646 892.6749790940756 17926736.0
1.3884692799153275 892.9559681493299 18063584.0
1.388032271567179 893.2371065786042 18320238.0
1.3875953060713186 893.518394496983 18336848.0
1.3871583834279 893.7998320195692 17715304.0
1.3867215036366165 894.0814192618799 16057368.0
1.3862846666979278 894.3631563390555 14742739.0
1.3858478726116807 894.6450433667492 14361988.0
1.385411121377722 894.9270804607324 14091552.0
1.3849744129963582 895.2092677365979 13728690.0
1.3845377474674359 895.4916053103531 13374322.0
1.3841011247911084 895.7740932979257 13653752.0
1.3836645449673757 896.0567318154615 13557275.0
1.3832280079962378 896.3395209792242 13173844.0
1.3827915138775415 896.6224609056961 13620201.0
1.3823550626117465 896.905551711081 13397100.0
1.381918654198393 897.1887935122976 12317752.0
1.3814822886377875 897.4721864258876 11365815.0
1.3810459659299301 897.7557305687102 11174402.0
1.3806096860748207 898.0394260577442 11356576.0
1.3801734490726125 898.3232730099888 11179545.0
1.3797372549229991 898.6072715428618 9558974.0
1.379301103626287 898.8914217735025 6875556.0
1.378864995182476 899.1757238193694 5136737.0
1.3784289295915664 899.4601777980415 3667822.5
1.377992906853558 899.744783827218 2891852.5
1.3775569269684507 900.0295420247193 2309359.0
1.3771209899362447 900.3144525084859 2442143.8
1.376685095757093 900.5995153964798 2840773.5
1.376249244430996 900.8847308068833 2850725.2
1.3758134359579532 901.1700988580008 2830977.5
1.375377670337965 901.4556196682572 3049701.2
1.3749419475710312 901.7412933562001 2823966.2
1.374506267657305 902.0271200403972 3036236.0
1.3740706305966333 902.31309983974 3136465.2
1.3736350363891692 902.5992328730398 3430123.8
1.3731994850349127 902.8855192593319 3559706.0
1.3727639765340172 903.1719591176721 3396167.2
1.372328510886176 903.4585525675416 3492806.5
1.3718930880916957 903.7452997281408 3623936.5
1.3714577081505763 904.0322007189948 3482316.2
1.3710223710628178 904.3192556597511 4132084.5
1.3705870768282669 904.6064646702818 4404886.0
1.37015182544723 904.893827870279 4496416.0
1.3697166169197073 905.1813453797603 4481481.5
1.3692814512455453 905.4690173189679 4631381.5
1.3688463284247443 905.7568438081672 4727364.5
1.3684112484576105 906.0448249675441 4068915.0
1.3679762113438376 906.3329609178145 3958249.0
1.367541217083732 906.6212517794124 4482522.0
1.3671062656771404 906.9096976732011 4494464.5
1.3666713571242162 907.1982987199648 4846217.0
1.3662364914249592 907.4870550407143 4547927.0
1.3658016685793695 907.7759667565851 3832336.2
1.3653668885872938 908.0650339889402 3241871.5
1.3649321514490387 908.354256858961 3103102.0
1.364497457164604 908.6436354881589 3114987.5
1.3640628057338366 908.9331699982728 3203549.8
1.3636281971568898 909.2228605109626 3471497.0
1.3631936314337634 909.5127071481168 3410702.2
1.3627591085644575 909.8027100317494 3521738.5
1.362324628548972 910.0928692840006 3836572.2
1.3618901913874604 910.383185027035 4048490.5
1.3614557970799224 910.6736573832453 4404172.0
1.3610214456262049 910.964286475254 4647169.0
1.3605871370266143 911.2550724255024 5493795.5
1.3601528712808442 911.5460153569694 6183982.0
1.359718648389201 911.8371153923501 6393765.5
1.3592844683516847 912.1283726546728 6667045.0
1.3588503311681421 912.4197872671955 6063825.0
1.3584162368388797 912.7113593529953 5675379.0
1.357982185363591 913.0030890356892 5165123.5
1.3575481767424291 913.2949764387128 5194723.5
1.3571142109755474 913.5870216856301 5275096.0
1.3566802880627926 913.8792249003395 6077469.0
1.3562464080044712 914.1715862065581 5620164.5
1.3558125708002766 914.4641057285448 5407085.5
1.3553787764503622 914.7567835903773 5449283.0
1.354945024954728 915.0496199163656 5786451.0
1.354511316313527 915.3426148308455 5303960.0
1.3540776505267593 915.6357684583854 5112264.0
1.3536440275942718 915.9290809237866 4471812.0
1.3532104475162177 916.2225523517733 3912415.0
1.3527769102925968 916.5161828673025 4452059.0
1.3523434159235626 916.8099725953581 4090400.2
1.3519099644089616 917.1039216612609 3826564.5
1.351476555748794 917.3980301903588 4247210.5
1.3510431899433661 917.6922983079221 4638311.5
1.3506098669923716 917.9867261397677 4630425.5
1.3501765868961169 918.2813138114268 4372392.0
1.3497433496542954 918.5760614489786 4479789.5
1.349310155267367 918.8709691781121 4643930.0
1.348877003735025 919.1660371251686 4921804.5
1.3484438950572697 919.4612654164133 4766146.0
1.3480108292344073 919.7566541780332 4662432.0
1.3475778062662847 920.0522035366606 5227913.0
1.3471448261529018 920.347913618956 5623831.0
1.3467118888944118 920.6437845516068 5596089.0
1.346278994490815 920.9398164615376 5828094.5
1.3458461429419577 921.23600947591 5579616.0
1.3454133342479935 921.5323637218094 5597625.0
1.3449805684089222 921.8288793265584 6061540.5
1.3445478454248971 922.1255564175077 6257891.0
1.344115165295765 922.4223951223511 5852566.0
1.343682528021679 922.7193955687057 5745665.5
1.3432499336026393 923.0165578844278 5670579.0
1.3428173820386458 923.3138821975066 5695419.0
1.3423848733296984 923.6113686360657 5312349.5
1.3419524074759503 923.9090173282572 4876327.0
1.3415199844770953 924.2068284026841 4563374.5
1.3410876043335929 924.5048019875562 3981756.2
1.3406552670452898 924.8029382116395 3596411.2
1.340222972612033 925.1012372038358 4111908.5
1.3397907210341287 925.3996990928644 4405912.5
1.3393585123114238 925.6983240078963 3688262.2
1.3389263464440715 925.9971120780272 3143899.5
1.3384942234319186 926.2960634326994 2900169.0
1.3380621432751183 926.5951782012796 2654654.5
1.3376301059736706 926.8944565133755 2727460.5
1.3371981115277287 927.1938984986253 3297131.2
1.3367661599371394 927.4935042870154 3442162.5
1.3363342512019027 927.7932740085625 3256637.0
1.3359023853221719 928.0932077933139 3257475.0
1.3354705622979468 928.3933057715595 3353012.8
1.3350387821292276 928.6935680737263 3571769.0
1.3346070448161673 928.9939948302714 4492859.0
1.3341753503584597 929.2945861721097 5082227.0
1.3337436987565643 929.5953422297599 5485927.5
1.3333120900101747 929.896263134412 4712186.0
1.3328805241194441 930.1973490170735 5214703.5
1.3324490010842194 930.4986000091033 6085569.5
1.33201752090496 930.8000162415711 6827183.0
1.3315860835812066 931.1015978463272 6935575.5
1.3311546891132653 931.4033449548241 7092992.0
1.3307233375011362 931.7052576988684 7590059.5
1.3302920287448194 932.0073362104047 7874480.5
1.3298607628443149 932.3095806215173 8281439.0
1.3294295397996225 932.6119910644296 7988235.0
1.3289983596107424 932.9145676715044 6885848.0
1.3285672222778278 933.2173105751367 6295699.0
1.3281361278008785 933.5202199079689 5153153.0
1.3277050761797415 933.8232958028907 4652049.5
1.3272740674147232 934.1265383926094 5061200.0
1.3268431015056703 934.4299478102956 6223159.5
1.3264121784525829 934.733524189153 7033079.0
1.325981298255614 935.0372676624173 6764935.5
1.325550460914764 935.3411783635743 7154503.0
1.3251196664298792 935.6452564263581 7916555.5
1.3246889148012664 935.9495019843198 8296819.0
1.324258206028619 936.2539151715853 8205460.5
1.3238275401122435 936.5584961219886 9514630.0
1.3233969170521398 936.8632449697224 10199191.0
1.322966336848308 937.1681618491214 10224710.0
1.3225357995005949 937.4732468947709 10511905.0
1.3221053050091536 937.7785002411817 10125923.0
1.3216748533741374 938.0839220230076 9985416.0
1.321244444595393 938.3895123752616 10139359.0
1.3208140786729206 938.6952714329918 10931452.0
1.3203837556068732 939.0011993312805 10906635.0
1.3199534753972508 939.3072962054619 10392766.0
1.3195232380442068 939.6135621909048 9176711.0
1.3190930435474346 939.919997423449 8446617.0
1.3186628919072407 940.2266020386422 8155231.0
1.318232783123472 940.5333761725033 7938142.5
1.3178027171962814 940.840319960977 8006362.5
1.317372694125516 941.1474335403716 7804307.0
1.316942713911482 941.4547170468115 7244607.5
1.3165127765540263 941.7621706168944 6860094.5
1.3160828820533021 942.069794387144 6436694.5
1.3156530304091563 942.3775884944487 5094922.5
1.3152232216215887 942.6855530757327 4841509.5
1.3147934556909058 942.9936882678462 5713891.0
1.3143637326168012 943.3019942082246 6484873.0
1.3139340523995813 943.6104710340098 6613105.5
1.3135044150390929 943.9191188828199 6661314.0
1.313074820535336 944.2279378923092 7095272.0
1.3126452688884638 944.5369282001689 7531747.5
1.3122157600984763 944.8460899443468 7961050.5
1.3117862941653735 945.1554232629379 8402704.0
1.3113568710891554 945.4649282941843 9060516.0
1.3109274908699753 945.7746051763655 9548483.0
1.3104981535076798 946.0844540481289 9069709.0
1.310068859002269 946.39447504816 8598112.0
1.3096396073540495 946.7046683150703 8370280.0
1.3092103985627146 947.0150339880627 7864005.0
1.3087812326285708 947.3255722060454 7673462.0
1.3083521095513118 947.6362831085186 6792062.5
1.307923029331397 947.9471668345763 6904437.5
1.3074939919685202 948.258223524017 7502370.5
1.3070649974626813 948.569453316566 6789887.0
1.3066360458141868 948.8808563518758 5964395.5
1.3062071370228834 949.192432770082 4746196.5
1.305778271088771 949.5041827113585 4264338.5
1.30534944801185 949.81610631603 3806595.0
1.3049206677924263 950.1282037243477 3518865.2
1.3044919304300406 950.4404750772711 4181574.5
1.3040632359251525 950.7529205152409 4269671.0
1.3036345842776087 951.0655401792948 4720475.5
1.3032059754874092 951.37833421051 5638084.0
1.3027774095547073 951.6913027500036 6700549.0
1.3023488864793498 952.0044459392666 7327125.0
1.3019204062614897 952.3177639197193 8462910.0
1.3014919689011273 952.6312568330444 9268181.0
1.3010635743981092 952.9449248211896 10181414.0
1.300635222752895 953.2587680258059 11310341.0
1.3002069139650252 953.57278658937 12692079.0
1.2997786480348061 953.8869806539499 14095976.0
1.2993504249622378 954.2013503619911 15064399.0
1.298922244747167 954.5158958562046 15670328.0
1.2984941073899003 954.8306172791167 16092510.0
1.2980660128902843 955.1455147737456 18868758.0
1.297637961248319 955.4605884831502 21378770.0
1.2972099524640046 955.7758385505432 20890158.0
1.2967819865376473 956.0912651190655 19981284.0
1.2963540634689408 956.4068683324643 18754520.0
1.2959261832580382 956.722648334302 17312404.0
1.2954983459049396 957.0386052684091 13718834.0
1.2950705514097982 957.3547392786572 9628068.0
1.2946427997724608 957.6710505093004 7832892.5
1.2942150909930805 957.9875391045206 6948224.0
1.2937874250715042 958.3042052088823 5697654.0
1.2933598020080384 958.6210489667659 4908661.0
1.2929322218023764 958.9380705231608 4792083.5
1.292504684454825 959.2552700227592 4797464.0
1.2920771899652306 959.57264761075 5929220.5
1.2916497383337466 959.8902034322514 5944481.0
1.291222329560373 960.2079376326519 6371977.0
1.2907949636449567 960.5258503576116 7276386.0
1.290367640587804 960.843941752605 8304894.0
1.2899403603887616 961.162211963607 9595430.0
1.2895131230478296 961.480661136635 10363684.0
1.2890859285651612 961.7992894177513 10462985.0
1.2886587769406033 962.118096953404 11238465.0
1.288231668174462 962.4370838898562 12113661.0
1.2878046022664313 962.7562503739879 12652348.0
1.2873775792168174 963.0755965523792 13931676.0
1.286950599025467 963.3951225721132 14960638.0
1.2865236616923803 963.7148285803173 16485215.0
1.2860967672177104 964.0347147241636 17078048.0
1.2856699156014573 964.3547811510982 17710200.0
1.285243106843621 964.6750280087277 15765275.0
1.2848163409442015 964.995455444818 13817888.0
1.284389617903352 965.3160636071805 11508474.0
1.2839629377209194 965.6368526440167 8076943.0
1.2835363003969036 965.9578227035746 5903585.5
1.2831097059314578 966.2789739341472 4257074.0
1.282683154324582 966.6003064843037 2978314.8
1.2822566455764295 966.9218205026592 2414776.5
1.2818301796866938 967.2435161383372 2248687.8
1.2814037566556813 967.5653935401605 2503906.8
1.280977376483392 967.8874528573448 2594388.0
1.2805510391696728 968.2096942393839 2394039.5
1.2801247447146769 968.5321178357027 1797519.0
1.2796984931184041 968.8547237960042 1723777.8
1.2792722843808546 969.1775122701545 1376464.5
1.2788461185021816 969.5004834080664 1079973.9
1.2784199954822317 969.8236373600482 762764.44
1.2779939153211584 970.1469742763395 921940.6
1.2775678780189614 970.47049430746 807900.0
1.277141883575641 970.7941976040929 1097982.1
1.2767159319910437 971.1180843172026 1013328.6
1.2762900232656293 971.4421545974513 822573.25
1.2758641573989382 971.7664085963656 1140960.5
1.2754383343912767 972.0908464650537 835383.75
1.275012554242645 972.4154683550219 888300.3
1.2745868169530428 972.7402744179421 854195.75
1.2741611225224703 973.065264805652 1051890.2
1.2737354709509274 973.3904396701543 1281863.5
1.2733098622385675 973.7157991635012 1187112.6
1.2728842963852371 974.041343438145 1038448.6
1.2724587733910897 974.3670726464702 803524.3
1.2720332932561251 974.6929869411453 688980.56
1.2716078559801902 975.0190864751225 826593.06
1.2711824615635914 975.3453714011697 1059181.4
1.2707571100063286 975.6718418724563 1116191.0
1.2703318013080955 975.9984980425547 931106.3
1.2699065354693517 976.325340064617 1156744.1
1.2694813124897908 976.6523680925513 1252815.4
1.269056132369566 976.9795822800814 1277736.4
1.2686309951086772 977.3069827812171 1426170.6
1.2682059007072777 977.6345697500187 1157436.1
1.2677808491652143 977.9623433409515 1146991.8
1.267355840482487 978.2903037085323 1179791.0
1.266930874659249 978.6184510073288 1590020.6
1.2665059516956534 978.946785392078 1329981.0
1.266081071591394 979.2753070180423 1254160.2
1.2656562343466238 979.6040160402988 1144824.4
1.2652314399614961 979.932912614095 1117163.2
1.2648066884358578 980.2619968950856 1312954.0
1.2643819797698619 980.5912690388594 1087013.9
1.2639573139635085 980.9207292012945 1342584.9
1.2635326910167977 981.2503775384404 1414159.0
1.263108110929576 981.5802142066374 1548257.2
1.2626835737021502 981.91023936204 1409316.8
1.26225907933452 982.2404531612128 1600631.8
1.2618346278265324 982.5708557610121 1647746.1
1.2614102191783405 982.9014473182282 1497973.5
1.2609858533899443 983.2322279899429 1366345.5
1.2605615304613438 983.5631979334111 1448810.5
1.260137250392539 983.8943573060612 1541961.0
1.25971301318353 984.2257062654948 1380710.5
1.2592888188344697 984.5572449693674 1484687.2
1.2588646673453585 984.8889735756278 1450109.4
1.258440558716043 985.2208922425192 1390677.6
1.2580164929466764 985.5530011282193 1353860.8
1.257592470037412 985.8853003910801 1424228.5
1.2571684899880964 986.2177901898685 1335017.6
1.2567445527987298 986.5504706834067 1423858.8
1.2563206584694653 986.8833420305717 1558113.0
1.2558968070001497 987.2164043906567 1702362.5
1.2554729983910895 987.5496579227696 1825295.2
1.2550492326419782 987.8831027866761 1846949.8
1.2546255097531223 988.2167391418361 1686342.5
1.2542018297243684 988.5505671482476 1972598.5
1.25377819255587 988.8845869658444 2126207.5
1.2533545982474736 989.2187987549783 2241291.5
1.2529310467993326 989.5532026759374 2050132.8
1.252507538211447 989.8877988893073 2127699.5
1.2520840724838167 990.2225875558523 2178042.0
1.251660649616595 990.5575688363928 621876.75
1.2512372696096286 990.8927428921698 -798616.25
1.2508139324629175 991.2281098844824 -2179030.2
1.250390638176615 991.5636699746863 -4280700.5
1.249967386750721 991.8994233244374 -6236283.0
1.2495441781852357 992.2353700955717 -7978527.0
1.249121012480312 992.5715104499822 -9594969.0
1.2486978896356438 992.9078445501069 -11158846.0
1.2482748096515373 993.2443725580771 -12618970.0
1.2478517725279925 993.5810946364477 -14700855.0
1.2474287782650095 993.9180109479538 -16989838.0
1.247005826862435 994.2551216556336 -18642590.0
1.2465829183205757 994.5924269223399 -20536844.0
1.246160052639278 994.929926911473 -22325490.0
1.245737229818542 995.267621786493 -24229592.0
1.2453144498585211 995.6055117109189 -26115530.0
1.244891712759062 995.9435968486964 -28274736.0
1.2444690185203178 996.2818773637088 -30106340.0
1.2440463671424418 996.6203534200216 0.0
1.2436237586251275 996.959025182251 0.0
1.2432011929686815 997.2978928147057 0.0
1.2427786701729504 997.6369564822453 0.0
1.2423561902380875 997.9762163496674 0.0
1.2419337531640928 998.3156725820769 0.0
1.241511358950813 998.6553253448848 0.0
1.2410890075985548 998.9951748033176 0.0
1.2406666991071646 999.3352211231559 0.0
1.2402444334766427 999.6754644702415 0.0
1.239822210706989 1000.0159050106015 0.0
1.2394000307985098 1000.3565429102013 0.0
