string
0.0 1791218.9
1.0 1864268.5
2.0 1855299.9
3.0 1796917.5
4.0 2116519.8
5.0 2342030.2
6.0 2077400.2
7.0 2062522.6
8.0 1935484.8
9.0 1924233.8
10.0 1822343.5
11.0 2295426.8
12.0 2360830.2
13.0 2109977.2
14.0 1865189.2
15.0 2021231.1
16.0 2397962.8
17.0 2242128.5
18.0 2127246.5
19.0 1941844.8
20.0 2279514.8
21.0 2114073.2
22.0 1944476.5
23.0 1870567.2
24.0 1481028.2
25.0 1631349.8
26.0 1752020.0
27.0 1899117.6
28.0 2065404.0
29.0 1597485.1
30.0 2156619.2
31.0 2329679.5
32.0 2141854.8
33.0 2220185.5
34.0 2226202.8
35.0 2657956.5
36.0 2621099.8
37.0 2637486.0
38.0 2392660.2
39.0 2785028.8
40.0 2934547.0
41.0 2903587.2
42.0 2575569.8
43.0 2314517.8
44.0 2266103.5
45.0 2706962.0
46.0 2427299.0
47.0 1979155.2
48.0 1841307.0
49.0 1730754.2
50.0 1461553.8
51.0 1578853.6
52.0 2165135.0
53.0 2285570.2
54.0 1827523.0
55.0 1993443.5
56.0 2047352.4
57.0 2068726.0
58.0 2067938.2
59.0 1944281.4
60.0 2834978.0
61.0 2765147.0
62.0 3206772.0
63.0 3119502.2
64.0 3141001.0
65.0 3079088.0
66.0 3089309.5
67.0 3219037.5
68.0 2805360.5
69.0 2655290.2
70.0 2367476.0
71.0 2608153.8
72.0 2872882.0
73.0 2872382.8
74.0 3943847.0
75.0 3856096.2
76.0 4001034.0
77.0 4596332.5
78.0 4836782.0
79.0 4884463.0
80.0 4634516.5
81.0 4619396.0
82.0 4554691.0
83.0 3999222.5
84.0 3875211.5
85.0 3832081.2
86.0 3683794.8
87.0 3335915.0
88.0 3040829.8
89.0 3308439.5
90.0 3596542.5
91.0 3605535.2
92.0 3544629.5
93.0 4206540.0
94.0 5056570.5
95.0 6070318.0
96.0 6628035.0
97.0 7095355.0
98.0 6309397.5
99.0 5488394.5
100.0 4013388.0
101.0 2738957.2
102.0 1979341.5
103.0 1575631.5
104.0 1401987.2
105.0 1415986.8
106.0 1505036.1
107.0 1708233.2
108.0 1283985.1
109.0 1576555.1
110.0 1891122.8
111.0 1854966.1
112.0 1779834.2
113.0 1704303.9
114.0 2051894.2
115.0 2189521.0
116.0 2684116.0
117.0 2654705.5
118.0 2951810.2
119.0 3758406.0
120.0 4164932.0
121.0 4650645.0
122.0 4821633.0
123.0 4503760.0
124.0 5382437.0
125.0 6115572.0
126.0 6528788.0
127.0 6428552.0
128.0 6263720.5
129.0 5526325.5
130.0 5355792.0
131.0 5038913.0
132.0 4551064.5
133.0 3230421.2
134.0 1848991.5
135.0 1259286.9
136.0 902432.56
137.0 1158188.6
138.0 803952.5
139.0 1010426.3
140.0 953342.44
141.0 984292.6
142.0 1034561.94
143.0 642412.25
144.0 854106.94
145.0 817336.6
146.0 934838.44
147.0 726422.5
148.0 707424.9
149.0 814538.8
150.0 760976.9
151.0 943938.1
152.0 1290498.9
153.0 1391306.9
154.0 1908656.1
155.0 2347783.0
156.0 3038100.5
157.0 3908187.0
158.0 5566674.0
159.0 6400844.0
160.0 6890381.0
161.0 6296343.0
162.0 4835848.0
163.0 4226064.5
164.0 3842542.8
165.0 3306138.8
166.0 3131313.5
167.0 3168349.0
168.0 3171294.5
169.0 3412637.0
170.0 3285895.2
171.0 3013818.8
172.0 3589857.8
173.0 3892638.8
174.0 3919174.8
175.0 4228373.0
176.0 5046938.0
177.0 5733332.0
178.0 7738889.5
179.0 9447629.0
180.0 11087352.0
181.0 13415221.0
182.0 14122436.0
183.0 13354165.0
184.0 11790182.0
185.0 8380728.0
186.0 5821485.5
187.0 4225626.5
188.0 3800007.2
189.0 3147540.0
190.0 2576210.2
191.0 2026702.8
192.0 1549513.6
193.0 1328952.5
194.0 1600794.4
195.0 1461644.8
196.0 1376597.6
197.0 1550454.4
198.0 1296578.2
199.0 859299.3
200.0 1048597.0
201.0 924535.1
202.0 1129923.4
203.0 1131872.0
204.0 1007774.1
205.0 1446468.8
206.0 1771965.0
207.0 1800451.4
208.0 1538429.4
209.0 1537464.4
210.0 1611516.5
211.0 1678751.4
212.0 1896343.9
213.0 2459323.8
214.0 3072558.5
215.0 4742655.0
216.0 6779857.5
217.0 8325441.0
218.0 8952658.0
219.0 9245297.0
220.0 8792611.0
221.0 8175670.5
222.0 7495610.0
223.0 5666183.0
224.0 4176853.5
225.0 3238159.5
226.0 2662792.5
227.0 2423299.8
228.0 1813592.8
229.0 1905849.8
230.0 2038017.8
231.0 1689482.0
232.0 1676439.4
233.0 1532359.4
234.0 1250019.0
235.0 932788.75
236.0 1139145.5
237.0 1655209.4
238.0 1378942.5
239.0 883411.25
240.0 902822.75
241.0 1330353.5
242.0 1541356.0
243.0 1461967.8
244.0 1868339.8
245.0 1738631.0
246.0 2088860.0
247.0 3027685.0
248.0 4375800.5
249.0 5592085.5
250.0 6535977.5
251.0 6447738.0
252.0 6854765.0
253.0 7526822.5
254.0 6178089.5
255.0 4540780.0
256.0 3118497.0
257.0 2117015.2
258.0 1665034.8
259.0 1806719.0
260.0 1839056.1
261.0 1572280.6
262.0 1229621.0
263.0 1009907.0
264.0 1007869.7
265.0 808109.44
266.0 783488.0
267.0 917148.0
268.0 822457.5
269.0 702574.3
270.0 710165.75
271.0 688816.6
272.0 727318.7
273.0 663635.25
274.0 687548.1
275.0 696030.94
276.0 679132.6
277.0 829991.1
278.0 806779.0
279.0 1235238.2
280.0 1402602.2
281.0 1191675.1
282.0 1381815.2
283.0 1332370.1
284.0 1224486.5
285.0 870339.4
286.0 1073237.5
287.0 806749.75
288.0 1029336.5
289.0 1146863.2
290.0 1057099.9
291.0 1329976.1
292.0 1220750.9
293.0 934323.9
294.0 668220.4
295.0 478576.6
296.0 895028.9
297.0 1149277.2
298.0 1163788.1
299.0 1436852.0
300.0 1324990.8
301.0 1433582.8
302.0 1580210.5
303.0 1362335.6
304.0 1707311.0
305.0 1676295.2
306.0 2007484.8
307.0 1636422.4
308.0 1452972.2
309.0 1302471.1
310.0 1233677.0
311.0 1333661.4
312.0 1257182.9
313.0 1700244.2
314.0 1763524.0
315.0 1420444.5
316.0 1547002.5
317.0 1826064.2
318.0 2201793.5
319.0 2509925.5
320.0 2462157.5
321.0 2964679.5
322.0 2923933.5
323.0 2950981.5
324.0 3034968.0
325.0 3175303.5
326.0 3302225.2
327.0 4025644.5
328.0 4719472.0
329.0 4447496.5
330.0 4904300.0
331.0 5700053.0
332.0 6747210.5
333.0 6425772.5
334.0 5315042.0
335.0 4760976.0
336.0 4324113.0
337.0 3354566.2
338.0 2319956.0
339.0 1884874.9
340.0 1690749.8
341.0 1833309.0
342.0 1802482.5
343.0 1826891.4
344.0 1672822.5
345.0 1611583.9
346.0 1563800.5
347.0 1303215.8
348.0 1062810.5
349.0 1231055.1
350.0 1063061.9
351.0 966901.9
352.0 1062438.9
353.0 1182051.6
354.0 1163576.5
355.0 1318183.8
356.0 1450243.8
357.0 1256287.0
358.0 1235527.6
359.0 1429641.1
360.0 1502910.0
361.0 1698946.1
362.0 2385919.5
363.0 2400921.5
364.0 2430066.0
365.0 2650521.2
366.0 3186612.0
367.0 3901365.0
368.0 4016805.0
369.0 3768495.2
370.0 4013142.5
371.0 3122592.8
372.0 2682591.2
373.0 1834643.2
374.0 1735288.0
375.0 1592431.8
376.0 1698288.5
377.0 1324424.8
378.0 1748435.1
379.0 1640446.1
380.0 1981450.2
381.0 1591073.6
382.0 1453429.8
383.0 1306440.2
384.0 1238434.9
385.0 1355250.1
386.0 1291719.2
387.0 1385513.1
388.0 1237747.1
389.0 1446629.0
390.0 1474474.0
391.0 1535043.0
392.0 1180118.9
393.0 1229412.0
394.0 1608662.8
395.0 1959118.8
396.0 2145499.5
397.0 2252087.8
398.0 2427639.5
399.0 1827452.8
400.0 1396325.0
401.0 1539425.6
402.0 1612725.0
403.0 1560920.6
404.0 1541522.5
405.0 1483776.9
406.0 2285871.5
407.0 2848975.0
408.0 2591733.2
409.0 2501783.0
410.0 2637442.5
411.0 2441314.2
412.0 1849921.1
413.0 2007589.8
414.0 2789332.5
415.0 2987218.8
416.0 3498135.0
417.0 3327689.0
418.0 2876078.0
419.0 2830597.0
420.0 2588569.0
421.0 2072072.5
422.0 1711926.9
423.0 1525640.8
424.0 1967011.8
425.0 1804180.0
426.0 1214338.2
427.0 1444706.8
428.0 1540663.6
429.0 1604365.8
430.0 1926337.4
431.0 2336509.5
432.0 2369365.5
433.0 1874286.0
434.0 1742582.0
435.0 1650996.0
436.0 1601770.8
437.0 1801195.1
438.0 1640076.2
439.0 1845798.9
440.0 2042598.0
441.0 1687076.2
442.0 1785278.6
443.0 1444380.1
444.0 1415098.1
445.0 1674941.1
446.0 1761508.9
447.0 1427076.9
448.0 1754161.5
449.0 1776686.1
450.0 1854936.0
451.0 1909722.6
452.0 2125454.0
453.0 2344371.5
454.0 1785126.2
455.0 1630919.9
456.0 1633748.0
457.0 1150568.6
458.0 1366096.4
459.0 1749121.1
460.0 1466261.5
461.0 1916685.6
462.0 2218608.2
463.0 2309754.0
464.0 1985071.0
465.0 1928995.5
466.0 1848260.1
467.0 1963491.0
468.0 1850155.5
469.0 2204705.0
470.0 2355137.8
471.0 2324193.2
472.0 2132518.8
473.0 2225423.5
474.0 1985571.9
475.0 1800199.4
476.0 1685331.9
477.0 1379452.0
478.0 1304624.1
479.0 1360091.9
480.0 1285215.1
481.0 1530040.6
482.0 1549359.5
483.0 1032764.1
484.0 842465.0
485.0 699759.75
486.0 666472.2
487.0 1070947.6
488.0 1039032.25
489.0 746101.9
490.0 1032906.4
491.0 1048726.8
492.0 1053727.0
493.0 1047804.44
494.0 1269660.0
495.0 1360413.5
496.0 1309574.8
497.0 920338.0
498.0 998012.56
499.0 1202414.8
500.0 1132767.4
501.0 1096046.8
502.0 1287942.6
503.0 1569452.6
504.0 1468353.0
505.0 1694159.9
506.0 2085935.5
507.0 2154905.5
508.0 2261436.5
509.0 2231032.2
510.0 2159611.0
511.0 2228141.0
512.0 1700316.0
513.0 1548702.6
514.0 1586787.8
515.0 1238279.1
516.0 1430773.9
517.0 1604948.8
518.0 1765522.8
519.0 1413360.8
520.0 1222992.4
521.0 1234153.5
522.0 1228649.8
523.0 1289791.1
524.0 1158566.9
525.0 1307776.8
526.0 1203379.2
527.0 1201686.1
528.0 1227329.1
529.0 1490327.0
530.0 1236847.0
531.0 1154348.5
532.0 1505313.2
533.0 1792750.8
534.0 1637982.6
535.0 1970229.4
536.0 2804746.5
537.0 2564402.2
538.0 2696172.2
539.0 2255580.5
540.0 2199368.5
541.0 1965907.5
542.0 2058065.0
543.0 1555973.8
544.0 1305451.8
545.0 1158289.1
546.0 1373127.0
547.0 1620256.0
548.0 1616995.0
549.0 1542730.6
550.0 1479951.9
551.0 1306885.9
552.0 1128615.5
553.0 1505089.8
554.0 1553949.9
555.0 1534179.8
556.0 1642419.9
557.0 1837311.4
558.0 1640636.8
559.0 1496825.8
560.0 1264391.6
561.0 1436358.1
562.0 1548875.5
563.0 1160134.0
564.0 1231144.2
565.0 1127089.9
566.0 1251520.9
567.0 1795779.5
568.0 1454113.5
569.0 1114482.4
570.0 1309295.9
571.0 1139579.0
572.0 918906.75
573.0 957601.56
574.0 1316484.2
575.0 1275218.0
576.0 1254543.6
577.0 1291611.0
578.0 1603447.6
579.0 1796802.4
580.0 1703249.5
581.0 1483624.0
582.0 1188842.0
583.0 1575249.5
584.0 1871075.1
585.0 1810548.5
586.0 1649995.6
587.0 1293937.1
588.0 1123585.5
589.0 1121020.0
590.0 1190296.1
591.0 1091954.4
592.0 996901.8
593.0 1371188.8
594.0 1240449.0
595.0 1432859.8
596.0 1346234.9
597.0 1357815.6
598.0 1220103.9
599.0 1155016.2
600.0 1311612.0
601.0 1423420.0
602.0 1126431.2
603.0 1430306.8
604.0 1371575.2
605.0 1046769.3
606.0 876449.4
607.0 1217588.5
608.0 1573132.8
609.0 1648675.1
610.0 1468788.6
611.0 1472499.9
612.0 1078296.2
613.0 1222373.2
614.0 1363997.0
615.0 1288649.5
616.0 1087023.0
617.0 965626.4
618.0 986196.8
619.0 1244861.8
620.0 1158201.4
621.0 1298924.5
622.0 1606455.8
623.0 1758857.6
624.0 1520391.2
625.0 1384888.6
626.0 1458470.2
627.0 1368018.1
628.0 1343001.5
629.0 1172376.8
630.0 1172026.6
631.0 1266683.4
632.0 1267150.5
633.0 1178179.5
634.0 1274046.9
635.0 1330848.5
636.0 1062211.6
637.0 1195739.8
638.0 1291765.5
639.0 1210705.2
640.0 1196101.4
641.0 1197986.6
642.0 1318505.1
643.0 1330506.4
644.0 1405477.2
645.0 1236466.8
646.0 1267037.8
647.0 1359697.0
648.0 1250854.5
649.0 1255969.5
650.0 1421767.2
651.0 1510686.1
652.0 1229483.1
653.0 1069490.2
654.0 994026.1
655.0 1050635.5
656.0 1156369.5
657.0 1075493.0
658.0 934280.56
659.0 1410231.4
660.0 1512592.8
661.0 1555609.5
662.0 1526728.0
663.0 1227856.1
664.0 1304007.1
665.0 1213899.9
666.0 1538805.6
667.0 1483379.0
668.0 1421986.4
669.0 1470152.0
670.0 1547277.4
671.0 1768211.4
672.0 1835994.8
673.0 1447060.1
674.0 1281567.9
675.0 1535419.8
676.0 1201001.2
677.0 1204330.0
678.0 926783.8
679.0 1095083.9
680.0 1221518.0
681.0 1010743.6
682.0 1187475.0
683.0 1247234.0
684.0 1213842.2
685.0 1561562.5
686.0 1563733.0
687.0 1478396.9
688.0 1456136.1
689.0 1549714.2
690.0 980791.94
691.0 1442923.2
692.0 1188253.6
693.0 1005551.1
694.0 886379.7
695.0 1383595.6
696.0 1453892.8
697.0 1084852.5
698.0 950194.7
699.0 897830.25
700.0 898894.5
701.0 985537.1
702.0 984314.5
703.0 1174596.5
704.0 1075455.4
705.0 1012794.25
706.0 1094798.6
707.0 1225252.6
708.0 1110719.2
709.0 1056947.6
710.0 1115817.2
711.0 1207468.5
712.0 1191981.5
713.0 1034211.8
714.0 891931.5
715.0 1040690.3
716.0 1125579.5
717.0 1183421.1
718.0 1137778.2
719.0 1243783.9
720.0 1306396.8
721.0 1394233.0
722.0 1250694.4
723.0 1240618.8
724.0 1433229.5
725.0 1178705.2
726.0 1285848.4
727.0 1163028.8
728.0 1235000.6
729.0 1398513.6
730.0 1658863.6
731.0 1448511.9
732.0 1338264.2
733.0 1236860.6
734.0 1288739.5
735.0 1601586.9
736.0 1366806.4
737.0 1322968.6
738.0 1144985.8
739.0 994914.94
740.0 1299027.0
741.0 1098128.6
742.0 1245375.4
743.0 1478739.2
744.0 1765369.4
745.0 1572055.2
746.0 1696711.0
747.0 1948344.4
748.0 1841023.8
749.0 1613242.8
750.0 1668970.8
751.0 2030142.4
752.0 1829043.8
753.0 1982483.8
754.0 1575384.5
755.0 1274439.2
756.0 1043020.9
757.0 1293306.1
758.0 1411979.9
759.0 1424435.2
760.0 1447399.8
761.0 1031209.06
762.0 1304492.8
763.0 1399563.5
764.0 1243680.2
765.0 1053507.5
766.0 1056077.0
767.0 1191589.8
768.0 1047548.7
769.0 1184976.1
770.0 1235080.2
771.0 1145723.5
772.0 1215963.2
773.0 1651007.6
774.0 1503989.8
775.0 1066850.8
776.0 1226563.8
777.0 1301237.8
778.0 1213226.8
779.0 1268606.5
780.0 1158967.5
781.0 1321035.2
782.0 1520595.2
783.0 1490124.0
784.0 1233508.2
785.0 1175880.8
786.0 1397532.6
787.0 1281670.1
788.0 1281235.1
789.0 1241164.2
790.0 1436436.8
791.0 1382618.6
792.0 1345042.0
793.0 1316796.0
794.0 1355173.5
795.0 1606234.9
796.0 1759791.8
797.0 1691273.6
798.0 1663298.0
799.0 1727379.4
800.0 1935493.0
801.0 1779213.6
802.0 1426824.9
803.0 1448244.9
804.0 1326117.6
805.0 1441670.8
806.0 1217325.4
807.0 1227046.9
808.0 1227831.2
809.0 1220528.0
810.0 1125983.6
811.0 1073349.0
812.0 1059362.8
813.0 1108909.1
814.0 1293224.0
815.0 1270270.6
816.0 1265468.4
817.0 1356863.0
818.0 1520556.4
819.0 1383106.2
820.0 1232443.1
821.0 1546279.0
822.0 1297481.5
823.0 1230195.1
824.0 1321163.9
825.0 1489745.2
826.0 1454139.4
827.0 1475356.9
828.0 1482380.6
829.0 1266574.8
830.0 1381470.8
831.0 1285858.4
832.0 1406061.0
833.0 1343328.0
834.0 1167516.5
835.0 1242459.6
836.0 1344874.4
837.0 1033187.8
838.0 1229849.2
839.0 1130226.6
840.0 1079928.0
841.0 959146.56
842.0 1203233.0
843.0 1360948.0
844.0 1170680.9
845.0 1481835.8
846.0 1509317.5
847.0 1397367.4
848.0 1114981.8
849.0 1264809.2
850.0 1400519.2
851.0 1449672.2
852.0 1196606.4
853.0 1355372.4
854.0 1597506.4
855.0 1601312.4
856.0 1416596.8
857.0 1488133.9
858.0 1558645.5
859.0 1575961.1
860.0 1754693.0
861.0 1285428.4
862.0 1468722.4
863.0 1694617.8
864.0 1187067.8
865.0 1251446.4
866.0 1641588.0
867.0 1782456.0
868.0 1583521.1
869.0 1401434.0
870.0 1237719.6
871.0 1676980.2
872.0 1610731.0
873.0 1433453.8
874.0 1430549.5
875.0 1481107.0
876.0 1352847.5
877.0 1350287.8
878.0 1680305.0
879.0 1715696.4
880.0 1698444.2
881.0 1641765.1
882.0 1594720.5
883.0 1411723.6
884.0 1436835.1
885.0 1493743.5
886.0 1818416.0
887.0 2014583.1
888.0 1931534.9
889.0 1757424.4
890.0 1766461.9
891.0 1944981.2
892.0 1878882.0
893.0 1684676.5
894.0 1508535.2
895.0 1777864.4
896.0 1669641.5
897.0 1458203.5
898.0 1780845.1
899.0 1603868.6
900.0 1753293.8
901.0 2087776.9
902.0 2001408.0
903.0 1862261.9
904.0 2173234.0
905.0 2272152.2
906.0 2125361.2
907.0 2158438.8
908.0 1747151.1
909.0 1666939.2
910.0 1828262.6
911.0 1873856.9
912.0 2304777.0
913.0 2225627.2
914.0 2459321.0
915.0 2428708.2
916.0 2082508.2
917.0 1875623.1
918.0 1867833.5
919.0 2164859.5
920.0 2468260.8
921.0 2442641.5
922.0 2388770.5
923.0 2644677.8
924.0 2611726.8
925.0 2438454.8
926.0 2401817.8
927.0 2019390.6
928.0 2429895.2
929.0 2775305.0
930.0 2494476.5
931.0 2503185.2
932.0 2503048.8
933.0 2736769.8
934.0 2742538.8
935.0 2958164.5
936.0 3028601.2
937.0 2784721.5
938.0 2850748.5
939.0 2492212.0
940.0 2545615.8
941.0 2376399.0
942.0 2197753.0
943.0 2465402.8
944.0 2198602.0
945.0 2223693.2
946.0 2673992.5
947.0 3073617.2
948.0 2956971.5
949.0 2786066.2
950.0 2988739.5
951.0 2863062.0
952.0 2787819.0
953.0 2827616.2
954.0 2791935.2
955.0 2878602.2
956.0 2883779.0
957.0 2628336.2
958.0 2758455.0
959.0 2738643.8
960.0 2934220.2
961.0 3316757.8
962.0 3569884.5
963.0 3282237.5
964.0 3116640.2
965.0 3220389.0
966.0 3290924.8
967.0 3241144.8
968.0 3344886.0
969.0 3594922.2
970.0 4027359.0
971.0 3976653.8
972.0 4240811.0
973.0 4136156.2
974.0 4160635.0
975.0 4259229.5
976.0 4111634.5
977.0 4411398.0
978.0 4782344.0
979.0 5045036.0
980.0 5016543.0
981.0 4823812.0
982.0 4892235.5
983.0 5462490.5
984.0 6497104.0
985.0 7565028.0
986.0 8445102.0
987.0 9159292.0
988.0 10060748.0
989.0 11340036.0
990.0 11117672.0
991.0 10189369.0
992.0 9851761.0
993.0 9614150.0
994.0 9138498.0
995.0 8960044.0
996.0 9313888.0
997.0 9141278.0
998.0 9070124.0
999.0 9691454.0
1000.0 9474278.0
1001.0 9264309.0
1002.0 9723564.0
1003.0 10086169.0
1004.0 10738685.0
1005.0 10812265.0
1006.0 11385630.0
1007.0 11998221.0
1008.0 11806115.0
1009.0 10437778.0
1010.0 10218035.0
1011.0 10219676.0
1012.0 9289315.0
1013.0 8529169.0
1014.0 7872916.0
1015.0 7416750.5
1016.0 6264882.0
1017.0 5697167.0
1018.0 5153647.0
1019.0 4199181.0
1020.0 4197512.0
1021.0 3873122.8
1022.0 3574789.8
1023.0 3556805.0
1024.0 3956112.0
1025.0 3717751.2
1026.0 4161425.0
1027.0 3976267.8
1028.0 3965028.0
1029.0 4768366.0
1030.0 5926457.0
1031.0 6789705.0
1032.0 7873494.0
1033.0 8910700.0
1034.0 9886430.0
1035.0 10749200.0
1036.0 11250145.0
1037.0 12785936.0
1038.0 14586586.0
1039.0 14269219.0
1040.0 13039709.0
1041.0 12338674.0
1042.0 11787781.0
1043.0 12063588.0
1044.0 12380316.0
1045.0 12788938.0
1046.0 12609391.0
1047.0 12646486.0
1048.0 13771040.0
1049.0 14211005.0
1050.0 15179089.0
1051.0 15970858.0
1052.0 16586910.0
1053.0 17017636.0
1054.0 17134490.0
1055.0 17721664.0
1056.0 20345956.0
1057.0 24946792.0
1058.0 32782538.0
1059.0 44789536.0
1060.0 62620336.0
1061.0 81411990.0
1062.0 103122390.0
1063.0 123051890.0
1064.0 134119140.0
1065.0 136764420.0
1066.0 125052580.0
1067.0 99297540.0
1068.0 72127656.0
1069.0 47720410.0
1070.0 32978752.0
1071.0 25180144.0
1072.0 19791078.0
1073.0 16314542.0
1074.0 13235421.0
1075.0 10791435.0
1076.0 9683721.0
1077.0 8248894.0
1078.0 6843188.0
1079.0 6230444.5
1080.0 5897805.0
1081.0 5307296.0
1082.0 5048618.5
1083.0 5525054.0
1084.0 5738599.0
1085.0 5329907.0
1086.0 5134575.5
1087.0 5695093.0
1088.0 6832168.0
1089.0 7784084.5
1090.0 7949487.0
1091.0 7814672.5
1092.0 8169272.5
1093.0 7110249.0
1094.0 6125059.5
1095.0 5693440.0
1096.0 5682159.5
1097.0 6181401.0
1098.0 6266195.5
1099.0 6998728.0
1100.0 8332324.0
1101.0 10016894.0
1102.0 12182518.0
1103.0 14919005.0
1104.0 20837234.0
1105.0 29972840.0
1106.0 43352510.0
1107.0 57957210.0
1108.0 75884456.0
1109.0 95042530.0
1110.0 110565310.0
1111.0 117422090.0
1112.0 113963850.0
1113.0 100843980.0
1114.0 79933860.0
1115.0 54080084.0
1116.0 34458776.0
1117.0 24194412.0
1118.0 18688768.0
1119.0 14578725.0
1120.0 11976305.0
1121.0 9527396.0
1122.0 7501167.5
1123.0 6284674.0
1124.0 5781596.0
1125.0 4764073.0
1126.0 3966859.5
1127.0 3331746.5
1128.0 2589736.5
1129.0 2198949.5
1130.0 2373810.2
1131.0 2918203.5
1132.0 3097438.8
1133.0 3296266.0
1134.0 3258070.2
1135.0 3462252.8
1136.0 3777677.2
1137.0 3811310.0
1138.0 3819058.5
1139.0 4217064.0
1140.0 4470119.5
1141.0 3943394.8
1142.0 3456836.5
1143.0 2698906.5
1144.0 2294362.8
1145.0 2432025.5
1146.0 2328047.8
1147.0 2055017.4
1148.0 2023222.6
1149.0 2077322.5
1150.0 1975758.9
1151.0 2387805.2
1152.0 2476437.2
1153.0 2300663.5
1154.0 2004581.5
1155.0 2024238.8
1156.0 2284144.5
1157.0 1830307.4
1158.0 1832669.8
1159.0 1805251.8
1160.0 1956067.5
1161.0 2181880.0
1162.0 2480504.0
1163.0 2408170.0
1164.0 2360017.5
1165.0 2195853.5
1166.0 2669359.8
1167.0 2981413.8
1168.0 2356414.5
1169.0 2395793.2
1170.0 2486126.2
1171.0 2419258.5
1172.0 2657616.0
1173.0 2608572.2
1174.0 2698344.8
1175.0 2745837.0
1176.0 2693377.0
1177.0 3000909.0
1178.0 3194102.5
1179.0 2941704.0
1180.0 3027212.0
1181.0 3099191.0
1182.0 2821589.0
1183.0 2739382.5
1184.0 2925809.5
1185.0 2934092.8
1186.0 3480662.8
1187.0 3899133.5
1188.0 4522197.5
1189.0 4779648.0
1190.0 5209974.5
1191.0 5183923.5
1192.0 4949489.0
1193.0 4672212.0
1194.0 4124362.5
1195.0 3549159.0
1196.0 3487895.2
1197.0 3986557.2
1198.0 4033390.2
1199.0 3930871.2
1200.0 3920082.2
1201.0 3804509.8
1202.0 3540409.5
1203.0 3439777.0
1204.0 3450320.5
1205.0 3635820.2
1206.0 3729629.0
1207.0 3644627.8
1208.0 4043841.5
1209.0 4407676.0
1210.0 5027248.5
1211.0 4923560.0
1212.0 5171158.0
1213.0 5399498.0
1214.0 5970875.0
1215.0 6428854.0
1216.0 6165826.0
1217.0 6065592.5
1218.0 5862269.5
1219.0 5171871.5
1220.0 4460226.0
1221.0 4379280.0
1222.0 4401295.5
1223.0 4320890.5
1224.0 4666541.0
1225.0 5354780.5
1226.0 5802141.0
1227.0 6234362.0
1228.0 6545966.0
1229.0 6740292.5
1230.0 7245161.0
1231.0 7439064.5
1232.0 7663044.0
1233.0 7854135.0
1234.0 8385928.0
1235.0 9779229.0
1236.0 12087702.0
1237.0 14595876.0
1238.0 16530890.0
1239.0 18783236.0
1240.0 21665180.0
1241.0 23398592.0
1242.0 24504616.0
1243.0 22938378.0
1244.0 20814282.0
1245.0 18580898.0
1246.0 14801172.0
1247.0 10637026.0
1248.0 7952162.5
1249.0 7078300.5
1250.0 6620168.0
1251.0 6447447.0
1252.0 6325680.0
1253.0 5933445.0
1254.0 5913830.0
1255.0 5979644.5
1256.0 6111232.5
1257.0 6474748.0
1258.0 6885397.0
1259.0 7519352.0
1260.0 8402248.0
1261.0 10764848.0
1262.0 12109209.0
1263.0 13451846.0
1264.0 15118618.0
1265.0 16967332.0
1266.0 18224736.0
1267.0 18994616.0
1268.0 18347168.0
1269.0 18082008.0
1270.0 17426700.0
1271.0 15919360.0
1272.0 15368230.0
1273.0 15717805.0
1274.0 15808212.0
1275.0 15411628.0
1276.0 14778084.0
1277.0 14050302.0
1278.0 13271000.0
1279.0 13762340.0
1280.0 14239498.0
1281.0 14017365.0
1282.0 13900055.0
1283.0 13949322.0
1284.0 14262946.0
1285.0 14435576.0
1286.0 14692254.0
1287.0 14178080.0
1288.0 13415514.0
1289.0 13579774.0
1290.0 13889806.0
1291.0 13857786.0
1292.0 14727695.0
1293.0 15282534.0
1294.0 14984745.0
1295.0 14720329.0
1296.0 15399238.0
1297.0 15584175.0
1298.0 15486619.0
1299.0 16461284.0
1300.0 17514886.0
1301.0 18045552.0
1302.0 19706388.0
1303.0 21599140.0
1304.0 24074956.0
1305.0 26371556.0
1306.0 29631144.0
1307.0 32981530.0
1308.0 34287616.0
1309.0 34044036.0
1310.0 35019216.0
1311.0 35486240.0
1312.0 35393430.0
1313.0 33578504.0
1314.0 33308362.0
1315.0 33575170.0
1316.0 33316092.0
1317.0 33820476.0
1318.0 34140788.0
1319.0 35562684.0
1320.0 37407524.0
1321.0 37853388.0
1322.0 38171544.0
1323.0 39577976.0
1324.0 42156730.0
1325.0 45658144.0
1326.0 51089556.0
1327.0 56055764.0
1328.0 57523630.0
1329.0 60027490.0
1330.0 64837564.0
1331.0 68808250.0
1332.0 70521080.0
1333.0 70355160.0
1334.0 70754330.0
1335.0 71267590.0
1336.0 72060620.0
1337.0 72144390.0
1338.0 72218010.0
1339.0 71975380.0
1340.0 69612760.0
1341.0 67359820.0
1342.0 64232424.0
1343.0 59305216.0
1344.0 56459320.0
1345.0 55366284.0
1346.0 53850664.0
1347.0 53715500.0
1348.0 53881070.0
1349.0 55350450.0
1350.0 56401576.0
1351.0 57130980.0
1352.0 59273810.0
1353.0 61253220.0
1354.0 62291170.0
1355.0 63448464.0
1356.0 63882864.0
1357.0 62815976.0
1358.0 64902910.0
1359.0 66413140.0
1360.0 66969644.0
1361.0 69830350.0
1362.0 77842860.0
1363.0 86391390.0
1364.0 97742460.0
1365.0 113685870.0
1366.0 133541950.0
1367.0 155509540.0
1368.0 177392400.0
1369.0 199102640.0
1370.0 219383140.0
1371.0 232457730.0
1372.0 238038270.0
1373.0 240924060.0
1374.0 238017000.0
1375.0 222971940.0
1376.0 198347580.0
1377.0 171316480.0
1378.0 152402530.0
1379.0 139434200.0
1380.0 129620340.0
1381.0 119754240.0
1382.0 112175780.0
1383.0 108684330.0
1384.0 103727090.0
1385.0 97622360.0
1386.0 91928050.0
1387.0 83605176.0
1388.0 73627030.0
1389.0 65557430.0
1390.0 59755550.0
1391.0 53846180.0
1392.0 48525996.0
1393.0 44386470.0
1394.0 41342350.0
1395.0 39423810.0
1396.0 40630884.0
1397.0 44605024.0
1398.0 49414504.0
1399.0 53514250.0
1400.0 58573616.0
1401.0 66075970.0
1402.0 73725140.0
1403.0 81395780.0
1404.0 91527930.0
1405.0 104794380.0
1406.0 120926260.0
1407.0 139963940.0
1408.0 162248020.0
1409.0 187054640.0
1410.0 214121100.0
1411.0 239862980.0
1412.0 267771040.0
1413.0 293239740.0
1414.0 311142700.0
1415.0 315405570.0
1416.0 305245470.0
1417.0 276893000.0
1418.0 236665860.0
1419.0 187360500.0
1420.0 134080060.0
1421.0 92368180.0
1422.0 68249290.0
1423.0 53853716.0
1424.0 44058350.0
1425.0 35971764.0
1426.0 30107760.0
1427.0 25257968.0
1428.0 21327518.0
1429.0 17832308.0
1430.0 15863255.0
1431.0 14519485.0
1432.0 12676592.0
1433.0 11450004.0
1434.0 10498926.0
1435.0 9556351.0
1436.0 9505261.0
1437.0 9141578.0
1438.0 8901285.0
1439.0 8730627.0
1440.0 8990558.0
1441.0 9227246.0
1442.0 9467872.0
1443.0 9262816.0
1444.0 8916042.0
1445.0 8696767.0
1446.0 9001797.0
1447.0 9864321.0
1448.0 11330428.0
1449.0 13106030.0
1450.0 13056191.0
1451.0 13994938.0
1452.0 15105708.0
1453.0 15039585.0
1454.0 15969911.0
1455.0 16868544.0
1456.0 17305158.0
1457.0 17218868.0
1458.0 18432652.0
1459.0 19949780.0
1460.0 20793012.0
1461.0 21861260.0
1462.0 20458564.0
1463.0 19675748.0
1464.0 19326002.0
1465.0 19379378.0
1466.0 19386522.0
1467.0 18485102.0
1468.0 19758834.0
1469.0 21083828.0
1470.0 20596522.0
1471.0 20597084.0
1472.0 20196592.0
1473.0 20445348.0
1474.0 20037962.0
1475.0 19925952.0
1476.0 20808526.0
1477.0 20826290.0
1478.0 21043052.0
1479.0 21578116.0
1480.0 21630884.0
1481.0 20659742.0
1482.0 21596044.0
1483.0 23272762.0
1484.0 26208544.0
1485.0 29844244.0
1486.0 32928910.0
1487.0 35863290.0
1488.0 41141470.0
1489.0 45069300.0
1490.0 48893770.0
1491.0 51853130.0
1492.0 53908830.0
1493.0 57575384.0
1494.0 58006590.0
1495.0 57686560.0
1496.0 56409124.0
1497.0 55424660.0
1498.0 54160396.0
1499.0 51692456.0
1500.0 49114144.0
1501.0 46032990.0
1502.0 40920596.0
1503.0 36208264.0
1504.0 31429288.0
1505.0 28538360.0
1506.0 26594896.0
1507.0 25907532.0
1508.0 27169090.0
1509.0 28478684.0
1510.0 29812464.0
1511.0 31769522.0
1512.0 33147530.0
1513.0 35363456.0
1514.0 38099556.0
1515.0 42740670.0
1516.0 45042224.0
1517.0 45190604.0
1518.0 47965990.0
1519.0 51742100.0
1520.0 55192296.0
1521.0 58303296.0
1522.0 61685256.0
1523.0 65653330.0
1524.0 67966860.0
1525.0 68713030.0
1526.0 70562270.0
1527.0 77327910.0
1528.0 81498620.0
1529.0 78564136.0
1530.0 72358700.0
1531.0 69095140.0
1532.0 65304280.0
1533.0 59213176.0
1534.0 51248420.0
1535.0 42786116.0
1536.0 35008056.0
1537.0 29391140.0
1538.0 25786616.0
1539.0 23486942.0
1540.0 23184832.0
1541.0 24271082.0
1542.0 25915392.0
1543.0 27123876.0
1544.0 28293320.0
1545.0 30912184.0
1546.0 34758500.0
1547.0 37865470.0
1548.0 43079730.0
1549.0 46810350.0
1550.0 51972740.0
1551.0 57007760.0
1552.0 58350770.0
1553.0 62378224.0
1554.0 65707200.0
1555.0 68607090.0
1556.0 75042990.0
1557.0 78620930.0
1558.0 80810970.0
1559.0 81798390.0
1560.0 80658780.0
1561.0 75165940.0
1562.0 65841024.0
1563.0 55997416.0
1564.0 47676420.0
1565.0 41687510.0
1566.0 40075116.0
1567.0 39167292.0
1568.0 40422484.0
1569.0 41314764.0
1570.0 42135790.0
1571.0 42303640.0
1572.0 41674548.0
1573.0 38665270.0
1574.0 35781570.0
1575.0 33062822.0
1576.0 29067984.0
1577.0 25138602.0
1578.0 21136696.0
1579.0 19651412.0
1580.0 17020256.0
1581.0 15304201.0
1582.0 15329289.0
1583.0 15537944.0
1584.0 15523465.0
1585.0 15916794.0
1586.0 16839356.0
1587.0 17235796.0
1588.0 17764762.0
1589.0 17563776.0
1590.0 18281928.0
1591.0 19201502.0
1592.0 18349718.0
1593.0 18446676.0
1594.0 18055004.0
1595.0 17502402.0
1596.0 17547472.0
1597.0 16776772.0
1598.0 16125859.0
1599.0 15273000.0
1600.0 14700779.0
1601.0 14904679.0
1602.0 16152895.0
1603.0 16866920.0
1604.0 17633284.0
1605.0 19010868.0
1606.0 19819988.0
1607.0 21784472.0
1608.0 24436772.0
1609.0 26705416.0
1610.0 29520180.0
1611.0 32324742.0
1612.0 34506396.0
1613.0 37678700.0
1614.0 40697856.0
1615.0 43261596.0
1616.0 47736010.0
1617.0 51392716.0
1618.0 52720100.0
1619.0 55002110.0
1620.0 56233010.0
1621.0 58163420.0
1622.0 62390584.0
1623.0 65389770.0
1624.0 71490190.0
1625.0 76257496.0
1626.0 77377680.0
1627.0 74680300.0
1628.0 69843860.0
1629.0 61512160.0
1630.0 51112390.0
1631.0 38517092.0
1632.0 28068250.0
1633.0 22391548.0
1634.0 18948246.0
1635.0 15560000.0
1636.0 13281919.0
1637.0 13216975.0
1638.0 11976522.0
1639.0 10770164.0
1640.0 10016936.0
1641.0 9744348.0
1642.0 9349121.0
1643.0 10442005.0
1644.0 10872092.0
1645.0 10809095.0
1646.0 10563768.0
1647.0 10708512.0
1648.0 10295758.0
1649.0 10719451.0
1650.0 11099809.0
1651.0 10691748.0
1652.0 10128835.0
1653.0 9648832.0
1654.0 8853482.0
1655.0 9107509.0
1656.0 9149900.0
1657.0 9880427.0
1658.0 9818391.0
1659.0 9465219.0
1660.0 8555265.0
1661.0 7748310.0
1662.0 7574055.0
1663.0 7925964.0
1664.0 8832792.0
1665.0 8817641.0
1666.0 8151800.0
1667.0 8188455.0
1668.0 8912251.0
1669.0 9420221.0
1670.0 9129546.0
1671.0 9362802.0
1672.0 9551196.0
1673.0 10988275.0
1674.0 11770324.0
1675.0 11904609.0
1676.0 12498178.0
1677.0 12564330.0
1678.0 13360009.0
1679.0 12942411.0
1680.0 13469468.0
1681.0 13915048.0
1682.0 14507096.0
1683.0 15084981.0
1684.0 13806615.0
1685.0 12404454.0
1686.0 12079815.0
1687.0 11588574.0
1688.0 11442354.0
1689.0 12599885.0
1690.0 13424542.0
1691.0 13686998.0
1692.0 13295295.0
1693.0 13549836.0
1694.0 14214999.0
1695.0 14412855.0
1696.0 14757775.0
1697.0 16280184.0
1698.0 16833016.0
1699.0 17322164.0
1700.0 17832418.0
1701.0 18570480.0
1702.0 18269010.0
1703.0 18293580.0
1704.0 17844392.0
1705.0 17561534.0
1706.0 16767624.0
1707.0 14856976.0
1708.0 14181161.0
1709.0 14213920.0
1710.0 14621030.0
1711.0 15184225.0
1712.0 14344215.0
1713.0 13695941.0
1714.0 12710460.0
1715.0 12435436.0
1716.0 12246534.0
1717.0 12625476.0
1718.0 12559535.0
1719.0 11035234.0
1720.0 9936076.0
1721.0 7981380.5
1722.0 6014597.5
1723.0 4727616.0
1724.0 3238295.0
1725.0 2696428.8
1726.0 2573958.0
1727.0 2929299.8
1728.0 3547964.5
1729.0 3356827.0
1730.0 3204172.5
1731.0 3116676.0
1732.0 2981201.0
1733.0 3273672.2
1734.0 3788334.8
1735.0 3867726.5
1736.0 3690534.0
1737.0 4086746.0
1738.0 4313823.0
1739.0 4604490.0
1740.0 4843117.0
1741.0 4371389.5
1742.0 4721187.5
1743.0 4793307.5
1744.0 4868633.0
1745.0 5007237.0
1746.0 4781565.5
1747.0 4470934.5
1748.0 4345937.0
1749.0 3909787.2
1750.0 3333186.2
1751.0 3176479.5
1752.0 3615065.5
1753.0 3405571.5
1754.0 3517046.0
1755.0 3576109.0
1756.0 3854592.5
1757.0 3751117.0
1758.0 3865318.5
1759.0 4191292.0
1760.0 4023345.5
1761.0 4309416.0
1762.0 4661788.0
1763.0 5289405.0
1764.0 5933225.5
1765.0 5920872.0
1766.0 6070765.5
1767.0 6549937.0
1768.0 6866829.0
1769.0 6184757.5
1770.0 6004634.0
1771.0 5403259.0
1772.0 5476169.5
1773.0 5531819.0
1774.0 5494330.0
1775.0 5605339.5
1776.0 5907511.0
1777.0 5281795.0
1778.0 5335775.0
1779.0 5102856.0
1780.0 5123487.0
1781.0 4979315.5
1782.0 4969043.0
1783.0 4221861.0
1784.0 3556044.0
1785.0 3811063.5
1786.0 3512863.5
1787.0 3241705.5
1788.0 4170964.5
1789.0 4182958.0
1790.0 4895753.0
1791.0 5300437.5
1792.0 4964995.5
1793.0 5300805.0
1794.0 5327619.0
1795.0 5681355.0
1796.0 6345274.5
1797.0 6489742.0
1798.0 6228969.0
1799.0 6114437.5
1800.0 6204099.0
1801.0 5992930.0
1802.0 5824407.0
1803.0 5467954.0
1804.0 5988223.0
1805.0 5912720.0
1806.0 6051613.0
1807.0 5712197.5
1808.0 5091075.0
1809.0 4670205.5
1810.0 4191813.5
1811.0 3912023.5
1812.0 3582531.5
1813.0 3339152.8
1814.0 3377780.5
1815.0 3372144.0
1816.0 2898728.5
1817.0 2881541.0
1818.0 3034458.8
1819.0 3621036.5
1820.0 3736046.5
1821.0 3880072.0
1822.0 4314507.0
1823.0 5223022.0
1824.0 4948699.5
1825.0 5133085.0
1826.0 5025723.0
1827.0 5234745.5
1828.0 5526312.5
1829.0 6318547.5
1830.0 6968538.0
1831.0 7288371.0
1832.0 7928709.0
1833.0 8422604.0
1834.0 8235058.0
1835.0 8184629.5
1836.0 8176175.0
1837.0 8608534.0
1838.0 7817616.0
1839.0 7430528.0
1840.0 6790320.0
1841.0 6526898.0
1842.0 6612139.0
1843.0 6580215.5
1844.0 7031170.0
1845.0 7422961.0
1846.0 8370458.0
1847.0 8985271.0
1848.0 8846229.0
1849.0 9157018.0
1850.0 10826686.0
1851.0 11727536.0
1852.0 11563981.0
1853.0 12193078.0
1854.0 11841799.0
1855.0 12320500.0
1856.0 11982421.0
1857.0 11951495.0
1858.0 12263998.0
1859.0 11702076.0
1860.0 10784981.0
1861.0 10077355.0
1862.0 10194828.0
1863.0 9510223.0
1864.0 9258487.0
1865.0 8463363.0
1866.0 8035904.5
1867.0 7426305.0
1868.0 7312180.0
1869.0 6658276.0
1870.0 6501735.0
1871.0 6807406.0
1872.0 7187400.0
1873.0 7470830.5
1874.0 7809134.5
1875.0 8711693.0
1876.0 8522227.0
1877.0 8628644.0
1878.0 9976394.0
1879.0 10268337.0
1880.0 9506076.0
1881.0 8999441.0
1882.0 8932889.0
1883.0 9616382.0
1884.0 9387500.0
1885.0 8862639.0
1886.0 8492506.0
1887.0 8677789.0
1888.0 7038140.0
1889.0 6662564.0
1890.0 5909319.0
1891.0 5162380.0
1892.0 4500090.0
1893.0 5064463.5
1894.0 5192170.5
1895.0 5273102.5
1896.0 5250826.0
1897.0 5435599.5
1898.0 6489777.5
1899.0 6763373.0
1900.0 7410986.0
1901.0 8745907.0
1902.0 10374136.0
1903.0 12191864.0
1904.0 12858984.0
1905.0 13435430.0
1906.0 14932522.0
1907.0 16821280.0
1908.0 17911238.0
1909.0 18628706.0
1910.0 19294584.0
1911.0 19975856.0
1912.0 20270274.0
1913.0 21423338.0
1914.0 21026804.0
1915.0 17943952.0
1916.0 14419335.0
1917.0 11289744.0
1918.0 9120678.0
1919.0 6723678.0
1920.0 4756256.0
1921.0 4327368.0
1922.0 4672244.0
1923.0 4863699.5
1924.0 5760292.0
1925.0 7088753.0
1926.0 7430326.0
1927.0 8243025.5
1928.0 9339408.0
1929.0 10243128.0
1930.0 11014301.0
1931.0 12077556.0
1932.0 13220578.0
1933.0 13152308.0
1934.0 13783894.0
1935.0 15674166.0
1936.0 17456072.0
1937.0 19031830.0
1938.0 16761631.0
1939.0 16676838.0
1940.0 16037324.0
1941.0 14158235.0
1942.0 11908551.0
1943.0 8586320.0
1944.0 6225941.0
1945.0 4709516.5
1946.0 3400415.5
1947.0 3000287.8
1948.0 2798010.5
1949.0 2153884.0
1950.0 2034334.4
1951.0 1864760.5
1952.0 1368331.1
1953.0 1328761.8
1954.0 1567632.0
1955.0 1713888.0
1956.0 1402320.6
1957.0 1183400.1
1958.0 882391.2
1959.0 791450.25
1960.0 1087962.2
1961.0 840920.06
1962.0 1040423.6
1963.0 957219.6
1964.0 1147420.4
1965.0 1349566.4
1966.0 1328077.2
1967.0 1272629.5
1968.0 1146893.5
1969.0 916777.0
1970.0 859319.25
1971.0 1159732.4
1972.0 942433.6
1973.0 839594.1
1974.0 1106691.8
1975.0 1316631.4
1976.0 1244005.0
1977.0 1326514.0
1978.0 1265473.6
1979.0 1225440.2
1980.0 1172362.8
1981.0 1505195.0
1982.0 1410806.0
1983.0 1388698.9
1984.0 1478587.8
1985.0 1204981.0
1986.0 1214083.0
1987.0 1181620.4
1988.0 1550832.4
1989.0 1406883.9
1990.0 1494416.4
1991.0 1683234.2
1992.0 1685029.2
1993.0 1832672.6
1994.0 1698529.4
1995.0 1692581.1
1996.0 1850701.9
1997.0 1879226.8
1998.0 1618711.0
1999.0 1450639.4
2000.0 1556759.4
2001.0 1610151.4
2002.0 1629170.6
2003.0 1599326.1
2004.0 1733379.8
2005.0 1829475.6
2006.0 1759502.0
2007.0 1607997.8
2008.0 1405529.5
2009.0 1976693.5
2010.0 2378974.0
2011.0 2010034.8
2012.0 1839826.5
2013.0 1704801.4
2014.0 1695284.5
2015.0 1859299.5
2016.0 1753573.1
2017.0 358207.12
2018.0 -1320611.1
2019.0 -2673519.0
2020.0 -3864385.2
2021.0 -5501609.0
2022.0 -7468212.5
2023.0 -9283009.0
2024.0 -11313281.0
2025.0 -13421064.0
2026.0 -14935180.0
2027.0 -16725681.0
2028.0 -18695804.0
2029.0 -20631788.0
2030.0 -22331212.0
2031.0 -24305176.0
2032.0 -26257012.0
2033.0 -28397368.0
2034.0 -30100404.0
2035.0 0.0
2036.0 0.0
2037.0 0.0
2038.0 0.0
2039.0 0.0
2040.0 0.0
2041.0 0.0
2042.0 0.0
2043.0 0.0
2044.0 0.0
2045.0 0.0
2046.0 0.0
2047.0 0.0
