string
0.0 1495346.2
1.0 2016149.2
2.0 1829928.9
3.0 2094756.0
4.0 2113534.0
5.0 2553957.5
6.0 2413944.0
7.0 2374166.8
8.0 2524666.8
9.0 2779179.8
10.0 2840558.0
11.0 2724739.5
12.0 2415527.2
13.0 2204090.0
14.0 2194778.5
15.0 2389913.5
16.0 1986935.6
17.0 2215976.5
18.0 2107543.5
19.0 2356946.0
20.0 2434380.5
21.0 2210677.2
22.0 1911999.2
23.0 1810750.8
24.0 2037145.6
25.0 2195968.5
26.0 2079997.8
27.0 1764924.8
28.0 1802773.5
29.0 2046423.1
30.0 2048616.0
31.0 2099257.5
32.0 2129010.5
33.0 2692969.8
34.0 2430720.5
35.0 2275359.5
36.0 2239894.5
37.0 2338284.8
38.0 3139537.5
39.0 3454866.2
40.0 3135045.5
41.0 3391982.5
42.0 3104800.5
43.0 3155007.2
44.0 3162687.8
45.0 3108336.5
46.0 2805150.2
47.0 2692277.5
48.0 2739317.0
49.0 2771077.8
50.0 2553120.2
51.0 2159686.0
52.0 2348342.8
53.0 2373871.2
54.0 2035918.6
55.0 2197395.8
56.0 1905336.8
57.0 1911733.9
58.0 2339724.5
59.0 2599783.0
60.0 2541046.5
61.0 2679666.2
62.0 2899686.5
63.0 3328583.0
64.0 3503333.0
65.0 3167943.0
66.0 3001165.2
67.0 3352322.2
68.0 3613988.8
69.0 3019887.0
70.0 2768482.0
71.0 3042922.2
72.0 3378631.0
73.0 3065367.5
74.0 2702201.2
75.0 2832437.5
76.0 3104020.0
77.0 3567720.2
78.0 3783864.5
79.0 4124553.8
80.0 4570612.5
81.0 4636184.0
82.0 4772887.0
83.0 4052275.5
84.0 4062924.0
85.0 4249861.0
86.0 4041827.2
87.0 3642537.0
88.0 3503766.5
89.0 4195666.0
90.0 4139060.0
91.0 2947954.5
92.0 2864202.2
93.0 3254871.2
94.0 4101414.8
95.0 4779936.0
96.0 5105057.5
97.0 5866138.0
98.0 6812063.0
99.0 7635547.0
100.0 7427398.0
101.0 6263090.5
102.0 4195295.5
103.0 2580868.5
104.0 1849680.5
105.0 1870052.8
106.0 1990395.1
107.0 1429778.9
108.0 1361077.5
109.0 1536121.0
110.0 1870361.9
111.0 1708932.2
112.0 1383357.2
113.0 1845998.0
114.0 2000347.4
115.0 1936573.9
116.0 1901015.0
117.0 2555212.5
118.0 2823002.8
119.0 3058196.2
120.0 3983987.0
121.0 4637915.5
122.0 4990328.5
123.0 5560029.0
124.0 6156363.0
125.0 6756096.0
126.0 6913580.0
127.0 6789526.0
128.0 6607394.0
129.0 6549605.5
130.0 7119719.5
131.0 6229710.0
132.0 6282817.0
133.0 5625685.0
134.0 4361375.0
135.0 3231842.0
136.0 2065239.0
137.0 1386391.4
138.0 1237217.8
139.0 859877.5
140.0 848571.9
141.0 922431.4
142.0 1121510.8
143.0 1016387.0
144.0 971902.25
145.0 1303648.8
146.0 1133971.4
147.0 1360857.0
148.0 1120021.9
149.0 858603.9
150.0 889960.9
151.0 811922.44
152.0 1059976.0
153.0 1131918.6
154.0 864650.0
155.0 1334263.0
156.0 2082295.5
157.0 2904669.5
158.0 4578448.0
159.0 6548261.0
160.0 7054096.0
161.0 7190697.5
162.0 7121079.5
163.0 6213924.5
164.0 4966774.5
165.0 3626070.5
166.0 3247982.5
167.0 2791542.5
168.0 3098882.8
169.0 3552466.0
170.0 3998898.5
171.0 5020937.0
172.0 4668802.0
173.0 4545168.0
174.0 4290833.0
175.0 4476937.0
176.0 4566385.0
177.0 4653216.0
178.0 5868934.5
179.0 7308827.5
180.0 8815784.0
181.0 10484999.0
182.0 12769111.0
183.0 14847239.0
184.0 15362830.0
185.0 14225422.0
186.0 10809322.0
187.0 7562512.5
188.0 5596799.0
189.0 4199480.0
190.0 2862977.5
191.0 2090910.6
192.0 2135917.0
193.0 1945367.0
194.0 1922476.2
195.0 1810726.0
196.0 1637515.0
197.0 1327252.6
198.0 1404351.8
199.0 1213351.5
200.0 1020862.8
201.0 1139853.2
202.0 1115074.8
203.0 1030285.56
204.0 1050838.6
205.0 1095114.9
206.0 1089198.0
207.0 831569.44
208.0 1082277.4
209.0 1394424.9
210.0 1648962.6
211.0 1982680.6
212.0 1993143.1
213.0 2383477.0
214.0 2569922.0
215.0 2544410.5
216.0 3433258.5
217.0 5282024.0
218.0 6992779.0
219.0 8825166.0
220.0 9732604.0
221.0 11251026.0
222.0 11492614.0
223.0 10152523.0
224.0 7322959.0
225.0 5055171.0
226.0 3713360.0
227.0 2986095.2
228.0 2646094.0
229.0 2088343.5
230.0 1941758.8
231.0 1527082.6
232.0 1598142.8
233.0 1430640.1
234.0 1526069.8
235.0 1596628.2
236.0 1096392.4
237.0 850800.75
238.0 1082589.8
239.0 801409.44
240.0 968009.94
241.0 1497009.0
242.0 1346658.5
243.0 1431076.9
244.0 1712885.6
245.0 1902909.0
246.0 2494412.8
247.0 2393741.5
248.0 2630574.5
249.0 3825615.2
250.0 5299025.0
251.0 6687615.5
252.0 7092910.0
253.0 7030754.0
254.0 7484775.0
255.0 7393196.0
256.0 6234792.0
257.0 4278852.5
258.0 3183249.5
259.0 2394904.5
260.0 1807398.1
261.0 1716581.2
262.0 1377840.0
263.0 1116730.8
264.0 1317481.9
265.0 1463895.2
266.0 1515983.8
267.0 1349718.8
268.0 1207246.6
269.0 802892.9
270.0 953099.75
271.0 864237.0
272.0 927030.1
273.0 829799.6
274.0 768837.4
275.0 743498.0
276.0 1025597.2
277.0 1061964.6
278.0 940235.75
279.0 799717.1
280.0 780118.5
281.0 866994.44
282.0 1325967.8
283.0 1441900.0
284.0 1083844.5
285.0 950820.94
286.0 1211189.4
287.0 1323548.2
288.0 1133943.9
289.0 896966.75
290.0 1083974.8
291.0 1082989.8
292.0 937225.9
293.0 1085769.2
294.0 1186317.8
295.0 1164200.1
296.0 1207976.8
297.0 1405543.2
298.0 1346210.0
299.0 1464356.2
300.0 1438940.1
301.0 1338444.2
302.0 1646190.1
303.0 1812286.4
304.0 1554728.0
305.0 1582867.5
306.0 1627797.2
307.0 1577080.8
308.0 1555240.8
309.0 1978184.4
310.0 1618919.9
311.0 1338384.8
312.0 1345511.0
313.0 1024885.06
314.0 1332845.6
315.0 1230382.2
316.0 1621932.2
317.0 1913660.8
318.0 2103877.0
319.0 2237461.8
320.0 2312311.5
321.0 2826692.2
322.0 3328165.2
323.0 3722743.8
324.0 3442320.0
325.0 3491971.5
326.0 3250856.0
327.0 3372056.0
328.0 3540849.8
329.0 4067940.0
330.0 4795814.0
331.0 5529594.0
332.0 5918530.5
333.0 6789178.0
334.0 7038875.5
335.0 6984349.0
336.0 5843474.0
337.0 4288966.5
338.0 3276830.0
339.0 2625678.0
340.0 2556466.2
341.0 2094403.0
342.0 2127272.0
343.0 1965576.9
344.0 1556771.8
345.0 1392487.6
346.0 1635225.1
347.0 1391804.5
348.0 1464019.4
349.0 1489379.4
350.0 1307282.4
351.0 1113961.8
352.0 973941.1
353.0 1032453.4
354.0 1192970.6
355.0 1437815.5
356.0 1399119.4
357.0 1367834.9
358.0 1712773.0
359.0 1937671.4
360.0 1819588.1
361.0 1709612.4
362.0 1897346.5
363.0 2077273.5
364.0 2341462.0
365.0 2991106.2
366.0 2924227.5
367.0 3443122.0
368.0 4207013.5
369.0 4436534.5
370.0 4324839.0
371.0 4130442.0
372.0 3460946.2
373.0 2599060.5
374.0 1887269.0
375.0 1674126.8
376.0 2070248.1
377.0 1862854.4
378.0 1834497.4
379.0 1823304.5
380.0 1998771.9
381.0 1577104.5
382.0 1592578.2
383.0 1396171.1
384.0 1373248.8
385.0 1344295.0
386.0 1344365.5
387.0 1061624.2
388.0 1181569.4
389.0 1057825.1
390.0 1283890.0
391.0 1695448.6
392.0 1625414.8
393.0 1578760.1
394.0 2051368.2
395.0 2464803.0
396.0 2429394.0
397.0 2422881.0
398.0 2417145.2
399.0 3124942.5
400.0 3522506.2
401.0 2932800.5
402.0 2358562.0
403.0 2277159.0
404.0 1925859.9
405.0 2184577.0
406.0 2253567.8
407.0 2748812.8
408.0 2660264.0
409.0 3031205.5
410.0 2794656.0
411.0 3050140.5
412.0 2967013.0
413.0 2670347.0
414.0 2548691.5
415.0 2465345.5
416.0 3309304.5
417.0 3367860.5
418.0 3293482.5
419.0 3324545.2
420.0 3536658.0
421.0 3469768.0
422.0 2554052.2
423.0 1956602.8
424.0 1860616.0
425.0 1597487.5
426.0 1913188.8
427.0 1657692.6
428.0 1792699.4
429.0 1672534.0
430.0 1536296.9
431.0 1473150.8
432.0 1460651.8
433.0 2085520.2
434.0 2276938.0
435.0 2262877.8
436.0 1987853.2
437.0 1927175.8
438.0 2011407.4
439.0 2081059.4
440.0 2348405.2
441.0 1958386.0
442.0 1720822.4
443.0 1818375.6
444.0 1563420.5
445.0 1346915.1
446.0 1379026.2
447.0 1525200.8
448.0 1438318.2
449.0 1599866.5
450.0 1842938.2
451.0 2057440.1
452.0 2053858.1
453.0 2256500.8
454.0 2260758.2
455.0 2348067.0
456.0 2688175.5
457.0 2430566.0
458.0 2069996.0
459.0 1857692.0
460.0 1491223.0
461.0 1347942.5
462.0 1798526.2
463.0 1911110.5
464.0 1975758.2
465.0 2059217.8
466.0 2503634.8
467.0 2380820.5
468.0 2374990.5
469.0 2238814.5
470.0 2287779.0
471.0 2468934.5
472.0 2286120.2
473.0 2489592.5
474.0 2408979.0
475.0 2170270.5
476.0 1865445.8
477.0 1733515.2
478.0 1139819.0
479.0 1663014.5
480.0 1826818.8
481.0 1574724.2
482.0 1217229.9
483.0 1232158.8
484.0 1312761.9
485.0 1285422.0
486.0 1184744.9
487.0 1069381.1
488.0 986994.7
489.0 959360.94
490.0 1044279.0
491.0 1002294.3
492.0 1091404.9
493.0 1248049.1
494.0 1407282.5
495.0 1299457.9
496.0 978292.75
497.0 926431.56
498.0 1247336.9
499.0 1312195.0
500.0 1321137.0
501.0 1360034.9
502.0 1644180.0
503.0 1750603.5
504.0 1919574.5
505.0 2280806.8
506.0 2363062.0
507.0 1852273.0
508.0 2025107.4
509.0 2292987.2
510.0 1828992.4
511.0 1988282.6
512.0 1749262.4
513.0 1903758.9
514.0 1860465.1
515.0 1582906.0
516.0 1690026.1
517.0 1530473.1
518.0 1465032.4
519.0 1050860.1
520.0 1178154.8
521.0 1367353.2
522.0 1437119.0
523.0 1374578.8
524.0 1385854.9
525.0 1256649.0
526.0 1656803.8
527.0 1431631.4
528.0 1197751.9
529.0 1429133.5
530.0 1437340.0
531.0 1463101.1
532.0 1689998.2
533.0 2062047.6
534.0 2060358.0
535.0 2386725.8
536.0 2358960.5
537.0 2545488.5
538.0 2893655.0
539.0 3215320.2
540.0 2723344.5
541.0 2712115.0
542.0 2718402.0
543.0 2021899.0
544.0 1611193.8
545.0 1528854.4
546.0 1668248.6
547.0 1807879.9
548.0 1794479.5
549.0 1642657.2
550.0 1567133.8
551.0 1158574.8
552.0 1167102.2
553.0 1502799.4
554.0 1540206.8
555.0 1794896.2
556.0 1764395.2
557.0 1407831.0
558.0 1645271.2
559.0 1789574.0
560.0 1989913.5
561.0 2023090.2
562.0 1949839.2
563.0 1765150.0
564.0 1676059.9
565.0 1160981.0
566.0 1174096.9
567.0 1260455.8
568.0 1373561.5
569.0 1557848.1
570.0 1464835.1
571.0 1200683.4
572.0 1254314.0
573.0 1253209.9
574.0 1184760.4
575.0 1392461.1
576.0 1474022.8
577.0 1595540.2
578.0 1479916.1
579.0 1280739.2
580.0 1369137.0
581.0 1438362.2
582.0 1813894.9
583.0 1894738.8
584.0 1637263.9
585.0 1519771.0
586.0 1533277.6
587.0 1875561.8
588.0 2102628.5
589.0 1856923.8
590.0 1774311.2
591.0 1452419.9
592.0 995975.5
593.0 1173747.9
594.0 1376216.5
595.0 1422316.8
596.0 1398804.5
597.0 1231449.5
598.0 1642806.2
599.0 1822463.9
600.0 1936450.6
601.0 1813578.8
602.0 1165699.1
603.0 1125598.8
604.0 1115685.1
605.0 1153606.9
606.0 1194793.9
607.0 1508207.4
608.0 1650532.0
609.0 1502890.0
610.0 1435380.5
611.0 1610437.4
612.0 1419856.0
613.0 1666368.1
614.0 1792147.0
615.0 1714578.2
616.0 1566533.5
617.0 1616555.8
618.0 1375288.1
619.0 1370009.9
620.0 1296576.2
621.0 1191313.2
622.0 1214496.9
623.0 1150249.2
624.0 1435443.2
625.0 1458666.5
626.0 1270606.1
627.0 1253411.8
628.0 1160031.6
629.0 1422894.9
630.0 1344165.2
631.0 1195507.6
632.0 1081971.9
633.0 1276537.6
634.0 1127869.0
635.0 1260847.8
636.0 1162181.2
637.0 1120206.6
638.0 1407246.9
639.0 1372074.0
640.0 1676869.2
641.0 1579070.0
642.0 1531046.2
643.0 1523867.8
644.0 1168200.8
645.0 1614630.6
646.0 1926714.2
647.0 1666355.5
648.0 1704451.8
649.0 1523225.6
650.0 1827836.1
651.0 1536176.4
652.0 1337957.5
653.0 1161566.9
654.0 1511188.5
655.0 1653547.0
656.0 1716264.5
657.0 1362339.5
658.0 1191207.6
659.0 1048696.8
660.0 1161413.5
661.0 1100440.2
662.0 1290726.5
663.0 1483655.2
664.0 1364578.6
665.0 1469502.8
666.0 1718448.6
667.0 1433333.0
668.0 1276952.8
669.0 1405909.9
670.0 1550628.9
671.0 1245085.9
672.0 1360026.2
673.0 1335910.0
674.0 1697635.0
675.0 2178080.5
676.0 1891396.8
677.0 1653751.8
678.0 1595307.0
679.0 1323160.5
680.0 1235064.0
681.0 1340150.5
682.0 1310828.0
683.0 1409519.4
684.0 1539541.1
685.0 1653260.5
686.0 1407983.6
687.0 1431534.2
688.0 1383898.5
689.0 1651343.9
690.0 1958976.2
691.0 1679343.8
692.0 994061.8
693.0 1051402.8
694.0 1367083.0
695.0 1735637.2
696.0 1673188.2
697.0 1372454.2
698.0 1302180.8
699.0 1404553.0
700.0 1359444.0
701.0 1215141.4
702.0 1308918.6
703.0 1153756.1
704.0 1017593.75
705.0 1158862.0
706.0 1400294.2
707.0 1376171.5
708.0 1681906.0
709.0 1732987.4
710.0 1551523.9
711.0 1354236.8
712.0 1364806.4
713.0 1426863.8
714.0 1239359.2
715.0 1128643.2
716.0 1199629.2
717.0 1122797.4
718.0 1069667.4
719.0 1207228.1
720.0 1179471.1
721.0 1080982.0
722.0 1121721.5
723.0 1257551.4
724.0 1674321.5
725.0 2081191.9
726.0 1361588.6
727.0 1022004.06
728.0 1118486.8
729.0 1147463.1
730.0 1188215.6
731.0 1342639.5
732.0 1112810.2
733.0 1266495.2
734.0 1564087.6
735.0 1142668.9
736.0 1042910.94
737.0 962373.2
738.0 1254443.0
739.0 1546410.6
740.0 1577605.5
741.0 1616100.6
742.0 1633131.1
743.0 1543196.9
744.0 1722747.0
745.0 1719268.6
746.0 1721506.9
747.0 1673645.8
748.0 1730227.2
749.0 1892948.1
750.0 2089865.5
751.0 1818890.5
752.0 1952609.9
753.0 1511385.2
754.0 1132050.5
755.0 1225143.2
756.0 1371313.8
757.0 1260463.9
758.0 1293832.0
759.0 1112722.0
760.0 1159602.6
761.0 1257645.1
762.0 1289315.1
763.0 1078848.9
764.0 945801.2
765.0 1113697.4
766.0 1148009.4
767.0 1503865.6
768.0 1536309.8
769.0 1363659.2
770.0 1313753.0
771.0 1079423.1
772.0 1134220.5
773.0 1187307.2
774.0 1333947.0
775.0 1231679.9
776.0 1278869.8
777.0 1294655.2
778.0 1354200.2
779.0 1601182.4
780.0 1351863.9
781.0 1190609.4
782.0 1489889.8
783.0 1298771.0
784.0 1300844.5
785.0 968697.1
786.0 956106.8
787.0 1277496.8
788.0 1224347.4
789.0 1431844.0
790.0 1617295.6
791.0 1834923.8
792.0 1779338.6
793.0 1953913.9
794.0 1603492.0
795.0 1473289.2
796.0 1527055.2
797.0 1600115.6
798.0 1894977.0
799.0 1909586.1
800.0 2145582.2
801.0 2302325.5
802.0 2194293.8
803.0 2314304.8
804.0 1892911.1
805.0 1452933.6
806.0 1800508.2
807.0 2113499.5
808.0 1732143.0
809.0 1388592.6
810.0 1127835.4
811.0 1142894.9
812.0 1414608.0
813.0 1552601.8
814.0 1508865.0
815.0 1824636.1
816.0 1447381.1
817.0 1372798.1
818.0 1399583.9
819.0 1405789.8
820.0 1076652.8
821.0 1069818.9
822.0 1480674.4
823.0 1572719.0
824.0 1917949.4
825.0 1843043.0
826.0 1947146.1
827.0 1544235.8
828.0 1348203.5
829.0 1468579.5
830.0 1485691.4
831.0 1090054.9
832.0 1101195.2
833.0 1498284.8
834.0 1446110.0
835.0 1413556.5
836.0 1672401.0
837.0 1813343.8
838.0 1635120.1
839.0 1259898.4
840.0 1424981.5
841.0 1332068.1
842.0 1290686.8
843.0 1463689.2
844.0 1493084.8
845.0 1415968.0
846.0 1297830.0
847.0 1377506.2
848.0 1590766.2
849.0 1309036.1
850.0 1366063.1
851.0 1530687.4
852.0 1403960.2
853.0 1522144.9
854.0 1632657.8
855.0 1315067.0
856.0 1568710.2
857.0 1669989.2
858.0 1622228.9
859.0 1653872.5
860.0 1440696.4
861.0 1485842.6
862.0 1413165.1
863.0 1337802.6
864.0 1394766.8
865.0 1178554.5
866.0 1061184.8
867.0 1265271.0
868.0 1846933.2
869.0 1455449.4
870.0 1466121.8
871.0 1475688.5
872.0 1501247.2
873.0 1515276.0
874.0 1324556.8
875.0 1543416.0
876.0 1640661.4
877.0 1695585.0
878.0 1379009.2
879.0 1643731.5
880.0 1568411.0
881.0 1580633.1
882.0 1440128.9
883.0 1290437.0
884.0 1436998.1
885.0 1651118.1
886.0 1897123.8
887.0 1992125.8
888.0 1957414.2
889.0 1888525.1
890.0 2129000.2
891.0 1867893.6
892.0 1967395.1
893.0 1864751.9
894.0 1751226.2
895.0 1847653.1
896.0 1833414.5
897.0 1714594.8
898.0 1706221.9
899.0 1965391.0
900.0 1614012.0
901.0 2068517.5
902.0 2154435.5
903.0 1911484.8
904.0 1853081.0
905.0 2065262.8
906.0 2155025.2
907.0 1731499.5
908.0 1970543.8
909.0 2118887.2
910.0 1914357.6
911.0 2070482.2
912.0 2336763.5
913.0 2194142.8
914.0 2252541.2
915.0 2284088.8
916.0 2226840.8
917.0 2190719.2
918.0 2401013.0
919.0 2517687.2
920.0 2982494.0
921.0 2760647.8
922.0 2752652.5
923.0 2896139.8
924.0 2967498.5
925.0 2653604.8
926.0 2671304.8
927.0 2783171.0
928.0 2691879.8
929.0 2797810.0
930.0 2834762.2
931.0 2668777.8
932.0 2390156.2
933.0 2732752.5
934.0 2950176.5
935.0 2941926.5
936.0 2991026.5
937.0 3057826.2
938.0 3110447.8
939.0 3002474.8
940.0 3022039.8
941.0 3218039.8
942.0 3266108.8
943.0 3490664.0
944.0 3345801.2
945.0 3377601.5
946.0 3061979.8
947.0 2614860.8
948.0 2675346.0
949.0 2776111.5
950.0 2797053.0
951.0 3081876.0
952.0 2974083.0
953.0 2477523.2
954.0 2597513.0
955.0 2885016.5
956.0 2942691.5
957.0 3143076.0
958.0 3497001.2
959.0 3718742.5
960.0 3441507.8
961.0 3465987.5
962.0 3680117.2
963.0 3516360.2
964.0 3634558.5
965.0 3539455.2
966.0 3692875.0
967.0 3476136.2
968.0 3750940.2
969.0 4448217.0
970.0 4311524.0
971.0 3872726.2
972.0 3963169.0
973.0 4362958.0
974.0 4313206.0
975.0 4411555.5
976.0 4617823.5
977.0 4328513.5
978.0 4363154.0
979.0 4522252.5
980.0 4658232.0
981.0 4643725.5
982.0 4859015.0
983.0 5418454.0
984.0 5923330.5
985.0 6952022.5
986.0 7532189.5
987.0 8909778.0
988.0 10490648.0
989.0 11849300.0
990.0 12845762.0
991.0 12151075.0
992.0 11094228.0
993.0 11045826.0
994.0 10624954.0
995.0 10026886.0
996.0 9547238.0
997.0 9005279.0
998.0 8960326.0
999.0 8958458.0
1000.0 9384029.0
1001.0 9562141.0
1002.0 9879388.0
1003.0 9884862.0
1004.0 10082456.0
1005.0 10896128.0
1006.0 11619588.0
1007.0 12024000.0
1008.0 11470984.0
1009.0 11176240.0
1010.0 11185809.0
1011.0 11348116.0
1012.0 10653704.0
1013.0 9381466.0
1014.0 9230951.0
1015.0 8103094.0
1016.0 7339801.0
1017.0 6803936.0
1018.0 6503033.0
1019.0 5980555.5
1020.0 5457435.5
1021.0 4980429.5
1022.0 4588840.0
1023.0 4403684.5
1024.0 4225973.5
1025.0 3904830.5
1026.0 3843176.5
1027.0 4120419.5
1028.0 4502231.5
1029.0 4683393.0
1030.0 5338680.0
1031.0 6301804.5
1032.0 7281094.5
1033.0 7999628.0
1034.0 8860850.0
1035.0 10153909.0
1036.0 11173675.0
1037.0 13046924.0
1038.0 14171312.0
1039.0 14701860.0
1040.0 14373339.0
1041.0 14177608.0
1042.0 14058216.0
1043.0 13973408.0
1044.0 12665365.0
1045.0 12033306.0
1046.0 12151484.0
1047.0 12833709.0
1048.0 13596529.0
1049.0 14381772.0
1050.0 14670830.0
1051.0 15112270.0
1052.0 15109478.0
1053.0 15419524.0
1054.0 16600585.0
1055.0 18467038.0
1056.0 19808510.0
1057.0 23022288.0
1058.0 27957002.0
1059.0 35768020.0
1060.0 48845964.0
1061.0 66388964.0
1062.0 88197750.0
1063.0 107105120.0
1064.0 126249940.0
1065.0 139233540.0
1066.0 139688700.0
1067.0 129106840.0
1068.0 107028970.0
1069.0 79045040.0
1070.0 53995436.0
1071.0 35756364.0
1072.0 26052702.0
1073.0 20544444.0
1074.0 16632348.0
1075.0 13670010.0
1076.0 11626339.0
1077.0 10153709.0
1078.0 9141466.0
1079.0 8151823.0
1080.0 7243834.5
1081.0 6269543.0
1082.0 5592803.0
1083.0 4577348.0
1084.0 4825929.5
1085.0 5576597.0
1086.0 6167457.0
1087.0 6278294.0
1088.0 5944655.0
1089.0 6726647.0
1090.0 7198770.0
1091.0 7340989.0
1092.0 8114431.0
1093.0 8520474.0
1094.0 8041467.0
1095.0 6748647.0
1096.0 7017160.5
1097.0 7129004.5
1098.0 6710652.5
1099.0 6551241.0
1100.0 7670434.0
1101.0 9206049.0
1102.0 11976415.0
1103.0 16105406.0
1104.0 20580176.0
1105.0 26764564.0
1106.0 35770600.0
1107.0 47491880.0
1108.0 60935476.0
1109.0 78585270.0
1110.0 98310210.0
1111.0 113357940.0
1112.0 123433750.0
1113.0 119322670.0
1114.0 105902020.0
1115.0 86433840.0
1116.0 61536884.0
1117.0 40391036.0
1118.0 26908182.0
1119.0 18387992.0
1120.0 13639270.0
1121.0 11876969.0
1122.0 10625951.0
1123.0 8199919.5
1124.0 6484579.0
1125.0 5318837.5
1126.0 4783395.5
1127.0 4087752.2
1128.0 3459696.5
1129.0 2877037.2
1130.0 2817869.0
1131.0 2744656.2
1132.0 2752194.0
1133.0 2648392.8
1134.0 2943577.5
1135.0 3473927.2
1136.0 4008137.5
1137.0 4047474.0
1138.0 4163711.5
1139.0 4276024.0
1140.0 3754558.8
1141.0 3043976.0
1142.0 3013990.2
1143.0 3025481.0
1144.0 2785827.8
1145.0 2658149.5
1146.0 3022746.0
1147.0 2762482.0
1148.0 2307336.5
1149.0 2183105.2
1150.0 1964077.6
1151.0 1938868.9
1152.0 2432252.5
1153.0 2262696.0
1154.0 2171428.5
1155.0 2402277.8
1156.0 2146172.0
1157.0 2001831.9
1158.0 2348779.0
1159.0 2584133.5
1160.0 2154528.0
1161.0 2090523.5
1162.0 2149931.5
1163.0 2137668.5
1164.0 2312945.2
1165.0 1974267.4
1166.0 2075440.2
1167.0 2234431.0
1168.0 2516228.0
1169.0 2904979.5
1170.0 2997412.8
1171.0 2887020.0
1172.0 3175258.8
1173.0 3129335.2
1174.0 2902829.0
1175.0 3249563.8
1176.0 3372057.8
1177.0 3412634.0
1178.0 3191617.8
1179.0 3394877.5
1180.0 3502008.5
1181.0 3732990.0
1182.0 3641398.0
1183.0 3411927.0
1184.0 3383787.0
1185.0 4084091.5
1186.0 4630483.0
1187.0 4936224.5
1188.0 4817780.5
1189.0 4977371.5
1190.0 5298275.5
1191.0 5360042.0
1192.0 5617120.0
1193.0 6102984.5
1194.0 5641582.5
1195.0 5482590.0
1196.0 4898407.0
1197.0 4224718.5
1198.0 4181055.2
1199.0 4564024.0
1200.0 4519049.5
1201.0 4667470.5
1202.0 4108703.0
1203.0 3714199.0
1204.0 4116465.2
1205.0 3966827.2
1206.0 3892378.5
1207.0 4532252.0
1208.0 4827993.0
1209.0 4620589.0
1210.0 4628168.0
1211.0 5161597.5
1212.0 5674750.5
1213.0 6513282.5
1214.0 7375042.5
1215.0 7473275.0
1216.0 6564837.0
1217.0 6161286.0
1218.0 6330675.5
1219.0 6450969.5
1220.0 6209544.0
1221.0 5525969.0
1222.0 5335096.0
1223.0 5192329.5
1224.0 5290375.5
1225.0 5828313.0
1226.0 5785790.0
1227.0 5609876.0
1228.0 6173715.0
1229.0 6903588.0
1230.0 7722692.0
1231.0 8196931.0
1232.0 8023740.5
1233.0 8264419.5
1234.0 8984358.0
1235.0 10001399.0
1236.0 11362581.0
1237.0 13406450.0
1238.0 16021219.0
1239.0 19048510.0
1240.0 22581082.0
1241.0 25586418.0
1242.0 25812758.0
1243.0 25888072.0
1244.0 24432956.0
1245.0 22640942.0
1246.0 20232318.0
1247.0 17281352.0
1248.0 13128231.0
1249.0 9487754.0
1250.0 7739210.5
1251.0 7135266.0
1252.0 6795699.5
1253.0 6839208.0
1254.0 6249562.0
1255.0 6591924.5
1256.0 6827199.0
1257.0 6785550.5
1258.0 7534409.0
1259.0 8654359.0
1260.0 9493476.0
1261.0 10049375.0
1262.0 11404066.0
1263.0 12845551.0
1264.0 15147101.0
1265.0 16676654.0
1266.0 18350084.0
1267.0 20375896.0
1268.0 20458936.0
1269.0 21218184.0
1270.0 21002778.0
1271.0 19230248.0
1272.0 17208524.0
1273.0 16514712.0
1274.0 16665534.0
1275.0 17269258.0
1276.0 17983376.0
1277.0 16942676.0
1278.0 15457921.0
1279.0 14362739.0
1280.0 13367974.0
1281.0 13346732.0
1282.0 13205174.0
1283.0 13475314.0
1284.0 14815171.0
1285.0 15905102.0
1286.0 17290428.0
1287.0 17119356.0
1288.0 17129302.0
1289.0 16126876.0
1290.0 15636661.0
1291.0 14708222.0
1292.0 13732416.0
1293.0 14339985.0
1294.0 14839245.0
1295.0 14512760.0
1296.0 14480730.0
1297.0 15862609.0
1298.0 16850184.0
1299.0 16702096.0
1300.0 17236444.0
1301.0 17715760.0
1302.0 19036300.0
1303.0 21321884.0
1304.0 24004642.0
1305.0 27261102.0
1306.0 29602882.0
1307.0 31539968.0
1308.0 33058364.0
1309.0 34386444.0
1310.0 36724544.0
1311.0 36912136.0
1312.0 36915856.0
1313.0 36255516.0
1314.0 34694624.0
1315.0 33345098.0
1316.0 33483260.0
1317.0 35053220.0
1318.0 36721310.0
1319.0 38911750.0
1320.0 40192044.0
1321.0 39108572.0
1322.0 38266612.0
1323.0 40130456.0
1324.0 43084160.0
1325.0 45385724.0
1326.0 48791790.0
1327.0 51615210.0
1328.0 54867676.0
1329.0 58324476.0
1330.0 63707584.0
1331.0 66935800.0
1332.0 69059570.0
1333.0 69950184.0
1334.0 71618580.0
1335.0 73904960.0
1336.0 75935870.0
1337.0 74069820.0
1338.0 73665700.0
1339.0 73254350.0
1340.0 74659790.0
1341.0 72658530.0
1342.0 67252060.0
1343.0 64370984.0
1344.0 61613876.0
1345.0 57217636.0
1346.0 54944360.0
1347.0 54358770.0
1348.0 53556796.0
1349.0 53856684.0
1350.0 57668670.0
1351.0 59267804.0
1352.0 60794036.0
1353.0 62099320.0
1354.0 63241664.0
1355.0 65345190.0
1356.0 66729416.0
1357.0 67284790.0
1358.0 69256936.0
1359.0 67732744.0
1360.0 67759304.0
1361.0 70628290.0
1362.0 77148750.0
1363.0 84591640.0
1364.0 94529630.0
1365.0 107830160.0
1366.0 125929900.0
1367.0 144932300.0
1368.0 166471890.0
1369.0 185411180.0
1370.0 203077570.0
1371.0 219188220.0
1372.0 233479100.0
1373.0 242416670.0
1374.0 244147420.0
1375.0 238225460.0
1376.0 224638080.0
1377.0 204890800.0
1378.0 178131020.0
1379.0 157678020.0
1380.0 145181100.0
1381.0 135275220.0
1382.0 127495710.0
1383.0 120373570.0
1384.0 114217360.0
1385.0 106443180.0
1386.0 97522370.0
1387.0 87762930.0
1388.0 81093750.0
1389.0 75189040.0
1390.0 69160264.0
1391.0 62514300.0
1392.0 55761750.0
1393.0 49263016.0
1394.0 45953336.0
1395.0 42882716.0
1396.0 43072324.0
1397.0 46351404.0
1398.0 49142370.0
1399.0 52706950.0
1400.0 57630396.0
1401.0 62537056.0
1402.0 71049864.0
1403.0 81798296.0
1404.0 92165650.0
1405.0 101762990.0
1406.0 117965440.0
1407.0 134385700.0
1408.0 154276940.0
1409.0 181873700.0
1410.0 206822940.0
1411.0 233609940.0
1412.0 259494300.0
1413.0 281201440.0
1414.0 298085570.0
1415.0 313005020.0
1416.0 312721920.0
1417.0 302167780.0
1418.0 274615550.0
1419.0 236561940.0
1420.0 192949580.0
1421.0 142682910.0
1422.0 98607750.0
1423.0 68488890.0
1424.0 53378824.0
1425.0 43640650.0
1426.0 36478016.0
1427.0 30209844.0
1428.0 24081312.0
1429.0 20176558.0
1430.0 17088916.0
1431.0 15740454.0
1432.0 14390719.0
1433.0 12742942.0
1434.0 11960261.0
1435.0 11170350.0
1436.0 11251304.0
1437.0 10438354.0
1438.0 9776114.0
1439.0 9338909.0
1440.0 9575061.0
1441.0 9857344.0
1442.0 10280178.0
1443.0 10560210.0
1444.0 10018022.0
1445.0 10062358.0
1446.0 9803576.0
1447.0 10173627.0
1448.0 10963425.0
1449.0 12229602.0
1450.0 13075989.0
1451.0 14651565.0
1452.0 16636942.0
1453.0 16727161.0
1454.0 17221712.0
1455.0 18661560.0
1456.0 20434972.0
1457.0 20552142.0
1458.0 20287348.0
1459.0 21188276.0
1460.0 21691764.0
1461.0 23208918.0
1462.0 24452728.0
1463.0 23461820.0
1464.0 22862738.0
1465.0 22358438.0
1466.0 22665538.0
1467.0 22033876.0
1468.0 21533340.0
1469.0 21620600.0
1470.0 21708772.0
1471.0 23407436.0
1472.0 24343478.0
1473.0 24236308.0
1474.0 23539192.0
1475.0 21773720.0
1476.0 21182952.0
1477.0 20453684.0
1478.0 20838208.0
1479.0 21411302.0
1480.0 21615344.0
1481.0 21736822.0
1482.0 22843968.0
1483.0 24531168.0
1484.0 26839012.0
1485.0 31410450.0
1486.0 36042130.0
1487.0 38929216.0
1488.0 42909040.0
1489.0 48315456.0
1490.0 51010184.0
1491.0 52859864.0
1492.0 56944264.0
1493.0 59738196.0
1494.0 62313376.0
1495.0 63741940.0
1496.0 62689340.0
1497.0 58950920.0
1498.0 56264936.0
1499.0 56214384.0
1500.0 55085090.0
1501.0 53369404.0
1502.0 50822436.0
1503.0 45490530.0
1504.0 39392044.0
1505.0 34526290.0
1506.0 30317132.0
1507.0 28315020.0
1508.0 28267208.0
1509.0 29135468.0
1510.0 30544784.0
1511.0 32908638.0
1512.0 36260124.0
1513.0 37867508.0
1514.0 39749388.0
1515.0 43144396.0
1516.0 45755050.0
1517.0 48288710.0
1518.0 50249330.0
1519.0 52607630.0
1520.0 58017580.0
1521.0 62310240.0
1522.0 66414224.0
1523.0 69962710.0
1524.0 71561230.0
1525.0 74825270.0
1526.0 75604230.0
1527.0 77100740.0
1528.0 78790670.0
1529.0 82099150.0
1530.0 84326270.0
1531.0 84162740.0
1532.0 80151660.0
1533.0 71061976.0
1534.0 62384756.0
1535.0 52855156.0
1536.0 42608356.0
1537.0 35604464.0
1538.0 31287070.0
1539.0 27619658.0
1540.0 24638342.0
1541.0 25931690.0
1542.0 26681522.0
1543.0 28292948.0
1544.0 30964410.0
1545.0 33812940.0
1546.0 36207480.0
1547.0 40007600.0
1548.0 44528940.0
1549.0 49197170.0
1550.0 54775784.0
1551.0 61858220.0
1552.0 67141190.0
1553.0 68376104.0
1554.0 70766430.0
1555.0 71553060.0
1556.0 77354690.0
1557.0 81709310.0
1558.0 86421850.0
1559.0 89584360.0
1560.0 87691760.0
1561.0 84059370.0
1562.0 79377390.0
1563.0 68848220.0
1564.0 58590584.0
1565.0 50781890.0
1566.0 47533410.0
1567.0 45603230.0
1568.0 44281690.0
1569.0 45301224.0
1570.0 45512470.0
1571.0 44265164.0
1572.0 44244100.0
1573.0 44656860.0
1574.0 42484870.0
1575.0 38439290.0
1576.0 35233324.0
1577.0 31352160.0
1578.0 26109862.0
1579.0 21924802.0
1580.0 19159672.0
1581.0 17767618.0
1582.0 16539076.0
1583.0 16371750.0
1584.0 17775380.0
1585.0 17770368.0
1586.0 16254900.0
1587.0 16802882.0
1588.0 17611984.0
1589.0 18647818.0
1590.0 18886180.0
1591.0 18410824.0
1592.0 19160034.0
1593.0 20300708.0
1594.0 19690008.0
1595.0 19380132.0
1596.0 17422910.0
1597.0 17726044.0
1598.0 17807126.0
1599.0 17586552.0
1600.0 17451118.0
1601.0 17148882.0
1602.0 17707020.0
1603.0 18068536.0
1604.0 18695254.0
1605.0 19745092.0
1606.0 21686756.0
1607.0 22716592.0
1608.0 25163516.0
1609.0 28770908.0
1610.0 31020412.0
1611.0 32750028.0
1612.0 33909610.0
1613.0 36765410.0
1614.0 41561870.0
1615.0 45016756.0
1616.0 47588056.0
1617.0 51551956.0
1618.0 55282520.0
1619.0 56530364.0
1620.0 56866904.0
1621.0 57860584.0
1622.0 61576200.0
1623.0 67122070.0
1624.0 71957100.0
1625.0 77071330.0
1626.0 79325496.0
1627.0 78673624.0
1628.0 76725920.0
1629.0 71258056.0
1630.0 63434220.0
1631.0 53706160.0
1632.0 42576856.0
1633.0 31444436.0
1634.0 23052028.0
1635.0 18839430.0
1636.0 16642028.0
1637.0 15554526.0
1638.0 14326459.0
1639.0 13031341.0
1640.0 12387239.0
1641.0 11391619.0
1642.0 12003575.0
1643.0 12283554.0
1644.0 11775039.0
1645.0 11214622.0
1646.0 11293558.0
1647.0 12196349.0
1648.0 12245282.0
1649.0 11293890.0
1650.0 11334385.0
1651.0 12040001.0
1652.0 11821159.0
1653.0 11597801.0
1654.0 12098290.0
1655.0 12470361.0
1656.0 11693455.0
1657.0 11710165.0
1658.0 10979186.0
1659.0 9756935.0
1660.0 9999114.0
1661.0 10179552.0
1662.0 9099912.0
1663.0 9216882.0
1664.0 9641591.0
1665.0 9345596.0
1666.0 9397811.0
1667.0 9516779.0
1668.0 9254946.0
1669.0 9399610.0
1670.0 9760302.0
1671.0 10076684.0
1672.0 11362435.0
1673.0 11915185.0
1674.0 12028392.0
1675.0 11418234.0
1676.0 12459602.0
1677.0 13808428.0
1678.0 13900792.0
1679.0 13861029.0
1680.0 14624729.0
1681.0 15198696.0
1682.0 15838698.0
1683.0 15485040.0
1684.0 15934281.0
1685.0 15850978.0
1686.0 15449922.0
1687.0 13953234.0
1688.0 13784286.0
1689.0 14052330.0
1690.0 13689508.0
1691.0 14403648.0
1692.0 14425416.0
1693.0 15633690.0
1694.0 16376026.0
1695.0 16188905.0
1696.0 17436488.0
1697.0 17441228.0
1698.0 18023166.0
1699.0 18569166.0
1700.0 19975958.0
1701.0 20457148.0
1702.0 20486344.0
1703.0 21030230.0
1704.0 21654098.0
1705.0 20027630.0
1706.0 19579084.0
1707.0 18760536.0
1708.0 16673850.0
1709.0 16271989.0
1710.0 15752536.0
1711.0 15948408.0
1712.0 15521839.0
1713.0 14724114.0
1714.0 14761354.0
1715.0 14945332.0
1716.0 13248761.0
1717.0 13003934.0
1718.0 12896094.0
1719.0 11920480.0
1720.0 11361344.0
1721.0 10192649.0
1722.0 8746821.0
1723.0 6975504.5
1724.0 4983029.0
1725.0 4228729.0
1726.0 3999917.2
1727.0 3371082.0
1728.0 3145649.8
1729.0 3199639.8
1730.0 3423449.8
1731.0 3464907.0
1732.0 3264165.5
1733.0 3258707.0
1734.0 4128163.0
1735.0 4396248.0
1736.0 5014495.0
1737.0 4958984.0
1738.0 4639920.0
1739.0 4711043.5
1740.0 4843955.5
1741.0 4672940.5
1742.0 5147994.5
1743.0 5372419.5
1744.0 5503800.5
1745.0 5479500.5
1746.0 4988622.5
1747.0 4757290.0
1748.0 4573576.0
1749.0 4868290.5
1750.0 5148867.5
1751.0 5236748.0
1752.0 4792083.5
1753.0 4481675.0
1754.0 4530445.5
1755.0 4104763.0
1756.0 3968967.0
1757.0 3900857.2
1758.0 3856457.5
1759.0 3962059.5
1760.0 3884224.5
1761.0 4647019.0
1762.0 5059509.0
1763.0 4914981.0
1764.0 5265591.0
1765.0 5678152.0
1766.0 6183825.5
1767.0 6441166.0
1768.0 7253940.5
1769.0 7347738.0
1770.0 6707999.0
1771.0 6285796.0
1772.0 6417247.0
1773.0 6176399.5
1774.0 5645345.5
1775.0 5871789.0
1776.0 6023818.0
1777.0 5871658.0
1778.0 5998523.0
1779.0 5806595.0
1780.0 5816408.0
1781.0 5551370.0
1782.0 4817259.5
1783.0 4672305.5
1784.0 5140299.0
1785.0 4932374.5
1786.0 5078745.5
1787.0 4212774.5
1788.0 4294817.0
1789.0 4587495.5
1790.0 4838303.0
1791.0 4279681.5
1792.0 4673753.5
1793.0 5089583.0
1794.0 5193232.0
1795.0 5294807.0
1796.0 5426900.5
1797.0 6155944.5
1798.0 6488294.0
1799.0 6631209.5
1800.0 6980556.0
1801.0 6952285.5
1802.0 6962482.5
1803.0 7220930.0
1804.0 6537877.5
1805.0 6844889.0
1806.0 6681939.5
1807.0 6228547.0
1808.0 6016269.0
1809.0 5305160.0
1810.0 4972536.0
1811.0 4157848.0
1812.0 4139353.8
1813.0 4182051.2
1814.0 3929588.5
1815.0 3621444.5
1816.0 3093247.0
1817.0 3112996.2
1818.0 3399914.0
1819.0 3377442.2
1820.0 3602012.2
1821.0 4232723.5
1822.0 4446112.0
1823.0 4901203.5
1824.0 4868559.0
1825.0 5417084.5
1826.0 5997297.5
1827.0 6342975.0
1828.0 6468255.5
1829.0 6350800.0
1830.0 6285898.0
1831.0 7068297.0
1832.0 7496474.5
1833.0 8535320.0
1834.0 8920459.0
1835.0 8335005.0
1836.0 8093166.0
1837.0 8873034.0
1838.0 8663381.0
1839.0 8310260.0
1840.0 7381674.5
1841.0 6744121.0
1842.0 6896515.5
1843.0 7731966.0
1844.0 7497350.0
1845.0 7702341.0
1846.0 8545758.0
1847.0 9287696.0
1848.0 9904552.0
1849.0 9555308.0
1850.0 10332713.0
1851.0 11829769.0
1852.0 12423450.0
1853.0 12381598.0
1854.0 12308651.0
1855.0 11903080.0
1856.0 12394532.0
1857.0 11678249.0
1858.0 10380214.0
1859.0 11121492.0
1860.0 10484532.0
1861.0 9942618.0
1862.0 10295496.0
1863.0 10310688.0
1864.0 10104157.0
1865.0 9482653.0
1866.0 8503993.0
1867.0 7745129.5
1868.0 7863680.5
1869.0 8114472.5
1870.0 7340230.0
1871.0 6522414.0
1872.0 6577857.0
1873.0 6807302.5
1874.0 7152072.0
1875.0 8347475.5
1876.0 8847177.0
1877.0 9492490.0
1878.0 9390906.0
1879.0 9730175.0
1880.0 10415439.0
1881.0 10461293.0
1882.0 10283756.0
1883.0 9666243.0
1884.0 9191798.0
1885.0 8644974.0
1886.0 8692617.0
1887.0 8399465.0
1888.0 8049225.0
1889.0 6999032.0
1890.0 6006755.0
1891.0 5889618.0
1892.0 5790246.0
1893.0 5581183.0
1894.0 5296605.5
1895.0 4843234.0
1896.0 5397830.0
1897.0 5681642.0
1898.0 6051811.0
1899.0 7608515.0
1900.0 8339982.5
1901.0 9593414.0
1902.0 11448382.0
1903.0 13689710.0
1904.0 13355299.0
1905.0 13368879.0
1906.0 15470211.0
1907.0 16890974.0
1908.0 17803024.0
1909.0 19906934.0
1910.0 20937118.0
1911.0 21738244.0
1912.0 22164456.0
1913.0 22594442.0
1914.0 22995924.0
1915.0 20430718.0
1916.0 17996630.0
1917.0 13978834.0
1918.0 9964118.0
1919.0 7487367.5
1920.0 6204445.5
1921.0 5226649.0
1922.0 4921659.0
1923.0 5281330.0
1924.0 6569196.0
1925.0 6954639.0
1926.0 7044455.0
1927.0 7592137.5
1928.0 8757588.0
1929.0 10042633.0
1930.0 11355294.0
1931.0 11653314.0
1932.0 13146629.0
1933.0 14307461.0
1934.0 15041019.0
1935.0 16152018.0
1936.0 16725812.0
1937.0 16964282.0
1938.0 18097156.0
1939.0 19035972.0
1940.0 18731726.0
1941.0 17807670.0
1942.0 14513652.0
1943.0 11324984.0
1944.0 7795164.5
1945.0 5543793.0
1946.0 3862114.8
1947.0 3268869.8
1948.0 2851340.2
1949.0 2850585.5
1950.0 2697918.0
1951.0 2481551.2
1952.0 2349762.5
1953.0 1951885.2
1954.0 1793655.5
1955.0 1786519.9
1956.0 1391989.2
1957.0 1240223.1
1958.0 1100363.1
1959.0 1074727.1
1960.0 812152.2
1961.0 979401.2
1962.0 1063702.4
1963.0 1552778.2
1964.0 1371290.0
1965.0 1225700.1
1966.0 1156530.8
1967.0 1020180.4
1968.0 1258262.1
1969.0 1075440.4
1970.0 1335253.8
1971.0 1119699.5
1972.0 1184860.5
1973.0 1479837.0
1974.0 1749478.1
1975.0 1633440.5
1976.0 1453001.9
1977.0 1322496.1
1978.0 1250508.8
1979.0 1273582.2
1980.0 1148813.5
1981.0 1349593.1
1982.0 1605072.2
1983.0 1527632.0
1984.0 1564446.2
1985.0 1961414.0
1986.0 1955134.4
1987.0 1805702.6
1988.0 1770753.5
1989.0 1953976.0
1990.0 1864776.9
1991.0 1877399.2
1992.0 1973368.8
1993.0 1861011.5
1994.0 1884093.1
1995.0 1939281.0
1996.0 2206782.2
1997.0 1703933.0
1998.0 1701007.6
1999.0 1863334.2
2000.0 1941648.2
2001.0 2089213.2
2002.0 1851359.8
2003.0 2181400.5
2004.0 1809042.8
2005.0 1868806.1
2006.0 2069431.9
2007.0 1826270.2
2008.0 1889819.8
2009.0 2004101.8
2010.0 1698790.6
2011.0 1986606.4
2012.0 1602109.8
2013.0 1734785.6
2014.0 1967802.4
2015.0 2160477.2
2016.0 1905269.5
2017.0 2001123.1
2018.0 2133284.0
2019.0 2057194.8
2020.0 2109787.0
2021.0 2179401.5
2022.0 2106714.8
2023.0 2154259.2
2024.0 2269593.0
2025.0 1253316.1
2026.0 -642480.8
2027.0 -2264838.2
2028.0 -3974715.2
2029.0 -5434998.0
2030.0 -6790412.0
2031.0 -8443258.0
2032.0 -9857402.0
2033.0 -11952376.0
2034.0 -14178265.0
2035.0 -16205339.0
2036.0 -17957810.0
2037.0 -19746348.0
2038.0 -21935298.0
2039.0 -24144824.0
2040.0 -26180272.0
2041.0 -28273778.0
2042.0 -30100404.0
2043.0 0.0
2044.0 0.0
2045.0 0.0
2046.0 0.0
2047.0 0.0
