string
0.0 1901802.0
1.0 1847205.2
2.0 1992559.2
3.0 2104508.8
4.0 2056279.9
5.0 1839377.5
6.0 1623379.8
7.0 2050632.0
8.0 2188809.0
9.0 2075472.6
10.0 1699515.2
11.0 1970833.8
12.0 2169272.8
13.0 2311106.0
14.0 2385680.2
15.0 2391477.0
16.0 2610010.8
17.0 2509452.8
18.0 2298861.8
19.0 2178259.2
20.0 2292836.0
21.0 2211885.5
22.0 2140644.8
23.0 1739243.8
24.0 1579425.2
25.0 1493826.2
26.0 1661588.2
27.0 1761850.0
28.0 1857990.0
29.0 2031817.4
30.0 1895504.0
31.0 1615054.5
32.0 1739089.4
33.0 1751758.2
34.0 1789925.6
35.0 2365385.0
36.0 2363713.0
37.0 2663226.5
38.0 3152448.5
39.0 3098456.5
40.0 3387759.8
41.0 3029697.5
42.0 2909778.0
43.0 3033617.8
44.0 2334079.0
45.0 2570948.5
46.0 2563602.2
47.0 2331860.5
48.0 1871708.6
49.0 2078746.0
50.0 2099476.8
51.0 1736034.2
52.0 1834172.2
53.0 1988143.6
54.0 2087876.8
55.0 2009669.8
56.0 1711394.5
57.0 2163453.0
58.0 2306563.5
59.0 2654323.8
60.0 2500765.2
61.0 2822782.8
62.0 3673948.8
63.0 3984227.5
64.0 3444050.5
65.0 2633902.8
66.0 1791949.4
67.0 1768925.5
68.0 2611951.5
69.0 2558746.5
70.0 2216622.0
71.0 2407340.2
72.0 2473516.0
73.0 3101203.8
74.0 3454742.0
75.0 3422184.8
76.0 3488278.0
77.0 3508666.2
78.0 3190417.8
79.0 3527273.0
80.0 3596868.5
81.0 4221438.0
82.0 4732567.0
83.0 4910145.5
84.0 4599580.5
85.0 4318812.5
86.0 3670581.0
87.0 3146761.2
88.0 2729266.0
89.0 2840874.5
90.0 3473830.2
91.0 3802338.0
92.0 4031301.2
93.0 4074704.8
94.0 4573100.0
95.0 5927885.0
96.0 7494149.5
97.0 8885271.0
98.0 9387396.0
99.0 7996695.0
100.0 5701665.0
101.0 2824468.5
102.0 1714837.5
103.0 1511600.6
104.0 1269700.2
105.0 1355882.2
106.0 1289117.2
107.0 1407157.0
108.0 1386616.4
109.0 1512683.0
110.0 1223235.6
111.0 1661855.1
112.0 1662932.8
113.0 1878005.8
114.0 1797963.9
115.0 2380244.5
116.0 2431784.0
117.0 2887670.5
118.0 3585596.0
119.0 4067672.5
120.0 4832834.5
121.0 4718534.5
122.0 5667735.0
123.0 6748424.5
124.0 6845409.5
125.0 6826410.5
126.0 6194460.0
127.0 5342414.5
128.0 5541644.0
129.0 7017672.0
130.0 7734420.5
131.0 6694457.5
132.0 5168784.5
133.0 3259177.8
134.0 1984001.2
135.0 1722533.8
136.0 1650942.2
137.0 1295557.0
138.0 823043.06
139.0 746619.06
140.0 836212.5
141.0 719756.5
142.0 439262.8
143.0 968322.8
144.0 1065471.0
145.0 976902.6
146.0 1029596.0
147.0 1048738.0
148.0 958868.25
149.0 1083273.0
150.0 822354.5
151.0 761329.44
152.0 1071747.8
153.0 1050117.4
154.0 1457908.2
155.0 1970826.2
156.0 3265069.8
157.0 5057735.5
158.0 6996885.0
159.0 9304924.0
160.0 9560427.0
161.0 7560153.0
162.0 6051921.0
163.0 4091976.0
164.0 2922627.2
165.0 2664962.8
166.0 2874053.5
167.0 2760989.5
168.0 2948713.5
169.0 4127657.2
170.0 4874024.5
171.0 5319878.0
172.0 4703695.5
173.0 4090508.0
174.0 3839237.8
175.0 3137589.5
176.0 3576676.5
177.0 4319312.5
178.0 5735967.5
179.0 8232809.0
180.0 12158556.0
181.0 15429441.0
182.0 16766799.0
183.0 16767250.0
184.0 13656864.0
185.0 9630385.0
186.0 6397629.0
187.0 4163595.0
188.0 3503910.5
189.0 2612405.2
190.0 2260376.0
191.0 1952062.0
192.0 1490892.0
193.0 1292202.1
194.0 1391673.2
195.0 1314153.8
196.0 1435354.5
197.0 1288343.9
198.0 1287527.8
199.0 1126554.9
200.0 1093068.4
201.0 950769.4
202.0 1199946.5
203.0 1211595.2
204.0 1272972.4
205.0 1250191.8
206.0 1159694.4
207.0 1190899.0
208.0 1426014.8
209.0 1766090.8
210.0 1721349.4
211.0 1372334.0
212.0 1345516.5
213.0 1401991.4
214.0 1812104.2
215.0 3081716.0
216.0 4480650.5
217.0 6349994.0
218.0 9366858.0
219.0 12387610.0
220.0 12543124.0
221.0 10755282.0
222.0 8220392.5
223.0 5941066.0
224.0 4847889.5
225.0 3600048.8
226.0 2998042.2
227.0 2190279.5
228.0 1763900.2
229.0 1563867.4
230.0 1847223.1
231.0 1946369.8
232.0 1965397.8
233.0 1673212.0
234.0 1458169.8
235.0 970549.5
236.0 617399.06
237.0 572989.06
238.0 827635.9
239.0 846128.25
240.0 897763.4
241.0 823941.25
242.0 726792.56
243.0 950983.4
244.0 1150685.9
245.0 1161396.5
246.0 1559429.8
247.0 2567003.0
248.0 3497290.2
249.0 4494632.5
250.0 5404166.0
251.0 6541975.0
252.0 9112934.0
253.0 8850083.0
254.0 7261635.5
255.0 6061039.5
256.0 4329589.5
257.0 2830550.0
258.0 1558501.5
259.0 1170065.5
260.0 1723174.0
261.0 1520008.8
262.0 1420906.4
263.0 1221192.0
264.0 1211640.8
265.0 1097896.5
266.0 1008310.3
267.0 936599.44
268.0 851557.6
269.0 511937.97
270.0 565137.1
271.0 626234.3
272.0 958995.0
273.0 962746.6
274.0 748478.5
275.0 693205.25
276.0 678438.25
277.0 925431.1
278.0 980802.75
279.0 1301400.5
280.0 1196308.5
281.0 1317228.2
282.0 1081972.8
283.0 1305725.4
284.0 1157965.2
285.0 782218.9
286.0 752166.5
287.0 989828.0
288.0 1197307.8
289.0 904479.75
290.0 763226.0
291.0 993182.2
292.0 1470960.0
293.0 1286336.1
294.0 1006460.25
295.0 1236324.4
296.0 746720.25
297.0 638175.94
298.0 1164508.9
299.0 1137657.0
300.0 1102968.4
301.0 1207701.4
302.0 1023601.1
303.0 836623.0
304.0 1142349.9
305.0 1275794.8
306.0 1355491.0
307.0 1359115.0
308.0 1256836.4
309.0 1292831.8
310.0 1382321.9
311.0 1371300.8
312.0 1235506.4
313.0 1241802.0
314.0 1721952.8
315.0 1530603.9
316.0 1754124.0
317.0 2190013.5
318.0 2072063.5
319.0 2029213.6
320.0 2258454.5
321.0 2111564.5
322.0 1666908.2
323.0 1711850.5
324.0 1927733.0
325.0 2069152.2
326.0 2060987.2
327.0 2058620.6
328.0 2372066.0
329.0 3582014.5
330.0 4280271.0
331.0 5405400.0
332.0 7091289.0
333.0 7702512.0
334.0 7017809.5
335.0 5358304.5
336.0 4292805.5
337.0 3037217.2
338.0 1732192.0
339.0 1695388.2
340.0 1840015.8
341.0 1589173.9
342.0 1420439.0
343.0 1399598.8
344.0 1137462.6
345.0 1480501.4
346.0 1304061.6
347.0 1006343.06
348.0 685930.94
349.0 944075.9
350.0 1083670.1
351.0 1009063.9
352.0 859313.1
353.0 1165151.0
354.0 1078708.6
355.0 872701.2
356.0 758706.5
357.0 1057923.4
358.0 1442224.0
359.0 1847478.0
360.0 1746898.0
361.0 1756440.5
362.0 2005780.2
363.0 2047206.1
364.0 2301568.8
365.0 2521673.0
366.0 3149576.2
367.0 3686532.0
368.0 4073212.5
369.0 4749215.0
370.0 4395514.0
371.0 2798774.8
372.0 2377807.2
373.0 2086994.2
374.0 1796211.9
375.0 1446623.1
376.0 1581407.6
377.0 1765952.0
378.0 1887328.8
379.0 1587284.4
380.0 1680786.1
381.0 1793235.1
382.0 1718599.0
383.0 1131405.6
384.0 985631.9
385.0 1217569.5
386.0 1134174.0
387.0 953809.0
388.0 1196819.5
389.0 1380223.5
390.0 1322277.2
391.0 1577400.2
392.0 1658173.8
393.0 1896863.0
394.0 2287638.2
395.0 2544803.5
396.0 2735742.2
397.0 3542648.0
398.0 4040317.8
399.0 3062206.5
400.0 2309478.2
401.0 1509232.8
402.0 940894.4
403.0 1281356.1
404.0 1284794.9
405.0 1246630.5
406.0 1440682.5
407.0 1606466.9
408.0 2160001.0
409.0 3007706.2
410.0 3002093.0
411.0 2594882.2
412.0 2360692.0
413.0 2058741.5
414.0 2350230.2
415.0 2875638.8
416.0 3592730.2
417.0 4110288.0
418.0 4007116.2
419.0 3648018.5
420.0 2854247.5
421.0 2161213.0
422.0 1740609.0
423.0 1399113.8
424.0 1719997.2
425.0 1552081.1
426.0 1428471.4
427.0 1511509.0
428.0 1835068.1
429.0 1703707.4
430.0 2107644.2
431.0 2367195.8
432.0 2612157.5
433.0 2144599.5
434.0 1485455.2
435.0 1447866.0
436.0 1740102.0
437.0 1609715.6
438.0 1490710.5
439.0 1583785.5
440.0 1298796.5
441.0 1208950.2
442.0 1183888.0
443.0 1018635.56
444.0 1164508.2
445.0 1240789.8
446.0 1087797.6
447.0 1282280.1
448.0 1322358.9
449.0 1546116.9
450.0 1524160.2
451.0 1839016.1
452.0 2406706.2
453.0 2308813.0
454.0 2189134.0
455.0 1691321.2
456.0 1536596.2
457.0 1550549.5
458.0 1586358.2
459.0 1456378.1
460.0 1256566.1
461.0 1739100.8
462.0 2177821.0
463.0 2166554.0
464.0 2238569.0
465.0 2373684.2
466.0 2483669.5
467.0 2323655.5
468.0 2416830.5
469.0 2190931.5
470.0 2354405.8
471.0 2485267.2
472.0 2353367.5
473.0 1943874.5
474.0 1662249.8
475.0 1680234.2
476.0 1596661.2
477.0 1409359.0
478.0 1129742.4
479.0 1209341.8
480.0 1326604.8
481.0 1159531.6
482.0 1147774.9
483.0 1135680.6
484.0 1291708.9
485.0 1029943.5
486.0 913145.0
487.0 830350.06
488.0 567082.44
489.0 601578.6
490.0 938592.1
491.0 1123593.0
492.0 1206356.5
493.0 1011366.6
494.0 1213626.2
495.0 1387174.2
496.0 1199119.9
497.0 959181.9
498.0 1091235.6
499.0 950847.6
500.0 1099022.2
501.0 1233413.5
502.0 1144167.2
503.0 1316487.5
504.0 1683552.0
505.0 2303342.8
506.0 2151812.2
507.0 1647049.9
508.0 1531345.8
509.0 1895235.6
510.0 1784586.4
511.0 1662061.9
512.0 1544522.0
513.0 1543761.5
514.0 1454685.2
515.0 1547412.6
516.0 1104210.2
517.0 885849.6
518.0 913695.1
519.0 1088719.2
520.0 1231693.5
521.0 812111.2
522.0 823151.1
523.0 1075774.0
524.0 1030459.44
525.0 934910.25
526.0 944737.25
527.0 977897.25
528.0 942879.1
529.0 895216.25
530.0 1068629.5
531.0 1530487.4
532.0 1633566.0
533.0 1654408.1
534.0 1874864.9
535.0 2027451.8
536.0 2059193.0
537.0 2404967.8
538.0 2703757.8
539.0 2661392.8
540.0 2333568.2
541.0 1953549.5
542.0 1752339.2
543.0 1680317.5
544.0 1712295.0
545.0 1359844.4
546.0 1241231.9
547.0 1476019.0
548.0 1194836.4
549.0 1215944.5
550.0 1117805.6
551.0 795211.3
552.0 853390.5
553.0 1064865.4
554.0 954584.7
555.0 1033459.3
556.0 1308838.6
557.0 1423189.4
558.0 1498528.6
559.0 1512371.4
560.0 1715066.4
561.0 1422775.5
562.0 1278781.4
563.0 1549148.5
564.0 1458396.1
565.0 1385752.6
566.0 1876754.2
567.0 1452910.6
568.0 1056749.5
569.0 1059541.1
570.0 1184963.1
571.0 1184082.6
572.0 1256236.1
573.0 1301909.9
574.0 1604506.8
575.0 1255301.9
576.0 1131525.9
577.0 1219748.2
578.0 1296953.0
579.0 1196459.9
580.0 1139947.0
581.0 1635682.0
582.0 1680489.2
583.0 1383064.0
584.0 1050120.5
585.0 934939.4
586.0 1055415.6
587.0 1309637.0
588.0 1114436.5
589.0 1216377.0
590.0 1463724.5
591.0 1263129.8
592.0 1058478.0
593.0 887634.9
594.0 1034971.94
595.0 1233040.4
596.0 1181258.5
597.0 912358.44
598.0 811974.6
599.0 1043596.9
600.0 1235203.9
601.0 1014735.94
602.0 720261.5
603.0 824987.75
604.0 1017241.25
605.0 1220716.8
606.0 1084615.2
607.0 1286109.8
608.0 1242207.8
609.0 1248588.6
610.0 1429892.8
611.0 1944143.9
612.0 1612748.5
613.0 1815599.9
614.0 1651856.0
615.0 1474473.5
616.0 1160076.9
617.0 1255279.5
618.0 1378413.6
619.0 901696.56
620.0 977976.8
621.0 1333620.8
622.0 1251071.6
623.0 1002453.6
624.0 1127004.4
625.0 1208017.6
626.0 1219311.0
627.0 1521968.6
628.0 1231259.9
629.0 1276788.1
630.0 1177841.4
631.0 1273647.6
632.0 1356446.5
633.0 1014254.75
634.0 1166840.5
635.0 1034159.94
636.0 889536.1
637.0 1029678.7
638.0 799261.6
639.0 876039.3
640.0 1062445.0
641.0 1350805.1
642.0 1870551.4
643.0 1433895.2
644.0 1265314.8
645.0 1477855.8
646.0 1293077.2
647.0 961167.4
648.0 853767.6
649.0 808456.1
650.0 807713.75
651.0 1013629.6
652.0 1397016.9
653.0 1524765.8
654.0 1103032.8
655.0 1012850.6
656.0 1073766.1
657.0 1014595.5
658.0 1219019.4
659.0 1221612.6
660.0 1075070.4
661.0 1145440.8
662.0 1439092.8
663.0 1183669.8
664.0 1414078.9
665.0 1398545.5
666.0 1432406.0
667.0 1181470.1
668.0 1244175.6
669.0 977468.75
670.0 1225486.0
671.0 1187831.4
672.0 1310047.2
673.0 1734561.1
674.0 1960804.4
675.0 1731189.5
676.0 1350148.0
677.0 1224710.1
678.0 1136140.2
679.0 1445820.1
680.0 1312863.9
681.0 1038243.9
682.0 797447.5
683.0 848603.6
684.0 983845.0
685.0 1049612.9
686.0 1488751.4
687.0 1465742.5
688.0 1213183.6
689.0 1069736.9
690.0 1081326.6
691.0 1143744.4
692.0 834431.5
693.0 1498213.2
694.0 1430314.4
695.0 1266351.2
696.0 1068519.5
697.0 1074515.9
698.0 1110473.8
699.0 1173522.8
700.0 1186363.9
701.0 1108730.2
702.0 965664.4
703.0 971356.94
704.0 1153014.4
705.0 1017495.9
706.0 907666.0
707.0 1072494.0
708.0 1225429.5
709.0 1053923.5
710.0 1024059.6
711.0 1003967.56
712.0 865617.56
713.0 815507.56
714.0 643861.3
715.0 769851.8
716.0 1059451.8
717.0 873700.6
718.0 883579.5
719.0 1187651.0
720.0 964608.2
721.0 811014.5
722.0 847356.8
723.0 868413.44
724.0 961085.5
725.0 912769.7
726.0 1021519.9
727.0 1300384.8
728.0 1127578.9
729.0 838518.75
730.0 779340.94
731.0 924033.5
732.0 1263733.6
733.0 1227311.0
734.0 1216083.8
735.0 1233100.2
736.0 1118909.9
737.0 1156566.4
738.0 1171505.6
739.0 1265749.0
740.0 1133995.8
741.0 1193845.2
742.0 1431567.2
743.0 1127808.9
744.0 1086046.0
745.0 1322798.6
746.0 1434359.2
747.0 1740866.0
748.0 1585080.6
749.0 1814373.8
750.0 1909404.0
751.0 1805023.1
752.0 1737880.8
753.0 1449681.2
754.0 1318712.8
755.0 1203005.0
756.0 1313164.5
757.0 1265879.5
758.0 1188310.9
759.0 1300706.8
760.0 1235259.9
761.0 1135686.1
762.0 1183498.4
763.0 971388.75
764.0 1355712.6
765.0 1100863.5
766.0 1141429.8
767.0 1145357.5
768.0 1213036.6
769.0 1096950.4
770.0 1062278.9
771.0 1081706.1
772.0 1010511.0
773.0 826964.3
774.0 748903.0
775.0 973929.5
776.0 1200099.8
777.0 1255720.8
778.0 1427794.4
779.0 1211787.2
780.0 1200346.6
781.0 1346516.5
782.0 1201397.6
783.0 1171435.4
784.0 1076795.2
785.0 945904.75
786.0 1317677.6
787.0 1074020.8
788.0 999973.1
789.0 1298089.9
790.0 1328176.0
791.0 1077864.4
792.0 1186885.9
793.0 1100318.2
794.0 1370722.2
795.0 1423246.9
796.0 1467343.1
797.0 1743584.9
798.0 1487362.6
799.0 1421533.6
800.0 1499828.2
801.0 1544249.0
802.0 1357952.6
803.0 1104792.0
804.0 810574.94
805.0 1013434.5
806.0 1070256.5
807.0 1049711.5
808.0 1106395.4
809.0 1361656.4
810.0 1174621.4
811.0 1213727.4
812.0 1201653.6
813.0 1246699.4
814.0 1171812.8
815.0 1317499.0
816.0 1077293.2
817.0 1080871.0
818.0 1222039.0
819.0 947582.2
820.0 979686.9
821.0 1194716.1
822.0 1252463.9
823.0 1596669.0
824.0 1443420.8
825.0 1293754.8
826.0 1437674.0
827.0 1155974.5
828.0 1024189.44
829.0 1251047.4
830.0 1360082.5
831.0 1306164.8
832.0 1329610.5
833.0 1054819.0
834.0 1073361.2
835.0 1167967.6
836.0 920386.8
837.0 803528.8
838.0 873285.4
839.0 1089268.0
840.0 1364160.0
841.0 1195116.6
842.0 1088247.8
843.0 1154696.5
844.0 1407751.5
845.0 1391558.0
846.0 1053601.1
847.0 1193145.4
848.0 1459577.8
849.0 1308677.6
850.0 929651.4
851.0 1128428.6
852.0 1376239.2
853.0 1364991.9
854.0 1143056.1
855.0 1406461.8
856.0 1413306.1
857.0 1459042.0
858.0 1524797.4
859.0 1339275.1
860.0 1384715.5
861.0 1317631.1
862.0 1631772.4
863.0 1227847.8
864.0 1111581.0
865.0 1324868.5
866.0 1216568.0
867.0 1217846.4
868.0 1424136.8
869.0 1770836.0
870.0 1564791.4
871.0 1232083.0
872.0 840559.6
873.0 1108151.5
874.0 1291852.2
875.0 1524472.8
876.0 1416479.5
877.0 1469177.0
878.0 1390677.5
879.0 1507487.5
880.0 1523504.8
881.0 1537266.4
882.0 1518284.9
883.0 1461724.5
884.0 1574119.9
885.0 1576803.2
886.0 1391885.8
887.0 1374942.5
888.0 1552236.5
889.0 1680062.8
890.0 1678974.9
891.0 1537224.8
892.0 1291621.6
893.0 1370811.5
894.0 1580091.8
895.0 1235216.6
896.0 1470005.2
897.0 1493875.0
898.0 1132981.5
899.0 1115004.1
900.0 1437015.8
901.0 1492608.2
902.0 1752843.5
903.0 1893647.2
904.0 1643858.6
905.0 1435030.6
906.0 1834713.8
907.0 1933792.8
908.0 1652030.6
909.0 1597819.0
910.0 1676261.1
911.0 2169128.5
912.0 2689693.5
913.0 2318657.8
914.0 2136797.0
915.0 2052727.2
916.0 2070741.5
917.0 2131648.2
918.0 2190088.2
919.0 2290864.5
920.0 2248453.8
921.0 2183999.8
922.0 2385320.5
923.0 2286562.0
924.0 2072740.6
925.0 2373408.5
926.0 2472506.5
927.0 2467644.0
928.0 2484297.0
929.0 2285390.5
930.0 2320615.2
931.0 2349155.2
932.0 2677407.2
933.0 2669594.8
934.0 2870500.2
935.0 3583079.0
936.0 3458539.5
937.0 2867754.5
938.0 2556593.0
939.0 2592191.0
940.0 2561718.8
941.0 1983061.8
942.0 2072824.9
943.0 2467259.5
944.0 2214393.5
945.0 2541252.8
946.0 2569312.5
947.0 2674903.5
948.0 2681053.5
949.0 2312554.5
950.0 2368541.8
951.0 2718247.0
952.0 2613139.2
953.0 2632851.2
954.0 2935867.8
955.0 2977518.0
956.0 2535297.2
957.0 2223279.2
958.0 2177047.5
959.0 2120777.0
960.0 2457428.0
961.0 3027014.5
962.0 3203660.2
963.0 3192237.8
964.0 3374233.8
965.0 3623325.5
966.0 3790628.5
967.0 3395569.0
968.0 3110154.0
969.0 3652856.5
970.0 3874084.0
971.0 3821854.8
972.0 4089177.2
973.0 4411144.0
974.0 4752030.5
975.0 4528215.0
976.0 3755725.0
977.0 4051938.8
978.0 4253084.5
979.0 4277957.0
980.0 4255714.5
981.0 4702155.5
982.0 4978974.0
983.0 4586402.0
984.0 4848545.5
985.0 5646530.0
986.0 6966035.5
987.0 9305799.0
988.0 12350808.0
989.0 13277719.0
990.0 12553689.0
991.0 12074222.0
992.0 10832739.0
993.0 9427699.0
994.0 9093117.0
995.0 8486874.0
996.0 8578587.0
997.0 9662184.0
998.0 9603168.0
999.0 8409937.0
1000.0 8250553.0
1001.0 8775174.0
1002.0 8673248.0
1003.0 9632619.0
1004.0 10813189.0
1005.0 11632839.0
1006.0 11967584.0
1007.0 11709760.0
1008.0 11262429.0
1009.0 10455296.0
1010.0 9569791.0
1011.0 9619279.0
1012.0 10613764.0
1013.0 9950816.0
1014.0 8402537.0
1015.0 7030285.0
1016.0 5734006.0
1017.0 5186923.0
1018.0 4787122.0
1019.0 4461299.0
1020.0 4259978.0
1021.0 4304141.0
1022.0 3945162.2
1023.0 3376002.8
1024.0 3438149.0
1025.0 3380586.2
1026.0 3442482.0
1027.0 3497730.5
1028.0 3721455.5
1029.0 4163517.8
1030.0 4824746.0
1031.0 5991747.0
1032.0 6987704.5
1033.0 8274970.5
1034.0 9202145.0
1035.0 10675692.0
1036.0 12029251.0
1037.0 14067070.0
1038.0 15571514.0
1039.0 15443446.0
1040.0 14907965.0
1041.0 14178390.0
1042.0 13639450.0
1043.0 12132604.0
1044.0 11284709.0
1045.0 11681299.0
1046.0 11694346.0
1047.0 11712780.0
1048.0 12188004.0
1049.0 13478536.0
1050.0 14413649.0
1051.0 14844772.0
1052.0 17010262.0
1053.0 17757156.0
1054.0 16280330.0
1055.0 14961059.0
1056.0 14572365.0
1057.0 16370176.0
1058.0 21080236.0
1059.0 29548802.0
1060.0 42330380.0
1061.0 61288284.0
1062.0 85536160.0
1063.0 115403970.0
1064.0 143948700.0
1065.0 157924450.0
1066.0 149094560.0
1067.0 118708850.0
1068.0 79083990.0
1069.0 48024284.0
1070.0 30660582.0
1071.0 22670808.0
1072.0 18588572.0
1073.0 16325475.0
1074.0 15028900.0
1075.0 12728654.0
1076.0 9668353.0
1077.0 7667198.0
1078.0 6819798.0
1079.0 6402205.0
1080.0 5276265.0
1081.0 4346874.0
1082.0 4074668.8
1083.0 4646967.0
1084.0 5072447.0
1085.0 5476605.5
1086.0 5124188.5
1087.0 5438827.0
1088.0 6675380.0
1089.0 7130467.0
1090.0 8073052.5
1091.0 8397168.0
1092.0 8674447.0
1093.0 8916482.0
1094.0 7832372.5
1095.0 7086029.5
1096.0 6862081.0
1097.0 6169257.5
1098.0 5983819.5
1099.0 6065660.5
1100.0 6775260.0
1101.0 7954098.0
1102.0 9371970.0
1103.0 11310192.0
1104.0 14512256.0
1105.0 18682554.0
1106.0 27038562.0
1107.0 41041010.0
1108.0 60711096.0
1109.0 82606380.0
1110.0 106907110.0
1111.0 127457780.0
1112.0 135035120.0
1113.0 121846100.0
1114.0 92657470.0
1115.0 60232176.0
1116.0 35252224.0
1117.0 23799328.0
1118.0 18765332.0
1119.0 15321609.0
1120.0 13370774.0
1121.0 11235021.0
1122.0 8680024.0
1123.0 6802602.5
1124.0 5543397.0
1125.0 4508897.0
1126.0 3626376.0
1127.0 3002874.0
1128.0 2723736.2
1129.0 2572488.2
1130.0 2966177.5
1131.0 3374812.8
1132.0 3234329.8
1133.0 3305004.0
1134.0 3267127.5
1135.0 3953546.5
1136.0 4864638.0
1137.0 5306740.0
1138.0 5904609.5
1139.0 5672430.5
1140.0 4501769.5
1141.0 3539743.8
1142.0 2925946.0
1143.0 2407375.2
1144.0 2267497.2
1145.0 2120098.5
1146.0 2117442.5
1147.0 2119455.5
1148.0 2139928.8
1149.0 2112848.0
1150.0 1941342.0
1151.0 1911081.9
1152.0 1942998.6
1153.0 2181614.0
1154.0 1982018.0
1155.0 1935733.5
1156.0 1989801.2
1157.0 1853268.1
1158.0 2101784.2
1159.0 2229047.0
1160.0 1938640.6
1161.0 1626471.8
1162.0 1843948.5
1163.0 2113379.8
1164.0 2488663.8
1165.0 2474759.5
1166.0 2305587.8
1167.0 2033613.2
1168.0 2223939.5
1169.0 2501625.2
1170.0 2702768.5
1171.0 2703051.5
1172.0 2569307.0
1173.0 2564589.0
1174.0 2672537.2
1175.0 3023690.0
1176.0 3231747.5
1177.0 3312297.0
1178.0 3222176.2
1179.0 3059810.2
1180.0 3389103.0
1181.0 3463313.5
1182.0 3086542.0
1183.0 3165960.2
1184.0 3557778.5
1185.0 3440173.0
1186.0 3768269.5
1187.0 4252550.5
1188.0 4813704.5
1189.0 5082239.0
1190.0 4823029.0
1191.0 5152708.0
1192.0 6243744.0
1193.0 6461832.0
1194.0 5336080.0
1195.0 4511341.0
1196.0 3620893.0
1197.0 3523488.5
1198.0 3694925.2
1199.0 4140916.5
1200.0 3848159.0
1201.0 3819482.0
1202.0 4040622.8
1203.0 3796699.8
1204.0 3552929.5
1205.0 3559856.2
1206.0 3682710.5
1207.0 3798690.2
1208.0 3732099.0
1209.0 3733737.2
1210.0 4263351.0
1211.0 5060048.5
1212.0 5607011.0
1213.0 6199313.0
1214.0 7113253.0
1215.0 7810027.0
1216.0 7697727.5
1217.0 7041137.0
1218.0 6681874.5
1219.0 5736092.0
1220.0 4800664.0
1221.0 4409141.0
1222.0 4349236.0
1223.0 4670060.5
1224.0 4938486.0
1225.0 4967050.0
1226.0 4829791.0
1227.0 5035679.5
1228.0 5753552.5
1229.0 6644602.0
1230.0 7740466.0
1231.0 7921029.0
1232.0 8230092.5
1233.0 7689665.0
1234.0 7461779.5
1235.0 7987754.5
1236.0 9366859.0
1237.0 11045926.0
1238.0 13931209.0
1239.0 18186122.0
1240.0 22992000.0
1241.0 26918516.0
1242.0 27414838.0
1243.0 26098938.0
1244.0 26127090.0
1245.0 23997056.0
1246.0 17999838.0
1247.0 12406335.0
1248.0 8112849.5
1249.0 7161216.0
1250.0 6938291.0
1251.0 6169192.5
1252.0 6141890.0
1253.0 6193915.5
1254.0 6408512.0
1255.0 6624904.0
1256.0 6420608.0
1257.0 6142384.0
1258.0 6363594.0
1259.0 7393724.5
1260.0 7881515.0
1261.0 9512239.0
1262.0 12255139.0
1263.0 14533768.0
1264.0 16940098.0
1265.0 18566686.0
1266.0 20519388.0
1267.0 22485798.0
1268.0 22595856.0
1269.0 21025528.0
1270.0 18141058.0
1271.0 16272642.0
1272.0 15145698.0
1273.0 16189368.0
1274.0 17886440.0
1275.0 18084428.0
1276.0 17227424.0
1277.0 14898635.0
1278.0 12761406.0
1279.0 11430722.0
1280.0 12006001.0
1281.0 12776621.0
1282.0 13701460.0
1283.0 14939669.0
1284.0 16844562.0
1285.0 17439462.0
1286.0 16913842.0
1287.0 15875618.0
1288.0 14579690.0
1289.0 13680240.0
1290.0 13548806.0
1291.0 13294565.0
1292.0 13319666.0
1293.0 13737905.0
1294.0 14205084.0
1295.0 15323604.0
1296.0 15093645.0
1297.0 15343242.0
1298.0 15138338.0
1299.0 14800352.0
1300.0 15851830.0
1301.0 17735790.0
1302.0 18397296.0
1303.0 18667708.0
1304.0 21068536.0
1305.0 25375376.0
1306.0 28202324.0
1307.0 30028732.0
1308.0 32984930.0
1309.0 36121410.0
1310.0 38406252.0
1311.0 38815420.0
1312.0 36071556.0
1313.0 32469502.0
1314.0 31762944.0
1315.0 32777922.0
1316.0 33146982.0
1317.0 34177324.0
1318.0 35529904.0
1319.0 36737350.0
1320.0 36300296.0
1321.0 38456750.0
1322.0 38417668.0
1323.0 38341292.0
1324.0 39024316.0
1325.0 42244724.0
1326.0 45779416.0
1327.0 48964890.0
1328.0 54858810.0
1329.0 59514216.0
1330.0 61503236.0
1331.0 64311930.0
1332.0 67623220.0
1333.0 69144570.0
1334.0 70294260.0
1335.0 68952060.0
1336.0 68653680.0
1337.0 70203450.0
1338.0 72995860.0
1339.0 72977176.0
1340.0 71301360.0
1341.0 70029630.0
1342.0 67104660.0
1343.0 60377100.0
1344.0 55591664.0
1345.0 53319300.0
1346.0 52958130.0
1347.0 53300784.0
1348.0 53916876.0
1349.0 54392436.0
1350.0 53875336.0
1351.0 53786660.0
1352.0 57231696.0
1353.0 59937530.0
1354.0 62654080.0
1355.0 66528444.0
1356.0 65668800.0
1357.0 64859120.0
1358.0 63907160.0
1359.0 63584320.0
1360.0 64200744.0
1361.0 64207876.0
1362.0 66552330.0
1363.0 71882030.0
1364.0 81998830.0
1365.0 97417050.0
1366.0 115459330.0
1367.0 137676300.0
1368.0 156086530.0
1369.0 174759060.0
1370.0 198009150.0
1371.0 215914600.0
1372.0 230898690.0
1373.0 241106060.0
1374.0 243139070.0
1375.0 230710100.0
1376.0 205744880.0
1377.0 179126460.0
1378.0 156053660.0
1379.0 142548270.0
1380.0 132817930.0
1381.0 125773710.0
1382.0 117837280.0
1383.0 108022860.0
1384.0 102003920.0
1385.0 97245000.0
1386.0 91824090.0
1387.0 84922750.0
1388.0 78726930.0
1389.0 72555620.0
1390.0 64609324.0
1391.0 55783670.0
1392.0 47166070.0
1393.0 42266644.0
1394.0 39305090.0
1395.0 37830076.0
1396.0 38583190.0
1397.0 40865028.0
1398.0 45096296.0
1399.0 50944630.0
1400.0 56254040.0
1401.0 61952904.0
1402.0 67298880.0
1403.0 74035120.0
1404.0 82572216.0
1405.0 93610530.0
1406.0 108816000.0
1407.0 126508460.0
1408.0 146424780.0
1409.0 166554900.0
1410.0 189927420.0
1411.0 220300960.0
1412.0 252941900.0
1413.0 281554750.0
1414.0 302616320.0
1415.0 318850180.0
1416.0 321955650.0
1417.0 302612300.0
1418.0 260929120.0
1419.0 204115970.0
1420.0 146210200.0
1421.0 99748670.0
1422.0 69652216.0
1423.0 53538930.0
1424.0 44642400.0
1425.0 38542676.0
1426.0 31841964.0
1427.0 26375618.0
1428.0 21670030.0
1429.0 18257416.0
1430.0 15231865.0
1431.0 13112438.0
1432.0 12132606.0
1433.0 11274726.0
1434.0 10705278.0
1435.0 10297318.0
1436.0 9780607.0
1437.0 9773241.0
1438.0 9877872.0
1439.0 9291667.0
1440.0 9651045.0
1441.0 9537536.0
1442.0 9424506.0
1443.0 9703825.0
1444.0 9742541.0
1445.0 9569506.0
1446.0 9715663.0
1447.0 10731056.0
1448.0 11959759.0
1449.0 12730808.0
1450.0 14276961.0
1451.0 15239385.0
1452.0 15869431.0
1453.0 16369039.0
1454.0 17441158.0
1455.0 18512526.0
1456.0 18457364.0
1457.0 19074516.0
1458.0 20126770.0
1459.0 21054802.0
1460.0 22623922.0
1461.0 22034084.0
1462.0 22437702.0
1463.0 23787198.0
1464.0 24172664.0
1465.0 22991948.0
1466.0 21057048.0
1467.0 20112496.0
1468.0 21025688.0
1469.0 22029044.0
1470.0 22897752.0
1471.0 24403898.0
1472.0 24527480.0
1473.0 23536784.0
1474.0 20888412.0
1475.0 19807888.0
1476.0 19749388.0
1477.0 19571344.0
1478.0 20228518.0
1479.0 19788942.0
1480.0 19578704.0
1481.0 19479948.0
1482.0 22181344.0
1483.0 24333452.0
1484.0 26887202.0
1485.0 31524382.0
1486.0 36616784.0
1487.0 41777444.0
1488.0 44018764.0
1489.0 46498124.0
1490.0 49713030.0
1491.0 55083370.0
1492.0 59735096.0
1493.0 63788980.0
1494.0 64686924.0
1495.0 63167104.0
1496.0 61768850.0
1497.0 60537824.0
1498.0 60038310.0
1499.0 59449316.0
1500.0 57148876.0
1501.0 50747364.0
1502.0 45783576.0
1503.0 40665570.0
1504.0 33818904.0
1505.0 29577858.0
1506.0 27176068.0
1507.0 26953018.0
1508.0 28608422.0
1509.0 29822500.0
1510.0 30515236.0
1511.0 32411568.0
1512.0 34327132.0
1513.0 36975890.0
1514.0 38992164.0
1515.0 42551784.0
1516.0 43721364.0
1517.0 44570556.0
1518.0 47982590.0
1519.0 51541610.0
1520.0 56483750.0
1521.0 60594636.0
1522.0 65416930.0
1523.0 68973800.0
1524.0 70939016.0
1525.0 71291180.0
1526.0 75012010.0
1527.0 80183340.0
1528.0 83840020.0
1529.0 87619080.0
1530.0 89340960.0
1531.0 86618120.0
1532.0 80092760.0
1533.0 69252100.0
1534.0 58522480.0
1535.0 50108760.0
1536.0 40724452.0
1537.0 33126112.0
1538.0 25417430.0
1539.0 21960562.0
1540.0 22373660.0
1541.0 24079982.0
1542.0 25453058.0
1543.0 28894732.0
1544.0 31758050.0
1545.0 32961164.0
1546.0 35434624.0
1547.0 38912510.0
1548.0 42260344.0
1549.0 47391450.0
1550.0 53267864.0
1551.0 59460570.0
1552.0 63565360.0
1553.0 66720080.0
1554.0 69655620.0
1555.0 74384570.0
1556.0 80066990.0
1557.0 84696600.0
1558.0 90313480.0
1559.0 95579600.0
1560.0 94892990.0
1561.0 88820350.0
1562.0 77166550.0
1563.0 63448610.0
1564.0 49345864.0
1565.0 42547970.0
1566.0 42887084.0
1567.0 44100316.0
1568.0 45136836.0
1569.0 47510484.0
1570.0 48528120.0
1571.0 48073670.0
1572.0 45667256.0
1573.0 42731270.0
1574.0 40849304.0
1575.0 38645010.0
1576.0 34840664.0
1577.0 28566802.0
1578.0 22770960.0
1579.0 20253058.0
1580.0 18902556.0
1581.0 17763782.0
1582.0 16626304.0
1583.0 16523452.0
1584.0 16200531.0
1585.0 16503284.0
1586.0 17258558.0
1587.0 18461432.0
1588.0 18773926.0
1589.0 19137784.0
1590.0 19548920.0
1591.0 19054128.0
1592.0 19545776.0
1593.0 19620484.0
1594.0 18716630.0
1595.0 17568414.0
1596.0 16531060.0
1597.0 15206836.0
1598.0 15728444.0
1599.0 17003432.0
1600.0 17070368.0
1601.0 17344394.0
1602.0 16855164.0
1603.0 17553372.0
1604.0 18988284.0
1605.0 20450070.0
1606.0 21580722.0
1607.0 21963410.0
1608.0 22034358.0
1609.0 24433272.0
1610.0 26832240.0
1611.0 29606224.0
1612.0 33200148.0
1613.0 35721870.0
1614.0 38985796.0
1615.0 43377304.0
1616.0 46827004.0
1617.0 50138210.0
1618.0 50445516.0
1619.0 50674444.0
1620.0 51250356.0
1621.0 52932110.0
1622.0 57972820.0
1623.0 63334650.0
1624.0 70366376.0
1625.0 78522510.0
1626.0 82306824.0
1627.0 83872630.0
1628.0 81067470.0
1629.0 74848090.0
1630.0 62554140.0
1631.0 45241896.0
1632.0 32052376.0
1633.0 24603502.0
1634.0 20606488.0
1635.0 17424424.0
1636.0 16273694.0
1637.0 15965664.0
1638.0 14781221.0
1639.0 13801286.0
1640.0 13055661.0
1641.0 11578832.0
1642.0 11267192.0
1643.0 12613370.0
1644.0 13829082.0
1645.0 14456429.0
1646.0 14381632.0
1647.0 14605325.0
1648.0 14946731.0
1649.0 14474848.0
1650.0 14306184.0
1651.0 13784674.0
1652.0 13219494.0
1653.0 13394872.0
1654.0 13600718.0
1655.0 12936880.0
1656.0 12055170.0
1657.0 11752251.0
1658.0 10715731.0
1659.0 10143928.0
1660.0 9684981.0
1661.0 10035528.0
1662.0 10706098.0
1663.0 10806628.0
1664.0 10367030.0
1665.0 9784856.0
1666.0 9835521.0
1667.0 9646800.0
1668.0 10020521.0
1669.0 10318929.0
1670.0 10632160.0
1671.0 11748916.0
1672.0 12351655.0
1673.0 13435238.0
1674.0 12906404.0
1675.0 12914412.0
1676.0 13508535.0
1677.0 14710460.0
1678.0 15224525.0
1679.0 15639990.0
1680.0 16060532.0
1681.0 17272396.0
1682.0 17976456.0
1683.0 18746298.0
1684.0 18576762.0
1685.0 17338182.0
1686.0 16030155.0
1687.0 15193000.0
1688.0 15139589.0
1689.0 14030896.0
1690.0 14423656.0
1691.0 14961028.0
1692.0 16034498.0
1693.0 16854948.0
1694.0 17678538.0
1695.0 17502656.0
1696.0 17366524.0
1697.0 17994498.0
1698.0 18849992.0
1699.0 20109364.0
1700.0 20585238.0
1701.0 22553356.0
1702.0 23347030.0
1703.0 22348632.0
1704.0 21843668.0
1705.0 20261578.0
1706.0 18708552.0
1707.0 16551265.0
1708.0 16846706.0
1709.0 16706495.0
1710.0 16750942.0
1711.0 16965288.0
1712.0 16558891.0
1713.0 16653535.0
1714.0 16630188.0
1715.0 15827992.0
1716.0 14927002.0
1717.0 13955944.0
1718.0 13490886.0
1719.0 12831225.0
1720.0 12934336.0
1721.0 10301828.0
1722.0 7515645.5
1723.0 5625827.5
1724.0 4121177.8
1725.0 3608966.2
1726.0 3173225.0
1727.0 2939358.8
1728.0 2904891.2
1729.0 3020658.5
1730.0 3360114.5
1731.0 3263866.5
1732.0 3328641.2
1733.0 3277734.8
1734.0 3004962.8
1735.0 3502243.5
1736.0 4191944.8
1737.0 4708196.0
1738.0 4635462.0
1739.0 4707075.5
1740.0 4973523.0
1741.0 5213571.0
1742.0 5738958.0
1743.0 5935637.0
1744.0 5453245.0
1745.0 5020127.0
1746.0 4681443.5
1747.0 4703177.0
1748.0 5063265.5
1749.0 5072003.0
1750.0 4581497.5
1751.0 4411618.5
1752.0 4703338.0
1753.0 4317698.0
1754.0 4184003.8
1755.0 3935091.0
1756.0 4072817.2
1757.0 3854630.2
1758.0 4120351.2
1759.0 4390227.5
1760.0 4929979.0
1761.0 5040442.0
1762.0 5669734.5
1763.0 5324190.5
1764.0 5620642.5
1765.0 5903956.0
1766.0 6358386.0
1767.0 6708817.0
1768.0 6992807.0
1769.0 7444300.0
1770.0 6826399.0
1771.0 6189709.5
1772.0 5650798.0
1773.0 5476059.5
1774.0 5506855.5
1775.0 5977001.0
1776.0 5883864.0
1777.0 5713538.0
1778.0 6332351.0
1779.0 6112267.5
1780.0 6387074.5
1781.0 5405735.5
1782.0 5103697.0
1783.0 4789615.5
1784.0 4375723.0
1785.0 4028261.5
1786.0 4582003.5
1787.0 4824711.5
1788.0 5022944.0
1789.0 5261447.0
1790.0 5608490.0
1791.0 5402726.0
1792.0 5559582.0
1793.0 6190189.5
1794.0 5727891.0
1795.0 5936735.0
1796.0 5838981.0
1797.0 6219574.5
1798.0 6488027.0
1799.0 6374912.5
1800.0 6667878.0
1801.0 7508637.5
1802.0 7609148.0
1803.0 7209827.0
1804.0 7140419.5
1805.0 6626544.5
1806.0 6759801.0
1807.0 5683801.0
1808.0 5982434.5
1809.0 5421857.5
1810.0 4425095.5
1811.0 4497716.0
1812.0 4903103.5
1813.0 4426583.0
1814.0 3824282.2
1815.0 3407492.2
1816.0 3202140.0
1817.0 2903844.8
1818.0 3258467.2
1819.0 3619301.0
1820.0 3920658.8
1821.0 3761087.2
1822.0 3870514.0
1823.0 4681211.0
1824.0 4977257.0
1825.0 5813281.0
1826.0 5710563.0
1827.0 6391502.0
1828.0 6684092.0
1829.0 6764992.5
1830.0 7205960.5
1831.0 7653877.5
1832.0 8060467.5
1833.0 8131959.5
1834.0 9029385.0
1835.0 8391187.0
1836.0 8277009.0
1837.0 8635170.0
1838.0 8032955.5
1839.0 7365322.0
1840.0 6951385.5
1841.0 6771680.0
1842.0 6180488.0
1843.0 6399866.0
1844.0 7088408.0
1845.0 6849924.5
1846.0 7595110.5
1847.0 8481288.0
1848.0 9818608.0
1849.0 10629041.0
1850.0 11963894.0
1851.0 12234142.0
1852.0 11784094.0
1853.0 12310550.0
1854.0 12138138.0
1855.0 12589380.0
1856.0 12223521.0
1857.0 11967019.0
1858.0 12305932.0
1859.0 12292450.0
1860.0 11847426.0
1861.0 11195724.0
1862.0 11383265.0
1863.0 11087126.0
1864.0 9640469.0
1865.0 8770781.0
1866.0 8082640.0
1867.0 7770513.0
1868.0 7083012.5
1869.0 6479996.0
1870.0 6490965.5
1871.0 6742314.0
1872.0 6960429.5
1873.0 7739807.0
1874.0 7727189.5
1875.0 8354651.0
1876.0 9476915.0
1877.0 9941672.0
1878.0 10611156.0
1879.0 10297072.0
1880.0 9934364.0
1881.0 9698638.0
1882.0 10417367.0
1883.0 9382979.0
1884.0 8955637.0
1885.0 9697591.0
1886.0 9071936.0
1887.0 8397306.0
1888.0 8658606.0
1889.0 7632198.0
1890.0 6310500.5
1891.0 5626543.0
1892.0 4840257.5
1893.0 4922730.0
1894.0 5290418.0
1895.0 4995523.0
1896.0 4467790.5
1897.0 4894422.0
1898.0 5533212.0
1899.0 5464949.0
1900.0 6865215.5
1901.0 8757816.0
1902.0 11040509.0
1903.0 12540585.0
1904.0 13120106.0
1905.0 14991560.0
1906.0 16267771.0
1907.0 18291720.0
1908.0 18902704.0
1909.0 18743202.0
1910.0 20408770.0
1911.0 22404680.0
1912.0 23330732.0
1913.0 22288192.0
1914.0 22136568.0
1915.0 19979364.0
1916.0 16551076.0
1917.0 11668102.0
1918.0 8142477.0
1919.0 6872609.0
1920.0 6004897.5
1921.0 4977909.5
1922.0 4733686.0
1923.0 4773327.0
1924.0 5609725.0
1925.0 6487085.5
1926.0 7002044.5
1927.0 7830631.0
1928.0 8595708.0
1929.0 8762485.0
1930.0 9756026.0
1931.0 11225142.0
1932.0 12577500.0
1933.0 13596221.0
1934.0 15056649.0
1935.0 16267088.0
1936.0 16858764.0
1937.0 16731816.0
1938.0 17842628.0
1939.0 17401478.0
1940.0 16485712.0
1941.0 14890614.0
1942.0 12077078.0
1943.0 8383306.0
1944.0 5729282.5
1945.0 4259434.5
1946.0 3621693.5
1947.0 3219336.0
1948.0 2949116.2
1949.0 2750029.0
1950.0 2444409.0
1951.0 2036653.9
1952.0 1773085.0
1953.0 1642970.1
1954.0 1416661.4
1955.0 1201381.4
1956.0 894712.5
1957.0 1332428.2
1958.0 1242012.6
1959.0 1087570.1
1960.0 1055350.5
1961.0 1032810.25
1962.0 1455922.2
1963.0 1332159.4
1964.0 1296993.8
1965.0 1413449.8
1966.0 1070610.2
1967.0 976686.94
1968.0 1115288.0
1969.0 1134469.9
1970.0 922283.6
1971.0 1293676.9
1972.0 1447689.0
1973.0 1136502.4
1974.0 1108643.6
1975.0 1312723.5
1976.0 1044981.9
1977.0 1100041.9
1978.0 1100855.0
1979.0 1257154.0
1980.0 1342675.2
1981.0 1443001.4
1982.0 1212823.0
1983.0 1250773.1
1984.0 1565456.5
1985.0 1685139.5
1986.0 1800468.1
1987.0 1684741.2
1988.0 1576922.5
1989.0 1490270.2
1990.0 1827212.4
1991.0 1700523.0
1992.0 1476787.4
1993.0 1713444.2
1994.0 1619888.6
1995.0 1633362.0
1996.0 1559839.0
1997.0 1370711.1
1998.0 1379891.5
1999.0 1904866.1
2000.0 1893141.5
2001.0 1980140.2
2002.0 2019640.0
2003.0 1804832.0
2004.0 1704330.6
2005.0 2069696.4
2006.0 2162249.5
2007.0 2320777.0
2008.0 2146672.2
2009.0 1926577.2
2010.0 1662389.5
2011.0 1977873.5
2012.0 2426704.5
2013.0 2870119.5
2014.0 2819226.2
2015.0 2557851.5
2016.0 2149184.8
2017.0 2034628.9
2018.0 2317023.0
2019.0 1156336.0
2020.0 -931850.7
2021.0 -2514439.0
2022.0 -4250844.5
2023.0 -5642469.0
2024.0 -7297572.5
2025.0 -9676391.0
2026.0 -11432031.0
2027.0 -12907066.0
2028.0 -14503842.0
2029.0 -16503399.0
2030.0 -18488462.0
2031.0 -20165946.0
2032.0 -22224332.0
2033.0 -24219418.0
2034.0 -26088352.0
2035.0 -28281528.0
2036.0 -30100404.0
2037.0 0.0
2038.0 0.0
2039.0 0.0
2040.0 0.0
2041.0 0.0
2042.0 0.0
2043.0 0.0
2044.0 0.0
2045.0 0.0
2046.0 0.0
2047.0 0.0
