string
0.0 2372542.2
1.0 2354517.5
2.0 2446214.2
3.0 2728185.5
4.0 2549646.5
5.0 2804279.0
6.0 3191118.8
7.0 2819770.0
8.0 2691486.0
9.0 2427060.0
10.0 2415609.2
11.0 2653495.2
12.0 2323364.0
13.0 2269537.2
14.0 2222732.5
15.0 2179387.0
16.0 2593510.2
17.0 2810157.0
18.0 2455612.2
19.0 2221710.5
20.0 2746493.5
21.0 3208177.2
22.0 3062266.5
23.0 2534157.0
24.0 2473754.8
25.0 2239927.0
26.0 2054426.5
27.0 2628231.0
28.0 2357442.8
29.0 2044299.4
30.0 2167731.0
31.0 2188239.8
32.0 2357014.2
33.0 2655865.0
34.0 2956278.0
35.0 2469117.2
36.0 2675244.5
37.0 3286153.0
38.0 3759080.5
39.0 4116126.5
40.0 3688798.5
41.0 3516746.0
42.0 3271109.8
43.0 3092467.0
44.0 3271868.0
45.0 3655707.8
46.0 3251982.8
47.0 2868127.5
48.0 2696323.0
49.0 2986453.0
50.0 2843178.0
51.0 2592264.5
52.0 2190978.0
53.0 2203004.5
54.0 2410435.0
55.0 2517383.5
56.0 2511287.0
57.0 2436778.8
58.0 2583596.0
59.0 3173663.0
60.0 3874251.2
61.0 4210774.0
62.0 4318786.0
63.0 3838074.0
64.0 3647138.8
65.0 3141797.5
66.0 3032992.0
67.0 2741022.2
68.0 2729028.5
69.0 3013729.5
70.0 3192239.5
71.0 3443767.0
72.0 3545810.0
73.0 3810251.5
74.0 3929795.0
75.0 4527584.0
76.0 4418432.5
77.0 4332244.0
78.0 4857904.5
79.0 5309794.5
80.0 5223575.5
81.0 5269212.0
82.0 5218898.0
83.0 4709617.0
84.0 4695386.5
85.0 4726375.5
86.0 4036519.5
87.0 3202605.0
88.0 3269061.5
89.0 4003271.2
90.0 4681523.5
91.0 4591707.0
92.0 5082908.0
93.0 5629519.5
94.0 6270160.0
95.0 7773379.0
96.0 8770249.0
97.0 8284912.0
98.0 7816639.5
99.0 6573913.0
100.0 4817454.5
101.0 3827611.0
102.0 2726864.5
103.0 1852558.9
104.0 1919527.5
105.0 1721280.2
106.0 1773251.0
107.0 2017001.9
108.0 2338075.2
109.0 2716996.5
110.0 2573935.5
111.0 2439647.5
112.0 1911454.4
113.0 2308483.0
114.0 2795452.8
115.0 2817326.2
116.0 3780057.5
117.0 4877825.0
118.0 4793866.0
119.0 5513048.0
120.0 6312844.5
121.0 6832474.0
122.0 7487419.0
123.0 8318123.0
124.0 8803370.0
125.0 8048584.5
126.0 8245764.0
127.0 7826330.0
128.0 7908620.5
129.0 7528292.5
130.0 7431948.0
131.0 6614811.0
132.0 5035121.5
133.0 3233051.5
134.0 2447460.5
135.0 1597874.8
136.0 1207230.1
137.0 984502.0
138.0 1230841.5
139.0 1369846.8
140.0 1079902.5
141.0 990478.9
142.0 784672.6
143.0 1064816.4
144.0 921612.44
145.0 969822.5
146.0 1223051.8
147.0 1220361.4
148.0 1190625.9
149.0 1018758.25
150.0 1134428.1
151.0 1486862.6
152.0 1379435.1
153.0 1672108.0
154.0 2395187.2
155.0 3304387.5
156.0 4962766.0
157.0 7089660.0
158.0 8452711.0
159.0 8777766.0
160.0 8269935.0
161.0 7367944.5
162.0 6124786.0
163.0 4507202.0
164.0 4104024.0
165.0 3469916.5
166.0 3695347.8
167.0 4169944.8
168.0 4051703.5
169.0 3767209.5
170.0 4510993.0
171.0 5456176.0
172.0 5733058.0
173.0 5271956.0
174.0 5040796.0
175.0 4701869.0
176.0 5558510.0
177.0 7370929.0
178.0 9731274.0
179.0 12475768.0
180.0 14494928.0
181.0 16591090.0
182.0 16711938.0
183.0 15727859.0
184.0 13150585.0
185.0 9450628.0
186.0 6580692.5
187.0 4690508.0
188.0 3928066.5
189.0 3359005.5
190.0 2762308.0
191.0 2106155.2
192.0 1868024.8
193.0 1473072.6
194.0 1275401.6
195.0 1018572.1
196.0 1475703.6
197.0 1662272.2
198.0 1603314.4
199.0 1343624.4
200.0 1372947.6
201.0 1463714.4
202.0 1528047.0
203.0 1344538.8
204.0 1284566.2
205.0 1360355.1
206.0 1584263.0
207.0 1684361.9
208.0 1758202.8
209.0 1786038.8
210.0 1746214.8
211.0 2310889.8
212.0 2648879.8
213.0 3086845.0
214.0 3500047.2
215.0 4758192.5
216.0 7177165.5
217.0 8979233.0
218.0 10607188.0
219.0 12631414.0
220.0 12388454.0
221.0 11571134.0
222.0 10437399.0
223.0 6814707.0
224.0 4028659.8
225.0 3146784.8
226.0 2629097.5
227.0 2068763.2
228.0 2164782.2
229.0 2335949.2
230.0 2185181.0
231.0 1669368.2
232.0 1222372.8
233.0 1131010.0
234.0 1456168.5
235.0 1173630.4
236.0 1362330.6
237.0 1413979.4
238.0 1370659.4
239.0 1112138.2
240.0 1268545.2
241.0 1701039.0
242.0 1975442.8
243.0 2034609.9
244.0 2594095.0
245.0 3051033.5
246.0 3629196.5
247.0 4595509.5
248.0 5134421.0
249.0 6860700.5
250.0 8204814.5
251.0 8722967.0
252.0 9033602.0
253.0 8857706.0
254.0 7378845.0
255.0 5352917.5
256.0 3652727.2
257.0 2614621.2
258.0 2010420.2
259.0 1751051.9
260.0 1547062.8
261.0 1660335.6
262.0 1666234.8
263.0 1274478.2
264.0 1188526.6
265.0 1298871.5
266.0 1266190.8
267.0 1347056.4
268.0 1000259.7
269.0 869399.44
270.0 1030947.8
271.0 1038557.5
272.0 1173746.4
273.0 1012684.5
274.0 1009355.5
275.0 670647.1
276.0 835698.5
277.0 1092133.6
278.0 1093448.0
279.0 1418070.6
280.0 1272995.2
281.0 1346411.1
282.0 1294338.5
283.0 1148938.4
284.0 864123.4
285.0 1009716.9
286.0 1203765.2
287.0 1100799.2
288.0 952456.1
289.0 966179.25
290.0 1135757.8
291.0 994140.06
292.0 809076.0
293.0 1163362.6
294.0 1175619.5
295.0 1064354.5
296.0 1071410.2
297.0 1013403.44
298.0 952860.0
299.0 1321986.4
300.0 1466808.0
301.0 1247947.2
302.0 1345956.9
303.0 1975382.0
304.0 2265591.0
305.0 1862502.8
306.0 1540299.9
307.0 1426034.8
308.0 1536731.0
309.0 1662615.0
310.0 1599285.6
311.0 1443221.8
312.0 1687141.9
313.0 1890680.1
314.0 1758756.9
315.0 2213211.8
316.0 2466132.0
317.0 2229803.5
318.0 2904935.2
319.0 3881403.8
320.0 4419890.5
321.0 4633531.0
322.0 4029555.2
323.0 4080325.2
324.0 4083127.8
325.0 3763690.0
326.0 3885824.8
327.0 4467451.5
328.0 4998285.5
329.0 5318329.5
330.0 6807947.0
331.0 7776847.5
332.0 7643385.0
333.0 7327057.5
334.0 6277249.5
335.0 5596562.5
336.0 4616813.5
337.0 3510016.2
338.0 3166644.8
339.0 2550445.0
340.0 2346692.0
341.0 2572717.2
342.0 2395477.2
343.0 1856973.9
344.0 1802679.4
345.0 1771438.8
346.0 1424431.2
347.0 1457231.4
348.0 1264701.0
349.0 1230403.5
350.0 1168870.6
351.0 1635085.5
352.0 1754128.8
353.0 1308703.9
354.0 964383.0
355.0 1321370.5
356.0 1358839.8
357.0 1554292.6
358.0 1699966.9
359.0 1652653.8
360.0 1544414.0
361.0 2265887.0
362.0 2851298.0
363.0 2968090.5
364.0 3012852.2
365.0 3513845.0
366.0 4170798.0
367.0 4650711.0
368.0 4624206.0
369.0 4700542.0
370.0 4276292.5
371.0 3417015.5
372.0 2702467.0
373.0 1845594.8
374.0 1654597.4
375.0 1576484.5
376.0 1783901.9
377.0 1901923.9
378.0 1841758.0
379.0 1541261.8
380.0 1705488.1
381.0 1619125.0
382.0 1542265.8
383.0 898794.5
384.0 1130098.8
385.0 1491684.5
386.0 1427849.8
387.0 1360969.2
388.0 1322914.0
389.0 1340029.9
390.0 1279629.4
391.0 1405462.8
392.0 1735336.9
393.0 2206450.0
394.0 2594274.5
395.0 3152981.2
396.0 3301647.0
397.0 3370972.5
398.0 3107051.0
399.0 2591487.5
400.0 2131869.2
401.0 2056927.5
402.0 1667808.6
403.0 1942942.2
404.0 2331575.2
405.0 3240715.5
406.0 3109205.2
407.0 3224151.5
408.0 3390972.5
409.0 2936308.8
410.0 2767214.5
411.0 3146064.5
412.0 2788954.5
413.0 3121651.2
414.0 3473862.5
415.0 4039926.0
416.0 5004798.0
417.0 4882798.0
418.0 4508882.0
419.0 4017568.8
420.0 3103155.0
421.0 3076859.8
422.0 3141597.5
423.0 2048062.6
424.0 1823518.8
425.0 1811133.5
426.0 1836956.5
427.0 1540100.5
428.0 2143401.8
429.0 2137840.0
430.0 1921178.1
431.0 2403797.8
432.0 2430988.2
433.0 1879426.1
434.0 2291718.2
435.0 2620601.5
436.0 2411975.5
437.0 2466055.2
438.0 1999121.8
439.0 2155684.8
440.0 2094030.1
441.0 1742725.1
442.0 1406196.5
443.0 1285620.8
444.0 1540848.0
445.0 1648386.0
446.0 1928588.9
447.0 1659950.5
448.0 1652758.1
449.0 2089901.4
450.0 2446348.5
451.0 2495066.0
452.0 2735665.0
453.0 2692173.8
454.0 2357886.0
455.0 1917483.0
456.0 1738513.6
457.0 1530691.0
458.0 1627716.5
459.0 2126310.2
460.0 2391800.5
461.0 2086708.5
462.0 2375006.2
463.0 2880672.0
464.0 3117158.8
465.0 2987473.8
466.0 3265697.8
467.0 3174217.0
468.0 2397858.5
469.0 2375753.2
470.0 2537438.8
471.0 2853121.2
472.0 2904246.0
473.0 2866426.2
474.0 2702390.0
475.0 2287503.0
476.0 1897839.0
477.0 1960183.6
478.0 1675771.2
479.0 1527419.4
480.0 1643021.2
481.0 1874591.4
482.0 1716074.8
483.0 1119042.0
484.0 824185.0
485.0 788381.1
486.0 1027249.4
487.0 1233225.9
488.0 651204.94
489.0 902140.06
490.0 1389812.8
491.0 1129167.8
492.0 1061272.6
493.0 1098832.1
494.0 1311596.9
495.0 1188735.5
496.0 1696437.4
497.0 2055295.5
498.0 1845740.6
499.0 1509713.5
500.0 1596873.9
501.0 1756527.4
502.0 1906762.5
503.0 2090154.5
504.0 2129547.0
505.0 2444436.8
506.0 2460552.2
507.0 2088092.4
508.0 2124352.2
509.0 2111909.2
510.0 1906605.5
511.0 1793156.0
512.0 1769936.1
513.0 1675742.5
514.0 1849861.1
515.0 1658971.0
516.0 1479176.0
517.0 1431462.6
518.0 1430969.0
519.0 1386998.8
520.0 1296944.6
521.0 1297078.9
522.0 1659543.5
523.0 1479241.4
524.0 1464022.5
525.0 1553303.5
526.0 1568929.8
527.0 1447561.1
528.0 1445286.4
529.0 1614887.0
530.0 1766327.6
531.0 1959466.2
532.0 2020161.2
533.0 2568048.8
534.0 2650865.5
535.0 2838769.8
536.0 3037176.2
537.0 3073905.5
538.0 3126162.5
539.0 3079141.2
540.0 3111007.8
541.0 2612882.2
542.0 2152428.2
543.0 1978840.1
544.0 2025228.9
545.0 1926827.8
546.0 2090525.0
547.0 1631154.8
548.0 1567811.4
549.0 1611619.4
550.0 1716646.4
551.0 1648765.0
552.0 1621725.0
553.0 1729510.2
554.0 2123521.5
555.0 2254723.8
556.0 2145824.8
557.0 2488620.5
558.0 2553627.2
559.0 2501768.5
560.0 2115758.2
561.0 1814350.1
562.0 1760195.8
563.0 1489085.8
564.0 1240561.8
565.0 1375608.5
566.0 1631814.9
567.0 1319843.0
568.0 1519833.6
569.0 1481320.6
570.0 1735530.2
571.0 1963590.1
572.0 1868803.8
573.0 1544460.0
574.0 1533925.1
575.0 1482020.1
576.0 1252166.4
577.0 1296201.5
578.0 1501845.1
579.0 1877548.8
580.0 1779153.6
581.0 1854611.9
582.0 1711797.6
583.0 1505662.0
584.0 1523948.6
585.0 1648504.0
586.0 1837531.5
587.0 1820469.9
588.0 1774685.1
589.0 1614717.5
590.0 1500326.0
591.0 1417627.0
592.0 1415114.5
593.0 1295369.8
594.0 1344016.2
595.0 1424223.2
596.0 1408771.0
597.0 1412310.0
598.0 1297179.2
599.0 1810040.0
600.0 1531865.1
601.0 1414476.0
602.0 1642283.8
603.0 1867397.4
604.0 1325201.4
605.0 1443559.8
606.0 1717379.9
607.0 1691027.4
608.0 1368285.6
609.0 1664118.8
610.0 1804396.8
611.0 1604347.6
612.0 1817874.0
613.0 1963444.2
614.0 1379657.8
615.0 1388140.1
616.0 1427486.0
617.0 1371493.5
618.0 1407536.8
619.0 1393969.2
620.0 1516563.9
621.0 1679516.5
622.0 1211666.5
623.0 1203931.4
624.0 1066361.4
625.0 1468184.2
626.0 1714716.4
627.0 1610287.6
628.0 1677271.0
629.0 1821558.6
630.0 1562020.6
631.0 1269217.8
632.0 1617201.1
633.0 1594426.9
634.0 1816066.0
635.0 1373663.8
636.0 1255440.8
637.0 1396490.0
638.0 1390636.5
639.0 1793197.8
640.0 1675391.2
641.0 1940590.0
642.0 1933864.9
643.0 1804995.1
644.0 1850251.8
645.0 1445866.0
646.0 1319135.1
647.0 1184936.9
648.0 1390107.2
649.0 1535466.5
650.0 1500528.5
651.0 1630296.8
652.0 1676084.5
653.0 1790408.6
654.0 1645546.9
655.0 1279216.1
656.0 1103582.8
657.0 1226901.1
658.0 1271856.8
659.0 1302136.2
660.0 1506658.9
661.0 1573071.5
662.0 1338939.9
663.0 1305651.6
664.0 1520931.9
665.0 1874810.1
666.0 1736668.0
667.0 1633424.2
668.0 1660846.2
669.0 1719840.6
670.0 1830874.8
671.0 1930359.0
672.0 1938396.1
673.0 1747791.4
674.0 2116198.5
675.0 2199270.8
676.0 2014275.0
677.0 1352640.5
678.0 1337058.0
679.0 1631860.2
680.0 1298760.8
681.0 1635330.5
682.0 1525703.6
683.0 1512984.2
684.0 1796658.1
685.0 1654713.9
686.0 1831836.2
687.0 1800824.4
688.0 1770562.0
689.0 1720312.5
690.0 1894183.6
691.0 1995947.5
692.0 1813886.4
693.0 1709384.2
694.0 1392751.8
695.0 1603353.2
696.0 1484844.4
697.0 1659170.8
698.0 1544438.8
699.0 1494515.0
700.0 1475442.5
701.0 1610741.1
702.0 1252234.0
703.0 1343871.2
704.0 1256745.2
705.0 1312288.0
706.0 1292933.5
707.0 1202486.8
708.0 1349236.4
709.0 1290363.9
710.0 1310579.5
711.0 1268393.0
712.0 1099779.9
713.0 1230507.2
714.0 1423406.5
715.0 1575478.1
716.0 1446101.9
717.0 1381611.2
718.0 1219652.2
719.0 997490.0
720.0 1208179.4
721.0 1674521.9
722.0 1754628.9
723.0 1669914.8
724.0 1472887.5
725.0 1483863.9
726.0 1401664.4
727.0 1777651.1
728.0 1746099.5
729.0 1416755.2
730.0 1582937.4
731.0 1442568.8
732.0 1434380.2
733.0 1412083.2
734.0 1379123.6
735.0 1169501.1
736.0 1325694.2
737.0 1394430.6
738.0 1323149.5
739.0 1568016.9
740.0 1719417.6
741.0 2096127.6
742.0 1928176.9
743.0 1677875.1
744.0 2457027.5
745.0 2366228.5
746.0 2679896.2
747.0 2248330.5
748.0 2064999.5
749.0 1917965.6
750.0 1607720.6
751.0 1772864.0
752.0 1817223.5
753.0 1506583.1
754.0 1463561.8
755.0 1437912.0
756.0 1638523.8
757.0 1556873.8
758.0 1531944.9
759.0 1377099.5
760.0 1124541.0
761.0 1194137.4
762.0 1242959.5
763.0 1331875.2
764.0 1228039.6
765.0 978758.75
766.0 1197824.0
767.0 1213503.0
768.0 1191150.1
769.0 1327557.2
770.0 1490426.8
771.0 1469111.1
772.0 1328008.8
773.0 1441546.1
774.0 1616150.6
775.0 1832832.4
776.0 1668393.9
777.0 1574668.2
778.0 1468829.8
779.0 1473870.6
780.0 1481094.4
781.0 1221827.4
782.0 1409966.5
783.0 1439386.2
784.0 1066947.5
785.0 1065935.5
786.0 1112075.0
787.0 1372314.0
788.0 1785518.2
789.0 1537291.8
790.0 1328622.0
791.0 1558809.2
792.0 1823744.4
793.0 1652745.2
794.0 1833536.4
795.0 2053516.4
796.0 2566293.2
797.0 2614844.8
798.0 2538933.5
799.0 2714007.0
800.0 2702851.2
801.0 2505383.0
802.0 2356568.0
803.0 2138969.5
804.0 1771342.0
805.0 1798253.9
806.0 1483555.1
807.0 1690644.5
808.0 1571587.6
809.0 1488921.1
810.0 1164835.4
811.0 1408306.8
812.0 1409860.8
813.0 1474538.1
814.0 1267383.6
815.0 1501318.8
816.0 1534502.5
817.0 1723429.4
818.0 1799754.8
819.0 1681579.8
820.0 1514048.8
821.0 1529733.6
822.0 1650156.4
823.0 2031976.8
824.0 2067034.0
825.0 2063168.5
826.0 1677491.4
827.0 1344585.1
828.0 1349803.6
829.0 1655984.8
830.0 1408629.4
831.0 1435107.2
832.0 1350121.9
833.0 1443713.5
834.0 1578020.1
835.0 1302629.0
836.0 1235301.1
837.0 1248857.4
838.0 1312817.0
839.0 1408849.8
840.0 1813773.1
841.0 1608956.8
842.0 1621869.4
843.0 1534166.5
844.0 1611086.0
845.0 1492375.6
846.0 1488222.5
847.0 1732288.0
848.0 1366339.8
849.0 1394655.5
850.0 1495687.2
851.0 1842057.4
852.0 1768889.8
853.0 1911099.9
854.0 1499589.9
855.0 1746312.5
856.0 1399776.4
857.0 1186943.2
858.0 1153634.0
859.0 1483812.0
860.0 1748316.8
861.0 1803173.6
862.0 1959914.5
863.0 1635600.5
864.0 1642632.4
865.0 1363109.0
866.0 1478551.8
867.0 1579648.8
868.0 1365446.9
869.0 1429026.2
870.0 1575117.0
871.0 1904066.2
872.0 1739210.8
873.0 1550125.0
874.0 1372769.2
875.0 1532301.2
876.0 1592391.0
877.0 1694753.1
878.0 1583798.9
879.0 1660717.6
880.0 1856228.8
881.0 1587557.8
882.0 1554965.0
883.0 1744006.4
884.0 1579873.9
885.0 1539595.5
886.0 1843999.9
887.0 1936423.2
888.0 1973635.1
889.0 1773572.2
890.0 1719056.0
891.0 1954642.8
892.0 2194934.2
893.0 1975994.8
894.0 1790741.5
895.0 2034671.0
896.0 1779941.8
897.0 1822076.9
898.0 1601735.0
899.0 1699694.8
900.0 1857511.0
901.0 1801263.8
902.0 2446105.8
903.0 2296799.2
904.0 2457334.0
905.0 2197947.2
906.0 2075728.2
907.0 2211792.2
908.0 2210784.0
909.0 2371122.5
910.0 2644170.2
911.0 2595748.8
912.0 2334410.5
913.0 2438249.0
914.0 2730274.0
915.0 2600027.2
916.0 2701855.2
917.0 2689817.8
918.0 2660732.5
919.0 2791939.0
920.0 2747717.2
921.0 2769524.0
922.0 2904545.2
923.0 2911230.2
924.0 2826309.8
925.0 2419001.5
926.0 2583081.0
927.0 3354142.8
928.0 3445197.8
929.0 3447941.5
930.0 2913526.5
931.0 2836166.5
932.0 3098046.0
933.0 2923146.2
934.0 3408527.2
935.0 3210192.8
936.0 2916090.2
937.0 3130499.8
938.0 3201718.8
939.0 3103285.2
940.0 3309551.2
941.0 3188781.5
942.0 3375109.8
943.0 3226988.8
944.0 3187205.2
945.0 2860531.5
946.0 2904450.0
947.0 3221814.8
948.0 2910503.0
949.0 3133902.2
950.0 3614073.0
951.0 3153627.8
952.0 2786642.2
953.0 2996205.2
954.0 2976028.8
955.0 2870912.5
956.0 3082987.8
957.0 3469727.5
958.0 3494046.0
959.0 3414101.0
960.0 3467498.5
961.0 3457295.2
962.0 3811864.5
963.0 3654896.2
964.0 3824340.2
965.0 4395626.5
966.0 4206384.0
967.0 4144346.2
968.0 4776698.5
969.0 4777948.5
970.0 4973184.5
971.0 5378756.0
972.0 5531103.0
973.0 5136923.5
974.0 4981563.5
975.0 5047642.5
976.0 5154262.0
977.0 4713385.5
978.0 4666265.0
979.0 5006919.0
980.0 5356869.5
981.0 5922524.0
982.0 6478602.5
983.0 7153406.0
984.0 8153011.0
985.0 9563351.0
986.0 10440314.0
987.0 11761688.0
988.0 12267646.0
989.0 12095729.0
990.0 12796510.0
991.0 12434069.0
992.0 11547388.0
993.0 10822214.0
994.0 9567006.0
995.0 9261357.0
996.0 9905007.0
997.0 9969483.0
998.0 9655458.0
999.0 9923265.0
1000.0 9939359.0
1001.0 10516878.0
1002.0 11478942.0
1003.0 12194789.0
1004.0 12140338.0
1005.0 13151700.0
1006.0 13872446.0
1007.0 13197548.0
1008.0 12242886.0
1009.0 11629636.0
1010.0 10836510.0
1011.0 10436462.0
1012.0 10233192.0
1013.0 9431409.0
1014.0 8458785.0
1015.0 7342876.0
1016.0 6300005.0
1017.0 5829242.5
1018.0 5218070.5
1019.0 4978233.0
1020.0 4909521.0
1021.0 4386839.0
1022.0 3687546.5
1023.0 3737478.8
1024.0 3881121.0
1025.0 4323834.0
1026.0 4786588.5
1027.0 4927435.5
1028.0 5811182.5
1029.0 6262056.0
1030.0 7218520.5
1031.0 8269159.5
1032.0 9762396.0
1033.0 10814351.0
1034.0 12034498.0
1035.0 14120984.0
1036.0 14725499.0
1037.0 15708408.0
1038.0 16272441.0
1039.0 16024669.0
1040.0 14807032.0
1041.0 14836186.0
1042.0 13994574.0
1043.0 13311852.0
1044.0 13651860.0
1045.0 14220221.0
1046.0 14630698.0
1047.0 14741700.0
1048.0 14726288.0
1049.0 16063254.0
1050.0 16688426.0
1051.0 17013270.0
1052.0 18658194.0
1053.0 19269464.0
1054.0 20627116.0
1055.0 22794632.0
1056.0 28235544.0
1057.0 36900636.0
1058.0 49595764.0
1059.0 66491860.0
1060.0 87397580.0
1061.0 111862460.0
1062.0 133760610.0
1063.0 149766000.0
1064.0 159195250.0
1065.0 154063890.0
1066.0 131689710.0
1067.0 96738290.0
1068.0 63487260.0
1069.0 39616556.0
1070.0 27257204.0
1071.0 21211532.0
1072.0 17956904.0
1073.0 14813729.0
1074.0 12005260.0
1075.0 10122280.0
1076.0 8202393.0
1077.0 6959292.0
1078.0 5935112.0
1079.0 5474469.0
1080.0 5045499.0
1081.0 4757908.5
1082.0 5907408.0
1083.0 6540514.0
1084.0 6912935.5
1085.0 6941315.5
1086.0 6754162.0
1087.0 7602278.0
1088.0 8480782.0
1089.0 8668842.0
1090.0 9314465.0
1091.0 9480321.0
1092.0 9718981.0
1093.0 8974949.0
1094.0 8090088.0
1095.0 7172773.0
1096.0 6675548.0
1097.0 7104551.0
1098.0 7902299.5
1099.0 9622788.0
1100.0 11750222.0
1101.0 13656534.0
1102.0 17615688.0
1103.0 23428004.0
1104.0 31741898.0
1105.0 43787690.0
1106.0 62124436.0
1107.0 81694700.0
1108.0 104014160.0
1109.0 123436520.0
1110.0 132874300.0
1111.0 134618060.0
1112.0 126196950.0
1113.0 105700350.0
1114.0 76464930.0
1115.0 50677096.0
1116.0 32125992.0
1117.0 21696932.0
1118.0 16438598.0
1119.0 12867865.0
1120.0 10615624.0
1121.0 7997971.0
1122.0 6304759.5
1123.0 5222143.0
1124.0 4062807.8
1125.0 3330430.2
1126.0 3372997.2
1127.0 3707266.2
1128.0 3587986.5
1129.0 3213242.2
1130.0 2988927.0
1131.0 3367916.5
1132.0 3956367.5
1133.0 4133622.2
1134.0 4297651.0
1135.0 4659584.5
1136.0 4607008.0
1137.0 4450957.0
1138.0 4515778.5
1139.0 4558951.0
1140.0 4237227.0
1141.0 3698630.0
1142.0 3171696.5
1143.0 2655432.5
1144.0 2372827.0
1145.0 1983375.1
1146.0 2147127.0
1147.0 2056918.9
1148.0 2013072.8
1149.0 2297435.5
1150.0 2380038.0
1151.0 2445078.0
1152.0 2368482.0
1153.0 2256022.0
1154.0 2336369.0
1155.0 2300924.2
1156.0 2097657.0
1157.0 2456913.5
1158.0 2535971.2
1159.0 2290697.8
1160.0 2666814.5
1161.0 2526087.0
1162.0 2321280.0
1163.0 2731551.2
1164.0 2976718.0
1165.0 2690299.0
1166.0 2601183.8
1167.0 3096672.0
1168.0 3430938.8
1169.0 3237636.0
1170.0 3002609.0
1171.0 3335323.0
1172.0 3162767.8
1173.0 3045422.8
1174.0 3301296.5
1175.0 3395557.5
1176.0 3406859.0
1177.0 3423190.0
1178.0 3720329.5
1179.0 3674696.2
1180.0 3699317.5
1181.0 3737871.5
1182.0 4235924.0
1183.0 4661224.0
1184.0 4619650.0
1185.0 4822101.0
1186.0 4770237.0
1187.0 5087124.5
1188.0 5467689.5
1189.0 6300904.5
1190.0 6635522.5
1191.0 5943400.0
1192.0 6483109.0
1193.0 6380876.0
1194.0 6202233.0
1195.0 5745862.5
1196.0 5064869.0
1197.0 4825840.5
1198.0 5089602.5
1199.0 5272459.5
1200.0 4725115.5
1201.0 4230447.0
1202.0 4029439.0
1203.0 4573632.0
1204.0 4698803.0
1205.0 4417549.5
1206.0 4500937.5
1207.0 5207867.0
1208.0 5629000.0
1209.0 5710123.0
1210.0 6144985.5
1211.0 6665947.0
1212.0 7231237.0
1213.0 7922045.5
1214.0 8885578.0
1215.0 8270720.0
1216.0 8183783.0
1217.0 7476335.5
1218.0 6566116.0
1219.0 5743730.0
1220.0 5092584.0
1221.0 4983880.0
1222.0 5435960.5
1223.0 5946577.5
1224.0 5784074.0
1225.0 6335906.0
1226.0 6645904.0
1227.0 6810290.0
1228.0 7755111.0
1229.0 8941451.0
1230.0 9630067.0
1231.0 10155668.0
1232.0 10034619.0
1233.0 10338848.0
1234.0 12111601.0
1235.0 15096529.0
1236.0 18111506.0
1237.0 20600952.0
1238.0 23883782.0
1239.0 27134348.0
1240.0 30034038.0
1241.0 30800180.0
1242.0 30518632.0
1243.0 29554576.0
1244.0 25553848.0
1245.0 21016224.0
1246.0 17354836.0
1247.0 12753490.0
1248.0 8691726.0
1249.0 7473399.0
1250.0 7115105.5
1251.0 7230545.5
1252.0 7578342.0
1253.0 7308041.0
1254.0 7229859.5
1255.0 7513997.5
1256.0 7869998.0
1257.0 8950844.0
1258.0 10203997.0
1259.0 11230336.0
1260.0 13069749.0
1261.0 14933744.0
1262.0 17226792.0
1263.0 19330272.0
1264.0 21501344.0
1265.0 22961016.0
1266.0 23298992.0
1267.0 23299896.0
1268.0 22909222.0
1269.0 21066548.0
1270.0 18906026.0
1271.0 18580306.0
1272.0 19283218.0
1273.0 19217676.0
1274.0 19279650.0
1275.0 18933162.0
1276.0 17507758.0
1277.0 16146930.0
1278.0 14338112.0
1279.0 14440378.0
1280.0 15782528.0
1281.0 16478414.0
1282.0 16887584.0
1283.0 17642448.0
1284.0 19407422.0
1285.0 19149686.0
1286.0 18324512.0
1287.0 17538242.0
1288.0 15116626.0
1289.0 13957364.0
1290.0 14635508.0
1291.0 15171120.0
1292.0 14629589.0
1293.0 15075014.0
1294.0 16332998.0
1295.0 16491546.0
1296.0 17622324.0
1297.0 17938220.0
1298.0 18433112.0
1299.0 19403430.0
1300.0 20479218.0
1301.0 22031322.0
1302.0 24342862.0
1303.0 26700936.0
1304.0 28815850.0
1305.0 30416380.0
1306.0 34096876.0
1307.0 37770644.0
1308.0 39527176.0
1309.0 39900516.0
1310.0 40307356.0
1311.0 39584360.0
1312.0 38438590.0
1313.0 37757580.0
1314.0 38037396.0
1315.0 38778076.0
1316.0 39265020.0
1317.0 40521360.0
1318.0 40404996.0
1319.0 41471036.0
1320.0 41675210.0
1321.0 42937810.0
1322.0 44495110.0
1323.0 46570810.0
1324.0 49699060.0
1325.0 53710060.0
1326.0 57311280.0
1327.0 62189196.0
1328.0 67062396.0
1329.0 70269140.0
1330.0 74229730.0
1331.0 75468060.0
1332.0 77222420.0
1333.0 80068590.0
1334.0 81321280.0
1335.0 82148380.0
1336.0 80981240.0
1337.0 79495420.0
1338.0 79014200.0
1339.0 78996930.0
1340.0 76235570.0
1341.0 71553784.0
1342.0 65742356.0
1343.0 62360076.0
1344.0 61321530.0
1345.0 61137496.0
1346.0 60459370.0
1347.0 61335516.0
1348.0 61962040.0
1349.0 62679264.0
1350.0 65468264.0
1351.0 65647856.0
1352.0 66951936.0
1353.0 69700020.0
1354.0 73289670.0
1355.0 75085910.0
1356.0 74164490.0
1357.0 71882300.0
1358.0 70889700.0
1359.0 74226310.0
1360.0 80638500.0
1361.0 85995420.0
1362.0 95884910.0
1363.0 109165420.0
1364.0 125253690.0
1365.0 145739230.0
1366.0 170118820.0
1367.0 195565260.0
1368.0 216908580.0
1369.0 238993340.0
1370.0 256519180.0
1371.0 270323070.0
1372.0 279191870.0
1373.0 273449860.0
1374.0 254501470.0
1375.0 230704000.0
1376.0 203163620.0
1377.0 178606020.0
1378.0 159434140.0
1379.0 145562110.0
1380.0 135952740.0
1381.0 128583800.0
1382.0 121384390.0
1383.0 113077360.0
1384.0 105115300.0
1385.0 97252860.0
1386.0 91199660.0
1387.0 82332856.0
1388.0 74147624.0
1389.0 68766720.0
1390.0 62482630.0
1391.0 53023160.0
1392.0 48087820.0
1393.0 47459604.0
1394.0 46734856.0
1395.0 45978360.0
1396.0 48749184.0
1397.0 54814444.0
1398.0 61277400.0
1399.0 66943350.0
1400.0 73242100.0
1401.0 82937160.0
1402.0 92746010.0
1403.0 105320900.0
1404.0 122636250.0
1405.0 140261520.0
1406.0 161926580.0
1407.0 188247220.0
1408.0 217513860.0
1409.0 244767800.0
1410.0 271652770.0
1411.0 296717700.0
1412.0 320162500.0
1413.0 336533380.0
1414.0 341520670.0
1415.0 336807970.0
1416.0 317615870.0
1417.0 281490800.0
1418.0 228759120.0
1419.0 171491400.0
1420.0 121397820.0
1421.0 85411620.0
1422.0 61472200.0
1423.0 48755160.0
1424.0 39754092.0
1425.0 33608584.0
1426.0 27514302.0
1427.0 23038692.0
1428.0 19905318.0
1429.0 16187602.0
1430.0 14065388.0
1431.0 12518898.0
1432.0 13336420.0
1433.0 13256308.0
1434.0 12274886.0
1435.0 11328594.0
1436.0 10957088.0
1437.0 11108510.0
1438.0 10795924.0
1439.0 10996770.0
1440.0 11687076.0
1441.0 12066499.0
1442.0 12289634.0
1443.0 12771978.0
1444.0 12075126.0
1445.0 12493322.0
1446.0 13566104.0
1447.0 15036632.0
1448.0 16018461.0
1449.0 17128198.0
1450.0 17820930.0
1451.0 18695398.0
1452.0 19269562.0
1453.0 21502668.0
1454.0 21382690.0
1455.0 22259224.0
1456.0 23287338.0
1457.0 23875650.0
1458.0 24837662.0
1459.0 26425076.0
1460.0 26460644.0
1461.0 25878282.0
1462.0 26729104.0
1463.0 26397902.0
1464.0 26359438.0
1465.0 25565792.0
1466.0 25457198.0
1467.0 25358428.0
1468.0 26126258.0
1469.0 26135836.0
1470.0 26649060.0
1471.0 25652570.0
1472.0 25943978.0
1473.0 26936792.0
1474.0 25703916.0
1475.0 25328070.0
1476.0 24210838.0
1477.0 24507902.0
1478.0 24594516.0
1479.0 26096038.0
1480.0 27751044.0
1481.0 28185796.0
1482.0 31484568.0
1483.0 33746668.0
1484.0 36995090.0
1485.0 43349490.0
1486.0 49093230.0
1487.0 54738424.0
1488.0 58474596.0
1489.0 61706720.0
1490.0 66232164.0
1491.0 70987370.0
1492.0 73051070.0
1493.0 74701440.0
1494.0 74884776.0
1495.0 72842504.0
1496.0 69188960.0
1497.0 66283644.0
1498.0 66534864.0
1499.0 64432916.0
1500.0 60310016.0
1501.0 54161124.0
1502.0 48070576.0
1503.0 40066670.0
1504.0 35850548.0
1505.0 32772480.0
1506.0 33226248.0
1507.0 34975476.0
1508.0 37843584.0
1509.0 39289660.0
1510.0 39793610.0
1511.0 42452736.0
1512.0 45093144.0
1513.0 49177550.0
1514.0 50899476.0
1515.0 53425704.0
1516.0 58291270.0
1517.0 62232224.0
1518.0 65961904.0
1519.0 72625780.0
1520.0 76851530.0
1521.0 81019760.0
1522.0 84899410.0
1523.0 88314330.0
1524.0 90853130.0
1525.0 93131250.0
1526.0 95662350.0
1527.0 98505000.0
1528.0 98605690.0
1529.0 97666240.0
1530.0 95276170.0
1531.0 88700000.0
1532.0 77119940.0
1533.0 65004960.0
1534.0 54349700.0
1535.0 43648430.0
1536.0 37510140.0
1537.0 31477682.0
1538.0 28713336.0
1539.0 29274278.0
1540.0 29740852.0
1541.0 31015392.0
1542.0 35247556.0
1543.0 37993940.0
1544.0 40994564.0
1545.0 44747780.0
1546.0 47540830.0
1547.0 53078760.0
1548.0 60755456.0
1549.0 66901440.0
1550.0 71458380.0
1551.0 76561944.0
1552.0 82999460.0
1553.0 84328060.0
1554.0 87557310.0
1555.0 92791680.0
1556.0 96320550.0
1557.0 101602480.0
1558.0 107524930.0
1559.0 106414470.0
1560.0 99802720.0
1561.0 89327800.0
1562.0 74466690.0
1563.0 63706830.0
1564.0 56056540.0
1565.0 51789480.0
1566.0 51926040.0
1567.0 53838564.0
1568.0 54758544.0
1569.0 53821240.0
1570.0 53308616.0
1571.0 52153470.0
1572.0 49307120.0
1573.0 47071470.0
1574.0 42966084.0
1575.0 38586744.0
1576.0 32865350.0
1577.0 26964428.0
1578.0 22086480.0
1579.0 18362516.0
1580.0 17503400.0
1581.0 19095538.0
1582.0 19488580.0
1583.0 19650320.0
1584.0 19537104.0
1585.0 20964902.0
1586.0 22088822.0
1587.0 21570012.0
1588.0 21061624.0
1589.0 20859098.0
1590.0 21365598.0
1591.0 20952294.0
1592.0 21338348.0
1593.0 21609552.0
1594.0 20863352.0
1595.0 19835520.0
1596.0 19004582.0
1597.0 18352584.0
1598.0 18489902.0
1599.0 19590392.0
1600.0 20265754.0
1601.0 21985268.0
1602.0 22434218.0
1603.0 22731044.0
1604.0 23072990.0
1605.0 25524616.0
1606.0 27489244.0
1607.0 29134576.0
1608.0 30583070.0
1609.0 34176296.0
1610.0 36877856.0
1611.0 38273812.0
1612.0 40916776.0
1613.0 46710720.0
1614.0 52821156.0
1615.0 55845000.0
1616.0 60632340.0
1617.0 64756824.0
1618.0 67488110.0
1619.0 68764480.0
1620.0 70850620.0
1621.0 74650630.0
1622.0 79086630.0
1623.0 83329810.0
1624.0 86617730.0
1625.0 87960080.0
1626.0 88028340.0
1627.0 85968270.0
1628.0 78725120.0
1629.0 66111100.0
1630.0 52300870.0
1631.0 39309924.0
1632.0 29099856.0
1633.0 22663242.0
1634.0 20163992.0
1635.0 17377804.0
1636.0 16228255.0
1637.0 15215199.0
1638.0 14693122.0
1639.0 14618750.0
1640.0 14294260.0
1641.0 14918636.0
1642.0 15129080.0
1643.0 15561456.0
1644.0 16584306.0
1645.0 16674360.0
1646.0 15827265.0
1647.0 16076059.0
1648.0 15774358.0
1649.0 15509526.0
1650.0 15184402.0
1651.0 14431244.0
1652.0 14514475.0
1653.0 14959730.0
1654.0 14707281.0
1655.0 13820302.0
1656.0 13286251.0
1657.0 12734096.0
1658.0 12243182.0
1659.0 11948524.0
1660.0 12045618.0
1661.0 11412541.0
1662.0 10562904.0
1663.0 11272686.0
1664.0 10723836.0
1665.0 10011750.0
1666.0 11078721.0
1667.0 12145324.0
1668.0 13087364.0
1669.0 14196771.0
1670.0 15298258.0
1671.0 14040834.0
1672.0 14467949.0
1673.0 15619324.0
1674.0 16856182.0
1675.0 17808342.0
1676.0 19015772.0
1677.0 19262230.0
1678.0 19474916.0
1679.0 20555122.0
1680.0 20504292.0
1681.0 19666838.0
1682.0 19124236.0
1683.0 18942544.0
1684.0 18705372.0
1685.0 17391488.0
1686.0 16135722.0
1687.0 16288451.0
1688.0 17193812.0
1689.0 17296044.0
1690.0 18958012.0
1691.0 21242318.0
1692.0 21640848.0
1693.0 21105652.0
1694.0 20397042.0
1695.0 20837888.0
1696.0 21131352.0
1697.0 21502044.0
1698.0 21784288.0
1699.0 23336598.0
1700.0 24448958.0
1701.0 25921500.0
1702.0 24512758.0
1703.0 23451918.0
1704.0 23285368.0
1705.0 21680458.0
1706.0 20265382.0
1707.0 19536568.0
1708.0 20181912.0
1709.0 20944548.0
1710.0 20672904.0
1711.0 18956192.0
1712.0 19188912.0
1713.0 19985638.0
1714.0 18830978.0
1715.0 16558609.0
1716.0 14985908.0
1717.0 14008512.0
1718.0 13861840.0
1719.0 12490645.0
1720.0 11326396.0
1721.0 9727817.0
1722.0 7120426.0
1723.0 5659182.0
1724.0 4685919.5
1725.0 4058018.8
1726.0 3967879.0
1727.0 3953896.2
1728.0 3805625.0
1729.0 3751107.0
1730.0 4074252.0
1731.0 3971336.5
1732.0 4131345.0
1733.0 4873205.5
1734.0 5231011.0
1735.0 5174644.0
1736.0 5030146.0
1737.0 5394609.0
1738.0 5358892.5
1739.0 6615839.5
1740.0 7086718.0
1741.0 6907690.0
1742.0 6563036.0
1743.0 6306215.5
1744.0 6134369.0
1745.0 5896465.0
1746.0 5724967.0
1747.0 5652194.0
1748.0 5834694.0
1749.0 5867975.0
1750.0 5863290.5
1751.0 5313936.0
1752.0 5035736.0
1753.0 4990719.5
1754.0 4802238.0
1755.0 4380899.0
1756.0 4437154.5
1757.0 5198298.0
1758.0 5563455.5
1759.0 5290660.0
1760.0 5828789.0
1761.0 6579653.0
1762.0 7385750.5
1763.0 7830524.5
1764.0 8070729.5
1765.0 7739949.0
1766.0 8354669.0
1767.0 8739479.0
1768.0 8495623.0
1769.0 8022577.5
1770.0 7659017.0
1771.0 7574291.0
1772.0 7665180.5
1773.0 7244005.5
1774.0 7554015.0
1775.0 7538131.0
1776.0 7213791.0
1777.0 6878349.5
1778.0 6830922.0
1779.0 6827923.0
1780.0 6259692.0
1781.0 5117044.5
1782.0 5234925.5
1783.0 4844746.0
1784.0 4545087.0
1785.0 4969645.5
1786.0 5318102.0
1787.0 5558345.5
1788.0 6111884.5
1789.0 6200875.5
1790.0 6709315.0
1791.0 6419361.0
1792.0 6693594.0
1793.0 6260643.0
1794.0 6600214.5
1795.0 6843883.0
1796.0 7043996.0
1797.0 7451732.5
1798.0 7497570.5
1799.0 7696360.0
1800.0 8449585.0
1801.0 8834831.0
1802.0 8357618.0
1803.0 7259748.0
1804.0 7137606.0
1805.0 7414878.0
1806.0 7574849.5
1807.0 6578715.0
1808.0 5727452.5
1809.0 5316959.0
1810.0 5468445.5
1811.0 5553857.5
1812.0 5441584.5
1813.0 4794297.0
1814.0 4042552.8
1815.0 3632772.2
1816.0 3649752.8
1817.0 3557192.8
1818.0 3756120.5
1819.0 4085482.8
1820.0 4650438.0
1821.0 5261892.5
1822.0 5456430.0
1823.0 5838922.0
1824.0 5966472.5
1825.0 6554488.0
1826.0 6557475.0
1827.0 7127124.5
1828.0 7138134.0
1829.0 8337650.0
1830.0 8819451.0
1831.0 8705954.0
1832.0 9004478.0
1833.0 9276695.0
1834.0 9933592.0
1835.0 10312820.0
1836.0 10248086.0
1837.0 9064814.0
1838.0 7768077.5
1839.0 7377787.0
1840.0 7153122.5
1841.0 7582170.0
1842.0 8342637.5
1843.0 8943778.0
1844.0 9016070.0
1845.0 9898359.0
1846.0 11006526.0
1847.0 11197109.0
1848.0 11703406.0
1849.0 12478896.0
1850.0 13003115.0
1851.0 13514720.0
1852.0 14193430.0
1853.0 14105370.0
1854.0 13238889.0
1855.0 12826712.0
1856.0 12711144.0
1857.0 12961730.0
1858.0 13430739.0
1859.0 13038305.0
1860.0 11832790.0
1861.0 11168778.0
1862.0 10532265.0
1863.0 10155559.0
1864.0 9898418.0
1865.0 9580204.0
1866.0 9112469.0
1867.0 8614333.0
1868.0 7770217.5
1869.0 7472153.0
1870.0 7666334.5
1871.0 8612536.0
1872.0 9182500.0
1873.0 8898468.0
1874.0 9353635.0
1875.0 10828620.0
1876.0 10922732.0
1877.0 10574444.0
1878.0 11645178.0
1879.0 11970498.0
1880.0 11533619.0
1881.0 10617501.0
1882.0 10342625.0
1883.0 11192094.0
1884.0 10479246.0
1885.0 9187239.0
1886.0 7923806.0
1887.0 7752270.5
1888.0 7212824.0
1889.0 6523947.0
1890.0 6010638.0
1891.0 5671819.0
1892.0 5645003.0
1893.0 6088092.0
1894.0 6212989.5
1895.0 6128157.0
1896.0 6734751.0
1897.0 8589146.0
1898.0 9495799.0
1899.0 9994008.0
1900.0 10567475.0
1901.0 12929309.0
1902.0 14230632.0
1903.0 15796244.0
1904.0 16974606.0
1905.0 18565176.0
1906.0 20417936.0
1907.0 20897052.0
1908.0 21629782.0
1909.0 22317960.0
1910.0 23679200.0
1911.0 24236836.0
1912.0 23517970.0
1913.0 22437596.0
1914.0 20676610.0
1915.0 18154876.0
1916.0 13566172.0
1917.0 9550208.0
1918.0 7455310.5
1919.0 6612088.0
1920.0 6585987.0
1921.0 6241755.5
1922.0 6046127.0
1923.0 7027657.5
1924.0 7578268.0
1925.0 8313786.0
1926.0 9131130.0
1927.0 9041338.0
1928.0 10444435.0
1929.0 11359715.0
1930.0 12894962.0
1931.0 15119811.0
1932.0 15522091.0
1933.0 16521748.0
1934.0 18775092.0
1935.0 20142754.0
1936.0 20324848.0
1937.0 21671524.0
1938.0 21378664.0
1939.0 19921738.0
1940.0 17300124.0
1941.0 14031259.0
1942.0 9696098.0
1943.0 6935962.5
1944.0 5289642.0
1945.0 3586126.2
1946.0 2896866.2
1947.0 3040623.5
1948.0 2753142.2
1949.0 2433285.0
1950.0 1985175.5
1951.0 1632440.5
1952.0 1536219.2
1953.0 1457474.2
1954.0 1548345.0
1955.0 1577400.1
1956.0 1293622.5
1957.0 1100881.1
1958.0 1199932.4
1959.0 1657067.6
1960.0 1611031.0
1961.0 1288990.2
1962.0 1211060.8
1963.0 1377151.2
1964.0 1403662.5
1965.0 1192670.4
1966.0 1380244.8
1967.0 1433200.2
1968.0 1407969.8
1969.0 1444937.0
1970.0 1445238.8
1971.0 1392380.1
1972.0 1185283.2
1973.0 1594826.4
1974.0 1781230.0
1975.0 1493411.9
1976.0 1563372.6
1977.0 1671482.8
1978.0 1471812.5
1979.0 1494073.0
1980.0 1568066.2
1981.0 1584154.0
1982.0 1654514.4
1983.0 1924922.4
1984.0 1818332.8
1985.0 2024196.0
1986.0 2147216.5
1987.0 2161439.0
1988.0 2300769.0
1989.0 2115772.5
1990.0 1942002.8
1991.0 1925201.0
1992.0 2597682.8
1993.0 2471312.8
1994.0 2472836.0
1995.0 2187454.0
1996.0 2428029.0
1997.0 2154463.2
1998.0 1632709.0
1999.0 1861821.1
2000.0 2246223.5
2001.0 2417955.2
2002.0 1953061.2
2003.0 2113000.0
2004.0 1942390.0
2005.0 1456491.1
2006.0 1893150.0
2007.0 2316626.5
2008.0 2107129.8
2009.0 2243205.2
2010.0 2348992.2
2011.0 2283287.5
2012.0 2304810.2
2013.0 2574913.5
2014.0 2683342.0
2015.0 2817809.5
2016.0 2551106.0
2017.0 2070281.4
2018.0 2087874.5
2019.0 2387219.2
2020.0 2669721.0
2021.0 1371495.8
2022.0 -316090.5
2023.0 -1667140.1
2024.0 -3593209.8
2025.0 -5073659.0
2026.0 -6653400.5
2027.0 -8703058.0
2028.0 -10511610.0
2029.0 -12171418.0
2030.0 -13615424.0
2031.0 -15613522.0
2032.0 -18023442.0
2033.0 -19353778.0
2034.0 -21504470.0
2035.0 -23932568.0
2036.0 -25905684.0
2037.0 -28252580.0
2038.0 -30100404.0
2039.0 0.0
2040.0 0.0
2041.0 0.0
2042.0 0.0
2043.0 0.0
2044.0 0.0
2045.0 0.0
2046.0 0.0
2047.0 0.0
