string
0.0 1744889.2
1.0 1766958.5
2.0 1967570.1
3.0 1667557.5
4.0 1767428.8
5.0 1948422.0
6.0 2398849.0
7.0 2449744.2
8.0 2110804.0
9.0 1957593.5
10.0 1843643.5
11.0 1735915.5
12.0 2209899.8
13.0 2447307.0
14.0 2575721.0
15.0 2289700.8
16.0 2067376.0
17.0 2064758.0
18.0 2193137.8
19.0 2043654.8
20.0 2135883.0
21.0 1966013.5
22.0 2059546.0
23.0 2297969.2
24.0 1871389.2
25.0 2096859.8
26.0 1956030.0
27.0 1778008.0
28.0 1791044.0
29.0 1952463.9
30.0 2240939.5
31.0 1988558.2
32.0 2198456.5
33.0 2588713.8
34.0 2543002.5
35.0 2723537.2
36.0 2063219.8
37.0 1744640.5
38.0 2078022.6
39.0 2824218.8
40.0 3138178.0
41.0 3420158.5
42.0 3247382.8
43.0 2933888.0
44.0 2738592.5
45.0 2802213.0
46.0 2275109.8
47.0 2157865.2
48.0 2233469.8
49.0 2032543.6
50.0 1621422.5
51.0 1889953.9
52.0 2035026.4
53.0 1797939.8
54.0 2097614.8
55.0 2180002.2
56.0 2132302.0
57.0 2176546.2
58.0 2192619.0
59.0 2258103.8
60.0 2807888.0
61.0 2558248.0
62.0 2916091.2
63.0 2904123.5
64.0 2932378.5
65.0 2752017.0
66.0 2386061.5
67.0 2609976.8
68.0 2697050.0
69.0 2384311.0
70.0 2580266.5
71.0 3147565.0
72.0 3073211.2
73.0 2824793.5
74.0 3121458.0
75.0 3018996.2
76.0 3246576.0
77.0 3736503.8
78.0 3715308.5
79.0 3452148.0
80.0 3851086.0
81.0 4371785.5
82.0 4218420.5
83.0 4520642.5
84.0 4243561.5
85.0 3829521.2
86.0 3811174.0
87.0 3254835.5
88.0 2661949.8
89.0 2850638.8
90.0 3500391.2
91.0 3575304.0
92.0 3559360.0
93.0 3626568.8
94.0 4330255.5
95.0 4548149.0
96.0 5025053.0
97.0 5921472.0
98.0 5980808.0
99.0 5549135.5
100.0 4941334.5
101.0 3023816.0
102.0 2001651.5
103.0 2023131.9
104.0 1933677.2
105.0 1584018.0
106.0 1746597.0
107.0 2033743.2
108.0 1874454.8
109.0 1733954.5
110.0 1720633.1
111.0 1837576.1
112.0 1631484.9
113.0 1862973.9
114.0 2198943.5
115.0 2063501.2
116.0 2424815.2
117.0 2801615.5
118.0 2729399.8
119.0 3484594.8
120.0 4555452.5
121.0 4858058.0
122.0 5242226.0
123.0 6342310.0
124.0 6679719.5
125.0 5704311.0
126.0 5925677.5
127.0 6078773.0
128.0 5036864.0
129.0 4981588.5
130.0 5058494.5
131.0 5055575.0
132.0 4272195.5
133.0 3996801.2
134.0 3141470.2
135.0 2126287.8
136.0 1283552.4
137.0 1209359.2
138.0 1070341.8
139.0 1027696.3
140.0 833443.0
141.0 1040932.6
142.0 1119971.5
143.0 768192.75
144.0 624686.7
145.0 767636.3
146.0 894890.1
147.0 941703.4
148.0 700604.7
149.0 872659.1
150.0 984348.6
151.0 905768.5
152.0 1324539.2
153.0 1611996.9
154.0 1615916.1
155.0 2211254.0
156.0 3233320.5
157.0 4026436.2
158.0 5013685.5
159.0 5453515.5
160.0 5728092.0
161.0 5022375.0
162.0 4689608.0
163.0 3780204.8
164.0 3489772.8
165.0 3145868.0
166.0 3302133.5
167.0 3630798.5
168.0 3468674.5
169.0 3487827.5
170.0 4012874.8
171.0 4713929.5
172.0 4607037.0
173.0 3784309.5
174.0 3190135.2
175.0 2999421.2
176.0 3711337.2
177.0 5786540.5
178.0 7114160.5
179.0 8925778.0
180.0 10105979.0
181.0 12157718.0
182.0 14010175.0
183.0 13863395.0
184.0 11814080.0
185.0 8936976.0
186.0 6439380.0
187.0 5131710.0
188.0 4736398.5
189.0 3334870.0
190.0 2527029.5
191.0 2142052.2
192.0 1737423.2
193.0 1651632.2
194.0 1505774.0
195.0 1386385.2
196.0 1521166.4
197.0 1727393.8
198.0 1498607.0
199.0 1039439.7
200.0 1022157.0
201.0 930535.6
202.0 1146493.0
203.0 1142412.0
204.0 1334543.5
205.0 1455639.8
206.0 1254424.5
207.0 1199051.8
208.0 1351000.2
209.0 1525314.0
210.0 1530987.2
211.0 1585591.1
212.0 1517524.2
213.0 1733772.8
214.0 2268789.8
215.0 3882435.0
216.0 4878469.5
217.0 5948409.0
218.0 7445734.5
219.0 9103937.0
220.0 10168005.0
221.0 9773071.0
222.0 8200637.5
223.0 6319055.0
224.0 4765822.0
225.0 3834347.5
226.0 3156333.0
227.0 2598389.5
228.0 2535171.0
229.0 2270480.0
230.0 2297911.0
231.0 2107691.8
232.0 2206030.0
233.0 1845549.8
234.0 1295439.0
235.0 1209048.1
236.0 1229775.2
237.0 1058218.4
238.0 958013.06
239.0 712280.75
240.0 464253.12
241.0 887144.94
242.0 1305306.2
243.0 1278456.2
244.0 1396988.8
245.0 1705440.2
246.0 2438060.0
247.0 3029183.0
248.0 3865101.0
249.0 4683171.0
250.0 5417197.0
251.0 5651368.0
252.0 5735911.0
253.0 6534036.0
254.0 6103220.0
255.0 5842080.0
256.0 4155975.5
257.0 2977408.0
258.0 2115584.8
259.0 2051320.0
260.0 1647815.8
261.0 1371750.6
262.0 1347060.8
263.0 1199136.8
264.0 1110729.9
265.0 1152349.1
266.0 904417.5
267.0 779858.1
268.0 847217.2
269.0 926774.3
270.0 1034615.1
271.0 961466.2
272.0 825948.5
273.0 1135324.1
274.0 1210929.0
275.0 1366990.0
276.0 1105664.2
277.0 997570.9
278.0 1191679.0
279.0 1495078.6
280.0 1295063.4
281.0 1263306.0
282.0 1165105.0
283.0 850928.44
284.0 851246.0
285.0 841419.25
286.0 859068.06
287.0 1005220.4
288.0 1173177.0
289.0 1082452.8
290.0 1101819.6
291.0 1236635.2
292.0 1154710.5
293.0 1106683.5
294.0 1203159.9
295.0 1174335.8
296.0 1099288.9
297.0 1021487.1
298.0 971617.9
299.0 1284401.8
300.0 1236800.2
301.0 1372642.5
302.0 1537470.8
303.0 1462434.8
304.0 1617601.5
305.0 1566565.0
306.0 1486655.6
307.0 1582901.8
308.0 1602362.2
309.0 1398160.8
310.0 1397266.9
311.0 1190003.2
312.0 1271093.2
313.0 1032704.6
314.0 1679894.0
315.0 2128823.5
316.0 1980773.1
317.0 1779244.5
318.0 1759813.8
319.0 2041064.4
320.0 2267888.2
321.0 2539982.0
322.0 2598603.5
323.0 2441632.8
324.0 2506737.8
325.0 2535692.2
326.0 2735396.0
327.0 3362691.2
328.0 4015011.5
329.0 4204526.5
330.0 4763670.5
331.0 5814422.0
332.0 6293310.5
333.0 6010392.0
334.0 5643271.0
335.0 4755036.5
336.0 3860213.8
337.0 3154486.2
338.0 2475667.2
339.0 2031784.9
340.0 2191919.0
341.0 1954819.0
342.0 1615512.8
343.0 1727411.4
344.0 1603862.2
345.0 1521513.9
346.0 1417579.9
347.0 1463866.1
348.0 1379129.4
349.0 1147203.6
350.0 1038552.2
351.0 977471.75
352.0 997357.75
353.0 869741.3
354.0 900486.6
355.0 1101572.9
356.0 1310803.5
357.0 1591868.0
358.0 1661477.4
359.0 1733719.9
360.0 2092810.2
361.0 2247778.0
362.0 1861318.1
363.0 1598181.4
364.0 1852087.5
365.0 2600811.8
366.0 3018582.0
367.0 3296415.0
368.0 3590805.5
369.0 4032144.8
370.0 3639592.5
371.0 2668384.0
372.0 2277412.0
373.0 1951143.0
374.0 1902138.0
375.0 1466161.4
376.0 1510868.5
377.0 1802925.2
378.0 1734245.1
379.0 1347625.8
380.0 1480029.4
381.0 1157356.0
382.0 1080631.4
383.0 1176550.0
384.0 1477805.2
385.0 1550350.1
386.0 1606598.2
387.0 1347863.5
388.0 1530206.5
389.0 1454860.2
390.0 1181564.4
391.0 1420403.2
392.0 1729629.2
393.0 1591141.8
394.0 1705843.1
395.0 2379207.8
396.0 2651428.5
397.0 2686549.0
398.0 2789167.0
399.0 2752052.2
400.0 2268885.2
401.0 2093765.2
402.0 1809115.0
403.0 2065090.6
404.0 2218683.0
405.0 2010747.2
406.0 1602940.5
407.0 2004337.8
408.0 2166433.5
409.0 2120473.5
410.0 2295701.2
411.0 2419094.5
412.0 2152441.0
413.0 2039559.4
414.0 2319623.2
415.0 2811501.2
416.0 2929485.0
417.0 3052037.8
418.0 3151117.0
419.0 3190978.0
420.0 3248122.2
421.0 2468063.5
422.0 1972497.2
423.0 1627470.8
424.0 1818531.8
425.0 1814130.0
426.0 1589507.8
427.0 1196665.5
428.0 1472913.0
429.0 1655174.9
430.0 1854117.6
431.0 1909749.4
432.0 1901515.2
433.0 1962386.5
434.0 1776672.0
435.0 1931886.0
436.0 1964630.5
437.0 1937305.5
438.0 1815226.9
439.0 1668388.9
440.0 1684088.0
441.0 1494485.0
442.0 1456248.2
443.0 1517990.5
444.0 1330738.5
445.0 1160939.9
446.0 1519138.2
447.0 1718006.9
448.0 1705650.6
449.0 1921065.8
450.0 1971756.2
451.0 2063712.0
452.0 2122534.0
453.0 2244732.0
454.0 2329615.0
455.0 2005060.1
456.0 1836228.6
457.0 1618718.1
458.0 1334506.1
459.0 1447271.1
460.0 1588951.5
461.0 1604495.6
462.0 1936098.0
463.0 2092634.4
464.0 2104721.2
465.0 1918555.5
466.0 2284730.2
467.0 1787691.0
468.0 1638925.5
469.0 1559945.2
470.0 1712097.5
471.0 1769143.2
472.0 1887359.0
473.0 2071923.6
474.0 2130712.0
475.0 1838129.8
476.0 1748621.2
477.0 1356081.8
478.0 1516105.0
479.0 1344782.2
480.0 1201264.9
481.0 1356201.0
482.0 1161329.0
483.0 1046084.5
484.0 1072565.2
485.0 832589.6
486.0 798932.2
487.0 965657.6
488.0 1153812.2
489.0 1180622.9
490.0 1414056.9
491.0 1242155.2
492.0 1024836.5
493.0 1071104.1
494.0 1272850.0
495.0 1420843.5
496.0 1516494.5
497.0 1240657.6
498.0 1216322.4
499.0 1318744.2
500.0 1406056.4
501.0 1727708.1
502.0 1945882.0
503.0 1887622.4
504.0 1676963.6
505.0 1864329.5
506.0 2275775.2
507.0 2050455.2
508.0 1876056.4
509.0 1855681.9
510.0 1805701.4
511.0 1475931.2
512.0 1554424.8
513.0 1651312.6
514.0 1811086.9
515.0 1652138.1
516.0 1376424.5
517.0 1000949.4
518.0 1116293.6
519.0 837341.3
520.0 1029051.25
521.0 1361373.8
522.0 1222029.1
523.0 1039450.06
524.0 951196.94
525.0 1259546.8
526.0 974729.1
527.0 1069646.2
528.0 1181168.9
529.0 1470637.6
530.0 1331895.6
531.0 1340907.8
532.0 1513112.4
533.0 1780830.1
534.0 2024123.0
535.0 2059139.4
536.0 2157794.0
537.0 2392683.8
538.0 3015921.5
539.0 2994787.2
540.0 2467719.0
541.0 1638517.8
542.0 1468564.8
543.0 1381004.4
544.0 1217312.2
545.0 1405139.0
546.0 1792646.8
547.0 1796516.0
548.0 1486245.2
549.0 1561400.6
550.0 1692531.2
551.0 1311115.2
552.0 1168265.4
553.0 1074859.0
554.0 1219658.6
555.0 1781419.8
556.0 2085738.2
557.0 1447751.8
558.0 1507157.0
559.0 2023265.5
560.0 1976030.0
561.0 1653077.8
562.0 1550915.1
563.0 1362462.6
564.0 1335923.9
565.0 1146390.4
566.0 1248100.8
567.0 1416790.8
568.0 1163113.5
569.0 998221.75
570.0 1207005.9
571.0 960798.5
572.0 889736.56
573.0 843311.4
574.0 1023666.2
575.0 1149858.6
576.0 1373763.6
577.0 1479411.2
578.0 1534846.8
579.0 1302370.8
580.0 1711499.5
581.0 1970493.5
582.0 1628351.5
583.0 1704009.9
584.0 1746106.4
585.0 1408767.2
586.0 1409046.5
587.0 1390847.0
588.0 1615314.5
589.0 1828619.2
590.0 1747986.2
591.0 1383363.9
592.0 1394010.6
593.0 1544239.0
594.0 1313739.4
595.0 1576469.8
596.0 1213794.9
597.0 1020776.9
598.0 1052073.6
599.0 1442266.8
600.0 1723002.0
601.0 1560630.0
602.0 1362500.8
603.0 1245307.4
604.0 1285985.6
605.0 1355749.4
606.0 1233138.1
607.0 985368.2
608.0 1069542.2
609.0 1547085.1
610.0 1872508.0
611.0 1639819.9
612.0 1625696.5
613.0 1677333.8
614.0 1262916.6
615.0 1301048.9
616.0 1302274.2
617.0 1102996.5
618.0 1057697.0
619.0 1338301.4
620.0 1436861.9
621.0 1265944.5
622.0 1321954.4
623.0 1668688.2
624.0 1394341.2
625.0 1346488.6
626.0 1388890.2
627.0 1562279.0
628.0 1262931.5
629.0 967276.3
630.0 1415246.9
631.0 1606384.8
632.0 1571669.2
633.0 1252450.0
634.0 1054286.0
635.0 1430368.1
636.0 1253340.8
637.0 1252990.4
638.0 1420275.8
639.0 1296705.5
640.0 1401660.8
641.0 1580595.6
642.0 1533925.1
643.0 1395636.8
644.0 1464207.8
645.0 1378636.9
646.0 1110498.0
647.0 1162916.6
648.0 1370234.5
649.0 1181609.8
650.0 1189467.9
651.0 1473215.8
652.0 1493252.8
653.0 1486250.6
654.0 1398816.9
655.0 1525375.0
656.0 1654868.6
657.0 1545871.5
658.0 1792858.9
659.0 1557211.8
660.0 1477192.8
661.0 1424569.9
662.0 1412378.9
663.0 1371484.9
664.0 1280857.4
665.0 1282360.4
666.0 1357555.0
667.0 1470428.5
668.0 1346846.1
669.0 1233231.1
670.0 1492847.6
671.0 1551880.8
672.0 1624974.8
673.0 1613390.8
674.0 1613617.6
675.0 2021889.4
676.0 1879391.1
677.0 2076309.9
678.0 1624494.2
679.0 1131083.9
680.0 1016067.5
681.0 995913.25
682.0 1059065.0
683.0 1213463.2
684.0 1399351.8
685.0 1324593.1
686.0 1424713.6
687.0 1468046.5
688.0 1368405.8
689.0 1515023.6
690.0 1400381.1
691.0 1410133.2
692.0 1150643.4
693.0 1102681.0
694.0 1130159.8
695.0 1370825.6
696.0 1578011.9
697.0 1566362.0
698.0 1385954.4
699.0 1296980.5
700.0 1337326.0
701.0 1325637.4
702.0 1250334.8
703.0 1029115.9
704.0 870455.9
705.0 1214424.8
706.0 1336909.5
707.0 1244013.0
708.0 1160209.4
709.0 1126457.6
710.0 769527.9
711.0 995308.06
712.0 1010421.25
713.0 918061.6
714.0 966521.5
715.0 968339.9
716.0 1137549.9
717.0 1350481.4
718.0 1449818.9
719.0 1201703.5
720.0 1134186.8
721.0 1266364.0
722.0 1327824.4
723.0 1260208.8
724.0 1179390.1
725.0 1324944.8
726.0 1470157.4
727.0 1156008.6
728.0 1118401.0
729.0 1171513.5
730.0 1542443.9
731.0 1213591.4
732.0 1057503.6
733.0 1056710.1
734.0 932530.06
735.0 1045196.6
736.0 1068825.8
737.0 1166539.4
738.0 1460946.2
739.0 1198145.2
740.0 1384776.9
741.0 1312298.8
742.0 1463394.5
743.0 1460698.9
744.0 1531649.0
745.0 1353884.8
746.0 1223890.5
747.0 1567363.8
748.0 1537353.1
749.0 1759242.8
750.0 2134200.8
751.0 1904081.4
752.0 1766933.1
753.0 1562643.5
754.0 1475414.5
755.0 1307520.2
756.0 1148541.0
757.0 1231707.4
758.0 1073929.4
759.0 1143526.5
760.0 1242049.2
761.0 1063558.8
762.0 1265583.5
763.0 1249803.5
764.0 1419029.0
765.0 1276476.8
766.0 1100646.8
767.0 1272000.5
768.0 1384240.0
769.0 1056215.5
770.0 991520.9
771.0 982414.3
772.0 1067722.8
773.0 1640428.0
774.0 1731920.6
775.0 1263050.4
776.0 1213902.8
777.0 1448797.4
778.0 1200446.6
779.0 1060997.0
780.0 821888.0
781.0 1294555.1
782.0 1470585.0
783.0 1435794.4
784.0 1426958.0
785.0 1351351.8
786.0 1475592.6
787.0 1428039.2
788.0 1202994.4
789.0 1254874.8
790.0 1266816.4
791.0 1103448.2
792.0 1353372.2
793.0 1412896.5
794.0 1727093.1
795.0 1977005.5
796.0 1849651.4
797.0 1628883.6
798.0 1545038.2
799.0 1732549.8
800.0 1757942.4
801.0 1912883.2
802.0 1748124.2
803.0 1776114.5
804.0 1522337.0
805.0 1558680.8
806.0 1859605.0
807.0 1826186.4
808.0 1456680.8
809.0 1487177.8
810.0 1325923.9
811.0 1195259.2
812.0 1156682.6
813.0 1204079.1
814.0 1308493.2
815.0 1102990.6
816.0 1380468.8
817.0 1688633.9
818.0 1501776.1
819.0 1104266.5
820.0 1204303.2
821.0 1788549.0
822.0 1627781.1
823.0 1401825.2
824.0 1471344.4
825.0 1452794.8
826.0 1613059.0
827.0 1554846.9
828.0 1261782.2
829.0 1053486.8
830.0 1159010.4
831.0 1057549.4
832.0 1112441.2
833.0 1205717.5
834.0 1158466.8
835.0 1350059.2
836.0 1160375.8
837.0 1274537.6
838.0 1515008.8
839.0 1415936.5
840.0 1537566.0
841.0 1186976.5
842.0 1257663.0
843.0 1614147.4
844.0 1637321.2
845.0 1619685.5
846.0 1400978.1
847.0 1223627.8
848.0 1249401.9
849.0 1594449.5
850.0 1380099.2
851.0 1323601.9
852.0 1508786.8
853.0 1654981.1
854.0 1651716.4
855.0 1567332.6
856.0 1573747.0
857.0 1683163.2
858.0 1703495.5
859.0 1264280.8
860.0 1364322.6
861.0 1265658.5
862.0 1711302.4
863.0 1737027.5
864.0 1365956.9
865.0 1388196.2
866.0 1635027.6
867.0 1409745.6
868.0 1418141.4
869.0 1826294.4
870.0 1626268.6
871.0 1623621.5
872.0 1561970.6
873.0 1652573.5
874.0 1498958.9
875.0 1565257.6
876.0 1421737.8
877.0 1481528.1
878.0 1519745.0
879.0 1759306.4
880.0 1523164.5
881.0 1426685.5
882.0 1638670.5
883.0 1741173.9
884.0 1802985.1
885.0 1479972.5
886.0 1492276.0
887.0 1696362.5
888.0 1577084.2
889.0 1629045.0
890.0 1644541.5
891.0 1775721.5
892.0 1637491.8
893.0 1756226.9
894.0 1603075.0
895.0 1586944.4
896.0 1933420.6
897.0 2109143.0
898.0 1980575.8
899.0 1695618.9
900.0 1668343.5
901.0 1654627.8
902.0 1687638.6
903.0 1770011.0
904.0 2011044.0
905.0 1862662.5
906.0 1773400.2
907.0 1810869.0
908.0 1799320.8
909.0 1783379.5
910.0 1896202.4
911.0 2038827.5
912.0 2190326.5
913.0 2121477.2
914.0 2521711.2
915.0 2642619.0
916.0 2727287.8
917.0 2057544.0
918.0 2077503.8
919.0 2215939.5
920.0 2609890.2
921.0 2600941.0
922.0 2185830.5
923.0 2181148.0
924.0 2359056.5
925.0 2687173.5
926.0 2623237.0
927.0 2240750.5
928.0 2508265.2
929.0 2821695.0
930.0 2653427.2
931.0 2415745.5
932.0 2455299.5
933.0 2690411.5
934.0 2689551.2
935.0 3140674.0
936.0 3095621.2
937.0 2988541.0
938.0 3005777.8
939.0 2891809.8
940.0 2595114.8
941.0 2934071.5
942.0 3175180.5
943.0 2903444.8
944.0 2295602.5
945.0 2716884.0
946.0 3091463.0
947.0 2802766.0
948.0 2529752.2
949.0 2645626.0
950.0 2827668.8
951.0 2787823.0
952.0 2954059.0
953.0 3049587.5
954.0 2941556.5
955.0 2940592.5
956.0 3004130.2
957.0 2892595.2
958.0 2833604.5
959.0 2790633.8
960.0 3237971.5
961.0 3707179.0
962.0 3707874.5
963.0 3480265.5
964.0 3578381.0
965.0 3631458.5
966.0 2880816.0
967.0 3079696.0
968.0 3722796.0
969.0 3511242.8
970.0 3447029.0
971.0 3942544.5
972.0 4190160.5
973.0 4109166.2
974.0 4245145.0
975.0 4378029.0
976.0 4906823.0
977.0 4430957.0
978.0 4280074.0
979.0 4448956.0
980.0 4537123.5
981.0 4721181.5
982.0 5027156.5
983.0 5245709.0
984.0 5956340.0
985.0 6126988.0
986.0 7454259.0
987.0 9170352.0
988.0 10473810.0
989.0 10945315.0
990.0 10866169.0
991.0 10812541.0
992.0 10575944.0
993.0 10065401.0
994.0 9060871.0
995.0 8162262.0
996.0 8103256.0
997.0 8952846.0
998.0 8429774.0
999.0 7806123.0
1000.0 7844198.0
1001.0 8139360.5
1002.0 8329965.0
1003.0 9198339.0
1004.0 10288790.0
1005.0 11040126.0
1006.0 11525881.0
1007.0 11205591.0
1008.0 11376006.0
1009.0 11081136.0
1010.0 10403926.0
1011.0 10092916.0
1012.0 9580045.0
1013.0 9252169.0
1014.0 8500735.0
1015.0 7685000.0
1016.0 6691675.0
1017.0 6141395.5
1018.0 5465567.5
1019.0 4823952.5
1020.0 4725973.0
1021.0 4218143.0
1022.0 4167807.8
1023.0 4409605.0
1024.0 4286002.0
1025.0 3614680.5
1026.0 3684664.8
1027.0 3966087.8
1028.0 4294286.0
1029.0 5116804.5
1030.0 5231959.0
1031.0 6057766.0
1032.0 6995126.0
1033.0 8018503.0
1034.0 9049537.0
1035.0 10553025.0
1036.0 11783544.0
1037.0 13515241.0
1038.0 13408301.0
1039.0 13200632.0
1040.0 13449030.0
1041.0 13402968.0
1042.0 13099561.0
1043.0 12167098.0
1044.0 11327015.0
1045.0 10994708.0
1046.0 11025261.0
1047.0 11225701.0
1048.0 12197971.0
1049.0 13128700.0
1050.0 13926216.0
1051.0 14248055.0
1052.0 15667561.0
1053.0 17015616.0
1054.0 17057378.0
1055.0 16584041.0
1056.0 17783726.0
1057.0 22961998.0
1058.0 29869350.0
1059.0 39709924.0
1060.0 53593290.0
1061.0 70701060.0
1062.0 90296390.0
1063.0 107900530.0
1064.0 123641600.0
1065.0 132036080.0
1066.0 127629560.0
1067.0 109542550.0
1068.0 84619590.0
1069.0 58471140.0
1070.0 38088636.0
1071.0 27846052.0
1072.0 21695784.0
1073.0 18848200.0
1074.0 16276978.0
1075.0 13601675.0
1076.0 10908594.0
1077.0 8702414.0
1078.0 7287679.0
1079.0 5867553.0
1080.0 5540725.5
1081.0 5330524.5
1082.0 4454476.5
1083.0 4208360.5
1084.0 4475544.5
1085.0 4811228.0
1086.0 5337331.0
1087.0 5433135.0
1088.0 5701327.0
1089.0 6364735.5
1090.0 6996133.0
1091.0 7916044.0
1092.0 7887603.0
1093.0 7797310.0
1094.0 7840327.5
1095.0 7257149.0
1096.0 7042190.5
1097.0 6820395.0
1098.0 6925960.5
1099.0 7162767.0
1100.0 7776155.0
1101.0 9492554.0
1102.0 11214550.0
1103.0 13441404.0
1104.0 17621360.0
1105.0 23867322.0
1106.0 34449464.0
1107.0 48757940.0
1108.0 65395536.0
1109.0 82558330.0
1110.0 97391630.0
1111.0 106513040.0
1112.0 109425080.0
1113.0 101635230.0
1114.0 84960410.0
1115.0 62694764.0
1116.0 40229850.0
1117.0 26366620.0
1118.0 20119888.0
1119.0 16659304.0
1120.0 14410148.0
1121.0 11378960.0
1122.0 9046461.0
1123.0 7419902.0
1124.0 6060295.0
1125.0 4833323.0
1126.0 4411969.0
1127.0 3946916.5
1128.0 3200217.5
1129.0 2931583.5
1130.0 2880360.2
1131.0 2691395.2
1132.0 2654859.0
1133.0 2631506.5
1134.0 2872530.0
1135.0 3532352.2
1136.0 4102078.5
1137.0 4134860.0
1138.0 4110627.2
1139.0 4112593.0
1140.0 4761298.5
1141.0 4190355.2
1142.0 3616897.2
1143.0 2988637.2
1144.0 2502302.8
1145.0 2531745.5
1146.0 2534448.0
1147.0 2507957.2
1148.0 2272022.0
1149.0 2251262.0
1150.0 2357109.0
1151.0 2137794.0
1152.0 1769858.2
1153.0 1836244.0
1154.0 2012891.5
1155.0 1942198.5
1156.0 2035124.9
1157.0 2249416.8
1158.0 2121020.5
1159.0 2050700.8
1160.0 2378068.2
1161.0 2362819.5
1162.0 2348644.0
1163.0 2186229.5
1164.0 2211127.5
1165.0 2211213.0
1166.0 2544679.8
1167.0 2811395.0
1168.0 2598394.8
1169.0 2781861.5
1170.0 2618966.5
1171.0 2842617.0
1172.0 2897417.8
1173.0 2694130.5
1174.0 2766676.2
1175.0 2864808.0
1176.0 3137157.0
1177.0 3058980.2
1178.0 2762872.0
1179.0 2538885.2
1180.0 2508843.5
1181.0 3139381.0
1182.0 3515299.0
1183.0 3596263.8
1184.0 3744608.8
1185.0 4075261.5
1186.0 4217701.5
1187.0 4013435.2
1188.0 3983087.5
1189.0 4294278.0
1190.0 4679324.5
1191.0 4910254.5
1192.0 5259919.5
1193.0 5607475.0
1194.0 5038181.0
1195.0 4765869.0
1196.0 4536166.0
1197.0 4229556.5
1198.0 3956589.8
1199.0 3879941.2
1200.0 3469742.2
1201.0 3212867.8
1202.0 3409728.8
1203.0 3918567.5
1204.0 3487270.0
1205.0 3438120.2
1206.0 3033996.5
1207.0 2926732.8
1208.0 3276080.2
1209.0 3318447.8
1210.0 3884369.0
1211.0 4853980.5
1212.0 5616347.5
1213.0 5759430.5
1214.0 6579627.0
1215.0 6918005.0
1216.0 6303965.5
1217.0 6119781.0
1218.0 5955099.0
1219.0 5263848.0
1220.0 4401387.0
1221.0 4192308.8
1222.0 4329905.5
1223.0 4054830.5
1224.0 3925051.2
1225.0 4182490.2
1226.0 4541567.0
1227.0 4757124.0
1228.0 4631395.5
1229.0 5494760.5
1230.0 6746258.0
1231.0 7345503.0
1232.0 7360272.5
1233.0 7587085.0
1234.0 8750998.0
1235.0 9678218.0
1236.0 10998660.0
1237.0 12406141.0
1238.0 14266906.0
1239.0 17465192.0
1240.0 20036792.0
1241.0 21155300.0
1242.0 23176720.0
1243.0 24420978.0
1244.0 22134882.0
1245.0 18675718.0
1246.0 14864062.0
1247.0 12338575.0
1248.0 9440513.0
1249.0 6882821.0
1250.0 6576490.0
1251.0 6977437.0
1252.0 6911890.5
1253.0 6719304.0
1254.0 6443319.5
1255.0 6324561.0
1256.0 6388463.0
1257.0 6848567.0
1258.0 7385257.0
1259.0 7906959.5
1260.0 8557788.0
1261.0 9360665.0
1262.0 10780071.0
1263.0 12114691.0
1264.0 14252794.0
1265.0 16146104.0
1266.0 17244178.0
1267.0 18212096.0
1268.0 19215948.0
1269.0 18697578.0
1270.0 17207528.0
1271.0 16367989.0
1272.0 16288818.0
1273.0 16048476.0
1274.0 16339751.0
1275.0 15687972.0
1276.0 14843784.0
1277.0 14360665.0
1278.0 13114328.0
1279.0 12247910.0
1280.0 12976739.0
1281.0 12907415.0
1282.0 13013224.0
1283.0 12762322.0
1284.0 13844395.0
1285.0 15615246.0
1286.0 15935431.0
1287.0 15438441.0
1288.0 14993610.0
1289.0 13591945.0
1290.0 13338436.0
1291.0 13098719.0
1292.0 13198876.0
1293.0 13311499.0
1294.0 13213129.0
1295.0 13340199.0
1296.0 14475036.0
1297.0 14215444.0
1298.0 14759309.0
1299.0 15054398.0
1300.0 16280266.0
1301.0 17224220.0
1302.0 18354568.0
1303.0 19514852.0
1304.0 21243762.0
1305.0 22529418.0
1306.0 24978972.0
1307.0 28358538.0
1308.0 31386722.0
1309.0 32439728.0
1310.0 32740584.0
1311.0 33173238.0
1312.0 32362320.0
1313.0 30942642.0
1314.0 31482962.0
1315.0 32178930.0
1316.0 33446918.0
1317.0 33489998.0
1318.0 33403858.0
1319.0 35212456.0
1320.0 36428588.0
1321.0 36792600.0
1322.0 37681744.0
1323.0 37216828.0
1324.0 39039984.0
1325.0 40865028.0
1326.0 44227616.0
1327.0 48728800.0
1328.0 51005956.0
1329.0 54883464.0
1330.0 58310350.0
1331.0 62676790.0
1332.0 64652416.0
1333.0 64917690.0
1334.0 65274960.0
1335.0 67555370.0
1336.0 69002930.0
1337.0 68802990.0
1338.0 68492820.0
1339.0 70028750.0
1340.0 69696540.0
1341.0 68499950.0
1342.0 63933056.0
1343.0 59152944.0
1344.0 55291290.0
1345.0 52926900.0
1346.0 50295110.0
1347.0 49237344.0
1348.0 50325764.0
1349.0 52564520.0
1350.0 53967220.0
1351.0 55881580.0
1352.0 56187656.0
1353.0 58624560.0
1354.0 61463624.0
1355.0 62695560.0
1356.0 62505600.0
1357.0 61411704.0
1358.0 60906216.0
1359.0 62738220.0
1360.0 65572336.0
1361.0 65217516.0
1362.0 69722020.0
1363.0 78716740.0
1364.0 89817980.0
1365.0 102654440.0
1366.0 115270980.0
1367.0 135061620.0
1368.0 156616770.0
1369.0 177464140.0
1370.0 197920420.0
1371.0 213588480.0
1372.0 225908560.0
1373.0 229861660.0
1374.0 226612140.0
1375.0 218168780.0
1376.0 198976400.0
1377.0 174509420.0
1378.0 154015420.0
1379.0 140210800.0
1380.0 130354740.0
1381.0 121061140.0
1382.0 112738500.0
1383.0 105951400.0
1384.0 99130420.0
1385.0 94865200.0
1386.0 89320080.0
1387.0 81839560.0
1388.0 76668420.0
1389.0 70199290.0
1390.0 62502400.0
1391.0 54115680.0
1392.0 48302120.0
1393.0 42641590.0
1394.0 38346690.0
1395.0 37464390.0
1396.0 38800040.0
1397.0 41008690.0
1398.0 45527300.0
1399.0 49629340.0
1400.0 54755480.0
1401.0 60881276.0
1402.0 65808424.0
1403.0 74157620.0
1404.0 84133690.0
1405.0 96856720.0
1406.0 112040980.0
1407.0 125714990.0
1408.0 147217500.0
1409.0 168558380.0
1410.0 190025920.0
1411.0 213812450.0
1412.0 239941620.0
1413.0 266555140.0
1414.0 287977800.0
1415.0 296466850.0
1416.0 293742940.0
1417.0 275533300.0
1418.0 241875620.0
1419.0 199770260.0
1420.0 152071410.0
1421.0 110531450.0
1422.0 80068450.0
1423.0 60251020.0
1424.0 47085224.0
1425.0 37624096.0
1426.0 31951756.0
1427.0 26668902.0
1428.0 23030698.0
1429.0 19761228.0
1430.0 16791324.0
1431.0 14348324.0
1432.0 12389660.0
1433.0 11024874.0
1434.0 10129788.0
1435.0 9401221.0
1436.0 9050341.0
1437.0 8282028.0
1438.0 8708165.0
1439.0 8700516.0
1440.0 8624119.0
1441.0 8665621.0
1442.0 8920021.0
1443.0 9121096.0
1444.0 8576131.0
1445.0 8661616.0
1446.0 9313496.0
1447.0 9805761.0
1448.0 10169109.0
1449.0 10383826.0
1450.0 11129275.0
1451.0 11984534.0
1452.0 13853179.0
1453.0 15283185.0
1454.0 15360008.0
1455.0 14805911.0
1456.0 15987852.0
1457.0 16667010.0
1458.0 17040162.0
1459.0 17827574.0
1460.0 17991592.0
1461.0 18945422.0
1462.0 19870666.0
1463.0 20481208.0
1464.0 21389940.0
1465.0 20167186.0
1466.0 18308028.0
1467.0 17856880.0
1468.0 19852374.0
1469.0 21693648.0
1470.0 20716598.0
1471.0 20007284.0
1472.0 21133118.0
1473.0 20942476.0
1474.0 19515488.0
1475.0 17908182.0
1476.0 17762352.0
1477.0 17834962.0
1478.0 18100436.0
1479.0 18303804.0
1480.0 18147988.0
1481.0 18657712.0
1482.0 19563838.0
1483.0 21749662.0
1484.0 24616764.0
1485.0 27223338.0
1486.0 30510756.0
1487.0 35132216.0
1488.0 39083900.0
1489.0 41912532.0
1490.0 45115644.0
1491.0 47774010.0
1492.0 50034010.0
1493.0 52576440.0
1494.0 55382090.0
1495.0 56089636.0
1496.0 55405796.0
1497.0 53507596.0
1498.0 50673730.0
1499.0 52182976.0
1500.0 50918510.0
1501.0 47502410.0
1502.0 41907176.0
1503.0 36581116.0
1504.0 30307488.0
1505.0 26072872.0
1506.0 24912380.0
1507.0 25072860.0
1508.0 26103704.0
1509.0 27073188.0
1510.0 27610202.0
1511.0 28660402.0
1512.0 29995944.0
1513.0 32018076.0
1514.0 34270744.0
1515.0 36572860.0
1516.0 38135864.0
1517.0 39431250.0
1518.0 43168360.0
1519.0 46405740.0
1520.0 49842290.0
1521.0 54288156.0
1522.0 59293500.0
1523.0 60482270.0
1524.0 61830140.0
1525.0 64485440.0
1526.0 67195050.0
1527.0 69503200.0
1528.0 73827330.0
1529.0 76244710.0
1530.0 75264110.0
1531.0 70181200.0
1532.0 65112936.0
1533.0 59034964.0
1534.0 50282930.0
1535.0 42596956.0
1536.0 36582896.0
1537.0 30568764.0
1538.0 24700060.0
1539.0 21709322.0
1540.0 20426822.0
1541.0 21479480.0
1542.0 23315012.0
1543.0 24707684.0
1544.0 27062072.0
1545.0 28971236.0
1546.0 31578020.0
1547.0 34272384.0
1548.0 38349444.0
1549.0 43470104.0
1550.0 48355480.0
1551.0 50596716.0
1552.0 53691856.0
1553.0 58399510.0
1554.0 62488100.0
1555.0 65840470.0
1556.0 67944930.0
1557.0 71946930.0
1558.0 76505336.0
1559.0 77832536.0
1560.0 77996010.0
1561.0 76149820.0
1562.0 69693860.0
1563.0 60065770.0
1564.0 50661030.0
1565.0 43735730.0
1566.0 39790444.0
1567.0 38315108.0
1568.0 39169316.0
1569.0 41461890.0
1570.0 42112380.0
1571.0 40985916.0
1572.0 40304936.0
1573.0 39765490.0
1574.0 37390150.0
1575.0 34491864.0
1576.0 30340524.0
1577.0 25929162.0
1578.0 21458378.0
1579.0 17350830.0
1580.0 16284975.0
1581.0 15015141.0
1582.0 14179529.0
1583.0 13925989.0
1584.0 14126058.0
1585.0 14476615.0
1586.0 16241746.0
1587.0 17050232.0
1588.0 16495319.0
1589.0 16991192.0
1590.0 17947624.0
1591.0 19064716.0
1592.0 17519220.0
1593.0 17474674.0
1594.0 17635072.0
1595.0 16212328.0
1596.0 15913752.0
1597.0 15936631.0
1598.0 14568936.0
1599.0 14374791.0
1600.0 15817609.0
1601.0 15563618.0
1602.0 14679724.0
1603.0 15229261.0
1604.0 15683601.0
1605.0 18110548.0
1606.0 19901336.0
1607.0 21798490.0
1608.0 23034800.0
1609.0 24178532.0
1610.0 26842844.0
1611.0 28709300.0
1612.0 30130412.0
1613.0 32487072.0
1614.0 36345956.0
1615.0 40051644.0
1616.0 42523150.0
1617.0 46075924.0
1618.0 48310480.0
1619.0 49003880.0
1620.0 50723440.0
1621.0 52363784.0
1622.0 56619960.0
1623.0 62377450.0
1624.0 67814880.0
1625.0 72417100.0
1626.0 74669700.0
1627.0 73999650.0
1628.0 69723780.0
1629.0 63380830.0
1630.0 55228576.0
1631.0 44373430.0
1632.0 33124722.0
1633.0 23828830.0
1634.0 19006416.0
1635.0 16597150.0
1636.0 15230212.0
1637.0 13390812.0
1638.0 12282961.0
1639.0 11709439.0
1640.0 10388006.0
1641.0 9541467.0
1642.0 9603991.0
1643.0 9565424.0
1644.0 9713912.0
1645.0 9618039.0
1646.0 10127164.0
1647.0 10941666.0
1648.0 10782920.0
1649.0 10588329.0
1650.0 9632554.0
1651.0 9865586.0
1652.0 10565574.0
1653.0 10138361.0
1654.0 9538070.0
1655.0 10565739.0
1656.0 9499421.0
1657.0 8941534.0
1658.0 8804692.0
1659.0 8568731.0
1660.0 8498805.0
1661.0 8284059.5
1662.0 8297554.0
1663.0 8020373.0
1664.0 8043690.0
1665.0 7777410.5
1666.0 7133972.5
1667.0 7380203.0
1668.0 8138372.5
1669.0 8415340.0
1670.0 8982438.0
1671.0 9805404.0
1672.0 10097787.0
1673.0 10180802.0
1674.0 10073644.0
1675.0 10934900.0
1676.0 11615222.0
1677.0 11532954.0
1678.0 12376236.0
1679.0 13812098.0
1680.0 14207956.0
1681.0 13942430.0
1682.0 14002482.0
1683.0 14323905.0
1684.0 14582052.0
1685.0 14330085.0
1686.0 13008706.0
1687.0 12182522.0
1688.0 11086124.0
1689.0 11077316.0
1690.0 11633499.0
1691.0 11890744.0
1692.0 13150676.0
1693.0 14916744.0
1694.0 14361410.0
1695.0 14073479.0
1696.0 14958965.0
1697.0 15134734.0
1698.0 14812906.0
1699.0 15441450.0
1700.0 16460100.0
1701.0 17207890.0
1702.0 17075418.0
1703.0 17175068.0
1704.0 17777292.0
1705.0 17643808.0
1706.0 15960154.0
1707.0 14476946.0
1708.0 14331630.0
1709.0 13943884.0
1710.0 13539210.0
1711.0 14007990.0
1712.0 13971600.0
1713.0 13458442.0
1714.0 14366361.0
1715.0 13828554.0
1716.0 12747129.0
1717.0 11669266.0
1718.0 10732012.0
1719.0 9888548.0
1720.0 10190724.0
1721.0 9247902.0
1722.0 7958540.5
1723.0 5703009.0
1724.0 4317885.5
1725.0 3763276.2
1726.0 3612972.5
1727.0 3241607.8
1728.0 3474264.5
1729.0 3356496.0
1730.0 2896002.0
1731.0 2810956.0
1732.0 2892069.8
1733.0 3401092.2
1734.0 3512794.8
1735.0 3743626.0
1736.0 3959752.8
1737.0 4160156.0
1738.0 4156533.0
1739.0 4599261.0
1740.0 4746887.0
1741.0 4722029.5
1742.0 4692907.5
1743.0 4753447.0
1744.0 4812153.0
1745.0 4922945.0
1746.0 4897014.5
1747.0 4531604.0
1748.0 4273966.0
1749.0 4102877.8
1750.0 4279848.0
1751.0 4118338.8
1752.0 3845844.5
1753.0 4152429.8
1754.0 3734977.8
1755.0 3407339.0
1756.0 3574022.5
1757.0 3371377.5
1758.0 3642116.5
1759.0 3629352.5
1760.0 3853195.5
1761.0 4264216.0
1762.0 4225139.5
1763.0 4775165.0
1764.0 5228147.0
1765.0 4989322.0
1766.0 5314774.5
1767.0 5460808.0
1768.0 5863778.0
1769.0 5952528.0
1770.0 5768665.0
1771.0 5590560.5
1772.0 6246399.0
1773.0 5646119.5
1774.0 5309479.5
1775.0 5237754.5
1776.0 5160630.5
1777.0 4607125.0
1778.0 4330877.0
1779.0 4819124.0
1780.0 4653846.0
1781.0 4645375.5
1782.0 4506402.0
1783.0 4487433.0
1784.0 4377653.5
1785.0 3886723.5
1786.0 4576123.5
1787.0 5054294.0
1788.0 4969984.0
1789.0 4065957.5
1790.0 3864340.2
1791.0 4321706.0
1792.0 4762425.5
1793.0 5380005.0
1794.0 5762650.5
1795.0 5120773.5
1796.0 4858283.0
1797.0 4761120.0
1798.0 5136634.0
1799.0 5608729.5
1800.0 5997509.0
1801.0 6424519.5
1802.0 6488760.0
1803.0 6107986.0
1804.0 6282762.0
1805.0 5825058.0
1806.0 5523277.0
1807.0 5713328.0
1808.0 5365623.0
1809.0 5206427.0
1810.0 5570410.0
1811.0 4632513.5
1812.0 3886691.5
1813.0 3613992.2
1814.0 3142330.5
1815.0 2600317.8
1816.0 2585320.2
1817.0 2876951.5
1818.0 3201239.5
1819.0 3334296.5
1820.0 3165086.5
1821.0 3036921.2
1822.0 3319666.2
1823.0 4144054.8
1824.0 4191848.5
1825.0 4285195.0
1826.0 4969344.0
1827.0 5373369.0
1828.0 5771241.0
1829.0 5947829.0
1830.0 6586727.5
1831.0 7066114.0
1832.0 7151017.0
1833.0 7521358.0
1834.0 7861800.0
1835.0 7751457.0
1836.0 8507274.0
1837.0 8780384.0
1838.0 8492948.0
1839.0 6960189.0
1840.0 5815059.0
1841.0 5756064.0
1842.0 6328577.5
1843.0 6710244.5
1844.0 6593559.0
1845.0 7096503.0
1846.0 7329377.0
1847.0 8045984.0
1848.0 8475268.0
1849.0 9554809.0
1850.0 10183762.0
1851.0 10388036.0
1852.0 10882780.0
1853.0 10807668.0
1854.0 10076626.0
1855.0 11690852.0
1856.0 12205411.0
1857.0 11536780.0
1858.0 12065181.0
1859.0 11696498.0
1860.0 11026762.0
1861.0 9831454.0
1862.0 8584998.0
1863.0 8212170.5
1864.0 8803530.0
1865.0 8824674.0
1866.0 8152574.0
1867.0 7136756.0
1868.0 6142305.5
1869.0 6513714.5
1870.0 6460315.5
1871.0 6603614.5
1872.0 7028420.0
1873.0 7840549.5
1874.0 7783956.0
1875.0 7578280.5
1876.0 7950345.5
1877.0 9022075.0
1878.0 9831027.0
1879.0 9277007.0
1880.0 9705347.0
1881.0 10677585.0
1882.0 9644490.0
1883.0 8708901.0
1884.0 8935238.0
1885.0 9339809.0
1886.0 8513935.0
1887.0 7757190.0
1888.0 7195940.0
1889.0 6858543.0
1890.0 6083879.5
1891.0 5752979.0
1892.0 5423989.5
1893.0 5156923.5
1894.0 5251102.0
1895.0 4829563.5
1896.0 4808941.0
1897.0 4406199.0
1898.0 4741977.0
1899.0 5749280.0
1900.0 7251985.0
1901.0 9437026.0
1902.0 10702524.0
1903.0 11335241.0
1904.0 12061624.0
1905.0 13474540.0
1906.0 13663751.0
1907.0 14860881.0
1908.0 17244114.0
1909.0 18116746.0
1910.0 18677362.0
1911.0 18866946.0
1912.0 19315554.0
1913.0 19499286.0
1914.0 19793576.0
1915.0 18172432.0
1916.0 15838894.0
1917.0 12427125.0
1918.0 9597779.0
1919.0 7020709.5
1920.0 6145907.0
1921.0 5544164.0
1922.0 5204934.0
1923.0 4932449.5
1924.0 5611253.0
1925.0 6532093.0
1926.0 7031885.5
1927.0 7266017.5
1928.0 8380014.5
1929.0 9498578.0
1930.0 10103744.0
1931.0 11063936.0
1932.0 12605058.0
1933.0 12900290.0
1934.0 12721315.0
1935.0 14415499.0
1936.0 16275151.0
1937.0 17473560.0
1938.0 17696194.0
1939.0 17589050.0
1940.0 16693571.0
1941.0 15308666.0
1942.0 14141772.0
1943.0 10608082.0
1944.0 7000764.0
1945.0 5427591.0
1946.0 4300624.5
1947.0 3569737.2
1948.0 3662099.5
1949.0 3167672.2
1950.0 2472854.0
1951.0 2077241.8
1952.0 1578710.8
1953.0 1387262.0
1954.0 1253852.5
1955.0 1500008.2
1956.0 1577580.6
1957.0 1673681.9
1958.0 1311380.8
1959.0 920010.25
1960.0 1237442.1
1961.0 1144170.1
1962.0 1426094.4
1963.0 1137359.8
1964.0 1335080.2
1965.0 1489107.4
1966.0 1440668.8
1967.0 1047229.7
1968.0 931363.0
1969.0 688406.9
1970.0 743288.6
1971.0 815852.9
1972.0 905253.44
1973.0 1178634.2
1974.0 1146811.8
1975.0 1484483.2
1976.0 1683656.5
1977.0 1530424.0
1978.0 1521154.4
1979.0 1385801.1
1980.0 1263072.9
1981.0 1326862.8
1982.0 1381276.0
1983.0 1480308.9
1984.0 1588507.2
1985.0 1521081.0
1986.0 1622201.9
1987.0 1756191.0
1988.0 2203942.2
1989.0 1752373.0
1990.0 1608396.8
1991.0 1216395.2
1992.0 1287905.8
1993.0 1482271.1
1994.0 1470529.4
1995.0 1605581.1
1996.0 1622291.9
1997.0 1626556.4
1998.0 1727631.9
1999.0 1753710.2
2000.0 2083419.8
2001.0 2127012.0
2002.0 1752590.2
2003.0 1656896.1
2004.0 1667220.0
2005.0 1826445.6
2006.0 1722793.2
2007.0 1714577.5
2008.0 1670099.5
2009.0 1673793.5
2010.0 2070943.9
2011.0 2179725.0
2012.0 2099596.5
2013.0 1972051.4
2014.0 1772884.2
2015.0 1943498.2
2016.0 1988752.8
2017.0 741356.4
2018.0 -609820.5
2019.0 -2007588.5
2020.0 -3992565.2
2021.0 -6233245.5
2022.0 -7897811.0
2023.0 -9784092.0
2024.0 -11374162.0
2025.0 -12696505.0
2026.0 -14631692.0
2027.0 -16744621.0
2028.0 -18740754.0
2029.0 -20541968.0
2030.0 -22243972.0
2031.0 -24322076.0
2032.0 -26300512.0
2033.0 -28381688.0
2034.0 -30100404.0
2035.0 0.0
2036.0 0.0
2037.0 0.0
2038.0 0.0
2039.0 0.0
2040.0 0.0
2041.0 0.0
2042.0 0.0
2043.0 0.0
2044.0 0.0
2045.0 0.0
2046.0 0.0
2047.0 0.0
