string
0.0 1557804.4
1.0 1393293.9
2.0 1397092.0
3.0 1119056.0
4.0 1630609.2
5.0 1539408.9
6.0 1447245.2
7.0 1511004.5
8.0 1363576.1
9.0 1663233.0
10.0 2077495.0
11.0 2377986.8
12.0 2027038.8
13.0 1625049.5
14.0 1778517.8
15.0 1985730.0
16.0 1793772.0
17.0 1851080.6
18.0 2141112.0
19.0 1692785.6
20.0 1973563.5
21.0 1811363.1
22.0 1752035.1
23.0 1636561.1
24.0 1471038.0
25.0 1597568.9
26.0 1507570.8
27.0 1568936.2
28.0 1861178.6
29.0 2184025.8
30.0 1979145.2
31.0 1954373.5
32.0 1980343.1
33.0 2017966.0
34.0 1809717.2
35.0 1744698.6
36.0 1696919.8
37.0 1524441.0
38.0 2160469.0
39.0 2669963.0
40.0 2131764.0
41.0 2194559.5
42.0 2468608.5
43.0 2227527.0
44.0 2702194.5
45.0 2602352.2
46.0 2587726.2
47.0 2351428.8
48.0 1831521.1
49.0 1808772.4
50.0 1513003.8
51.0 1181239.2
52.0 1333999.2
53.0 1298977.8
54.0 1504173.5
55.0 1622014.4
56.0 1459361.2
57.0 1485848.6
58.0 1603916.0
59.0 1436117.0
60.0 2218574.8
61.0 2681005.5
62.0 3064952.0
63.0 3369135.0
64.0 3215747.0
65.0 2788966.0
66.0 2879842.5
67.0 2678291.2
68.0 2391845.2
69.0 1881398.6
70.0 1952390.8
71.0 2034989.2
72.0 1981147.0
73.0 2467412.0
74.0 3471682.2
75.0 3364591.5
76.0 3183830.0
77.0 3475478.8
78.0 3863277.0
79.0 3304081.2
80.0 3587331.5
81.0 4148334.5
82.0 4166645.0
83.0 4067732.0
84.0 3532622.2
85.0 3195938.8
86.0 2357908.5
87.0 2329699.5
88.0 2538524.0
89.0 3149490.2
90.0 3203677.5
91.0 3157956.5
92.0 2698042.5
93.0 2512261.0
94.0 2711743.8
95.0 3117092.2
96.0 4495161.0
97.0 6684709.5
98.0 7958855.5
99.0 6942724.0
100.0 4318479.0
101.0 2330004.2
102.0 1355566.5
103.0 993381.94
104.0 869356.6
105.0 680332.2
106.0 763788.1
107.0 959079.7
108.0 972824.06
109.0 1092305.5
110.0 1488548.9
111.0 1380147.5
112.0 1542671.0
113.0 1647601.2
114.0 1374032.5
115.0 1584277.5
116.0 2071398.0
117.0 2268287.8
118.0 2653737.2
119.0 2764014.5
120.0 3000621.2
121.0 3228612.2
122.0 3844757.0
123.0 5520963.0
124.0 6259963.0
125.0 6067187.0
126.0 5046867.0
127.0 3875957.2
128.0 4534412.5
129.0 5708552.0
130.0 7467875.5
131.0 6935671.0
132.0 4800494.5
133.0 2994124.8
134.0 1867197.0
135.0 1093817.0
136.0 1269215.9
137.0 943485.5
138.0 1040102.44
139.0 701079.6
140.0 703079.75
141.0 659518.9
142.0 644507.44
143.0 629232.0
144.0 801920.6
145.0 710760.5
146.0 606926.4
147.0 420102.56
148.0 606308.4
149.0 589882.44
150.0 852796.6
151.0 959702.44
152.0 828654.25
153.0 994201.6
154.0 736042.56
155.0 825856.8
156.0 1235488.6
157.0 2608182.2
158.0 4608689.5
159.0 6793531.0
160.0 7846279.0
161.0 7241681.0
162.0 5557022.0
163.0 3537476.5
164.0 2375924.0
165.0 2148498.0
166.0 1947093.9
167.0 2187951.0
168.0 2637183.8
169.0 2752653.0
170.0 3221531.2
171.0 3244773.5
172.0 3288496.5
173.0 2786296.5
174.0 2537392.8
175.0 2580624.0
176.0 2522088.5
177.0 3058063.5
178.0 4149908.5
179.0 5940417.5
180.0 7384348.0
181.0 10781502.0
182.0 14317668.0
183.0 15308031.0
184.0 13280350.0
185.0 8587342.0
186.0 5976265.5
187.0 4378828.0
188.0 2743067.0
189.0 2149632.8
190.0 1776264.9
191.0 1645200.2
192.0 1454739.5
193.0 1402570.6
194.0 1322340.0
195.0 981526.9
196.0 885337.44
197.0 844017.2
198.0 933323.44
199.0 1012224.75
200.0 724021.5
201.0 766521.25
202.0 863222.9
203.0 889244.25
204.0 1053373.6
205.0 1230525.0
206.0 916137.0
207.0 769128.8
208.0 988564.75
209.0 1223477.6
210.0 1354349.0
211.0 1506357.8
212.0 1238944.9
213.0 1510632.4
214.0 1672421.2
215.0 1940603.5
216.0 2788397.0
217.0 3973711.0
218.0 6319502.0
219.0 9086604.0
220.0 10251931.0
221.0 9036830.0
222.0 7407917.5
223.0 4568584.0
224.0 2920886.0
225.0 2333619.0
226.0 2155023.8
227.0 1804153.2
228.0 2161069.8
229.0 2224201.5
230.0 1879947.5
231.0 1485208.6
232.0 944761.4
233.0 1008398.5
234.0 1078421.8
235.0 956413.75
236.0 1254331.4
237.0 1113610.9
238.0 1162818.6
239.0 980431.9
240.0 602370.75
241.0 726609.6
242.0 768529.44
243.0 1125200.2
244.0 1114799.9
245.0 1013248.6
246.0 1373406.9
247.0 1829156.0
248.0 2402550.2
249.0 3124861.0
250.0 3611599.5
251.0 4259662.0
252.0 5691637.5
253.0 7167981.0
254.0 7307938.0
255.0 5110538.5
256.0 2940692.5
257.0 2289628.5
258.0 1758766.0
259.0 1732279.5
260.0 1615332.6
261.0 1550887.8
262.0 1605412.5
263.0 1026606.75
264.0 648402.0
265.0 633741.3
266.0 835081.1
267.0 854713.6
268.0 747085.06
269.0 765273.06
270.0 802978.4
271.0 880307.75
272.0 694803.2
273.0 730999.9
274.0 460257.03
275.0 721270.1
276.0 799759.3
277.0 723507.6
278.0 550238.2
279.0 607837.0
280.0 483054.22
281.0 918625.6
282.0 1232026.2
283.0 1176625.5
284.0 774934.1
285.0 635348.56
286.0 643480.94
287.0 689612.6
288.0 911011.1
289.0 921848.8
290.0 1127068.0
291.0 1397262.8
292.0 1073225.8
293.0 1142545.4
294.0 986418.9
295.0 673736.3
296.0 665879.4
297.0 829888.06
298.0 881999.94
299.0 1059546.2
300.0 895283.6
301.0 677639.44
302.0 840983.4
303.0 916050.3
304.0 1144203.5
305.0 1370931.1
306.0 1089105.8
307.0 1448608.2
308.0 1383427.2
309.0 981208.4
310.0 912292.75
311.0 848191.56
312.0 1012093.7
313.0 1000299.6
314.0 785596.25
315.0 1015031.6
316.0 1165666.0
317.0 1885564.8
318.0 1765781.8
319.0 1891982.2
320.0 1984550.5
321.0 1892437.5
322.0 1631551.8
323.0 1372932.5
324.0 1188663.5
325.0 953454.75
326.0 1593603.6
327.0 1719782.5
328.0 2074363.9
329.0 2781052.8
330.0 3912276.5
331.0 4645107.0
332.0 5240833.0
333.0 5567723.0
334.0 5534324.5
335.0 4936482.5
336.0 3305584.0
337.0 2481576.2
338.0 2041948.5
339.0 2154738.8
340.0 1842976.0
341.0 1539948.8
342.0 1205771.0
343.0 1153704.5
344.0 1271492.9
345.0 1235062.4
346.0 793947.25
347.0 563872.6
348.0 823138.75
349.0 1015725.9
350.0 1078514.5
351.0 963498.1
352.0 1125739.4
353.0 892742.44
354.0 1035701.3
355.0 716151.1
356.0 780382.6
357.0 898050.6
358.0 1251495.8
359.0 1468399.0
360.0 1400914.9
361.0 1221732.4
362.0 1467681.8
363.0 1499098.8
364.0 1450262.0
365.0 1770546.2
366.0 2619064.0
367.0 3044582.8
368.0 3711357.0
369.0 3725509.5
370.0 3307130.5
371.0 2723454.0
372.0 2005837.4
373.0 1619648.1
374.0 1112421.5
375.0 1083047.2
376.0 1298162.5
377.0 1250129.6
378.0 1348298.0
379.0 1261558.0
380.0 1292165.0
381.0 1246467.4
382.0 1022415.06
383.0 1075622.8
384.0 842411.25
385.0 845868.4
386.0 1050861.1
387.0 1174958.1
388.0 918025.06
389.0 793205.5
390.0 854415.3
391.0 1165319.8
392.0 1099035.9
393.0 1447289.8
394.0 1801208.6
395.0 1910274.8
396.0 1558140.1
397.0 2048658.0
398.0 2866893.5
399.0 2751344.8
400.0 1919630.6
401.0 1379014.8
402.0 1538333.2
403.0 1622599.2
404.0 1855113.0
405.0 1631173.5
406.0 1409539.0
407.0 1377380.5
408.0 2207487.8
409.0 3049567.0
410.0 2708503.5
411.0 2224734.8
412.0 2118766.0
413.0 1731384.8
414.0 1459240.6
415.0 1772572.5
416.0 2449547.0
417.0 3107273.8
418.0 3329315.5
419.0 3308113.0
420.0 2910181.2
421.0 1999401.9
422.0 1303411.4
423.0 1216730.9
424.0 1347589.0
425.0 1299053.9
426.0 1125882.2
427.0 1335176.5
428.0 1166848.2
429.0 991378.6
430.0 1144742.4
431.0 1595269.4
432.0 1682664.0
433.0 1765606.2
434.0 1456870.5
435.0 1020201.1
436.0 1325209.8
437.0 1485548.1
438.0 1813057.6
439.0 2016013.9
440.0 1758266.1
441.0 1374338.0
442.0 1247260.2
443.0 1304735.6
444.0 1230077.0
445.0 971253.25
446.0 974253.6
447.0 1124559.4
448.0 1021825.3
449.0 1461156.2
450.0 1390081.1
451.0 1631748.2
452.0 1892184.8
453.0 2117058.2
454.0 2294860.5
455.0 1931278.5
456.0 1655761.4
457.0 1444728.2
458.0 964216.56
459.0 895131.0
460.0 1061095.2
461.0 1657055.2
462.0 1547192.4
463.0 1512313.0
464.0 1964071.2
465.0 2520727.8
466.0 2745438.8
467.0 2048318.6
468.0 1781627.8
469.0 1745236.1
470.0 1796121.1
471.0 2058771.5
472.0 2150184.8
473.0 1872488.6
474.0 1438514.4
475.0 1344870.6
476.0 1292075.8
477.0 1214460.1
478.0 1165110.5
479.0 1221225.0
480.0 1226506.2
481.0 1099569.0
482.0 968434.4
483.0 909768.7
484.0 1219923.2
485.0 1050749.0
486.0 650831.0
487.0 434441.28
488.0 524801.75
489.0 782384.75
490.0 1080032.0
491.0 1108454.9
492.0 871770.6
493.0 951559.06
494.0 956904.1
495.0 774975.1
496.0 687389.75
497.0 687692.4
498.0 1178527.8
499.0 1190662.0
500.0 840602.0
501.0 963556.4
502.0 952956.6
503.0 1047646.5
504.0 1703676.1
505.0 2090480.6
506.0 2001263.8
507.0 1951675.5
508.0 1686596.8
509.0 1866982.5
510.0 1271394.0
511.0 1287096.8
512.0 1150577.0
513.0 1290112.6
514.0 1519082.6
515.0 1413743.0
516.0 1289600.5
517.0 1071996.1
518.0 928586.8
519.0 1172286.8
520.0 920744.4
521.0 787492.6
522.0 783829.7
523.0 844884.7
524.0 872373.7
525.0 1314379.8
526.0 1121819.9
527.0 1120735.1
528.0 834979.5
529.0 859863.0
530.0 653951.3
531.0 1024381.4
532.0 1496883.1
533.0 1484820.0
534.0 1308310.8
535.0 1391397.4
536.0 1837978.0
537.0 2256378.2
538.0 2529206.0
539.0 2139280.5
540.0 1556637.6
541.0 984836.1
542.0 859247.44
543.0 878544.06
544.0 1017462.6
545.0 917142.25
546.0 977649.5
547.0 1252555.1
548.0 1028584.5
549.0 869900.06
550.0 718241.75
551.0 1172578.0
552.0 1027017.2
553.0 1400334.4
554.0 1048325.06
555.0 1098403.5
556.0 1282038.8
557.0 1208386.1
558.0 1380375.2
559.0 1677125.0
560.0 1626969.8
561.0 1557971.5
562.0 1628885.2
563.0 1442574.4
564.0 1356190.2
565.0 1262758.9
566.0 979289.4
567.0 866519.1
568.0 708449.9
569.0 960987.6
570.0 1221965.1
571.0 1319441.0
572.0 1202448.5
573.0 1048296.2
574.0 882713.9
575.0 1096184.8
576.0 1200320.2
577.0 1320691.0
578.0 1293871.0
579.0 1530424.0
580.0 1601020.2
581.0 1640135.1
582.0 1346500.5
583.0 1089416.8
584.0 1196541.8
585.0 1333184.8
586.0 1565418.8
587.0 1563473.2
588.0 1372900.0
589.0 1255287.1
590.0 1235530.2
591.0 844120.1
592.0 981724.9
593.0 1185861.4
594.0 1053928.9
595.0 1017775.6
596.0 902598.06
597.0 840125.94
598.0 1006047.4
599.0 1234024.8
600.0 1272889.5
601.0 1436996.0
602.0 1025064.4
603.0 1026291.94
604.0 1056430.5
605.0 970468.2
606.0 986868.9
607.0 869454.75
608.0 901506.75
609.0 1025543.9
610.0 1106055.9
611.0 940451.6
612.0 1222009.8
613.0 1304910.8
614.0 1033427.1
615.0 690245.56
616.0 882499.44
617.0 897339.25
618.0 932268.4
619.0 1005532.5
620.0 928025.94
621.0 1064149.8
622.0 1607989.9
623.0 1463096.2
624.0 1342183.1
625.0 1537876.8
626.0 1400348.9
627.0 1522874.2
628.0 1640436.9
629.0 1437916.9
630.0 1156852.0
631.0 917881.56
632.0 925813.25
633.0 1242934.9
634.0 1008976.5
635.0 1019851.4
636.0 1414008.2
637.0 1190659.4
638.0 1246008.2
639.0 1338561.9
640.0 1326106.9
641.0 1483896.9
642.0 1414843.5
643.0 1384780.5
644.0 1340610.0
645.0 1111465.8
646.0 909688.4
647.0 662681.6
648.0 833218.7
649.0 724164.7
650.0 785884.75
651.0 803901.0
652.0 529824.7
653.0 909015.0
654.0 989497.56
655.0 860548.1
656.0 1041447.0
657.0 1158188.2
658.0 1068906.5
659.0 917593.44
660.0 1239870.2
661.0 1536616.9
662.0 1356185.8
663.0 982222.75
664.0 1153330.8
665.0 1026386.1
666.0 951415.5
667.0 929379.1
668.0 1151803.4
669.0 1222540.2
670.0 1060401.2
671.0 1369092.8
672.0 1348729.9
673.0 1675168.6
674.0 1337615.8
675.0 1085367.1
676.0 1246970.4
677.0 1401045.2
678.0 1244298.9
679.0 1111805.9
680.0 972731.9
681.0 1040668.06
682.0 1014179.25
683.0 886474.5
684.0 811111.25
685.0 862427.8
686.0 962629.75
687.0 899330.5
688.0 1178539.9
689.0 1198693.9
690.0 1067863.9
691.0 677346.9
692.0 772934.06
693.0 1155625.1
694.0 1120323.4
695.0 1025311.8
696.0 1069432.6
697.0 1054832.9
698.0 1004416.9
699.0 1008966.6
700.0 949084.06
701.0 535341.44
702.0 715310.7
703.0 650223.4
704.0 745081.4
705.0 792709.7
706.0 1017406.2
707.0 1187964.1
708.0 1146392.2
709.0 1124124.5
710.0 792100.25
711.0 658474.06
712.0 682067.44
713.0 942594.7
714.0 1065965.9
715.0 1193016.0
716.0 1083874.0
717.0 859978.8
718.0 1235992.6
719.0 1118689.8
720.0 783407.75
721.0 637147.9
722.0 809917.44
723.0 830930.94
724.0 712441.6
725.0 845121.6
726.0 1048869.9
727.0 1158709.5
728.0 1066410.8
729.0 1129878.5
730.0 1132623.6
731.0 1268526.5
732.0 1429263.2
733.0 1241714.8
734.0 1381079.9
735.0 1438129.5
736.0 1179915.2
737.0 958528.8
738.0 834978.44
739.0 970960.75
740.0 757623.7
741.0 900663.5
742.0 731441.2
743.0 894823.75
744.0 1341050.2
745.0 1324309.9
746.0 1146076.0
747.0 1049715.8
748.0 1233239.0
749.0 1518516.2
750.0 1784365.5
751.0 1636696.9
752.0 1424508.1
753.0 1564944.9
754.0 1361438.9
755.0 1602109.4
756.0 1282165.1
757.0 830360.56
758.0 822294.1
759.0 799273.5
760.0 874663.8
761.0 974792.2
762.0 990422.25
763.0 926441.8
764.0 804975.3
765.0 859864.5
766.0 752238.7
767.0 762741.3
768.0 921717.5
769.0 1001499.4
770.0 900886.56
771.0 944068.7
772.0 764338.9
773.0 1072564.2
774.0 1049983.1
775.0 1014369.9
776.0 1059557.6
777.0 1247156.8
778.0 1224830.1
779.0 1222959.0
780.0 1074365.8
781.0 1345210.0
782.0 1338213.6
783.0 1057762.8
784.0 896269.5
785.0 1129129.8
786.0 1001480.9
787.0 1077292.4
788.0 847057.1
789.0 801266.6
790.0 851556.2
791.0 826338.25
792.0 1155745.2
793.0 1155885.8
794.0 1124274.5
795.0 1349258.0
796.0 1311761.4
797.0 1042833.0
798.0 1126100.1
799.0 1144534.0
800.0 1065654.4
801.0 1278366.6
802.0 1208608.1
803.0 1198892.6
804.0 1196606.2
805.0 1435323.1
806.0 1346683.9
807.0 1198252.1
808.0 1101675.2
809.0 1435257.6
810.0 1327740.1
811.0 1118442.8
812.0 1241932.2
813.0 1157055.9
814.0 1015544.7
815.0 964037.1
816.0 1172491.4
817.0 1264805.2
818.0 1331237.5
819.0 1028040.94
820.0 1222978.2
821.0 1012193.4
822.0 1319449.4
823.0 1277113.0
824.0 1111159.0
825.0 1400994.0
826.0 1366790.0
827.0 1438658.8
828.0 1242072.9
829.0 938847.4
830.0 1033816.5
831.0 1156653.1
832.0 1167950.9
833.0 1093662.2
834.0 1057284.8
835.0 906295.25
836.0 1121984.6
837.0 1407959.4
838.0 1122346.8
839.0 1067633.0
840.0 1140546.5
841.0 1260220.5
842.0 962239.06
843.0 1135161.5
844.0 1360728.1
845.0 1387896.4
846.0 1155159.5
847.0 1042325.9
848.0 1025648.0
849.0 1240939.2
850.0 1293196.1
851.0 1209547.6
852.0 1113326.5
853.0 1159333.2
854.0 1287298.2
855.0 1148450.9
856.0 1244125.4
857.0 1341187.8
858.0 1176528.0
859.0 1103921.4
860.0 1272628.9
861.0 1441139.2
862.0 1607271.9
863.0 1445166.4
864.0 1544112.0
865.0 1202714.0
866.0 1250062.9
867.0 1210116.5
868.0 1197064.2
869.0 1240544.8
870.0 1236740.5
871.0 1632972.6
872.0 1280238.9
873.0 1168361.0
874.0 1315919.0
875.0 1221838.4
876.0 1043656.6
877.0 1013576.25
878.0 1351025.5
879.0 1467771.2
880.0 1442124.8
881.0 1231029.6
882.0 1488101.5
883.0 1284111.9
884.0 1525353.1
885.0 1335639.5
886.0 1453677.4
887.0 1580238.5
888.0 1590908.5
889.0 1685434.4
890.0 1700946.8
891.0 1355923.6
892.0 1574305.1
893.0 1863090.1
894.0 1834484.2
895.0 1602555.1
896.0 1240282.8
897.0 1396186.2
898.0 1464641.9
899.0 1561504.2
900.0 1728995.0
901.0 1434571.5
902.0 1531091.0
903.0 1557001.8
904.0 1504176.9
905.0 1564175.0
906.0 1677974.8
907.0 1825271.0
908.0 1633183.5
909.0 1866435.5
910.0 1560008.9
911.0 1772254.0
912.0 2204887.0
913.0 2143787.8
914.0 1996211.9
915.0 2168814.0
916.0 2340282.5
917.0 2536551.5
918.0 2235479.0
919.0 1905120.5
920.0 2151459.2
921.0 2152433.2
922.0 1800277.2
923.0 2022056.5
924.0 2143687.2
925.0 2285011.5
926.0 2125038.0
927.0 2171219.0
928.0 1932462.8
929.0 1970763.8
930.0 2009508.0
931.0 2302911.0
932.0 2025041.5
933.0 2372140.2
934.0 2745939.0
935.0 2504747.2
936.0 2428544.5
937.0 2640486.5
938.0 2315640.5
939.0 2358774.8
940.0 2424503.8
941.0 2406826.5
942.0 2586484.8
943.0 2376018.8
944.0 2393681.5
945.0 2630070.5
946.0 2476832.2
947.0 2337182.8
948.0 2094501.9
949.0 2123618.0
950.0 2139901.8
951.0 2339254.8
952.0 2263029.0
953.0 1939073.8
954.0 2438442.8
955.0 2475772.5
956.0 2629233.0
957.0 2784083.8
958.0 2886588.5
959.0 2938431.5
960.0 2903254.8
961.0 2593059.2
962.0 2664582.0
963.0 2809687.8
964.0 2716087.0
965.0 2800726.0
966.0 2824682.0
967.0 3106050.2
968.0 3113986.0
969.0 3645735.5
970.0 3616927.0
971.0 3477970.2
972.0 3675398.5
973.0 4044145.0
974.0 4030985.5
975.0 4529498.0
976.0 3975188.5
977.0 3511446.0
978.0 3530667.2
979.0 3919353.5
980.0 3877644.0
981.0 3741267.2
982.0 3843663.8
983.0 4601340.0
984.0 4805795.0
985.0 5786145.5
986.0 7063250.5
987.0 7886480.0
988.0 8853984.0
989.0 10317889.0
990.0 10783275.0
991.0 10024641.0
992.0 9036713.0
993.0 8273235.0
994.0 7722127.5
995.0 7998656.0
996.0 8332048.0
997.0 8356321.0
998.0 7734872.0
999.0 8080562.0
1000.0 8124797.0
1001.0 7886964.5
1002.0 7535293.0
1003.0 8145597.0
1004.0 8637346.0
1005.0 9955089.0
1006.0 10366304.0
1007.0 10061208.0
1008.0 9484137.0
1009.0 9159943.0
1010.0 8826334.0
1011.0 8348299.5
1012.0 8199049.5
1013.0 8006533.0
1014.0 6842845.5
1015.0 5951357.0
1016.0 5673180.5
1017.0 5674320.0
1018.0 4525634.5
1019.0 3489375.2
1020.0 3210924.8
1021.0 3271985.5
1022.0 3308673.0
1023.0 3540541.2
1024.0 3590302.2
1025.0 3403490.0
1026.0 3720183.8
1027.0 3599852.8
1028.0 3537239.5
1029.0 3774367.2
1030.0 4388649.0
1031.0 5446942.5
1032.0 6497970.5
1033.0 7919527.0
1034.0 8743545.0
1035.0 10346610.0
1036.0 10984880.0
1037.0 12211900.0
1038.0 13321595.0
1039.0 12958932.0
1040.0 11891190.0
1041.0 10808835.0
1042.0 10597001.0
1043.0 9861894.0
1044.0 9563993.0
1045.0 9466970.0
1046.0 10136372.0
1047.0 10785918.0
1048.0 11773568.0
1049.0 12491582.0
1050.0 12490749.0
1051.0 12367592.0
1052.0 13075534.0
1053.0 12986151.0
1054.0 12664002.0
1055.0 13140879.0
1056.0 14448768.0
1057.0 17515588.0
1058.0 23040578.0
1059.0 32033372.0
1060.0 44920416.0
1061.0 62833376.0
1062.0 83182856.0
1063.0 103347400.0
1064.0 116667680.0
1065.0 119853390.0
1066.0 110869600.0
1067.0 88861500.0
1068.0 61543370.0
1069.0 39699524.0
1070.0 26267918.0
1071.0 19208354.0
1072.0 16189949.0
1073.0 14348161.0
1074.0 12420805.0
1075.0 10934768.0
1076.0 8639461.0
1077.0 6672678.0
1078.0 5630790.0
1079.0 4683393.5
1080.0 4281698.0
1081.0 4270421.5
1082.0 4529076.5
1083.0 4472084.5
1084.0 4798714.0
1085.0 4676694.0
1086.0 4584577.5
1087.0 5102979.0
1088.0 5736265.5
1089.0 6565716.0
1090.0 6987284.5
1091.0 6573655.0
1092.0 6939376.0
1093.0 6953200.5
1094.0 6476560.0
1095.0 5972674.5
1096.0 5724727.0
1097.0 5506170.0
1098.0 5388962.5
1099.0 5999269.0
1100.0 6434775.5
1101.0 6500653.0
1102.0 8347474.0
1103.0 11040434.0
1104.0 14673550.0
1105.0 20474738.0
1106.0 29794238.0
1107.0 43662180.0
1108.0 60358690.0
1109.0 76761740.0
1110.0 91693540.0
1111.0 100584100.0
1112.0 101349860.0
1113.0 89017010.0
1114.0 66046764.0
1115.0 44187690.0
1116.0 29206792.0
1117.0 20389042.0
1118.0 15747528.0
1119.0 12635828.0
1120.0 10775810.0
1121.0 9323971.0
1122.0 7363857.0
1123.0 5288104.5
1124.0 4305301.0
1125.0 3701134.8
1126.0 2942648.8
1127.0 2235814.5
1128.0 2025884.4
1129.0 2018473.2
1130.0 2007839.4
1131.0 1851956.4
1132.0 2104607.8
1133.0 2262281.5
1134.0 2603037.8
1135.0 2832172.8
1136.0 2906112.8
1137.0 3124628.0
1138.0 3699807.2
1139.0 3585657.5
1140.0 3562553.5
1141.0 3487059.8
1142.0 2896964.8
1143.0 2381489.5
1144.0 2338657.2
1145.0 2032008.9
1146.0 1835172.2
1147.0 1550180.5
1148.0 1455751.0
1149.0 1383207.2
1150.0 1278222.5
1151.0 1505647.2
1152.0 1361463.8
1153.0 1501607.6
1154.0 1661448.0
1155.0 1791212.5
1156.0 1832395.2
1157.0 1782218.8
1158.0 1780986.4
1159.0 1943011.8
1160.0 1921231.9
1161.0 2030219.2
1162.0 2176274.0
1163.0 2057048.0
1164.0 2214523.5
1165.0 2458442.0
1166.0 2437938.0
1167.0 2473405.2
1168.0 2279657.2
1169.0 2478671.2
1170.0 2228580.5
1171.0 2405248.0
1172.0 2517068.8
1173.0 2391084.0
1174.0 2450359.8
1175.0 2830130.0
1176.0 2839574.8
1177.0 2408630.2
1178.0 2305544.0
1179.0 2048543.9
1180.0 2244203.0
1181.0 2536177.0
1182.0 2741177.0
1183.0 3099777.8
1184.0 3319320.0
1185.0 3328037.5
1186.0 3331137.0
1187.0 3709407.0
1188.0 4446260.5
1189.0 3993295.0
1190.0 4059464.8
1191.0 4543360.0
1192.0 4995912.0
1193.0 5016166.5
1194.0 4798914.5
1195.0 4385259.5
1196.0 3732400.2
1197.0 3412472.2
1198.0 3232644.0
1199.0 3219016.2
1200.0 3303596.5
1201.0 2904823.5
1202.0 3412334.0
1203.0 3404559.8
1204.0 3391360.0
1205.0 3047233.8
1206.0 3325469.0
1207.0 3198024.8
1208.0 3062597.2
1209.0 3398839.0
1210.0 4177472.0
1211.0 4718091.5
1212.0 5136629.5
1213.0 5882998.0
1214.0 6450505.0
1215.0 6161730.5
1216.0 5830902.5
1217.0 5795136.0
1218.0 4882965.5
1219.0 4301961.0
1220.0 3798894.8
1221.0 3719039.8
1222.0 3897632.0
1223.0 3993017.5
1224.0 4080716.0
1225.0 4600896.0
1226.0 4796549.0
1227.0 4778114.5
1228.0 4938850.0
1229.0 5374710.0
1230.0 5885527.5
1231.0 6388365.0
1232.0 6595858.0
1233.0 6561784.5
1234.0 6792562.0
1235.0 7882392.0
1236.0 10465611.0
1237.0 13047896.0
1238.0 15274354.0
1239.0 17004388.0
1240.0 18792880.0
1241.0 20563760.0
1242.0 20396766.0
1243.0 19357102.0
1244.0 17302742.0
1245.0 15829102.0
1246.0 13667082.0
1247.0 9693876.0
1248.0 6840247.0
1249.0 6071271.0
1250.0 6377771.0
1251.0 6134384.0
1252.0 5406420.0
1253.0 5084145.5
1254.0 5272226.0
1255.0 5249519.0
1256.0 5480946.0
1257.0 5611432.0
1258.0 6074943.0
1259.0 6775159.5
1260.0 7722052.0
1261.0 9474078.0
1262.0 11359022.0
1263.0 12322795.0
1264.0 13027634.0
1265.0 14597765.0
1266.0 16324772.0
1267.0 17061068.0
1268.0 16801750.0
1269.0 15278134.0
1270.0 13327940.0
1271.0 12726448.0
1272.0 13589384.0
1273.0 14942148.0
1274.0 14964245.0
1275.0 14364999.0
1276.0 13027626.0
1277.0 11781339.0
1278.0 10804269.0
1279.0 10968444.0
1280.0 11460321.0
1281.0 12406794.0
1282.0 13019032.0
1283.0 14011965.0
1284.0 14397039.0
1285.0 13753852.0
1286.0 13174494.0
1287.0 12425040.0
1288.0 12114906.0
1289.0 12088842.0
1290.0 12479761.0
1291.0 12647139.0
1292.0 12674004.0
1293.0 12924285.0
1294.0 12778412.0
1295.0 12729649.0
1296.0 13260509.0
1297.0 14417746.0
1298.0 15072649.0
1299.0 14899346.0
1300.0 15648041.0
1301.0 16713241.0
1302.0 17413768.0
1303.0 18553246.0
1304.0 21179884.0
1305.0 22810530.0
1306.0 24388362.0
1307.0 26531352.0
1308.0 26785532.0
1309.0 28066764.0
1310.0 29027860.0
1311.0 29491998.0
1312.0 28190392.0
1313.0 26995592.0
1314.0 26548240.0
1315.0 26145900.0
1316.0 26314892.0
1317.0 26852698.0
1318.0 29426290.0
1319.0 30513888.0
1320.0 31325044.0
1321.0 31172204.0
1322.0 31094284.0
1323.0 32967328.0
1324.0 35243616.0
1325.0 37054490.0
1326.0 38654904.0
1327.0 42394156.0
1328.0 47330704.0
1329.0 51195820.0
1330.0 55187860.0
1331.0 56978910.0
1332.0 56972890.0
1333.0 59949156.0
1334.0 59498644.0
1335.0 57174684.0
1336.0 56709896.0
1337.0 59082264.0
1338.0 59855756.0
1339.0 58172304.0
1340.0 56969690.0
1341.0 55303764.0
1342.0 54715644.0
1343.0 50943296.0
1344.0 45837280.0
1345.0 44299600.0
1346.0 44458224.0
1347.0 45064776.0
1348.0 45996216.0
1349.0 45899020.0
1350.0 45460080.0
1351.0 46244184.0
1352.0 49436464.0
1353.0 51845070.0
1354.0 53637324.0
1355.0 56945330.0
1356.0 57547556.0
1357.0 55033580.0
1358.0 53997550.0
1359.0 53574896.0
1360.0 53309010.0
1361.0 57441484.0
1362.0 61036860.0
1363.0 69588340.0
1364.0 80075144.0
1365.0 93077080.0
1366.0 109392600.0
1367.0 126529660.0
1368.0 142912380.0
1369.0 157361710.0
1370.0 174687360.0
1371.0 188502740.0
1372.0 196055970.0
1373.0 202071760.0
1374.0 196365060.0
1375.0 180610080.0
1376.0 159427940.0
1377.0 142179230.0
1378.0 126823470.0
1379.0 119405110.0
1380.0 110856460.0
1381.0 103354640.0
1382.0 98555000.0
1383.0 92021040.0
1384.0 86684670.0
1385.0 81750130.0
1386.0 76225980.0
1387.0 68546990.0
1388.0 62613980.0
1389.0 57029940.0
1390.0 51620680.0
1391.0 44918244.0
1392.0 38723404.0
1393.0 35879076.0
1394.0 34677252.0
1395.0 33848544.0
1396.0 35202200.0
1397.0 36805096.0
1398.0 40247804.0
1399.0 44224784.0
1400.0 50327256.0
1401.0 54938180.0
1402.0 60879360.0
1403.0 68635530.0
1404.0 77908630.0
1405.0 91393570.0
1406.0 106448330.0
1407.0 122453440.0
1408.0 140959900.0
1409.0 159279100.0
1410.0 181081000.0
1411.0 200203760.0
1412.0 215971400.0
1413.0 231386580.0
1414.0 246048060.0
1415.0 255743440.0
1416.0 248968560.0
1417.0 228442880.0
1418.0 190877940.0
1419.0 147018600.0
1420.0 105787630.0
1421.0 74488280.0
1422.0 57111920.0
1423.0 44855260.0
1424.0 35895510.0
1425.0 30334742.0
1426.0 25386022.0
1427.0 21043188.0
1428.0 16779518.0
1429.0 13433189.0
1430.0 12451241.0
1431.0 10733128.0
1432.0 9175798.0
1433.0 8827855.0
1434.0 8996523.0
1435.0 8293030.5
1436.0 8230590.0
1437.0 8109404.0
1438.0 8385601.0
1439.0 8344191.0
1440.0 8741924.0
1441.0 9123921.0
1442.0 8975152.0
1443.0 8856730.0
1444.0 8929086.0
1445.0 8581713.0
1446.0 8544524.0
1447.0 9030190.0
1448.0 9066667.0
1449.0 10037625.0
1450.0 11280790.0
1451.0 12005685.0
1452.0 12955900.0
1453.0 14110570.0
1454.0 14864416.0
1455.0 14968342.0
1456.0 14147131.0
1457.0 15253699.0
1458.0 17107516.0
1459.0 17998050.0
1460.0 17816080.0
1461.0 16823882.0
1462.0 17104204.0
1463.0 18076626.0
1464.0 17316298.0
1465.0 16915242.0
1466.0 16398172.0
1467.0 16623928.0
1468.0 17413408.0
1469.0 18726876.0
1470.0 18691198.0
1471.0 18610444.0
1472.0 18710762.0
1473.0 18452594.0
1474.0 16928880.0
1475.0 15069341.0
1476.0 15256555.0
1477.0 16444298.0
1478.0 16809842.0
1479.0 16675152.0
1480.0 17393868.0
1481.0 17513266.0
1482.0 18874774.0
1483.0 21419418.0
1484.0 24793188.0
1485.0 26987440.0
1486.0 29805632.0
1487.0 33050072.0
1488.0 35211630.0
1489.0 39525784.0
1490.0 42681060.0
1491.0 44791564.0
1492.0 48157610.0
1493.0 49267070.0
1494.0 49087510.0
1495.0 47589860.0
1496.0 44631820.0
1497.0 44551604.0
1498.0 44291644.0
1499.0 43368604.0
1500.0 41046610.0
1501.0 38928776.0
1502.0 34138424.0
1503.0 28980108.0
1504.0 25169796.0
1505.0 22864910.0
1506.0 22296598.0
1507.0 22992244.0
1508.0 23456824.0
1509.0 23920252.0
1510.0 25253740.0
1511.0 27613608.0
1512.0 30398752.0
1513.0 32396256.0
1514.0 33590940.0
1515.0 35104836.0
1516.0 36535320.0
1517.0 37911104.0
1518.0 40674864.0
1519.0 43886470.0
1520.0 47785984.0
1521.0 51602870.0
1522.0 54128156.0
1523.0 55056360.0
1524.0 58151130.0
1525.0 59606016.0
1526.0 60707096.0
1527.0 64158660.0
1528.0 65880430.0
1529.0 64555664.0
1530.0 63003216.0
1531.0 58754896.0
1532.0 53322360.0
1533.0 47272536.0
1534.0 41040276.0
1535.0 34691068.0
1536.0 28287492.0
1537.0 24205710.0
1538.0 21550864.0
1539.0 20627982.0
1540.0 20858622.0
1541.0 21978216.0
1542.0 23041298.0
1543.0 23905690.0
1544.0 24964476.0
1545.0 26462076.0
1546.0 27555700.0
1547.0 30602868.0
1548.0 34601036.0
1549.0 40087160.0
1550.0 46194156.0
1551.0 50622036.0
1552.0 52134740.0
1553.0 53788284.0
1554.0 55733610.0
1555.0 57428684.0
1556.0 59055504.0
1557.0 64005570.0
1558.0 67844350.0
1559.0 69541700.0
1560.0 68295890.0
1561.0 61617030.0
1562.0 51699990.0
1563.0 43512630.0
1564.0 37403536.0
1565.0 34701736.0
1566.0 34845256.0
1567.0 34954056.0
1568.0 35650084.0
1569.0 35282364.0
1570.0 35438104.0
1571.0 35036896.0
1572.0 32401868.0
1573.0 30938724.0
1574.0 29116784.0
1575.0 27378490.0
1576.0 23985920.0
1577.0 20329782.0
1578.0 16591476.0
1579.0 14054079.0
1580.0 13440765.0
1581.0 14055070.0
1582.0 14463842.0
1583.0 13212640.0
1584.0 13044934.0
1585.0 14204992.0
1586.0 14460316.0
1587.0 14430185.0
1588.0 14210025.0
1589.0 14837278.0
1590.0 16446001.0
1591.0 16694175.0
1592.0 16176399.0
1593.0 15732201.0
1594.0 15121825.0
1595.0 14371849.0
1596.0 13436890.0
1597.0 12392619.0
1598.0 12311451.0
1599.0 12723422.0
1600.0 13024089.0
1601.0 14030301.0
1602.0 14729974.0
1603.0 15409229.0
1604.0 15673495.0
1605.0 16601601.0
1606.0 18101756.0
1607.0 18347764.0
1608.0 19103444.0
1609.0 20064858.0
1610.0 22888470.0
1611.0 24887116.0
1612.0 27505980.0
1613.0 30306912.0
1614.0 34365280.0
1615.0 38359052.0
1616.0 39753344.0
1617.0 42581630.0
1618.0 44388624.0
1619.0 45912110.0
1620.0 47293710.0
1621.0 49012770.0
1622.0 51705690.0
1623.0 54138384.0
1624.0 56026670.0
1625.0 59812180.0
1626.0 61977130.0
1627.0 61179360.0
1628.0 61174520.0
1629.0 55982896.0
1630.0 43790550.0
1631.0 31578002.0
1632.0 23099782.0
1633.0 17457420.0
1634.0 14281474.0
1635.0 13113778.0
1636.0 12995508.0
1637.0 12639398.0
1638.0 12624574.0
1639.0 11582464.0
1640.0 9232439.0
1641.0 9328484.0
1642.0 10372379.0
1643.0 10474468.0
1644.0 10436501.0
1645.0 9804316.0
1646.0 9463441.0
1647.0 9628318.0
1648.0 10188342.0
1649.0 10377857.0
1650.0 9886549.0
1651.0 9233789.0
1652.0 9548417.0
1653.0 8845012.0
1654.0 8941984.0
1655.0 9409503.0
1656.0 9288180.0
1657.0 8320802.0
1658.0 8682876.0
1659.0 7570475.0
1660.0 7174607.0
1661.0 7617613.0
1662.0 6687460.5
1663.0 6948342.0
1664.0 7478752.5
1665.0 7658983.0
1666.0 7314670.0
1667.0 7615207.0
1668.0 7377505.0
1669.0 7873071.0
1670.0 8284500.5
1671.0 8772625.0
1672.0 10230460.0
1673.0 10658084.0
1674.0 10375515.0
1675.0 10711300.0
1676.0 11626946.0
1677.0 12307671.0
1678.0 12388370.0
1679.0 11988014.0
1680.0 12706922.0
1681.0 13883332.0
1682.0 14123554.0
1683.0 13351956.0
1684.0 12042769.0
1685.0 11404706.0
1686.0 10532275.0
1687.0 10617689.0
1688.0 10470928.0
1689.0 10252809.0
1690.0 10136216.0
1691.0 11537098.0
1692.0 12661250.0
1693.0 13122326.0
1694.0 12790725.0
1695.0 11645654.0
1696.0 12259274.0
1697.0 13267306.0
1698.0 13790604.0
1699.0 14702010.0
1700.0 14904979.0
1701.0 15814676.0
1702.0 16470678.0
1703.0 16442734.0
1704.0 16475464.0
1705.0 14916878.0
1706.0 13452939.0
1707.0 12680041.0
1708.0 13243418.0
1709.0 12997294.0
1710.0 12966030.0
1711.0 13316622.0
1712.0 12932512.0
1713.0 11517378.0
1714.0 10845061.0
1715.0 9508444.0
1716.0 8876577.0
1717.0 10448651.0
1718.0 9984978.0
1719.0 9329183.0
1720.0 8091529.0
1721.0 6753502.0
1722.0 5206791.0
1723.0 3537887.8
1724.0 3041890.5
1725.0 2859249.0
1726.0 2599298.2
1727.0 2367709.2
1728.0 2449202.0
1729.0 2772447.2
1730.0 2631809.5
1731.0 2803648.5
1732.0 2963308.5
1733.0 3046580.2
1734.0 3203227.5
1735.0 3167235.0
1736.0 3437727.5
1737.0 3894720.0
1738.0 3691476.5
1739.0 3981835.0
1740.0 4258075.5
1741.0 4276969.5
1742.0 4637494.0
1743.0 5034117.0
1744.0 4268981.0
1745.0 3714125.2
1746.0 3484756.5
1747.0 3629234.0
1748.0 4054065.2
1749.0 3829945.0
1750.0 3616119.5
1751.0 3094853.8
1752.0 3271359.8
1753.0 3038613.8
1754.0 2889545.5
1755.0 2896919.8
1756.0 3563785.0
1757.0 3331644.8
1758.0 3245343.0
1759.0 3705637.0
1760.0 4160736.0
1761.0 4727009.0
1762.0 4851619.0
1763.0 4725292.5
1764.0 4573338.5
1765.0 4634768.5
1766.0 5483270.5
1767.0 6209720.0
1768.0 6190364.0
1769.0 5766875.0
1770.0 5651394.5
1771.0 5435772.5
1772.0 5469830.0
1773.0 5329404.5
1774.0 5157915.5
1775.0 4761056.5
1776.0 4281473.0
1777.0 4708786.0
1778.0 5022447.0
1779.0 4514404.5
1780.0 4621758.5
1781.0 4952318.5
1782.0 4944728.5
1783.0 4353919.5
1784.0 3631232.8
1785.0 3767609.5
1786.0 4083224.0
1787.0 4185689.5
1788.0 4096173.8
1789.0 4499957.5
1790.0 4236153.5
1791.0 4581646.0
1792.0 4057165.5
1793.0 3839102.0
1794.0 4311911.5
1795.0 4507194.5
1796.0 4804793.0
1797.0 5047183.5
1798.0 5239523.0
1799.0 5948269.5
1800.0 5804006.0
1801.0 5296302.5
1802.0 5391845.5
1803.0 5417546.0
1804.0 5282214.5
1805.0 4965799.5
1806.0 5090273.5
1807.0 5728382.0
1808.0 4912378.0
1809.0 4370233.5
1810.0 3543702.0
1811.0 3410799.8
1812.0 3496430.2
1813.0 3763654.0
1814.0 2980877.5
1815.0 3035752.0
1816.0 2686272.5
1817.0 2869306.5
1818.0 2376198.0
1819.0 2433515.5
1820.0 2895417.0
1821.0 3192872.2
1822.0 3591562.2
1823.0 3672932.2
1824.0 4256091.5
1825.0 4996583.0
1826.0 5123855.5
1827.0 5332481.0
1828.0 5380844.0
1829.0 5698867.5
1830.0 6562315.0
1831.0 6427312.5
1832.0 6435630.0
1833.0 6894437.5
1834.0 6929916.0
1835.0 6719214.0
1836.0 7193810.5
1837.0 7315702.0
1838.0 6873223.0
1839.0 6030699.0
1840.0 5368505.5
1841.0 5550829.0
1842.0 5943755.0
1843.0 6365294.0
1844.0 6695849.5
1845.0 6696834.0
1846.0 7756647.0
1847.0 8068575.5
1848.0 8316192.5
1849.0 8869248.0
1850.0 9466426.0
1851.0 9826343.0
1852.0 10019346.0
1853.0 10498058.0
1854.0 10561820.0
1855.0 9985954.0
1856.0 9572878.0
1857.0 9779408.0
1858.0 9531150.0
1859.0 8943688.0
1860.0 8641688.0
1861.0 8176273.0
1862.0 8433459.0
1863.0 7707030.0
1864.0 7449607.0
1865.0 7545465.5
1866.0 6889554.0
1867.0 5826036.0
1868.0 5931935.0
1869.0 5879932.5
1870.0 5422402.0
1871.0 5922435.0
1872.0 6201595.5
1873.0 6271902.0
1874.0 7060513.0
1875.0 7056558.0
1876.0 7840043.0
1877.0 8120315.0
1878.0 8339674.5
1879.0 9126999.0
1880.0 9828929.0
1881.0 9669175.0
1882.0 9468385.0
1883.0 8129919.0
1884.0 7782160.5
1885.0 7448215.0
1886.0 6732181.0
1887.0 6125107.5
1888.0 5388236.0
1889.0 5431967.0
1890.0 4829727.0
1891.0 4789628.5
1892.0 4623572.5
1893.0 4563682.0
1894.0 4338277.5
1895.0 4546772.0
1896.0 5120449.5
1897.0 5769738.0
1898.0 6285690.0
1899.0 7493651.0
1900.0 8129656.0
1901.0 8693669.0
1902.0 10821571.0
1903.0 12251001.0
1904.0 11913835.0
1905.0 12489491.0
1906.0 14932771.0
1907.0 15956379.0
1908.0 13915831.0
1909.0 15355112.0
1910.0 17824122.0
1911.0 18138802.0
1912.0 17341904.0
1913.0 17425316.0
1914.0 16463529.0
1915.0 13904379.0
1916.0 10220438.0
1917.0 7399290.5
1918.0 6495264.5
1919.0 5282133.0
1920.0 4504220.5
1921.0 4740714.0
1922.0 4789292.5
1923.0 5387029.0
1924.0 6303349.5
1925.0 7124650.5
1926.0 6573879.5
1927.0 7569935.5
1928.0 8263260.5
1929.0 9604619.0
1930.0 10369271.0
1931.0 11168019.0
1932.0 10778736.0
1933.0 11127834.0
1934.0 12429801.0
1935.0 13945339.0
1936.0 13709465.0
1937.0 13857905.0
1938.0 14125629.0
1939.0 13312819.0
1940.0 12732921.0
1941.0 11122351.0
1942.0 7947600.5
1943.0 5594347.5
1944.0 4252207.0
1945.0 3267536.2
1946.0 3139642.8
1947.0 2667035.2
1948.0 2413741.5
1949.0 1848854.2
1950.0 1781772.8
1951.0 1433178.1
1952.0 1336567.4
1953.0 1391726.2
1954.0 1168273.4
1955.0 914744.6
1956.0 1148504.1
1957.0 1018305.25
1958.0 987771.2
1959.0 978460.4
1960.0 1082483.6
1961.0 1082383.2
1962.0 957227.25
1963.0 825522.2
1964.0 932941.0
1965.0 838782.2
1966.0 1021778.5
1967.0 1108142.6
1968.0 1062690.1
1969.0 1068900.8
1970.0 1110130.2
1971.0 1180352.2
1972.0 1215630.5
1973.0 1087843.6
1974.0 1110429.8
1975.0 1321460.6
1976.0 1264886.8
1977.0 1232838.1
1978.0 1319359.5
1979.0 1013453.44
1980.0 965346.9
1981.0 1290698.8
1982.0 1708622.5
1983.0 1545342.6
1984.0 1443983.1
1985.0 1448972.5
1986.0 1537562.6
1987.0 1414886.0
1988.0 1355355.0
1989.0 1404614.0
1990.0 1282890.4
1991.0 1078212.8
1992.0 1522545.0
1993.0 1582666.5
1994.0 1735419.2
1995.0 2265489.5
1996.0 2084152.2
1997.0 1755763.1
1998.0 1334110.6
1999.0 1296203.5
2000.0 1176494.8
2001.0 1563947.4
2002.0 1949073.9
2003.0 1410027.4
2004.0 1517101.1
2005.0 1570989.8
2006.0 1753641.1
2007.0 1892702.2
2008.0 1947775.8
2009.0 1425841.0
2010.0 1333100.0
2011.0 1359139.8
2012.0 1270759.8
2013.0 1710550.0
2014.0 1955406.4
2015.0 1726819.8
2016.0 1731496.0
2017.0 1537223.0
2018.0 1320876.0
2019.0 1373759.5
2020.0 1688433.5
2021.0 2096554.5
2022.0 2438485.0
2023.0 2048256.2
2024.0 1895391.1
2025.0 1797124.5
2026.0 1957268.9
2027.0 2100463.5
2028.0 740396.1
2029.0 -660900.9
2030.0 -2241368.5
2031.0 -3879665.2
2032.0 -5541568.0
2033.0 -7405053.0
2034.0 -8950300.0
2035.0 -10985670.0
2036.0 -12983435.0
2037.0 -14368245.0
2038.0 -16072790.0
2039.0 -17975730.0
2040.0 -20051664.0
2041.0 -22280682.0
2042.0 -24262068.0
2043.0 -26161510.0
2044.0 -28371038.0
2045.0 -30100404.0
2046.0 0.0
2047.0 0.0
