string
0.0 2108805.2
1.0 2567946.5
2.0 2395309.8
3.0 2698548.8
4.0 3073160.0
5.0 3065326.0
6.0 3195859.8
7.0 3252960.0
8.0 3149356.0
9.0 2841122.8
10.0 2958949.0
11.0 2832095.0
12.0 2754676.2
13.0 2637031.2
14.0 2122146.0
15.0 2262742.2
16.0 2868754.0
17.0 3254281.0
18.0 3133279.0
19.0 3216327.2
20.0 3108317.0
21.0 2843653.0
22.0 2788186.5
23.0 2934218.5
24.0 2716671.0
25.0 2236332.8
26.0 2139518.8
27.0 2489769.8
28.0 2286609.5
29.0 2585533.8
30.0 2831814.5
31.0 3016838.0
32.0 3036176.2
33.0 2650225.0
34.0 2934403.8
35.0 2917652.5
36.0 3263956.5
37.0 3196319.0
38.0 3363116.5
39.0 3818450.2
40.0 4030627.0
41.0 4350610.0
42.0 4262858.0
43.0 4168012.8
44.0 4234687.0
45.0 3855582.5
46.0 3752302.5
47.0 3098388.0
48.0 2699755.5
49.0 2523679.2
50.0 3066007.0
51.0 3035275.0
52.0 2367134.2
53.0 2362626.2
54.0 2031160.0
55.0 2216715.8
56.0 2477832.8
57.0 3039212.0
58.0 3290003.0
59.0 2891116.0
60.0 2675601.5
61.0 2900498.8
62.0 3237326.2
63.0 4136582.5
64.0 4536712.0
65.0 4472921.0
66.0 3663090.5
67.0 3333650.5
68.0 3969767.0
69.0 3474370.5
70.0 2926252.8
71.0 3314024.5
72.0 3419283.8
73.0 3281522.0
74.0 3246273.5
75.0 3809696.2
76.0 4337256.0
77.0 4005216.0
78.0 4958575.5
79.0 6421687.5
80.0 6553041.0
81.0 6386015.5
82.0 6485180.0
83.0 5919959.0
84.0 5954427.0
85.0 5868219.0
86.0 5540455.0
87.0 4761274.0
88.0 4185436.2
89.0 4715509.0
90.0 5092839.0
91.0 5171519.5
92.0 5243428.0
93.0 5265289.0
94.0 5700625.5
95.0 6078752.5
96.0 7448850.5
97.0 8917691.0
98.0 9134356.0
99.0 9053318.0
100.0 8002624.0
101.0 6692430.0
102.0 4754956.5
103.0 3572030.0
104.0 2674813.8
105.0 2200746.0
106.0 2122887.2
107.0 2087617.0
108.0 2044743.2
109.0 1653085.2
110.0 1847944.2
111.0 2218283.0
112.0 2246784.8
113.0 1901253.9
114.0 2083463.6
115.0 2865432.8
116.0 3008160.5
117.0 3655877.2
118.0 4335854.0
119.0 4939954.0
120.0 6205421.0
121.0 7035052.5
122.0 6806537.5
123.0 7641019.5
124.0 8627858.0
125.0 8379607.5
126.0 8509826.0
127.0 8437949.0
128.0 8657171.0
129.0 9667605.0
130.0 9118217.0
131.0 8386046.0
132.0 8076119.0
133.0 6351777.5
134.0 4915074.5
135.0 3074989.8
136.0 1951937.4
137.0 1624493.0
138.0 1985537.8
139.0 1651981.5
140.0 1572427.4
141.0 1425392.0
142.0 1152653.1
143.0 1228001.5
144.0 1168862.2
145.0 1108546.5
146.0 1064368.6
147.0 902559.9
148.0 1070553.0
149.0 1117434.8
150.0 1009048.5
151.0 922047.2
152.0 1263306.8
153.0 1537038.6
154.0 1813906.2
155.0 2539139.5
156.0 3418803.0
157.0 4578680.0
158.0 5872598.0
159.0 8195274.0
160.0 9951452.0
161.0 11545505.0
162.0 9559444.0
163.0 7304297.5
164.0 5707134.5
165.0 4930369.0
166.0 4871561.0
167.0 4497723.5
168.0 4045679.0
169.0 4315184.0
170.0 4222197.0
171.0 4824344.0
172.0 5829607.5
173.0 6597792.5
174.0 5911759.5
175.0 5199692.0
176.0 5304010.0
177.0 5844877.5
178.0 7162391.0
179.0 9447836.0
180.0 12102675.0
181.0 15973069.0
182.0 18081638.0
183.0 17348400.0
184.0 17184950.0
185.0 15199980.0
186.0 12356622.0
187.0 9554329.0
188.0 6569040.0
189.0 5172390.5
190.0 3928840.0
191.0 3555609.8
192.0 2722713.5
193.0 2218224.8
194.0 1938932.5
195.0 1856044.4
196.0 1489424.8
197.0 1075757.8
198.0 1233944.6
199.0 1307757.4
200.0 1200729.4
201.0 1416917.2
202.0 1426584.9
203.0 1348863.0
204.0 1075252.2
205.0 1175614.4
206.0 1476979.0
207.0 1584844.8
208.0 1811570.8
209.0 1499699.8
210.0 1641894.0
211.0 1871476.9
212.0 2385972.5
213.0 2507842.5
214.0 2607095.2
215.0 2403318.5
216.0 3957675.0
217.0 5988669.0
218.0 8524729.0
219.0 10900162.0
220.0 12249160.0
221.0 11615570.0
222.0 11516942.0
223.0 10751385.0
224.0 8358945.5
225.0 6503695.0
226.0 4824417.5
227.0 3720062.5
228.0 2864800.0
229.0 2959421.2
230.0 2868562.8
231.0 2645062.0
232.0 2066992.0
233.0 1818399.8
234.0 1548679.8
235.0 1191088.6
236.0 1063618.6
237.0 1136955.9
238.0 1213149.5
239.0 1278043.2
240.0 1117590.0
241.0 1153621.0
242.0 1203374.0
243.0 1687785.6
244.0 1866657.5
245.0 2030799.4
246.0 2072620.6
247.0 3283009.0
248.0 4274872.5
249.0 5063096.0
250.0 5600315.0
251.0 6922058.0
252.0 7945149.5
253.0 8560166.0
254.0 8660274.0
255.0 8600722.0
256.0 7806300.5
257.0 5622438.0
258.0 3311877.0
259.0 2460532.2
260.0 2079679.0
261.0 1993366.8
262.0 1534610.2
263.0 1679720.8
264.0 1585636.1
265.0 1524040.1
266.0 1363739.0
267.0 1079968.5
268.0 818668.1
269.0 960297.6
270.0 937954.3
271.0 827345.75
272.0 695296.8
273.0 762848.5
274.0 840124.44
275.0 1067268.4
276.0 1241139.2
277.0 892862.8
278.0 804001.4
279.0 1044638.8
280.0 1180908.1
281.0 1080752.8
282.0 1264515.8
283.0 1574196.2
284.0 1512180.1
285.0 1219556.5
286.0 1158408.8
287.0 1434917.4
288.0 925889.94
289.0 728925.9
290.0 1119042.6
291.0 1288269.8
292.0 1348956.2
293.0 1060440.5
294.0 1097483.5
295.0 1365630.1
296.0 1074815.5
297.0 947578.75
298.0 1401897.5
299.0 1557837.2
300.0 1574412.0
301.0 1532030.8
302.0 1616573.1
303.0 1621329.9
304.0 1457014.4
305.0 1735411.5
306.0 2146704.8
307.0 2154035.0
308.0 1880202.6
309.0 2184192.2
310.0 2258800.5
311.0 1825547.5
312.0 1724982.4
313.0 1422192.5
314.0 1309544.0
315.0 1748314.8
316.0 2006474.2
317.0 2049772.8
318.0 2570025.5
319.0 2967443.5
320.0 3389897.2
321.0 3756499.8
322.0 4010960.0
323.0 3355884.0
324.0 3383281.5
325.0 3216785.5
326.0 2985452.8
327.0 3441186.5
328.0 3476191.2
329.0 4152281.0
330.0 4764376.5
331.0 5658789.0
332.0 6086182.5
333.0 6657570.0
334.0 7683400.5
335.0 7425687.0
336.0 5925723.0
337.0 4760384.0
338.0 4352137.0
339.0 3228468.5
340.0 2289534.2
341.0 2385960.0
342.0 1892839.0
343.0 1585141.9
344.0 1635831.8
345.0 2075402.2
346.0 1957483.9
347.0 1515760.1
348.0 1257136.0
349.0 1199319.5
350.0 1162595.2
351.0 1184703.0
352.0 1572691.4
353.0 1570699.4
354.0 1314132.4
355.0 1206606.0
356.0 1116553.2
357.0 1175693.6
358.0 1761527.6
359.0 1900867.6
360.0 1962080.8
361.0 2168700.2
362.0 2183418.0
363.0 2585369.8
364.0 2128661.5
365.0 2798644.5
366.0 2954730.5
367.0 3200122.5
368.0 4025515.0
369.0 4705495.0
370.0 4452694.5
371.0 4024912.0
372.0 4158892.8
373.0 3529618.8
374.0 2844894.0
375.0 2499826.5
376.0 2417259.0
377.0 2194838.5
378.0 1809686.0
379.0 2057094.9
380.0 1945524.9
381.0 2474781.0
382.0 2091772.4
383.0 1772009.4
384.0 1721328.2
385.0 1541824.8
386.0 1185090.1
387.0 1399409.2
388.0 1674163.1
389.0 1669936.9
390.0 1703800.2
391.0 1816014.0
392.0 1694883.2
393.0 2064569.2
394.0 2208732.0
395.0 2428620.8
396.0 3005878.8
397.0 3385127.8
398.0 3760956.0
399.0 3349668.8
400.0 3588581.5
401.0 3221177.8
402.0 2381686.0
403.0 1892295.0
404.0 2235460.0
405.0 2652453.5
406.0 2784198.0
407.0 2857783.8
408.0 3036275.0
409.0 3027595.0
410.0 3252661.2
411.0 4479662.0
412.0 3898747.8
413.0 3058647.5
414.0 3096258.0
415.0 2898621.5
416.0 3556918.8
417.0 4409236.0
418.0 5077999.0
419.0 4281627.5
420.0 3756267.5
421.0 3758340.2
422.0 3050694.5
423.0 2471587.5
424.0 2330769.5
425.0 2284910.8
426.0 2223749.5
427.0 1861048.1
428.0 2167107.0
429.0 2269344.0
430.0 2243915.8
431.0 2325647.8
432.0 2632091.2
433.0 2455635.5
434.0 2158226.5
435.0 1845962.0
436.0 1490946.0
437.0 1441140.8
438.0 1803435.1
439.0 1860667.2
440.0 2169069.0
441.0 2517438.2
442.0 2538365.5
443.0 2087258.0
444.0 1436359.9
445.0 921348.9
446.0 1179919.5
447.0 1794498.2
448.0 1898197.2
449.0 2142911.2
450.0 1982105.8
451.0 1983426.2
452.0 2405963.0
453.0 2646592.5
454.0 2690090.0
455.0 2448858.0
456.0 2682419.5
457.0 2317669.0
458.0 2074297.8
459.0 1999736.1
460.0 2098470.5
461.0 1930181.9
462.0 2015885.0
463.0 2188118.5
464.0 2359243.2
465.0 2867097.5
466.0 2872132.2
467.0 3345180.5
468.0 3200158.0
469.0 2390555.2
470.0 2467837.2
471.0 2575559.5
472.0 2712613.0
473.0 2745108.8
474.0 2930992.2
475.0 2267771.2
476.0 2058870.0
477.0 2135521.5
478.0 1744531.1
479.0 1516485.0
480.0 1482771.9
481.0 1708215.8
482.0 1957300.2
483.0 2129659.0
484.0 1555245.8
485.0 1252986.4
486.0 1236499.5
487.0 1224612.6
488.0 1010337.8
489.0 768062.25
490.0 799981.9
491.0 1344476.9
492.0 1302285.9
493.0 1124936.2
494.0 1087693.5
495.0 1149860.0
496.0 1223952.2
497.0 1420354.5
498.0 1226168.0
499.0 1622272.5
500.0 1573493.6
501.0 1628206.4
502.0 1583058.1
503.0 1776822.6
504.0 1987882.4
505.0 1997682.4
506.0 2087378.6
507.0 2266215.2
508.0 2383536.5
509.0 2720674.5
510.0 2188432.0
511.0 2172770.8
512.0 1977831.0
513.0 1658265.2
514.0 1761532.4
515.0 1863066.9
516.0 1806447.8
517.0 1502963.6
518.0 1501908.5
519.0 1559773.1
520.0 1199111.4
521.0 1352002.2
522.0 1547013.8
523.0 1809449.8
524.0 1772532.6
525.0 1445676.8
526.0 1162427.1
527.0 1157569.6
528.0 1435076.0
529.0 1659050.2
530.0 1692267.6
531.0 1388806.0
532.0 1635067.5
533.0 1420093.0
534.0 1573930.5
535.0 2485473.2
536.0 2907188.0
537.0 2963766.0
538.0 2957790.2
539.0 3686451.0
540.0 3218878.5
541.0 2790280.0
542.0 2367777.0
543.0 2168465.0
544.0 1749733.5
545.0 1676522.0
546.0 1760200.2
547.0 1908066.4
548.0 1542616.0
549.0 1592655.0
550.0 1659770.0
551.0 2372141.2
552.0 2287984.8
553.0 1809654.8
554.0 1578400.0
555.0 1537958.6
556.0 1660269.0
557.0 1862829.5
558.0 1905461.8
559.0 2168496.5
560.0 2341105.2
561.0 2360930.0
562.0 2822116.0
563.0 2201735.8
564.0 1514423.2
565.0 1402943.6
566.0 1593651.5
567.0 1526801.0
568.0 1541550.1
569.0 1555914.0
570.0 1507319.8
571.0 1137425.4
572.0 1274270.5
573.0 1437077.0
574.0 1673862.2
575.0 1593175.1
576.0 1605168.8
577.0 1455423.6
578.0 1516141.0
579.0 1378536.8
580.0 1619512.0
581.0 2121969.2
582.0 1866953.1
583.0 1747762.2
584.0 1608589.5
585.0 1469215.8
586.0 1449117.5
587.0 1916025.2
588.0 1907796.4
589.0 1530185.1
590.0 1414989.9
591.0 1549826.0
592.0 1827972.6
593.0 1536750.6
594.0 1505048.8
595.0 1224609.6
596.0 1525530.2
597.0 1029564.75
598.0 1130147.2
599.0 1121053.9
600.0 1016896.1
601.0 1353431.1
602.0 1432760.0
603.0 1398870.8
604.0 1590116.8
605.0 1767416.9
606.0 1435848.1
607.0 1103519.0
608.0 1058458.0
609.0 1329283.5
610.0 1515005.8
611.0 1814117.8
612.0 1827249.2
613.0 1713946.0
614.0 1401543.8
615.0 1197026.5
616.0 920389.4
617.0 1287383.2
618.0 1556217.5
619.0 1433056.2
620.0 1396090.8
621.0 1138141.6
622.0 1145443.6
623.0 1005634.5
624.0 1456047.4
625.0 1669141.5
626.0 1750368.0
627.0 1648850.2
628.0 1441417.5
629.0 1281742.2
630.0 1321197.2
631.0 1223206.9
632.0 1370903.5
633.0 1351140.1
634.0 1287180.0
635.0 1586526.2
636.0 1795748.1
637.0 1239421.0
638.0 1122759.1
639.0 1155455.1
640.0 1488145.1
641.0 1140220.9
642.0 941915.5
643.0 1569095.5
644.0 1937205.1
645.0 1752607.5
646.0 1937976.2
647.0 1700078.1
648.0 1587117.4
649.0 1538284.9
650.0 1516599.2
651.0 1382446.9
652.0 1441075.8
653.0 1238192.5
654.0 880080.3
655.0 1074706.4
656.0 1093556.0
657.0 1206219.4
658.0 1450172.5
659.0 1244370.2
660.0 1187831.4
661.0 1370262.8
662.0 1455320.1
663.0 1597148.0
664.0 1333425.6
665.0 1456967.2
666.0 1379050.2
667.0 1329875.2
668.0 1194348.9
669.0 1162565.5
670.0 1372001.8
671.0 2050048.0
672.0 1947480.8
673.0 1850684.0
674.0 1851789.5
675.0 1555818.0
676.0 1757659.8
677.0 1728181.1
678.0 2084169.2
679.0 1926984.5
680.0 1592664.9
681.0 1319318.1
682.0 1298403.5
683.0 1444346.0
684.0 1480744.0
685.0 1265162.2
686.0 1369802.5
687.0 1276823.6
688.0 1229417.0
689.0 1449476.4
690.0 1842134.5
691.0 1537481.8
692.0 1793783.6
693.0 1579555.0
694.0 1692381.2
695.0 1773618.5
696.0 1720124.4
697.0 1726662.8
698.0 1517091.4
699.0 1420464.5
700.0 1622070.6
701.0 1647305.6
702.0 1160346.9
703.0 1167814.5
704.0 1121236.6
705.0 1236936.1
706.0 1095434.5
707.0 1196519.5
708.0 1195593.4
709.0 1172289.4
710.0 1271676.6
711.0 1213637.4
712.0 1312638.8
713.0 1217071.5
714.0 1140872.1
715.0 1284252.9
716.0 1163110.1
717.0 1225059.4
718.0 1425421.9
719.0 1501328.6
720.0 1243873.5
721.0 1454847.2
722.0 1390013.9
723.0 1308894.4
724.0 1431080.8
725.0 1299600.8
726.0 1275094.4
727.0 1265668.2
728.0 1187838.6
729.0 1532420.6
730.0 1512393.6
731.0 1338533.2
732.0 1183361.1
733.0 1393074.2
734.0 1572769.8
735.0 1386139.5
736.0 1613906.5
737.0 1639506.4
738.0 1807998.6
739.0 1843216.9
740.0 1063425.1
741.0 1355267.2
742.0 1352949.4
743.0 1473134.5
744.0 1580169.9
745.0 1990429.9
746.0 1975916.0
747.0 1675170.6
748.0 2172663.8
749.0 2037983.5
750.0 1624413.1
751.0 1780351.1
752.0 2127042.8
753.0 1567633.1
754.0 1131605.1
755.0 978224.5
756.0 1493760.5
757.0 1291640.2
758.0 1085207.5
759.0 1150219.0
760.0 1277576.0
761.0 1275539.9
762.0 1251099.2
763.0 1484173.0
764.0 1228403.2
765.0 1435989.0
766.0 1755346.9
767.0 1240216.4
768.0 1203510.8
769.0 1348049.0
770.0 1478386.2
771.0 1586530.6
772.0 1759643.2
773.0 1519713.9
774.0 1741408.0
775.0 1695580.2
776.0 1455861.0
777.0 1589143.5
778.0 1544197.4
779.0 1121907.1
780.0 1005056.5
781.0 1145897.5
782.0 1338954.8
783.0 1574876.0
784.0 1535013.5
785.0 1324198.2
786.0 1330391.4
787.0 1199653.1
788.0 1234019.9
789.0 1463795.6
790.0 1332055.0
791.0 1447046.1
792.0 1309958.2
793.0 1075393.0
794.0 1105075.8
795.0 1381713.5
796.0 1598814.2
797.0 1864522.0
798.0 1740973.6
799.0 1818018.0
800.0 2158459.5
801.0 2065932.6
802.0 1611873.0
803.0 1815693.6
804.0 1868514.5
805.0 1515008.0
806.0 1492980.8
807.0 1518534.8
808.0 1551116.4
809.0 1575350.1
810.0 1639706.5
811.0 1233253.2
812.0 1395678.8
813.0 1815732.5
814.0 1634629.0
815.0 1749094.8
816.0 1542858.8
817.0 1495328.5
818.0 1328343.0
819.0 1501346.1
820.0 2119866.5
821.0 1832704.4
822.0 1686948.1
823.0 1541680.8
824.0 1805805.6
825.0 2114863.0
826.0 2332835.2
827.0 1927019.0
828.0 1641107.2
829.0 1723699.4
830.0 1902303.1
831.0 1819539.5
832.0 1296509.2
833.0 1407451.0
834.0 1445868.0
835.0 1244677.0
836.0 1635239.4
837.0 1469364.0
838.0 1531667.0
839.0 1415630.2
840.0 1222766.6
841.0 1321676.5
842.0 1189046.4
843.0 1027653.2
844.0 1115478.4
845.0 1272020.5
846.0 1601775.1
847.0 1607967.5
848.0 1346857.6
849.0 1135661.5
850.0 1315929.5
851.0 1432379.5
852.0 1534912.5
853.0 1381876.4
854.0 1516191.8
855.0 1575666.4
856.0 1393172.6
857.0 1320926.4
858.0 1434104.5
859.0 1525844.9
860.0 1525280.5
861.0 1927243.2
862.0 1366549.0
863.0 1390092.4
864.0 1700808.1
865.0 1684026.9
866.0 1563546.0
867.0 1506327.6
868.0 1601226.2
869.0 1383201.1
870.0 1657304.0
871.0 1547839.5
872.0 1684720.0
873.0 1648391.2
874.0 1561833.8
875.0 1466299.9
876.0 1582687.0
877.0 1872019.0
878.0 1796468.5
879.0 1693783.8
880.0 1886206.4
881.0 2122054.2
882.0 1937214.9
883.0 1440350.5
884.0 1525983.6
885.0 1851615.5
886.0 1678452.2
887.0 1630666.5
888.0 2049042.8
889.0 2157124.5
890.0 2133194.8
891.0 1635181.5
892.0 1437341.2
893.0 1543691.8
894.0 1821207.5
895.0 1992075.6
896.0 1947755.2
897.0 1768221.0
898.0 1582653.5
899.0 2066345.8
900.0 2351589.8
901.0 2341434.0
902.0 2243547.2
903.0 1941487.6
904.0 2130562.0
905.0 2208964.5
906.0 2015502.5
907.0 2133301.2
908.0 2311779.0
909.0 2202920.2
910.0 2121408.5
911.0 2428823.0
912.0 2498348.0
913.0 3034364.8
914.0 2935866.0
915.0 2639841.5
916.0 2655409.0
917.0 2479078.0
918.0 2400885.0
919.0 2719824.8
920.0 2793651.0
921.0 3027089.0
922.0 2723830.5
923.0 2725682.2
924.0 3074782.2
925.0 2801517.2
926.0 2753192.2
927.0 2536247.0
928.0 2362391.2
929.0 2955077.2
930.0 2725255.0
931.0 2732156.0
932.0 3123262.8
933.0 2960201.5
934.0 2740939.0
935.0 2963778.5
936.0 3471935.2
937.0 3552931.2
938.0 3852291.0
939.0 3826539.8
940.0 3643410.0
941.0 3343095.2
942.0 3393459.8
943.0 2934331.0
944.0 3166574.0
945.0 2981733.0
946.0 2865432.8
947.0 3070513.0
948.0 3194187.8
949.0 3106921.5
950.0 3346875.2
951.0 3145158.8
952.0 2894712.5
953.0 3008357.2
954.0 3164457.5
955.0 3181336.5
956.0 3115772.8
957.0 3313019.8
958.0 3441555.2
959.0 3192925.5
960.0 3169845.0
961.0 3324880.2
962.0 3235577.8
963.0 3080164.5
964.0 3499107.0
965.0 4164759.0
966.0 4210159.0
967.0 4355916.5
968.0 4622766.0
969.0 4932193.5
970.0 5190994.0
971.0 5185643.5
972.0 5346862.0
973.0 5867062.5
974.0 5473731.0
975.0 5492166.0
976.0 5196159.5
977.0 5436489.0
978.0 5713535.5
979.0 5573722.5
980.0 4813306.0
981.0 4868113.5
982.0 5221163.0
983.0 5645702.5
984.0 5889189.5
985.0 7194201.0
986.0 8104160.5
987.0 9536611.0
988.0 10565575.0
989.0 12066928.0
990.0 13023918.0
991.0 13837036.0
992.0 14101466.0
993.0 13390261.0
994.0 12412398.0
995.0 11650149.0
996.0 10725609.0
997.0 10741909.0
998.0 10894229.0
999.0 11253559.0
1000.0 11477598.0
1001.0 10945438.0
1002.0 11501292.0
1003.0 11770229.0
1004.0 12410945.0
1005.0 12721574.0
1006.0 13543669.0
1007.0 14479669.0
1008.0 14596260.0
1009.0 14147548.0
1010.0 13325684.0
1011.0 12535196.0
1012.0 12446515.0
1013.0 12345742.0
1014.0 11713690.0
1015.0 10466159.0
1016.0 9786322.0
1017.0 9197447.0
1018.0 7625002.0
1019.0 6012442.5
1020.0 5002722.5
1021.0 5245833.0
1022.0 5109543.0
1023.0 4789038.5
1024.0 4880405.0
1025.0 4974923.0
1026.0 4754720.0
1027.0 4702675.0
1028.0 4797898.0
1029.0 5097627.5
1030.0 5725995.5
1031.0 6312314.5
1032.0 7423297.5
1033.0 8438894.0
1034.0 9650691.0
1035.0 11279272.0
1036.0 13434650.0
1037.0 14100845.0
1038.0 15257930.0
1039.0 16473316.0
1040.0 16734601.0
1041.0 17114788.0
1042.0 16547130.0
1043.0 15575399.0
1044.0 14926798.0
1045.0 15006168.0
1046.0 15193814.0
1047.0 15507971.0
1048.0 16137138.0
1049.0 16147090.0
1050.0 16731732.0
1051.0 18559994.0
1052.0 19115800.0
1053.0 19860852.0
1054.0 21015304.0
1055.0 20867608.0
1056.0 21541052.0
1057.0 22989718.0
1058.0 27122152.0
1059.0 35072160.0
1060.0 47028460.0
1061.0 64110040.0
1062.0 84205340.0
1063.0 107050410.0
1064.0 131603570.0
1065.0 149964290.0
1066.0 159718500.0
1067.0 153849970.0
1068.0 132764530.0
1069.0 104331160.0
1070.0 73342850.0
1071.0 47616336.0
1072.0 32642448.0
1073.0 24873938.0
1074.0 19397810.0
1075.0 16050426.0
1076.0 14222766.0
1077.0 12358551.0
1078.0 11115492.0
1079.0 9935830.0
1080.0 8368962.5
1081.0 6945092.5
1082.0 6466484.5
1083.0 5671222.5
1084.0 5932682.5
1085.0 6126992.0
1086.0 5798935.5
1087.0 6801399.5
1088.0 7562296.0
1089.0 8310892.0
1090.0 8684418.0
1091.0 8898387.0
1092.0 9133872.0
1093.0 9430514.0
1094.0 9588153.0
1095.0 9215210.0
1096.0 8326118.0
1097.0 8071491.0
1098.0 7768784.0
1099.0 7616698.0
1100.0 8368458.0
1101.0 9184291.0
1102.0 10654486.0
1103.0 12712915.0
1104.0 16421105.0
1105.0 22303012.0
1106.0 31031230.0
1107.0 42072730.0
1108.0 58127944.0
1109.0 79246560.0
1110.0 99507290.0
1111.0 119413990.0
1112.0 131939830.0
1113.0 135264350.0
1114.0 128081760.0
1115.0 109352090.0
1116.0 83998780.0
1117.0 56554204.0
1118.0 37019790.0
1119.0 25082528.0
1120.0 18471070.0
1121.0 14068149.0
1122.0 11642082.0
1123.0 10481452.0
1124.0 9169175.0
1125.0 7981379.5
1126.0 6672760.0
1127.0 4916998.0
1128.0 3581977.2
1129.0 3270328.0
1130.0 2991632.2
1131.0 3170009.0
1132.0 2921373.5
1133.0 2735559.5
1134.0 3022156.5
1135.0 3399949.0
1136.0 3778172.8
1137.0 4314408.0
1138.0 4632299.5
1139.0 5053249.5
1140.0 5115383.0
1141.0 4948370.5
1142.0 4487594.0
1143.0 4099770.2
1144.0 3621689.0
1145.0 3329963.0
1146.0 3067323.8
1147.0 2260908.0
1148.0 2034057.6
1149.0 2281672.0
1150.0 2404731.2
1151.0 1920468.6
1152.0 2119203.5
1153.0 2497997.2
1154.0 2412293.5
1155.0 2219371.5
1156.0 2011268.1
1157.0 2464345.2
1158.0 2345766.8
1159.0 2340860.5
1160.0 2252010.8
1161.0 2469178.2
1162.0 2601868.8
1163.0 2909123.5
1164.0 2881192.0
1165.0 3065869.5
1166.0 3388256.5
1167.0 3219600.2
1168.0 3500844.5
1169.0 3659837.8
1170.0 3672723.5
1171.0 3714676.5
1172.0 3944687.5
1173.0 3824621.0
1174.0 3448650.0
1175.0 3277467.0
1176.0 3014727.0
1177.0 3053217.0
1178.0 3272730.2
1179.0 3565774.5
1180.0 4009405.2
1181.0 3791223.0
1182.0 3559080.2
1183.0 3946017.8
1184.0 4145894.5
1185.0 4546029.0
1186.0 5086809.0
1187.0 5585274.0
1188.0 5500779.5
1189.0 5666495.5
1190.0 5893339.0
1191.0 6472443.0
1192.0 6708032.5
1193.0 6721560.0
1194.0 7418455.0
1195.0 7143909.0
1196.0 6072834.0
1197.0 5646325.5
1198.0 5430734.5
1199.0 4607519.5
1200.0 4583202.0
1201.0 4793683.0
1202.0 5165088.0
1203.0 4960157.5
1204.0 4609247.5
1205.0 3930880.0
1206.0 3946638.5
1207.0 4015549.0
1208.0 4457246.0
1209.0 5172169.5
1210.0 5074088.0
1211.0 6015743.0
1212.0 6387972.5
1213.0 7485174.0
1214.0 8409218.0
1215.0 9064019.0
1216.0 9185629.0
1217.0 9197040.0
1218.0 9156195.0
1219.0 8532278.0
1220.0 7418043.0
1221.0 6176224.5
1222.0 5267730.5
1223.0 5770665.5
1224.0 6180460.0
1225.0 5946764.5
1226.0 6273588.0
1227.0 6535250.5
1228.0 7106482.0
1229.0 7865454.5
1230.0 8780446.0
1231.0 9730062.0
1232.0 10057126.0
1233.0 10405431.0
1234.0 11220279.0
1235.0 12713058.0
1236.0 13040311.0
1237.0 13811062.0
1238.0 17677138.0
1239.0 20754482.0
1240.0 24526364.0
1241.0 29880338.0
1242.0 32819942.0
1243.0 33454740.0
1244.0 33405828.0
1245.0 30946450.0
1246.0 26373128.0
1247.0 21193940.0
1248.0 17983726.0
1249.0 14300952.0
1250.0 10916475.0
1251.0 9402487.0
1252.0 8451062.0
1253.0 7903499.5
1254.0 7754544.0
1255.0 8135716.0
1256.0 8620543.0
1257.0 8574783.0
1258.0 8198814.5
1259.0 9279193.0
1260.0 10644421.0
1261.0 11665109.0
1262.0 13501871.0
1263.0 15587068.0
1264.0 16959244.0
1265.0 20039566.0
1266.0 23612416.0
1267.0 25761010.0
1268.0 27154138.0
1269.0 26704558.0
1270.0 25629928.0
1271.0 23154432.0
1272.0 21967804.0
1273.0 21162784.0
1274.0 20647332.0
1275.0 20112622.0
1276.0 19908698.0
1277.0 19711258.0
1278.0 19265612.0
1279.0 16722779.0
1280.0 15072420.0
1281.0 15365846.0
1282.0 16106134.0
1283.0 17052798.0
1284.0 17962522.0
1285.0 18215462.0
1286.0 19692390.0
1287.0 20558708.0
1288.0 19410578.0
1289.0 18377256.0
1290.0 16776781.0
1291.0 15970335.0
1292.0 16131458.0
1293.0 16550936.0
1294.0 16697724.0
1295.0 17091752.0
1296.0 18724028.0
1297.0 19031992.0
1298.0 19124042.0
1299.0 19863308.0
1300.0 20332108.0
1301.0 20755756.0
1302.0 21206198.0
1303.0 22724758.0
1304.0 25358368.0
1305.0 27905964.0
1306.0 31566156.0
1307.0 35007456.0
1308.0 36981544.0
1309.0 40949416.0
1310.0 44631890.0
1311.0 44684196.0
1312.0 43079796.0
1313.0 42243824.0
1314.0 41086950.0
1315.0 40716604.0
1316.0 40446856.0
1317.0 39463764.0
1318.0 40253440.0
1319.0 40478870.0
1320.0 42832444.0
1321.0 44794596.0
1322.0 46289964.0
1323.0 46829036.0
1324.0 47867340.0
1325.0 50458664.0
1326.0 53982510.0
1327.0 56639190.0
1328.0 59741876.0
1329.0 65269040.0
1330.0 70845280.0
1331.0 75698330.0
1332.0 78760540.0
1333.0 81625910.0
1334.0 83471000.0
1335.0 85424820.0
1336.0 86637350.0
1337.0 87667450.0
1338.0 87087670.0
1339.0 85071460.0
1340.0 85498440.0
1341.0 85218840.0
1342.0 80625680.0
1343.0 79563390.0
1344.0 75755370.0
1345.0 72011770.0
1346.0 69487430.0
1347.0 66741820.0
1348.0 64872200.0
1349.0 63994664.0
1350.0 65169750.0
1351.0 67621930.0
1352.0 69396904.0
1353.0 71400820.0
1354.0 75068210.0
1355.0 77540070.0
1356.0 80737570.0
1357.0 81247850.0
1358.0 81676380.0
1359.0 81928100.0
1360.0 81381336.0
1361.0 81759576.0
1362.0 86385870.0
1363.0 91682920.0
1364.0 98164050.0
1365.0 109717770.0
1366.0 123509700.0
1367.0 140846060.0
1368.0 163244830.0
1369.0 189133980.0
1370.0 212531200.0
1371.0 236473400.0
1372.0 259537140.0
1373.0 276925060.0
1374.0 285483420.0
1375.0 283091620.0
1376.0 271123400.0
1377.0 250443180.0
1378.0 221913940.0
1379.0 196466750.0
1380.0 175368780.0
1381.0 162617540.0
1382.0 152436380.0
1383.0 143468270.0
1384.0 134324690.0
1385.0 126305030.0
1386.0 118326560.0
1387.0 111900550.0
1388.0 104223320.0
1389.0 94767900.0
1390.0 84881460.0
1391.0 77673380.0
1392.0 69253510.0
1393.0 62210956.0
1394.0 53424224.0
1395.0 49685600.0
1396.0 49722930.0
1397.0 49937330.0
1398.0 52021000.0
1399.0 57618420.0
1400.0 63499816.0
1401.0 70112670.0
1402.0 77157140.0
1403.0 85998830.0
1404.0 94907190.0
1405.0 107087040.0
1406.0 123522680.0
1407.0 144343400.0
1408.0 162621600.0
1409.0 182305150.0
1410.0 210014060.0
1411.0 241292480.0
1412.0 274400350.0
1413.0 305468380.0
1414.0 333988640.0
1415.0 353244800.0
1416.0 364905440.0
1417.0 359355800.0
1418.0 335232700.0
1419.0 299243700.0
1420.0 247885660.0
1421.0 193489900.0
1422.0 143442830.0
1423.0 99419610.0
1424.0 71172856.0
1425.0 54819544.0
1426.0 45102236.0
1427.0 38557310.0
1428.0 34505280.0
1429.0 31018052.0
1430.0 26792898.0
1431.0 22310230.0
1432.0 18201258.0
1433.0 15745249.0
1434.0 14032388.0
1435.0 12403270.0
1436.0 12230298.0
1437.0 12737515.0
1438.0 13042142.0
1439.0 13065240.0
1440.0 12738199.0
1441.0 12287718.0
1442.0 12034102.0
1443.0 12157859.0
1444.0 13733295.0
1445.0 13501502.0
1446.0 13069802.0
1447.0 13430904.0
1448.0 14696314.0
1449.0 15192249.0
1450.0 16451104.0
1451.0 17573632.0
1452.0 18617668.0
1453.0 19850718.0
1454.0 21516372.0
1455.0 22933176.0
1456.0 23606148.0
1457.0 23883968.0
1458.0 25993092.0
1459.0 27134912.0
1460.0 27961758.0
1461.0 29582232.0
1462.0 30760292.0
1463.0 28751902.0
1464.0 28171576.0
1465.0 28227360.0
1466.0 29283152.0
1467.0 29049700.0
1468.0 28076088.0
1469.0 27845850.0
1470.0 27899352.0
1471.0 28789290.0
1472.0 29593060.0
1473.0 28876642.0
1474.0 28384772.0
1475.0 28101840.0
1476.0 27854728.0
1477.0 27729690.0
1478.0 28038228.0
1479.0 28984436.0
1480.0 28732412.0
1481.0 27083664.0
1482.0 28498876.0
1483.0 30445062.0
1484.0 33736230.0
1485.0 38018170.0
1486.0 43183350.0
1487.0 48111610.0
1488.0 53155730.0
1489.0 58941524.0
1490.0 64984040.0
1491.0 68404060.0
1492.0 73033576.0
1493.0 77426740.0
1494.0 81210170.0
1495.0 82827050.0
1496.0 80799320.0
1497.0 79133470.0
1498.0 76540820.0
1499.0 72928620.0
1500.0 74445496.0
1501.0 73708410.0
1502.0 68201420.0
1503.0 61843830.0
1504.0 54656936.0
1505.0 48156230.0
1506.0 42601644.0
1507.0 39763256.0
1508.0 39222948.0
1509.0 39852930.0
1510.0 41305876.0
1511.0 43141160.0
1512.0 46039956.0
1513.0 46992560.0
1514.0 49324144.0
1515.0 52527476.0
1516.0 56198010.0
1517.0 59106856.0
1518.0 63560984.0
1519.0 68589944.0
1520.0 72133380.0
1521.0 76350820.0
1522.0 82179590.0
1523.0 87392780.0
1524.0 89920570.0
1525.0 93495230.0
1526.0 96914400.0
1527.0 100733680.0
1528.0 100767840.0
1529.0 104974430.0
1530.0 110830500.0
1531.0 110423730.0
1532.0 105995770.0
1533.0 97362330.0
1534.0 85755200.0
1535.0 75000950.0
1536.0 65125736.0
1537.0 56231464.0
1538.0 44698020.0
1539.0 38005864.0
1540.0 34035750.0
1541.0 32445722.0
1542.0 32872110.0
1543.0 33806684.0
1544.0 36248588.0
1545.0 39129476.0
1546.0 42705024.0
1547.0 47433204.0
1548.0 52180770.0
1549.0 57547470.0
1550.0 62534920.0
1551.0 69796460.0
1552.0 76435096.0
1553.0 83906160.0
1554.0 88773490.0
1555.0 92816430.0
1556.0 96740630.0
1557.0 101558580.0
1558.0 109488120.0
1559.0 115442960.0
1560.0 117917360.0
1561.0 115703520.0
1562.0 109309910.0
1563.0 98388770.0
1564.0 84335890.0
1565.0 71948160.0
1566.0 63831180.0
1567.0 59424340.0
1568.0 57474500.0
1569.0 59479240.0
1570.0 61077316.0
1571.0 61063590.0
1572.0 62424096.0
1573.0 60507940.0
1574.0 57090704.0
1575.0 53228010.0
1576.0 48574964.0
1577.0 43645844.0
1578.0 37487810.0
1579.0 31483160.0
1580.0 26021960.0
1581.0 22231024.0
1582.0 20915582.0
1583.0 20493148.0
1584.0 19972904.0
1585.0 20377044.0
1586.0 21089148.0
1587.0 21484672.0
1588.0 22126042.0
1589.0 22408912.0
1590.0 22643718.0
1591.0 24118472.0
1592.0 24913742.0
1593.0 25312308.0
1594.0 24064108.0
1595.0 23214624.0
1596.0 23198896.0
1597.0 22078304.0
1598.0 21353236.0
1599.0 20386828.0
1600.0 19906194.0
1601.0 20346982.0
1602.0 21769458.0
1603.0 23417208.0
1604.0 23345132.0
1605.0 24282870.0
1606.0 26006890.0
1607.0 28055558.0
1608.0 30579028.0
1609.0 31690098.0
1610.0 32081950.0
1611.0 34805750.0
1612.0 39025976.0
1613.0 41995980.0
1614.0 45733624.0
1615.0 52520904.0
1616.0 56231750.0
1617.0 57601144.0
1618.0 61509040.0
1619.0 63616010.0
1620.0 65057724.0
1621.0 66789904.0
1622.0 69784030.0
1623.0 74516264.0
1624.0 79644830.0
1625.0 86541860.0
1626.0 89130230.0
1627.0 91279220.0
1628.0 92912620.0
1629.0 91755350.0
1630.0 84230730.0
1631.0 74751280.0
1632.0 63265124.0
1633.0 48512844.0
1634.0 36546868.0
1635.0 29011100.0
1636.0 24795304.0
1637.0 22016056.0
1638.0 21296732.0
1639.0 19648698.0
1640.0 19039608.0
1641.0 18122914.0
1642.0 17299078.0
1643.0 16494609.0
1644.0 17472358.0
1645.0 18767300.0
1646.0 18357140.0
1647.0 17887242.0
1648.0 17872870.0
1649.0 18126284.0
1650.0 17478846.0
1651.0 17523018.0
1652.0 17401418.0
1653.0 17794084.0
1654.0 17813782.0
1655.0 17285028.0
1656.0 17305922.0
1657.0 16764066.0
1658.0 16234882.0
1659.0 15442162.0
1660.0 14477435.0
1661.0 13606952.0
1662.0 13041985.0
1663.0 12691865.0
1664.0 12487444.0
1665.0 12035759.0
1666.0 11320835.0
1667.0 12528949.0
1668.0 13985756.0
1669.0 14294140.0
1670.0 14511452.0
1671.0 14453320.0
1672.0 15669305.0
1673.0 16423038.0
1674.0 16507760.0
1675.0 16911628.0
1676.0 19185242.0
1677.0 20570804.0
1678.0 20954418.0
1679.0 21190530.0
1680.0 21979790.0
1681.0 22670260.0
1682.0 24274444.0
1683.0 25175572.0
1684.0 24475928.0
1685.0 24006298.0
1686.0 23657972.0
1687.0 22832078.0
1688.0 20236918.0
1689.0 18327792.0
1690.0 18330360.0
1691.0 19097820.0
1692.0 19294684.0
1693.0 20573330.0
1694.0 21616382.0
1695.0 22153980.0
1696.0 23181198.0
1697.0 22574240.0
1698.0 23700712.0
1699.0 23532828.0
1700.0 25242124.0
1701.0 27052632.0
1702.0 29770076.0
1703.0 29501908.0
1704.0 28421676.0
1705.0 27785830.0
1706.0 27868638.0
1707.0 25744664.0
1708.0 23863056.0
1709.0 23399336.0
1710.0 22786716.0
1711.0 21692590.0
1712.0 21141690.0
1713.0 20203436.0
1714.0 19945862.0
1715.0 19988920.0
1716.0 19306468.0
1717.0 19272612.0
1718.0 18685228.0
1719.0 17485282.0
1720.0 16240011.0
1721.0 15013111.0
1722.0 13243056.0
1723.0 10855346.0
1724.0 8967586.0
1725.0 6665314.0
1726.0 5106827.0
1727.0 4829194.0
1728.0 4347046.5
1729.0 4053095.0
1730.0 4137335.2
1731.0 3202462.5
1732.0 3682374.0
1733.0 4428715.5
1734.0 4747752.0
1735.0 4882343.5
1736.0 5099268.0
1737.0 5115392.0
1738.0 5321691.0
1739.0 5656773.0
1740.0 6209828.0
1741.0 5916358.0
1742.0 6038074.5
1743.0 5997556.0
1744.0 6674363.0
1745.0 6546744.5
1746.0 6982405.5
1747.0 7171687.0
1748.0 6587790.5
1749.0 5891126.0
1750.0 6473827.5
1751.0 6805987.5
1752.0 6462314.0
1753.0 6029192.0
1754.0 6352855.5
1755.0 6305582.5
1756.0 5580250.0
1757.0 5288221.0
1758.0 4844787.0
1759.0 5010129.5
1760.0 5306062.5
1761.0 5811032.5
1762.0 6811328.0
1763.0 7378349.0
1764.0 7736789.5
1765.0 8086504.0
1766.0 7779577.5
1767.0 7968476.0
1768.0 8970174.0
1769.0 9440349.0
1770.0 9053896.0
1771.0 9272889.0
1772.0 8878272.0
1773.0 8072131.0
1774.0 8479471.0
1775.0 8407512.0
1776.0 8648735.0
1777.0 9140913.0
1778.0 9045869.0
1779.0 8682141.0
1780.0 8001090.5
1781.0 9057055.0
1782.0 9010883.0
1783.0 7591264.5
1784.0 6486676.0
1785.0 6099354.5
1786.0 5615898.0
1787.0 5348937.0
1788.0 5383335.5
1789.0 5562250.0
1790.0 5934615.5
1791.0 6821134.0
1792.0 7004132.0
1793.0 6139033.0
1794.0 6373725.5
1795.0 6532661.0
1796.0 6809184.5
1797.0 6248165.0
1798.0 6476024.5
1799.0 7478279.5
1800.0 7939307.5
1801.0 7972469.5
1802.0 7614709.0
1803.0 8274029.5
1804.0 7911685.0
1805.0 8506131.0
1806.0 8730926.0
1807.0 8509679.0
1808.0 8219962.0
1809.0 7171140.5
1810.0 6641175.0
1811.0 6642141.0
1812.0 6334370.0
1813.0 5436026.0
1814.0 5656214.5
1815.0 5374322.0
1816.0 4967234.5
1817.0 4304578.5
1818.0 3803573.5
1819.0 3748936.2
1820.0 4062457.8
1821.0 4277034.0
1822.0 4340892.0
1823.0 4591897.0
1824.0 5842421.0
1825.0 6363344.5
1826.0 6693321.0
1827.0 7175471.0
1828.0 8172564.5
1829.0 8680615.0
1830.0 8930705.0
1831.0 9423771.0
1832.0 8558410.0
1833.0 8986128.0
1834.0 10575119.0
1835.0 10850432.0
1836.0 11550784.0
1837.0 11719472.0
1838.0 10984731.0
1839.0 9799194.0
1840.0 8763317.0
1841.0 8645621.0
1842.0 8302137.5
1843.0 8203829.5
1844.0 8124762.5
1845.0 7679460.0
1846.0 8239700.5
1847.0 9833179.0
1848.0 11419500.0
1849.0 12774029.0
1850.0 12561202.0
1851.0 12678531.0
1852.0 14165698.0
1853.0 16116771.0
1854.0 16480200.0
1855.0 15788901.0
1856.0 14953279.0
1857.0 14487358.0
1858.0 15258570.0
1859.0 15626366.0
1860.0 14966535.0
1861.0 14390931.0
1862.0 13068310.0
1863.0 11879895.0
1864.0 12412346.0
1865.0 12046020.0
1866.0 11380580.0
1867.0 10444424.0
1868.0 9751555.0
1869.0 8900918.0
1870.0 9217859.0
1871.0 8849125.0
1872.0 9550714.0
1873.0 8941129.0
1874.0 8444911.0
1875.0 9509324.0
1876.0 10298470.0
1877.0 10828936.0
1878.0 10761711.0
1879.0 10535255.0
1880.0 11292335.0
1881.0 12235099.0
1882.0 12708298.0
1883.0 12808424.0
1884.0 12328336.0
1885.0 11463476.0
1886.0 11298381.0
1887.0 11408271.0
1888.0 11161624.0
1889.0 9342651.0
1890.0 8521366.0
1891.0 7662609.0
1892.0 7772964.0
1893.0 7437441.0
1894.0 6197674.0
1895.0 5732090.0
1896.0 5598492.5
1897.0 5827192.0
1898.0 6309447.0
1899.0 7128584.5
1900.0 8472696.0
1901.0 10202529.0
1902.0 10556134.0
1903.0 11461179.0
1904.0 13874522.0
1905.0 15121479.0
1906.0 15444672.0
1907.0 17450346.0
1908.0 19287116.0
1909.0 21503740.0
1910.0 23658944.0
1911.0 25579696.0
1912.0 25446844.0
1913.0 26005088.0
1914.0 26846780.0
1915.0 25921244.0
1916.0 24489548.0
1917.0 21161610.0
1918.0 16053118.0
1919.0 11491770.0
1920.0 8810440.0
1921.0 7849469.5
1922.0 7430447.5
1923.0 7211736.0
1924.0 7218607.0
1925.0 7858605.0
1926.0 8042812.0
1927.0 8188596.0
1928.0 8881294.0
1929.0 9090366.0
1930.0 10391858.0
1931.0 12233269.0
1932.0 13800871.0
1933.0 15563679.0
1934.0 16056139.0
1935.0 16494515.0
1936.0 18177846.0
1937.0 19080646.0
1938.0 20576682.0
1939.0 20710212.0
1940.0 20836934.0
1941.0 19171128.0
1942.0 17321364.0
1943.0 15025940.0
1944.0 12285065.0
1945.0 9499252.0
1946.0 6746219.5
1947.0 4784265.5
1948.0 3958168.5
1949.0 3452099.5
1950.0 3107591.5
1951.0 2851160.2
1952.0 2754809.5
1953.0 1917980.8
1954.0 1589210.8
1955.0 1467602.0
1956.0 1698997.6
1957.0 1776272.2
1958.0 1792062.5
1959.0 1369442.4
1960.0 1197580.1
1961.0 1482662.5
1962.0 1346779.8
1963.0 1200103.8
1964.0 1135009.6
1965.0 1133070.4
1966.0 1050686.6
1967.0 1036398.0
1968.0 1182299.5
1969.0 1155273.5
1970.0 1198767.0
1971.0 1452639.0
1972.0 1401752.5
1973.0 1355042.0
1974.0 1531923.8
1975.0 1619661.5
1976.0 1618002.4
1977.0 1461476.0
1978.0 1456063.8
1979.0 1719024.0
1980.0 1922462.4
1981.0 1647453.5
1982.0 1559375.2
1983.0 1454146.2
1984.0 1734358.9
1985.0 1952088.1
1986.0 1765281.2
1987.0 1919452.5
1988.0 1925801.0
1989.0 2479362.2
1990.0 2811216.5
1991.0 2420606.5
1992.0 2092004.2
1993.0 1880598.6
1994.0 2024243.0
1995.0 2015580.0
1996.0 2002260.8
1997.0 2057153.1
1998.0 2207905.5
1999.0 2144642.2
2000.0 2096010.0
2001.0 2048750.0
2002.0 2098143.2
2003.0 2150952.2
2004.0 2299196.8
2005.0 1979509.8
2006.0 1897655.6
2007.0 2102632.2
2008.0 2170657.8
2009.0 2303300.8
2010.0 2790715.5
2011.0 3096903.0
2012.0 3407749.5
2013.0 3171247.0
2014.0 3008718.0
2015.0 2539785.2
2016.0 2463589.2
2017.0 3038482.5
2018.0 1881355.8
2019.0 48275.934
2020.0 -1632318.9
2021.0 -3782245.2
2022.0 -5292156.0
2023.0 -6778072.5
2024.0 -8295330.0
2025.0 -10070531.0
2026.0 -12030376.0
2027.0 -14319945.0
2028.0 -15762291.0
2029.0 -17640382.0
2030.0 -19700318.0
2031.0 -21746896.0
2032.0 -24018204.0
2033.0 -25985128.0
2034.0 -28321438.0
2035.0 -30100404.0
2036.0 0.0
2037.0 0.0
2038.0 0.0
2039.0 0.0
2040.0 0.0
2041.0 0.0
2042.0 0.0
2043.0 0.0
2044.0 0.0
2045.0 0.0
2046.0 0.0
2047.0 0.0
