string
0.0 1426321.9
1.0 1449854.4
2.0 1453613.9
3.0 1601750.8
4.0 1673626.5
5.0 2185909.5
6.0 2076878.9
7.0 1975356.0
8.0 2346221.5
9.0 2575808.2
10.0 2343323.5
11.0 2084565.0
12.0 1880888.2
13.0 1872159.0
14.0 2266770.2
15.0 2432630.5
16.0 2171776.2
17.0 2036522.0
18.0 2313309.0
19.0 2873926.0
20.0 2696694.0
21.0 2552589.0
22.0 2295473.5
23.0 2028564.9
24.0 2025510.8
25.0 2049426.8
26.0 1840149.2
27.0 1761921.1
28.0 1811286.2
29.0 1801508.2
30.0 1547159.4
31.0 1598324.4
32.0 2094053.1
33.0 2153054.0
34.0 2034816.5
35.0 2261259.8
36.0 2042218.6
37.0 2203428.8
38.0 2485641.0
39.0 2287189.5
40.0 2195343.8
41.0 2432365.0
42.0 2642599.5
43.0 2360399.0
44.0 2633755.0
45.0 3020843.0
46.0 2515483.0
47.0 2201536.5
48.0 1821979.8
49.0 1456830.1
50.0 1677572.4
51.0 1644144.0
52.0 1912268.2
53.0 2123159.0
54.0 1586217.6
55.0 1597163.8
56.0 1889374.0
57.0 1802560.6
58.0 1733738.9
59.0 2023786.2
60.0 1798807.4
61.0 1993184.2
62.0 2862455.0
63.0 3268382.5
64.0 3161165.5
65.0 2927398.0
66.0 2565146.5
67.0 2567224.5
68.0 2610452.0
69.0 2710123.8
70.0 1950718.0
71.0 1949670.5
72.0 2305668.0
73.0 2189479.0
74.0 2125932.2
75.0 2649892.8
76.0 3345331.0
77.0 4162350.0
78.0 4061048.0
79.0 4204756.0
80.0 3441310.5
81.0 3512291.0
82.0 3905894.5
83.0 4092254.5
84.0 4146202.5
85.0 3821763.5
86.0 3709477.5
87.0 2745247.0
88.0 2234899.2
89.0 2793924.0
90.0 4060668.5
91.0 4113027.0
92.0 3867026.5
93.0 3578515.5
94.0 2812690.0
95.0 3062224.5
96.0 4335911.0
97.0 6272238.0
98.0 7876631.0
99.0 8559166.0
100.0 6058511.0
101.0 3905168.8
102.0 2456003.2
103.0 2150906.0
104.0 1742561.4
105.0 1159277.4
106.0 1030762.6
107.0 1167197.6
108.0 1216540.0
109.0 1263533.1
110.0 1375805.8
111.0 1732308.9
112.0 1822877.5
113.0 1694561.0
114.0 1781120.2
115.0 1773972.6
116.0 1655437.2
117.0 1988317.6
118.0 3168077.0
119.0 4289228.5
120.0 4497410.0
121.0 4514244.0
122.0 4449809.0
123.0 5024870.5
124.0 6523360.5
125.0 6659763.0
126.0 5772164.0
127.0 4453670.0
128.0 4412384.5
129.0 5688602.5
130.0 6972469.0
131.0 7112735.5
132.0 5771224.5
133.0 3687025.5
134.0 2119965.8
135.0 1345567.4
136.0 1025546.94
137.0 966335.56
138.0 645464.7
139.0 1056462.1
140.0 1035029.94
141.0 799889.44
142.0 582448.75
143.0 444347.5
144.0 576022.0
145.0 707160.75
146.0 764190.3
147.0 636566.5
148.0 710222.9
149.0 644198.9
150.0 566732.6
151.0 839436.6
152.0 664893.1
153.0 781043.9
154.0 1125231.8
155.0 1430862.2
156.0 1836405.8
157.0 2469726.0
158.0 3769791.0
159.0 5433933.0
160.0 7061500.0
161.0 7337398.0
162.0 6155772.5
163.0 4026599.5
164.0 2891736.5
165.0 2256154.8
166.0 2239609.5
167.0 2779132.0
168.0 2857359.5
169.0 3035097.0
170.0 3059382.5
171.0 3780882.5
172.0 4711665.5
173.0 4755665.5
174.0 3341267.8
175.0 2394271.5
176.0 2720074.0
177.0 3479039.5
178.0 5069642.0
179.0 6607714.0
180.0 9225631.0
181.0 12041062.0
182.0 14654874.0
183.0 15651332.0
184.0 14677319.0
185.0 10826941.0
186.0 7131792.5
187.0 4789934.0
188.0 3780409.0
189.0 3022757.5
190.0 2438155.5
191.0 1777634.9
192.0 1295189.8
193.0 1283639.5
194.0 1354220.2
195.0 1090599.2
196.0 1042836.9
197.0 1283587.4
198.0 1472646.2
199.0 1500796.0
200.0 1569384.8
201.0 1212772.8
202.0 1194871.6
203.0 801563.2
204.0 680484.0
205.0 675414.1
206.0 1032024.9
207.0 949726.2
208.0 1056098.4
209.0 1328224.8
210.0 1734817.6
211.0 1757290.0
212.0 1854337.2
213.0 1596225.1
214.0 2143862.0
215.0 2253189.8
216.0 3058186.2
217.0 4384557.5
218.0 6313644.5
219.0 9260403.0
220.0 12274051.0
221.0 11941345.0
222.0 10353675.0
223.0 7646837.0
224.0 4703554.0
225.0 3176384.8
226.0 2393099.8
227.0 2283934.2
228.0 1799163.2
229.0 1446131.1
230.0 1103668.9
231.0 1261497.6
232.0 1237128.2
233.0 919802.2
234.0 1028129.1
235.0 1251922.2
236.0 1177893.2
237.0 938111.3
238.0 1005601.1
239.0 996239.1
240.0 1147942.6
241.0 884570.94
242.0 871729.75
243.0 703789.6
244.0 916779.9
245.0 1149230.4
246.0 1268408.4
247.0 1644187.2
248.0 2598996.5
249.0 3614709.5
250.0 4001101.5
251.0 4098149.5
252.0 6326066.0
253.0 8578109.0
254.0 8471024.0
255.0 6591428.0
256.0 4444031.0
257.0 3074512.5
258.0 2359290.0
259.0 1977175.2
260.0 1795679.9
261.0 1463172.4
262.0 1243287.8
263.0 1266931.6
264.0 1449478.1
265.0 1330451.5
266.0 1012221.25
267.0 1330111.2
268.0 1066383.2
269.0 904184.94
270.0 1057633.0
271.0 905558.4
272.0 939197.75
273.0 770093.06
274.0 920300.0
275.0 954086.6
276.0 839690.1
277.0 616559.94
278.0 721327.5
279.0 830447.8
280.0 1089747.5
281.0 976494.25
282.0 1266173.9
283.0 1320416.2
284.0 1077216.4
285.0 870664.44
286.0 1136698.4
287.0 1064480.5
288.0 1081654.9
289.0 1447590.8
290.0 1493958.1
291.0 1509708.0
292.0 981183.06
293.0 955696.9
294.0 1381235.6
295.0 1226909.9
296.0 906596.2
297.0 695689.4
298.0 894677.9
299.0 943379.6
300.0 985596.3
301.0 1106303.0
302.0 1016149.7
303.0 919063.2
304.0 1127910.5
305.0 1517524.2
306.0 1710830.5
307.0 1171166.4
308.0 1100788.9
309.0 1148827.6
310.0 1106008.0
311.0 1240291.6
312.0 1267341.0
313.0 1265102.9
314.0 1490459.9
315.0 1137195.6
316.0 1253631.5
317.0 1165725.9
318.0 1698305.0
319.0 1755582.4
320.0 2106362.2
321.0 2355200.8
322.0 2297348.0
323.0 2287270.2
324.0 2046242.2
325.0 1924643.2
326.0 2330254.0
327.0 2506644.5
328.0 2380622.8
329.0 2658113.5
330.0 3565194.0
331.0 4728746.5
332.0 5935847.5
333.0 7118850.5
334.0 6604782.0
335.0 5221562.5
336.0 3876565.0
337.0 3476892.8
338.0 2875497.2
339.0 2177788.0
340.0 2073219.4
341.0 1819445.6
342.0 1812988.8
343.0 1687010.5
344.0 1382474.8
345.0 1360632.0
346.0 1541902.4
347.0 1278508.9
348.0 1024172.5
349.0 1042607.6
350.0 1157964.5
351.0 1102885.1
352.0 908678.25
353.0 927140.3
354.0 1329212.5
355.0 1686581.4
356.0 1179871.4
357.0 1012493.4
358.0 1352570.5
359.0 1525195.5
360.0 1640429.0
361.0 1482555.1
362.0 1670492.6
363.0 1782901.4
364.0 1685498.1
365.0 1986282.4
366.0 2938155.5
367.0 3702139.8
368.0 4499091.5
369.0 4393676.0
370.0 3761168.8
371.0 3032822.0
372.0 2578752.2
373.0 2351015.2
374.0 1959138.8
375.0 1327811.1
376.0 1543657.2
377.0 1453811.2
378.0 1345110.2
379.0 1420637.6
380.0 1560627.2
381.0 1693894.8
382.0 1749847.0
383.0 1632244.5
384.0 1525142.5
385.0 1540713.2
386.0 1196978.0
387.0 1493901.1
388.0 1486378.5
389.0 928865.06
390.0 922915.6
391.0 793664.7
392.0 1320149.8
393.0 1614883.6
394.0 2196689.5
395.0 2299108.2
396.0 2270206.0
397.0 2623518.8
398.0 3268388.0
399.0 3077614.0
400.0 2554513.8
401.0 1876440.6
402.0 1509414.4
403.0 1833643.2
404.0 1835179.2
405.0 2069253.0
406.0 2469092.2
407.0 2137118.0
408.0 1902359.5
409.0 2007566.9
410.0 2433340.2
411.0 2502352.8
412.0 2123336.0
413.0 2081185.6
414.0 1832314.8
415.0 2347600.0
416.0 3400832.5
417.0 3732347.5
418.0 3304942.5
419.0 3019945.5
420.0 2810615.0
421.0 2292933.8
422.0 2067571.5
423.0 1711302.5
424.0 1585330.5
425.0 1600059.4
426.0 1253834.5
427.0 1472833.1
428.0 1390156.5
429.0 1533397.2
430.0 1892448.1
431.0 2060403.0
432.0 2217659.8
433.0 1895883.5
434.0 1501306.2
435.0 1338160.5
436.0 1451951.8
437.0 1596769.0
438.0 1968388.1
439.0 2106527.2
440.0 2029605.1
441.0 1629195.1
442.0 1579077.6
443.0 1689160.0
444.0 1463765.6
445.0 1469846.2
446.0 1377722.4
447.0 1542705.6
448.0 1483610.5
449.0 1444665.1
450.0 1268465.8
451.0 1662519.5
452.0 2256278.0
453.0 2166674.5
454.0 2183748.0
455.0 1988539.9
456.0 1817797.8
457.0 1889481.1
458.0 1863298.6
459.0 1558406.9
460.0 1588801.0
461.0 1498706.1
462.0 1270975.0
463.0 1603412.0
464.0 2271754.0
465.0 2266971.2
466.0 2298534.8
467.0 2120369.8
468.0 1826748.2
469.0 1632118.1
470.0 1972925.5
471.0 2062780.8
472.0 2011351.5
473.0 2210355.0
474.0 1918118.2
475.0 1646244.8
476.0 1881861.0
477.0 1689295.8
478.0 1448279.9
479.0 1463231.0
480.0 1407125.5
481.0 1249096.5
482.0 1647067.5
483.0 1629813.6
484.0 1578878.8
485.0 1283703.5
486.0 1057038.9
487.0 924080.5
488.0 938591.94
489.0 759452.1
490.0 880764.6
491.0 916841.2
492.0 988655.1
493.0 870500.6
494.0 1113588.9
495.0 1018503.7
496.0 1032165.1
497.0 1058569.1
498.0 1273663.0
499.0 1227788.5
500.0 999242.25
501.0 1209273.2
502.0 1804376.0
503.0 1772045.6
504.0 1701987.6
505.0 1461925.1
506.0 1367719.8
507.0 1862202.2
508.0 2251274.8
509.0 2107086.8
510.0 1760222.2
511.0 1527163.2
512.0 1469696.8
513.0 1583998.1
514.0 1500602.4
515.0 1271382.4
516.0 1046293.0
517.0 1389819.9
518.0 1524395.1
519.0 1170236.1
520.0 1306046.8
521.0 1359314.0
522.0 1387051.8
523.0 1433771.5
524.0 1516814.4
525.0 1319142.4
526.0 1119999.9
527.0 1084239.6
528.0 1232604.5
529.0 1363348.0
530.0 1477833.8
531.0 1467761.1
532.0 1820062.2
533.0 1879833.5
534.0 1568500.2
535.0 1670601.1
536.0 2028838.6
537.0 2670667.2
538.0 3069921.0
539.0 3392797.0
540.0 2860117.5
541.0 2652120.5
542.0 1868157.2
543.0 1229458.2
544.0 1230252.2
545.0 1412921.1
546.0 1629863.0
547.0 1607699.4
548.0 1630384.0
549.0 1327074.4
550.0 992559.75
551.0 950431.9
552.0 1085509.4
553.0 1167767.9
554.0 1393084.8
555.0 1218674.8
556.0 1442511.4
557.0 1777849.4
558.0 1722266.4
559.0 1207495.1
560.0 1337325.0
561.0 1481380.6
562.0 1551381.5
563.0 1414375.6
564.0 1428454.4
565.0 1282949.9
566.0 1331628.6
567.0 1505259.4
568.0 1759040.1
569.0 1469872.0
570.0 1261566.4
571.0 1356945.5
572.0 1518091.2
573.0 1562958.1
574.0 1957555.8
575.0 1643943.0
576.0 1437514.2
577.0 1172450.0
578.0 1064519.5
579.0 1012541.0
580.0 1389663.5
581.0 1676850.0
582.0 1668355.5
583.0 1675560.8
584.0 1893026.1
585.0 1634362.2
586.0 1496555.1
587.0 1376358.1
588.0 1573523.2
589.0 1853401.0
590.0 1571506.8
591.0 1156880.8
592.0 1264409.9
593.0 1656174.0
594.0 1454251.0
595.0 1205049.1
596.0 1530105.5
597.0 1588127.8
598.0 1230837.0
599.0 1031687.2
600.0 1050176.4
601.0 1103559.8
602.0 1161117.0
603.0 1171754.6
604.0 1096052.2
605.0 1111390.6
606.0 1021448.2
607.0 1137068.8
608.0 1146894.2
609.0 1431575.6
610.0 1365634.4
611.0 1588117.4
612.0 1652162.4
613.0 1489679.8
614.0 1215220.4
615.0 1211937.0
616.0 1033045.56
617.0 1248849.9
618.0 1332717.4
619.0 1496587.4
620.0 1308353.1
621.0 1292505.8
622.0 1188838.9
623.0 1243850.1
624.0 1330996.5
625.0 1414062.8
626.0 1545716.4
627.0 1122179.5
628.0 1359383.2
629.0 1654216.9
630.0 1499426.9
631.0 1338741.1
632.0 1297771.6
633.0 1362433.6
634.0 1319564.5
635.0 1202097.4
636.0 1142131.9
637.0 1276698.6
638.0 1190429.8
639.0 1136228.5
640.0 1071331.8
641.0 994416.8
642.0 1552296.5
643.0 1423853.8
644.0 1413480.1
645.0 1676839.8
646.0 1649626.2
647.0 1468328.1
648.0 1039461.6
649.0 876489.1
650.0 1198054.9
651.0 1298734.9
652.0 1510931.1
653.0 1276305.8
654.0 1092584.8
655.0 1075437.6
656.0 1133428.8
657.0 1025057.2
658.0 1196147.8
659.0 1361286.8
660.0 1497414.2
661.0 1261819.9
662.0 1145907.6
663.0 1378075.8
664.0 1192263.4
665.0 1235051.1
666.0 1175646.4
667.0 1280196.0
668.0 1293039.5
669.0 1254132.2
670.0 1423509.5
671.0 1206201.5
672.0 1510312.8
673.0 1700199.5
674.0 1932648.0
675.0 1901773.9
676.0 1655796.2
677.0 1524001.0
678.0 1513655.0
679.0 1514419.0
680.0 1563946.4
681.0 1400801.8
682.0 1412797.4
683.0 1392740.8
684.0 1365295.0
685.0 1269261.1
686.0 1068657.6
687.0 1165710.1
688.0 1206981.2
689.0 1579309.9
690.0 1343163.9
691.0 1282844.5
692.0 1018287.5
693.0 973023.25
694.0 1312506.0
695.0 1557904.8
696.0 1450631.4
697.0 1334592.5
698.0 1252493.6
699.0 1168337.1
700.0 1170246.6
701.0 1041024.25
702.0 671841.5
703.0 1114871.0
704.0 1180873.4
705.0 983031.4
706.0 955439.9
707.0 1076206.0
708.0 1210054.2
709.0 983582.0
710.0 872224.9
711.0 1039090.06
712.0 1072004.2
713.0 1077337.0
714.0 784394.25
715.0 918006.0
716.0 1054185.9
717.0 1432964.0
718.0 1565249.5
719.0 1418252.5
720.0 1206269.2
721.0 1005897.75
722.0 1214487.1
723.0 1226417.5
724.0 984230.75
725.0 987841.8
726.0 1244022.9
727.0 1070739.9
728.0 1175479.8
729.0 1486212.2
730.0 1459218.6
731.0 1684934.4
732.0 1747307.8
733.0 1466823.9
734.0 1598495.6
735.0 1462229.9
736.0 1248690.6
737.0 1153655.5
738.0 1120968.6
739.0 1045218.75
740.0 1089890.8
741.0 965743.5
742.0 1083723.2
743.0 1337191.0
744.0 1706265.5
745.0 1401120.0
746.0 1465679.2
747.0 1607487.2
748.0 1408956.1
749.0 1513039.5
750.0 1635096.9
751.0 1534984.9
752.0 1888047.2
753.0 1641568.5
754.0 1346374.5
755.0 1025788.25
756.0 1436559.0
757.0 1697615.8
758.0 1832540.6
759.0 1640384.0
760.0 1391443.1
761.0 1161103.6
762.0 1055982.2
763.0 1161512.1
764.0 1220052.4
765.0 944165.3
766.0 870103.75
767.0 912838.7
768.0 952890.9
769.0 1280987.0
770.0 1265469.2
771.0 954736.56
772.0 1059708.6
773.0 892888.75
774.0 1132654.0
775.0 1364243.5
776.0 1478799.4
777.0 1636696.9
778.0 1418456.8
779.0 1607820.8
780.0 1720189.4
781.0 1294646.4
782.0 983060.9
783.0 1320742.6
784.0 1164592.8
785.0 1132619.5
786.0 1156029.8
787.0 1170880.8
788.0 1269514.4
789.0 1402347.4
790.0 1440456.5
791.0 1450436.5
792.0 1507647.2
793.0 1732094.0
794.0 1548055.2
795.0 1515514.4
796.0 1577868.0
797.0 1625073.0
798.0 1619442.4
799.0 1886448.2
800.0 2155024.8
801.0 1916536.0
802.0 1684416.8
803.0 1320828.6
804.0 1363341.5
805.0 1597436.9
806.0 1209903.2
807.0 1274734.0
808.0 1633171.4
809.0 1405264.5
810.0 1202987.4
811.0 1420070.0
812.0 1353793.2
813.0 1186491.9
814.0 1317935.1
815.0 1545995.1
816.0 1294467.0
817.0 1396960.8
818.0 1448034.8
819.0 1481396.8
820.0 1290450.8
821.0 1370588.5
822.0 1565323.6
823.0 1640919.8
824.0 1676721.9
825.0 1555988.8
826.0 1563915.0
827.0 1651679.4
828.0 1669048.5
829.0 1369643.2
830.0 1348996.1
831.0 1545606.4
832.0 1763433.8
833.0 1799838.5
834.0 1479500.8
835.0 1103465.0
836.0 1057455.4
837.0 1245585.1
838.0 960539.44
839.0 1003086.75
840.0 1255222.6
841.0 1164727.0
842.0 1283150.8
843.0 1249919.1
844.0 1276861.4
845.0 1169797.5
846.0 1176616.8
847.0 1295429.2
848.0 1308615.1
849.0 1644666.8
850.0 1663728.8
851.0 1423236.5
852.0 1484826.0
853.0 1664376.0
854.0 1623321.9
855.0 1820627.4
856.0 1329230.1
857.0 1420485.5
858.0 1469647.8
859.0 1363267.4
860.0 1284321.8
861.0 1257168.9
862.0 1090638.2
863.0 1386951.9
864.0 1301326.1
865.0 1484352.6
866.0 1506324.9
867.0 1601581.8
868.0 1537477.0
869.0 1562553.2
870.0 1829416.1
871.0 1449220.5
872.0 1516132.6
873.0 1297128.2
874.0 1676662.0
875.0 1872337.8
876.0 1304397.2
877.0 1359845.2
878.0 1261126.8
879.0 1410746.0
880.0 1358421.1
881.0 1798384.8
882.0 1502679.2
883.0 1272971.5
884.0 1221751.4
885.0 1535963.5
886.0 1454119.5
887.0 1616487.6
888.0 1673708.5
889.0 1574377.8
890.0 1591094.4
891.0 1892825.8
892.0 1928624.5
893.0 1568654.9
894.0 1754690.5
895.0 2039383.0
896.0 1970605.8
897.0 1709882.2
898.0 1833366.2
899.0 2146363.0
900.0 1770895.1
901.0 1587475.0
902.0 1573501.2
903.0 2035751.5
904.0 1888641.8
905.0 2066276.9
906.0 2147316.0
907.0 2120096.0
908.0 2148111.0
909.0 2148043.0
910.0 2346475.8
911.0 1907949.2
912.0 1888443.5
913.0 2188807.0
914.0 2471116.8
915.0 2310802.5
916.0 2177103.5
917.0 2108032.8
918.0 1987051.0
919.0 2193679.5
920.0 2140390.5
921.0 2328198.5
922.0 2459023.2
923.0 2532977.8
924.0 2731496.0
925.0 2473317.0
926.0 2219001.5
927.0 2398618.5
928.0 2853678.5
929.0 2899563.8
930.0 2895787.8
931.0 2685940.5
932.0 2761329.0
933.0 2758320.5
934.0 2895250.2
935.0 3109282.2
936.0 3314057.2
937.0 3406501.0
938.0 3116346.5
939.0 3003156.0
940.0 2837776.0
941.0 2620354.5
942.0 2666276.5
943.0 2831764.8
944.0 2477238.8
945.0 2409971.5
946.0 2712751.0
947.0 3177525.2
948.0 2886531.2
949.0 3015312.2
950.0 3113969.8
951.0 2645781.2
952.0 2424654.8
953.0 2525379.0
954.0 2669762.8
955.0 2618462.0
956.0 2538292.5
957.0 2658434.0
958.0 2701052.0
959.0 2414914.5
960.0 2304941.5
961.0 2682777.5
962.0 3196031.2
963.0 3583482.0
964.0 3563238.5
965.0 3482937.5
966.0 3431176.5
967.0 3170861.0
968.0 3414039.0
969.0 3675105.2
970.0 4004514.5
971.0 3816135.5
972.0 3940571.0
973.0 4075397.2
974.0 3933894.5
975.0 4368246.0
976.0 4708928.5
977.0 4446408.0
978.0 4414696.0
979.0 4166106.5
980.0 3839434.8
981.0 4268283.5
982.0 5175623.5
983.0 5434413.0
984.0 5670990.5
985.0 6499265.0
986.0 7192724.5
987.0 7980099.5
988.0 8867736.0
989.0 10292032.0
990.0 11410638.0
991.0 11873636.0
992.0 11490698.0
993.0 9607262.0
994.0 8408874.0
995.0 8237346.0
996.0 8602496.0
997.0 8718499.0
998.0 8708229.0
999.0 7999742.0
1000.0 7900122.0
1001.0 8057097.0
1002.0 9049234.0
1003.0 9672629.0
1004.0 9547277.0
1005.0 11050211.0
1006.0 12642212.0
1007.0 12273860.0
1008.0 11800712.0
1009.0 10677435.0
1010.0 9344903.0
1011.0 8762363.0
1012.0 8678978.0
1013.0 8505739.0
1014.0 7749412.5
1015.0 7028325.5
1016.0 6460985.0
1017.0 6075731.0
1018.0 5510887.5
1019.0 4840314.5
1020.0 4144557.8
1021.0 3655065.2
1022.0 3647035.5
1023.0 3501832.5
1024.0 3420611.2
1025.0 3203852.2
1026.0 3202769.5
1027.0 3358692.5
1028.0 3692244.0
1029.0 4134270.0
1030.0 4851358.5
1031.0 6005573.0
1032.0 7210772.5
1033.0 8069262.5
1034.0 9649186.0
1035.0 10682252.0
1036.0 12077225.0
1037.0 12908155.0
1038.0 13899986.0
1039.0 13956892.0
1040.0 13832399.0
1041.0 12902790.0
1042.0 11470491.0
1043.0 11275761.0
1044.0 10355105.0
1045.0 10516058.0
1046.0 11327050.0
1047.0 11540370.0
1048.0 12414334.0
1049.0 13900419.0
1050.0 14112491.0
1051.0 14525489.0
1052.0 15153572.0
1053.0 16325994.0
1054.0 15307169.0
1055.0 15206250.0
1056.0 17223128.0
1057.0 20135206.0
1058.0 26311922.0
1059.0 36878016.0
1060.0 51047604.0
1061.0 69783060.0
1062.0 92636530.0
1063.0 110402580.0
1064.0 127068330.0
1065.0 133524620.0
1066.0 124482670.0
1067.0 100993190.0
1068.0 68328140.0
1069.0 43045850.0
1070.0 28434828.0
1071.0 20333016.0
1072.0 15977719.0
1073.0 13225910.0
1074.0 11289069.0
1075.0 9396147.0
1076.0 7965689.0
1077.0 7286795.0
1078.0 5738337.0
1079.0 4934465.5
1080.0 4683563.5
1081.0 4914149.5
1082.0 4829313.0
1083.0 4494976.5
1084.0 5000575.5
1085.0 5804042.5
1086.0 5975183.0
1087.0 5743927.0
1088.0 6285514.5
1089.0 6781514.5
1090.0 7541557.5
1091.0 8018771.0
1092.0 8325052.5
1093.0 7839845.0
1094.0 7074659.5
1095.0 6514017.5
1096.0 6360735.5
1097.0 6217864.0
1098.0 6069460.5
1099.0 6192330.0
1100.0 6966130.5
1101.0 7813157.0
1102.0 9650878.0
1103.0 12505292.0
1104.0 17133798.0
1105.0 23750798.0
1106.0 34663172.0
1107.0 50075644.0
1108.0 66182590.0
1109.0 82477400.0
1110.0 96513070.0
1111.0 108516490.0
1112.0 111202440.0
1113.0 100917840.0
1114.0 78064730.0
1115.0 52043024.0
1116.0 32145760.0
1117.0 20833114.0
1118.0 15473158.0
1119.0 12437695.0
1120.0 10096866.0
1121.0 8269442.0
1122.0 6313351.0
1123.0 5139433.0
1124.0 4414476.0
1125.0 3752990.5
1126.0 3548973.5
1127.0 3486050.0
1128.0 2701372.8
1129.0 2433303.8
1130.0 2511074.0
1131.0 2588499.5
1132.0 2828494.8
1133.0 3046187.2
1134.0 2933238.5
1135.0 2870056.2
1136.0 3671266.5
1137.0 4047021.5
1138.0 4278909.5
1139.0 4110156.5
1140.0 3999267.0
1141.0 3431043.5
1142.0 3040169.8
1143.0 2650084.8
1144.0 2489539.5
1145.0 2302176.5
1146.0 2375828.2
1147.0 2396382.2
1148.0 2196811.8
1149.0 2217261.2
1150.0 2102466.5
1151.0 1766005.0
1152.0 1776056.9
1153.0 1668024.9
1154.0 1641417.6
1155.0 1469487.6
1156.0 1579702.5
1157.0 1955186.0
1158.0 2338658.0
1159.0 2269407.2
1160.0 2130892.2
1161.0 2000862.2
1162.0 1985718.6
1163.0 2152765.2
1164.0 2197137.2
1165.0 2579963.5
1166.0 2723399.8
1167.0 2486197.8
1168.0 2881655.5
1169.0 2844099.8
1170.0 2656521.5
1171.0 2776941.2
1172.0 2947568.8
1173.0 2921828.8
1174.0 3052594.8
1175.0 3019442.0
1176.0 2911709.5
1177.0 2744953.5
1178.0 2696129.0
1179.0 2821193.0
1180.0 3082688.5
1181.0 3086832.2
1182.0 2996097.8
1183.0 3007997.5
1184.0 3348068.5
1185.0 3687319.5
1186.0 3603497.0
1187.0 3711476.2
1188.0 4429176.0
1189.0 4283851.5
1190.0 4497124.5
1191.0 4900274.5
1192.0 5173139.5
1193.0 4876642.0
1194.0 4345048.0
1195.0 4473584.5
1196.0 4082088.8
1197.0 3762291.5
1198.0 3847741.5
1199.0 3805332.8
1200.0 4166968.0
1201.0 4074838.5
1202.0 3551114.8
1203.0 3665516.0
1204.0 3633471.0
1205.0 3831890.5
1206.0 3759562.5
1207.0 3484829.8
1208.0 3807625.2
1209.0 4251966.5
1210.0 4276069.5
1211.0 5041441.0
1212.0 5675734.0
1213.0 5689824.5
1214.0 5759409.0
1215.0 6648204.0
1216.0 6546790.0
1217.0 6004312.0
1218.0 5890246.0
1219.0 5038215.5
1220.0 4337571.0
1221.0 4097357.2
1222.0 4568618.5
1223.0 4814980.5
1224.0 5234669.0
1225.0 5370908.0
1226.0 5386756.0
1227.0 5359139.0
1228.0 5724718.0
1229.0 5855345.0
1230.0 5867289.0
1231.0 6525744.0
1232.0 7102208.0
1233.0 7450392.5
1234.0 7739634.5
1235.0 9303334.0
1236.0 11284702.0
1237.0 13693705.0
1238.0 15743530.0
1239.0 17592548.0
1240.0 19455444.0
1241.0 21354420.0
1242.0 22553032.0
1243.0 21510188.0
1244.0 20495382.0
1245.0 18788552.0
1246.0 15923624.0
1247.0 11469114.0
1248.0 8267028.0
1249.0 6438316.0
1250.0 6190120.5
1251.0 6111842.5
1252.0 6050454.0
1253.0 6126749.5
1254.0 6155054.5
1255.0 6452104.5
1256.0 5951152.5
1257.0 6831249.0
1258.0 7131156.0
1259.0 7892998.0
1260.0 8964922.0
1261.0 9706967.0
1262.0 11853998.0
1263.0 13094996.0
1264.0 14552971.0
1265.0 15966962.0
1266.0 17377774.0
1267.0 18232192.0
1268.0 17411148.0
1269.0 16855098.0
1270.0 15439624.0
1271.0 14317699.0
1272.0 14317680.0
1273.0 14635358.0
1274.0 14899438.0
1275.0 14887618.0
1276.0 14519419.0
1277.0 13369879.0
1278.0 11681229.0
1279.0 11050891.0
1280.0 10937545.0
1281.0 11544282.0
1282.0 12215846.0
1283.0 13700766.0
1284.0 14449635.0
1285.0 14324998.0
1286.0 13674745.0
1287.0 13688462.0
1288.0 13132875.0
1289.0 12841704.0
1290.0 12406061.0
1291.0 12242091.0
1292.0 12761689.0
1293.0 12701219.0
1294.0 12627704.0
1295.0 13394355.0
1296.0 13805326.0
1297.0 14466956.0
1298.0 14847055.0
1299.0 16634681.0
1300.0 17290728.0
1301.0 17678512.0
1302.0 18764362.0
1303.0 19869468.0
1304.0 21501832.0
1305.0 24248128.0
1306.0 25305578.0
1307.0 25827948.0
1308.0 28762328.0
1309.0 31830798.0
1310.0 33057570.0
1311.0 34564844.0
1312.0 33584150.0
1313.0 32312956.0
1314.0 30962544.0
1315.0 30770000.0
1316.0 31267000.0
1317.0 31273168.0
1318.0 31532318.0
1319.0 32169336.0
1320.0 33902790.0
1321.0 35466520.0
1322.0 35864156.0
1323.0 35735840.0
1324.0 35488372.0
1325.0 38759492.0
1326.0 42511604.0
1327.0 47358044.0
1328.0 52482050.0
1329.0 55077916.0
1330.0 56626884.0
1331.0 59635424.0
1332.0 62642404.0
1333.0 61241020.0
1334.0 61063644.0
1335.0 61881084.0
1336.0 62510060.0
1337.0 64063420.0
1338.0 65357560.0
1339.0 63975124.0
1340.0 62659624.0
1341.0 61898736.0
1342.0 58219996.0
1343.0 54837500.0
1344.0 51803644.0
1345.0 49503244.0
1346.0 48033936.0
1347.0 46412830.0
1348.0 47732440.0
1349.0 49570996.0
1350.0 50107864.0
1351.0 52075570.0
1352.0 54611430.0
1353.0 55471044.0
1354.0 58545270.0
1355.0 61472520.0
1356.0 61263580.0
1357.0 58399436.0
1358.0 57747324.0
1359.0 59371736.0
1360.0 59840390.0
1361.0 63259504.0
1362.0 69857630.0
1363.0 78733790.0
1364.0 89488680.0
1365.0 102247360.0
1366.0 118544660.0
1367.0 138707060.0
1368.0 154749810.0
1369.0 170189200.0
1370.0 186652820.0
1371.0 199162480.0
1372.0 204626260.0
1373.0 209599460.0
1374.0 208575000.0
1375.0 193361900.0
1376.0 172605980.0
1377.0 149506560.0
1378.0 134359170.0
1379.0 123258030.0
1380.0 115497920.0
1381.0 107758430.0
1382.0 100647090.0
1383.0 95133610.0
1384.0 90869980.0
1385.0 84825250.0
1386.0 78071900.0
1387.0 73099770.0
1388.0 67748460.0
1389.0 62295080.0
1390.0 54572550.0
1391.0 46854070.0
1392.0 41207652.0
1393.0 38141364.0
1394.0 36144516.0
1395.0 35670184.0
1396.0 37957256.0
1397.0 40667310.0
1398.0 42865840.0
1399.0 48221444.0
1400.0 54025600.0
1401.0 58389700.0
1402.0 65115316.0
1403.0 71914710.0
1404.0 83767750.0
1405.0 98385710.0
1406.0 113868890.0
1407.0 131056200.0
1408.0 152013090.0
1409.0 176155180.0
1410.0 194478880.0
1411.0 211510220.0
1412.0 232464880.0
1413.0 253663490.0
1414.0 268993400.0
1415.0 270914370.0
1416.0 263173280.0
1417.0 240330980.0
1418.0 210574480.0
1419.0 163551100.0
1420.0 115123280.0
1421.0 76906260.0
1422.0 53140624.0
1423.0 39670730.0
1424.0 33458680.0
1425.0 29688378.0
1426.0 24909010.0
1427.0 20111078.0
1428.0 17638682.0
1429.0 15053502.0
1430.0 12493400.0
1431.0 11458932.0
1432.0 11768674.0
1433.0 11209239.0
1434.0 10496746.0
1435.0 10046622.0
1436.0 9293748.0
1437.0 9251688.0
1438.0 8897114.0
1439.0 9024789.0
1440.0 9109231.0
1441.0 9136415.0
1442.0 9047282.0
1443.0 9001788.0
1444.0 9690921.0
1445.0 9640324.0
1446.0 9136066.0
1447.0 9409992.0
1448.0 9951541.0
1449.0 10668896.0
1450.0 11904625.0
1451.0 13212014.0
1452.0 14435176.0
1453.0 15921010.0
1454.0 16767291.0
1455.0 18117072.0
1456.0 17204358.0
1457.0 17243058.0
1458.0 18020564.0
1459.0 18611968.0
1460.0 19902134.0
1461.0 19556450.0
1462.0 19611106.0
1463.0 19473432.0
1464.0 19514752.0
1465.0 19520576.0
1466.0 18559924.0
1467.0 18089264.0
1468.0 18429156.0
1469.0 19020796.0
1470.0 19776374.0
1471.0 20140378.0
1472.0 20134032.0
1473.0 20363622.0
1474.0 19287424.0
1475.0 17561850.0
1476.0 16970286.0
1477.0 17044824.0
1478.0 17922968.0
1479.0 18389220.0
1480.0 18616636.0
1481.0 19572296.0
1482.0 20492960.0
1483.0 23790172.0
1484.0 26943518.0
1485.0 30167280.0
1486.0 32241918.0
1487.0 33970790.0
1488.0 37656132.0
1489.0 41180596.0
1490.0 43465436.0
1491.0 47742460.0
1492.0 51889200.0
1493.0 52996060.0
1494.0 53431820.0
1495.0 53310496.0
1496.0 52108316.0
1497.0 52016620.0
1498.0 50252730.0
1499.0 47803116.0
1500.0 45226080.0
1501.0 43040924.0
1502.0 39127236.0
1503.0 33758130.0
1504.0 27668696.0
1505.0 24254216.0
1506.0 23705622.0
1507.0 24620098.0
1508.0 25666950.0
1509.0 27039182.0
1510.0 28463004.0
1511.0 30337958.0
1512.0 31974232.0
1513.0 33783050.0
1514.0 36172984.0
1515.0 37791310.0
1516.0 40196656.0
1517.0 41762750.0
1518.0 44249616.0
1519.0 47077724.0
1520.0 50514864.0
1521.0 54483950.0
1522.0 58362020.0
1523.0 62933156.0
1524.0 64486604.0
1525.0 63175436.0
1526.0 65715480.0
1527.0 68855140.0
1528.0 69767490.0
1529.0 68574024.0
1530.0 69370456.0
1531.0 68186400.0
1532.0 60719824.0
1533.0 52720304.0
1534.0 45365140.0
1535.0 37357156.0
1536.0 31252524.0
1537.0 25950930.0
1538.0 22086756.0
1539.0 19565326.0
1540.0 20599816.0
1541.0 22698378.0
1542.0 24342942.0
1543.0 26287338.0
1544.0 28954548.0
1545.0 29952150.0
1546.0 31215318.0
1547.0 34315160.0
1548.0 38826356.0
1549.0 43719324.0
1550.0 49832620.0
1551.0 55931796.0
1552.0 60316870.0
1553.0 60857080.0
1554.0 59764530.0
1555.0 61616416.0
1556.0 64299560.0
1557.0 67480580.0
1558.0 70024110.0
1559.0 72593580.0
1560.0 73351820.0
1561.0 70118060.0
1562.0 60859630.0
1563.0 51034356.0
1564.0 44061010.0
1565.0 39300444.0
1566.0 37367212.0
1567.0 36604744.0
1568.0 38161370.0
1569.0 40360350.0
1570.0 40577336.0
1571.0 38454816.0
1572.0 37396012.0
1573.0 35410970.0
1574.0 34405180.0
1575.0 32169040.0
1576.0 27398052.0
1577.0 22925444.0
1578.0 18319512.0
1579.0 16098406.0
1580.0 14846732.0
1581.0 14211240.0
1582.0 14039325.0
1583.0 14826121.0
1584.0 15171162.0
1585.0 14887619.0
1586.0 15235764.0
1587.0 15654911.0
1588.0 15952688.0
1589.0 15784890.0
1590.0 16498088.0
1591.0 16956602.0
1592.0 17420916.0
1593.0 17694938.0
1594.0 17753642.0
1595.0 16791896.0
1596.0 16329980.0
1597.0 14609566.0
1598.0 14481871.0
1599.0 13871431.0
1600.0 14038601.0
1601.0 14254952.0
1602.0 14872934.0
1603.0 16075670.0
1604.0 17907570.0
1605.0 20023254.0
1606.0 20788984.0
1607.0 22329316.0
1608.0 22923768.0
1609.0 22742750.0
1610.0 24433204.0
1611.0 27755984.0
1612.0 31846782.0
1613.0 36972390.0
1614.0 39148910.0
1615.0 41571744.0
1616.0 45578956.0
1617.0 47308284.0
1618.0 48264080.0
1619.0 49381536.0
1620.0 52396944.0
1621.0 54929480.0
1622.0 55435420.0
1623.0 58599996.0
1624.0 61155530.0
1625.0 63198616.0
1626.0 67059964.0
1627.0 68635190.0
1628.0 65269990.0
1629.0 58703410.0
1630.0 46130796.0
1631.0 33117704.0
1632.0 24450130.0
1633.0 18586246.0
1634.0 15533521.0
1635.0 12827215.0
1636.0 11730870.0
1637.0 11029474.0
1638.0 9995530.0
1639.0 9354305.0
1640.0 9220572.0
1641.0 10075339.0
1642.0 10510911.0
1643.0 10621549.0
1644.0 11196300.0
1645.0 11430278.0
1646.0 11544736.0
1647.0 11629604.0
1648.0 10912119.0
1649.0 11389201.0
1650.0 11282678.0
1651.0 9903098.0
1652.0 9204869.0
1653.0 9124958.0
1654.0 8744424.0
1655.0 8989715.0
1656.0 9975492.0
1657.0 9389839.0
1658.0 9072474.0
1659.0 8772737.0
1660.0 9139688.0
1661.0 8967877.0
1662.0 9163394.0
1663.0 8808835.0
1664.0 8735908.0
1665.0 8881012.0
1666.0 8664322.0
1667.0 8734208.0
1668.0 8335348.0
1669.0 9463546.0
1670.0 9635062.0
1671.0 9935719.0
1672.0 10718504.0
1673.0 11033711.0
1674.0 11392854.0
1675.0 11945158.0
1676.0 11713925.0
1677.0 11592046.0
1678.0 12061390.0
1679.0 12918134.0
1680.0 14041010.0
1681.0 14347645.0
1682.0 14512540.0
1683.0 14530154.0
1684.0 14213709.0
1685.0 12152822.0
1686.0 12403494.0
1687.0 12509799.0
1688.0 11737296.0
1689.0 11802835.0
1690.0 11380705.0
1691.0 11899652.0
1692.0 12862064.0
1693.0 13968988.0
1694.0 13814478.0
1695.0 13935326.0
1696.0 14085855.0
1697.0 14549514.0
1698.0 15992645.0
1699.0 17302916.0
1700.0 18749844.0
1701.0 18928336.0
1702.0 19046292.0
1703.0 17990184.0
1704.0 17816108.0
1705.0 17371228.0
1706.0 16363744.0
1707.0 14382229.0
1708.0 13755562.0
1709.0 13728805.0
1710.0 14261148.0
1711.0 13859881.0
1712.0 12975155.0
1713.0 13444972.0
1714.0 13631558.0
1715.0 12945928.0
1716.0 11409156.0
1717.0 9692577.0
1718.0 9719321.0
1719.0 9949157.0
1720.0 9489262.0
1721.0 8218460.0
1722.0 6445522.5
1723.0 4549690.5
1724.0 3390716.0
1725.0 2983900.5
1726.0 2734698.5
1727.0 3059467.8
1728.0 3452797.2
1729.0 3367050.2
1730.0 2936937.5
1731.0 3150942.0
1732.0 3323039.8
1733.0 3032529.5
1734.0 2873341.0
1735.0 3350848.8
1736.0 3658685.0
1737.0 3658326.2
1738.0 3670920.0
1739.0 3739946.5
1740.0 4541865.5
1741.0 4980526.0
1742.0 5031040.5
1743.0 5084365.5
1744.0 4797676.0
1745.0 4560141.5
1746.0 4447954.0
1747.0 4643738.0
1748.0 4393583.0
1749.0 3892556.5
1750.0 3901553.0
1751.0 4683351.0
1752.0 4499796.0
1753.0 3989809.8
1754.0 3859554.5
1755.0 3621146.2
1756.0 3115260.2
1757.0 3493785.5
1758.0 4015915.2
1759.0 4148172.5
1760.0 4437837.5
1761.0 5036340.5
1762.0 5173038.0
1763.0 4714868.0
1764.0 4356584.0
1765.0 4508109.5
1766.0 5174178.5
1767.0 5872820.0
1768.0 6909892.0
1769.0 6587472.0
1770.0 6194105.0
1771.0 5649583.0
1772.0 5658564.5
1773.0 5173866.0
1774.0 5366394.0
1775.0 5839555.5
1776.0 5602088.0
1777.0 5030981.5
1778.0 5421275.0
1779.0 5127817.0
1780.0 4368963.5
1781.0 4149279.0
1782.0 4735798.0
1783.0 4364689.0
1784.0 3893559.5
1785.0 3795502.8
1786.0 3338408.0
1787.0 3870313.5
1788.0 4823969.5
1789.0 4088893.8
1790.0 4071437.0
1791.0 4232484.0
1792.0 4482747.0
1793.0 4620995.5
1794.0 5457182.5
1795.0 5794316.0
1796.0 5519223.0
1797.0 5069972.0
1798.0 5751713.0
1799.0 5724915.0
1800.0 6054053.0
1801.0 5468155.5
1802.0 5386512.0
1803.0 5166925.5
1804.0 5250606.0
1805.0 6036437.0
1806.0 5359598.0
1807.0 4569474.0
1808.0 4330922.5
1809.0 4428000.0
1810.0 4234214.0
1811.0 3647932.0
1812.0 3563519.8
1813.0 3038120.2
1814.0 3299725.2
1815.0 3534476.2
1816.0 3289412.5
1817.0 3013752.0
1818.0 2887875.2
1819.0 3298255.0
1820.0 3310717.0
1821.0 3447856.2
1822.0 3817623.5
1823.0 4064962.8
1824.0 4532722.0
1825.0 5470852.5
1826.0 5976632.0
1827.0 5669780.0
1828.0 6379816.0
1829.0 6889456.0
1830.0 6475075.0
1831.0 6699456.0
1832.0 7341614.5
1833.0 7582381.0
1834.0 7795663.0
1835.0 8355037.0
1836.0 8543502.0
1837.0 8142480.5
1838.0 6942170.5
1839.0 5990593.0
1840.0 6202338.0
1841.0 6304318.0
1842.0 6962536.0
1843.0 7841334.5
1844.0 8064777.5
1845.0 7825846.0
1846.0 7961320.0
1847.0 8732309.0
1848.0 9945482.0
1849.0 10197308.0
1850.0 10513730.0
1851.0 10702594.0
1852.0 11529215.0
1853.0 11182472.0
1854.0 10897765.0
1855.0 11066570.0
1856.0 11554276.0
1857.0 11143386.0
1858.0 11017891.0
1859.0 9965909.0
1860.0 9114726.0
1861.0 9239219.0
1862.0 9483913.0
1863.0 8917458.0
1864.0 7689189.5
1865.0 7162495.0
1866.0 6978274.5
1867.0 6826092.5
1868.0 6764424.5
1869.0 6920047.5
1870.0 7252632.5
1871.0 6415341.0
1872.0 6967021.0
1873.0 7097315.5
1874.0 6897792.5
1875.0 7398992.5
1876.0 8798119.0
1877.0 9146463.0
1878.0 10238494.0
1879.0 10888715.0
1880.0 10109548.0
1881.0 9381288.0
1882.0 8868056.0
1883.0 7923735.0
1884.0 7371179.5
1885.0 7132841.0
1886.0 6989778.0
1887.0 7269261.0
1888.0 6156519.0
1889.0 5702477.0
1890.0 5191822.5
1891.0 4378237.0
1892.0 4595398.5
1893.0 5000693.0
1894.0 4595603.5
1895.0 4772487.0
1896.0 4921831.5
1897.0 5706173.0
1898.0 7006368.0
1899.0 8274918.0
1900.0 9700202.0
1901.0 9884381.0
1902.0 10537054.0
1903.0 12288392.0
1904.0 14292666.0
1905.0 15050069.0
1906.0 13893194.0
1907.0 14512609.0
1908.0 15598454.0
1909.0 17125174.0
1910.0 18840258.0
1911.0 19325046.0
1912.0 19528284.0
1913.0 18538906.0
1914.0 16478361.0
1915.0 14148558.0
1916.0 12072625.0
1917.0 8630268.0
1918.0 6654678.0
1919.0 5726869.0
1920.0 5225344.0
1921.0 4790400.5
1922.0 5077764.5
1923.0 5604215.5
1924.0 6726476.0
1925.0 6826869.0
1926.0 7890640.0
1927.0 8342180.5
1928.0 9384866.0
1929.0 9207112.0
1930.0 9600008.0
1931.0 11336175.0
1932.0 13099604.0
1933.0 14378740.0
1934.0 14137781.0
1935.0 14372278.0
1936.0 14535541.0
1937.0 15925689.0
1938.0 15681898.0
1939.0 15437656.0
1940.0 14204002.0
1941.0 11430521.0
1942.0 8780574.0
1943.0 5949950.0
1944.0 4072907.5
1945.0 3049298.8
1946.0 2526117.5
1947.0 2379439.2
1948.0 2136742.2
1949.0 2119012.8
1950.0 1598185.1
1951.0 1588822.8
1952.0 1685927.5
1953.0 1447108.2
1954.0 1468117.5
1955.0 1556942.2
1956.0 1347734.4
1957.0 1242464.2
1958.0 1006415.06
1959.0 1166301.4
1960.0 1366149.2
1961.0 1383333.9
1962.0 1134403.5
1963.0 970427.44
1964.0 866312.4
1965.0 893341.3
1966.0 813022.5
1967.0 840988.2
1968.0 789142.9
1969.0 880529.94
1970.0 979860.7
1971.0 1161540.2
1972.0 1303392.1
1973.0 1447990.0
1974.0 1673944.8
1975.0 1749520.2
1976.0 1482240.0
1977.0 1462997.4
1978.0 1353538.5
1979.0 1131019.9
1980.0 1116393.5
1981.0 1469156.1
1982.0 1412429.0
1983.0 1420692.5
1984.0 1535112.6
1985.0 1588143.8
1986.0 1789632.2
1987.0 1997041.8
1988.0 1944236.0
1989.0 2121604.0
1990.0 2017124.0
1991.0 1814741.4
1992.0 1532782.5
1993.0 1441934.8
1994.0 1392046.5
1995.0 1370408.9
1996.0 1255595.8
1997.0 1281070.8
1998.0 1502952.5
1999.0 1203890.5
2000.0 1813302.0
2001.0 1982183.0
2002.0 1771807.4
2003.0 1862104.2
2004.0 1745728.2
2005.0 1835722.0
2006.0 1894660.2
2007.0 1786050.5
2008.0 1781572.5
2009.0 2137405.8
2010.0 1942291.9
2011.0 1604200.0
2012.0 1469589.8
2013.0 1244479.5
2014.0 1295110.5
2015.0 1741675.8
2016.0 2089499.8
2017.0 2280746.2
2018.0 2087502.6
2019.0 1579818.1
2020.0 1441229.5
2021.0 1821783.5
2022.0 1950103.9
2023.0 1981174.4
2024.0 1903436.5
2025.0 1896531.1
2026.0 2125584.8
2027.0 2192659.2
2028.0 2420082.5
2029.0 1517645.5
2030.0 -299092.75
2031.0 -1991588.6
2032.0 -3629299.8
2033.0 -5417739.5
2034.0 -7476022.5
2035.0 -8878959.0
2036.0 -10577271.0
2037.0 -12279418.0
2038.0 -14051252.0
2039.0 -15909111.0
2040.0 -17934672.0
2041.0 -19852098.0
2042.0 -21711718.0
2043.0 -24108916.0
2044.0 -26062600.0
2045.0 -28278778.0
2046.0 -30100404.0
2047.0 0.0
