string
0.0 1517970.2
1.0 1627273.6
2.0 1359155.2
3.0 1780823.5
4.0 1649383.5
5.0 1902354.9
6.0 2547771.5
7.0 2404137.0
8.0 2553602.2
9.0 2388812.0
10.0 2071496.0
11.0 1768098.2
12.0 1927267.8
13.0 1769144.4
14.0 1884533.5
15.0 2179127.0
16.0 2430587.8
17.0 2307629.2
18.0 2550395.2
19.0 3064110.2
20.0 2685031.2
21.0 2719320.0
22.0 2261914.5
23.0 1836223.9
24.0 1830238.5
25.0 1725568.0
26.0 1618895.0
27.0 2180454.2
28.0 2229582.8
29.0 2173336.5
30.0 2183779.8
31.0 2178163.0
32.0 2644729.0
33.0 2949916.2
34.0 2152088.5
35.0 2192339.5
36.0 2473849.0
37.0 3064829.5
38.0 2994623.0
39.0 2895513.0
40.0 2788277.5
41.0 3288755.0
42.0 3333141.0
43.0 3194057.0
44.0 3246775.0
45.0 2733482.5
46.0 2319347.0
47.0 2409818.8
48.0 2349876.8
49.0 1977633.1
50.0 2079393.0
51.0 2082086.2
52.0 1997158.2
53.0 1907041.4
54.0 1892779.2
55.0 1923847.6
56.0 2179282.0
57.0 2317032.2
58.0 2631409.0
59.0 2680977.0
60.0 2936231.2
61.0 3269357.5
62.0 3210680.5
63.0 3036401.0
64.0 2405566.5
65.0 2355604.5
66.0 3099432.0
67.0 2989322.2
68.0 3068708.8
69.0 3148367.0
70.0 3234337.8
71.0 3545703.0
72.0 3818838.5
73.0 4140697.5
74.0 4377787.0
75.0 3971136.2
76.0 3812910.0
77.0 4245363.0
78.0 3921441.5
79.0 3682731.2
80.0 3762824.8
81.0 4058376.2
82.0 4509320.5
83.0 3942128.8
84.0 3251942.5
85.0 3403344.8
86.0 3760190.0
87.0 3804781.2
88.0 3352334.8
89.0 3177077.8
90.0 3379525.0
91.0 4004192.2
92.0 4227587.0
93.0 4681828.0
94.0 5593462.0
95.0 7110509.0
96.0 7049828.0
97.0 6395452.0
98.0 5529457.0
99.0 4596424.5
100.0 3359105.5
101.0 2566747.2
102.0 2082164.8
103.0 1785494.2
104.0 1800812.5
105.0 1829736.1
106.0 1969193.6
107.0 1938383.0
108.0 1832834.2
109.0 1949532.8
110.0 1940263.2
111.0 1774785.5
112.0 1871038.1
113.0 2209225.2
114.0 2385511.5
115.0 2528195.5
116.0 2898306.5
117.0 3260827.0
118.0 3756758.8
119.0 4865895.0
120.0 5886725.5
121.0 6498772.0
122.0 6800090.0
123.0 6834757.5
124.0 6326674.0
125.0 5954694.0
126.0 6351341.0
127.0 6867070.0
128.0 7524477.0
129.0 7172745.0
130.0 5944062.0
131.0 5253215.5
132.0 3650573.8
133.0 2759388.5
134.0 1593871.1
135.0 1329492.8
136.0 1260564.0
137.0 1247091.8
138.0 1641415.5
139.0 1332697.8
140.0 1070188.2
141.0 884542.4
142.0 793254.7
143.0 721789.1
144.0 581216.7
145.0 641008.25
146.0 976848.1
147.0 984897.56
148.0 996476.0
149.0 1119313.8
150.0 913833.2
151.0 942283.7
152.0 1101596.0
153.0 1833493.1
154.0 2679351.5
155.0 4029706.0
156.0 5360160.0
157.0 6414914.5
158.0 7376787.5
159.0 8046797.5
160.0 7565822.5
161.0 6399465.0
162.0 4866075.5
163.0 3961405.0
164.0 3445824.8
165.0 3433787.5
166.0 3564976.5
167.0 3016458.8
168.0 2926304.0
169.0 3517233.0
170.0 4030038.5
171.0 4103208.8
172.0 3946986.2
173.0 3750843.8
174.0 3665470.2
175.0 4500389.5
176.0 5825672.5
177.0 7889302.0
178.0 10121015.0
179.0 12855020.0
180.0 14347568.0
181.0 14796079.0
182.0 14761026.0
183.0 12473546.0
184.0 10101682.0
185.0 6917352.5
186.0 4437659.5
187.0 3238507.2
188.0 2113224.5
189.0 2000036.0
190.0 1671217.4
191.0 1602044.0
192.0 1604707.6
193.0 1221729.0
194.0 1256397.5
195.0 1318545.1
196.0 1197312.5
197.0 1069712.2
198.0 1666083.1
199.0 1379889.4
200.0 715683.06
201.0 750821.25
202.0 704231.25
203.0 776343.75
204.0 866965.7
205.0 1111941.4
206.0 1258874.0
207.0 1359223.1
208.0 1410189.4
209.0 1471094.4
210.0 1426602.4
211.0 1223269.9
212.0 1798739.9
213.0 2564315.2
214.0 3119982.2
215.0 5292189.0
216.0 7185157.5
217.0 9151113.0
218.0 10561062.0
219.0 10026126.0
220.0 9874264.0
221.0 8080182.0
222.0 5854939.5
223.0 4185742.2
224.0 3012722.5
225.0 2835050.2
226.0 2647915.5
227.0 2201669.5
228.0 1820519.0
229.0 1942717.2
230.0 1805856.0
231.0 1638189.0
232.0 1229533.2
233.0 1058810.1
234.0 907272.25
235.0 825884.6
236.0 803888.7
237.0 866798.1
238.0 952179.75
239.0 978020.94
240.0 1337969.4
241.0 1215435.5
242.0 1409468.0
243.0 1241072.8
244.0 1473438.1
245.0 2134161.5
246.0 3177320.2
247.0 4593784.5
248.0 5545367.0
249.0 6233156.0
250.0 5944357.0
251.0 6048809.5
252.0 6555811.0
253.0 6862030.0
254.0 5399694.0
255.0 3975852.2
256.0 2600130.2
257.0 2199026.8
258.0 1981720.8
259.0 1265499.4
260.0 933618.25
261.0 1193987.6
262.0 1277506.0
263.0 1181434.2
264.0 1395403.9
265.0 754516.5
266.0 555768.6
267.0 414114.8
268.0 512728.38
269.0 736971.1
270.0 641082.2
271.0 787001.75
272.0 791859.0
273.0 678218.06
274.0 879343.06
275.0 1000086.9
276.0 1100594.8
277.0 909878.75
278.0 1099476.4
279.0 918389.4
280.0 1149257.1
281.0 1163430.4
282.0 781726.0
283.0 841323.44
284.0 952769.3
285.0 908353.4
286.0 842790.1
287.0 747923.44
288.0 735290.4
289.0 955875.56
290.0 777358.75
291.0 460026.56
292.0 707078.1
293.0 934982.44
294.0 917011.9
295.0 957823.4
296.0 826050.25
297.0 757315.94
298.0 1126950.5
299.0 815064.4
300.0 1217007.4
301.0 1198582.8
302.0 1416212.2
303.0 1467650.8
304.0 1745357.5
305.0 1640931.4
306.0 1637842.8
307.0 1124454.0
308.0 972185.7
309.0 1313454.2
310.0 1186523.0
311.0 1002964.1
312.0 893085.4
313.0 1338833.8
314.0 1511867.0
315.0 1731480.1
316.0 1774083.2
317.0 2253782.0
318.0 2562236.0
319.0 2563713.8
320.0 2276505.8
321.0 2560302.0
322.0 2744182.2
323.0 2161586.2
324.0 2196388.8
325.0 2593448.2
326.0 2866147.2
327.0 3636304.5
328.0 3950724.0
329.0 5176417.0
330.0 5904268.0
331.0 6783143.0
332.0 7360129.5
333.0 6569192.0
334.0 5696758.0
335.0 4208342.0
336.0 2830289.8
337.0 2513183.0
338.0 1944062.8
339.0 1817854.2
340.0 1649241.1
341.0 1662125.8
342.0 1758678.8
343.0 1552835.5
344.0 1372472.4
345.0 1246641.5
346.0 1104529.6
347.0 975691.1
348.0 926906.5
349.0 847982.75
350.0 854974.94
351.0 887636.6
352.0 1067697.6
353.0 1358260.5
354.0 1152661.0
355.0 1276496.8
356.0 1460097.8
357.0 1407741.1
358.0 1915817.5
359.0 1885302.2
360.0 1577780.0
361.0 1739507.4
362.0 1800507.8
363.0 2437735.0
364.0 3548670.5
365.0 4141901.5
366.0 3993950.5
367.0 4327471.5
368.0 4730851.0
369.0 3847229.8
370.0 3287119.8
371.0 2347577.5
372.0 1725665.1
373.0 1869706.1
374.0 1673440.2
375.0 1689853.2
376.0 1673909.4
377.0 1528918.2
378.0 1235064.2
379.0 1392189.9
380.0 1553008.0
381.0 1379203.1
382.0 1366707.2
383.0 1424000.0
384.0 1173024.4
385.0 1039973.25
386.0 1054339.0
387.0 1004562.44
388.0 1293802.4
389.0 1676669.4
390.0 1605070.1
391.0 1327766.2
392.0 1692088.6
393.0 1978332.2
394.0 1789264.8
395.0 2316815.5
396.0 2846966.5
397.0 2978380.2
398.0 2219773.0
399.0 1781427.2
400.0 1487960.8
401.0 1503337.5
402.0 1563362.0
403.0 1773492.8
404.0 1671762.8
405.0 1697281.2
406.0 2429209.8
407.0 2754238.0
408.0 2683092.2
409.0 2816718.8
410.0 2406287.2
411.0 2487677.0
412.0 2659446.2
413.0 2995444.5
414.0 2990519.0
415.0 2940973.8
416.0 3676197.0
417.0 3674508.0
418.0 3245852.0
419.0 2973909.0
420.0 2555768.2
421.0 2204468.0
422.0 1924305.1
423.0 1435305.8
424.0 1356358.0
425.0 1503500.6
426.0 1616785.2
427.0 1650095.2
428.0 1625643.0
429.0 1910005.6
430.0 1874740.8
431.0 1875695.5
432.0 1806957.2
433.0 1759029.2
434.0 1692158.0
435.0 1668235.6
436.0 1612218.6
437.0 1636550.1
438.0 1718158.1
439.0 1751711.4
440.0 1366368.6
441.0 1161127.0
442.0 1076530.2
443.0 659035.5
444.0 860435.06
445.0 1390422.6
446.0 1362173.2
447.0 1724472.5
448.0 2144916.2
449.0 2511849.8
450.0 2383380.5
451.0 2258338.0
452.0 2342895.2
453.0 2357930.5
454.0 2225720.5
455.0 1835514.4
456.0 1728518.2
457.0 1565204.0
458.0 1288919.8
459.0 1606075.8
460.0 1628599.9
461.0 1491381.0
462.0 1723685.1
463.0 2096045.2
464.0 2417438.5
465.0 2214493.2
466.0 2304698.8
467.0 2053303.6
468.0 1943801.0
469.0 2023729.8
470.0 2555962.2
471.0 2603931.2
472.0 2799675.5
473.0 2352831.0
474.0 2287955.2
475.0 1779160.6
476.0 1881958.9
477.0 1543875.8
478.0 1128545.1
479.0 923779.75
480.0 1131873.2
481.0 1351747.5
482.0 1522241.9
483.0 1213192.9
484.0 1075916.1
485.0 1019836.5
486.0 1215916.2
487.0 1299754.5
488.0 1130370.0
489.0 721711.75
490.0 862085.06
491.0 1020057.6
492.0 1172633.1
493.0 1150465.1
494.0 1257256.9
495.0 1602718.1
496.0 1546633.0
497.0 1370092.4
498.0 1143143.0
499.0 1361199.9
500.0 1071816.5
501.0 1536875.6
502.0 2075175.8
503.0 2565421.5
504.0 2205511.5
505.0 1744161.0
506.0 1882585.6
507.0 1960942.0
508.0 1712956.9
509.0 1547348.8
510.0 1659783.9
511.0 1538699.0
512.0 1441773.8
513.0 1361291.4
514.0 1634152.5
515.0 1675563.1
516.0 1318570.0
517.0 1059910.8
518.0 879207.25
519.0 1085097.6
520.0 1189519.2
521.0 964875.75
522.0 850039.3
523.0 1063118.2
524.0 1029885.94
525.0 1039817.75
526.0 1278352.9
527.0 1299851.1
528.0 1321103.0
529.0 1097350.8
530.0 1385543.8
531.0 1624404.4
532.0 1601518.9
533.0 2306859.5
534.0 2960640.0
535.0 2728638.8
536.0 2551485.5
537.0 2424985.2
538.0 2774114.0
539.0 2789652.5
540.0 2353535.8
541.0 2033516.2
542.0 1740914.4
543.0 1399660.6
544.0 1018480.5
545.0 958345.25
546.0 866464.9
547.0 1110719.5
548.0 1219238.9
549.0 1366849.4
550.0 1554488.9
551.0 1172760.8
552.0 1358926.4
553.0 1443694.9
554.0 1396421.5
555.0 1394898.1
556.0 1289915.8
557.0 1206623.0
558.0 1470593.9
559.0 1356850.6
560.0 1603801.0
561.0 1713939.5
562.0 1401753.5
563.0 1212662.6
564.0 1233095.2
565.0 1232480.4
566.0 1047066.56
567.0 946081.56
568.0 1491195.5
569.0 1271438.4
570.0 890753.25
571.0 843839.7
572.0 1283906.8
573.0 1646062.0
574.0 1528349.5
575.0 1266913.6
576.0 1099821.0
577.0 1215098.9
578.0 1428685.5
579.0 1587447.2
580.0 1509866.2
581.0 1507396.8
582.0 1576424.9
583.0 1319759.9
584.0 1246966.0
585.0 1149804.5
586.0 1388390.6
587.0 1480039.0
588.0 1285969.6
589.0 1480640.2
590.0 1359215.1
591.0 1432406.0
592.0 1693362.8
593.0 1580837.6
594.0 1105581.4
595.0 1120917.6
596.0 1186610.8
597.0 1241397.4
598.0 1137735.2
599.0 1261209.8
600.0 1051238.5
601.0 1008278.2
602.0 993022.0
603.0 1084706.0
604.0 1129119.4
605.0 1050709.0
606.0 1296255.6
607.0 982633.7
608.0 760176.25
609.0 909469.4
610.0 1183053.0
611.0 1338496.9
612.0 1409146.5
613.0 1285211.1
614.0 1299731.6
615.0 1202173.8
616.0 1471445.5
617.0 1280627.0
618.0 958991.9
619.0 956668.75
620.0 831419.25
621.0 1027638.2
622.0 1123961.9
623.0 1493566.5
624.0 1308176.9
625.0 908114.94
626.0 967279.75
627.0 1107510.4
628.0 959045.6
629.0 1112549.0
630.0 971971.8
631.0 911679.1
632.0 1132055.2
633.0 1097924.8
634.0 1213151.0
635.0 981095.6
636.0 1481905.1
637.0 1152477.6
638.0 1126868.1
639.0 1308257.1
640.0 1414068.1
641.0 1457536.4
642.0 1228043.9
643.0 1254450.0
644.0 1431697.8
645.0 1197006.5
646.0 803362.56
647.0 724620.3
648.0 738786.25
649.0 929215.5
650.0 740859.0
651.0 658923.2
652.0 871210.4
653.0 1488812.0
654.0 1442302.8
655.0 1130060.1
656.0 1146298.9
657.0 1268375.9
658.0 1258556.8
659.0 1050150.0
660.0 1039505.25
661.0 1040838.9
662.0 998455.9
663.0 1089241.8
664.0 1258767.6
665.0 1241189.5
666.0 1144044.5
667.0 1127701.5
668.0 1364047.6
669.0 1753610.2
670.0 1696091.4
671.0 1822049.9
672.0 1514954.5
673.0 1825065.8
674.0 1685467.5
675.0 1522753.2
676.0 1480916.2
677.0 1605674.8
678.0 1333971.4
679.0 1085572.9
680.0 773643.7
681.0 855796.56
682.0 988426.94
683.0 910924.06
684.0 571381.6
685.0 1159071.4
686.0 1360374.4
687.0 1345331.5
688.0 1712928.5
689.0 1387715.5
690.0 1261123.6
691.0 1335852.4
692.0 1271843.5
693.0 1164960.1
694.0 1333986.2
695.0 1254558.0
696.0 1456283.9
697.0 1549838.2
698.0 1296237.0
699.0 1102533.9
700.0 1179799.6
701.0 1540351.5
702.0 1170519.4
703.0 687577.75
704.0 724797.9
705.0 913707.9
706.0 1084251.4
707.0 1185871.2
708.0 1202632.2
709.0 1391541.9
710.0 1270169.9
711.0 1425951.5
712.0 1296938.9
713.0 1166754.5
714.0 930646.6
715.0 870793.6
716.0 792395.1
717.0 1124519.8
718.0 1269011.1
719.0 1156255.5
720.0 838148.5
721.0 1023818.9
722.0 1152671.0
723.0 1115923.2
724.0 1270833.6
725.0 838141.0
726.0 794623.75
727.0 1041150.0
728.0 1211719.1
729.0 1371787.2
730.0 1489067.0
731.0 1567748.6
732.0 1678326.5
733.0 960374.75
734.0 1213527.0
735.0 1100258.5
736.0 1268184.9
737.0 1210358.6
738.0 1174539.0
739.0 953905.3
740.0 995450.25
741.0 1398433.1
742.0 1244723.4
743.0 1390323.1
744.0 1381862.4
745.0 1323431.4
746.0 1536243.1
747.0 2150063.8
748.0 1653964.9
749.0 1424020.8
750.0 1416289.8
751.0 1562924.5
752.0 1262629.9
753.0 1297925.2
754.0 1600310.0
755.0 1706689.9
756.0 1551442.6
757.0 1119983.0
758.0 1560990.0
759.0 1331236.5
760.0 1039426.8
761.0 942540.56
762.0 1069239.6
763.0 865345.5
764.0 980320.9
765.0 1179084.1
766.0 1249673.5
767.0 1204279.5
768.0 1378570.0
769.0 1019260.7
770.0 1179042.8
771.0 1012067.25
772.0 1054526.8
773.0 1060096.8
774.0 971827.6
775.0 1264235.8
776.0 972395.0
777.0 967114.3
778.0 1382238.0
779.0 1347962.6
780.0 1105963.1
781.0 1197070.5
782.0 1305125.4
783.0 1253284.8
784.0 1120016.0
785.0 825647.8
786.0 1156572.8
787.0 1169375.8
788.0 1102553.4
789.0 1192115.1
790.0 1087402.1
791.0 1199375.5
792.0 1306188.0
793.0 1105439.8
794.0 1207052.8
795.0 1518462.4
796.0 1488085.1
797.0 1606294.2
798.0 1586448.0
799.0 1419880.5
800.0 1311155.2
801.0 1516946.4
802.0 1566860.5
803.0 1479257.8
804.0 1375643.9
805.0 1428040.2
806.0 1137552.6
807.0 1042268.7
808.0 1227993.2
809.0 861260.6
810.0 980218.7
811.0 1378263.2
812.0 1252476.4
813.0 1166746.1
814.0 982893.25
815.0 944310.9
816.0 979132.6
817.0 1095125.1
818.0 1204234.6
819.0 1427134.8
820.0 1357539.8
821.0 1095056.8
822.0 1269072.2
823.0 1414094.8
824.0 1568080.5
825.0 1263879.2
826.0 1141611.2
827.0 1479538.0
828.0 1465766.8
829.0 1464809.9
830.0 1456973.8
831.0 1123528.0
832.0 1172929.0
833.0 1162466.5
834.0 1319726.4
835.0 1338766.2
836.0 1060423.2
837.0 978978.5
838.0 791770.4
839.0 1268064.9
840.0 1320068.5
841.0 1081907.8
842.0 1179621.4
843.0 1285339.1
844.0 962658.5
845.0 976241.9
846.0 1025616.3
847.0 1252823.2
848.0 1176104.2
849.0 1330063.0
850.0 1530027.4
851.0 1531433.0
852.0 1520265.1
853.0 1352730.8
854.0 1475732.6
855.0 1232368.2
856.0 1379562.0
857.0 1525748.1
858.0 1378476.9
859.0 1408825.6
860.0 1512527.4
861.0 1399385.6
862.0 1241481.5
863.0 1226463.0
864.0 1001989.6
865.0 1425391.5
866.0 1539061.0
867.0 1298002.9
868.0 1313189.8
869.0 1580017.0
870.0 1506978.5
871.0 1457238.5
872.0 1532965.0
873.0 1577356.1
874.0 1516284.5
875.0 1425065.5
876.0 1472519.9
877.0 1122384.0
878.0 1086395.0
879.0 1318252.2
880.0 1567136.2
881.0 1667211.9
882.0 1382904.2
883.0 1471896.2
884.0 1352041.9
885.0 1724181.5
886.0 1565361.8
887.0 1554357.2
888.0 1723035.2
889.0 1569104.8
890.0 1643101.0
891.0 1743213.5
892.0 2125716.0
893.0 1618078.6
894.0 1435082.8
895.0 1365087.8
896.0 1405809.5
897.0 1418670.6
898.0 1620013.5
899.0 1774202.5
900.0 1963090.2
901.0 1953269.8
902.0 1609751.8
903.0 1545699.2
904.0 1873842.4
905.0 1834277.8
906.0 2339906.2
907.0 2291477.0
908.0 2145911.2
909.0 1721287.6
910.0 1552557.0
911.0 1739202.8
912.0 1582123.8
913.0 1813098.9
914.0 2256770.8
915.0 2378512.0
916.0 2229760.5
917.0 2501948.2
918.0 2120737.0
919.0 2111795.2
920.0 2229257.2
921.0 2074250.0
922.0 2233785.5
923.0 2636073.8
924.0 2818167.2
925.0 2683404.0
926.0 2691461.0
927.0 2630811.0
928.0 2152870.0
929.0 2475792.8
930.0 2575252.8
931.0 2610731.5
932.0 2584968.0
933.0 2631511.5
934.0 2848886.5
935.0 3180898.5
936.0 2965660.2
937.0 3060454.0
938.0 3123732.5
939.0 2545702.8
940.0 2419923.5
941.0 2519836.0
942.0 2286942.0
943.0 2292937.0
944.0 2154919.0
945.0 2231381.8
946.0 2758927.8
947.0 3086906.2
948.0 2619017.8
949.0 2393610.2
950.0 2575869.0
951.0 2563176.8
952.0 2845784.5
953.0 2541041.8
954.0 2519521.2
955.0 2669657.2
956.0 2959813.8
957.0 2690558.5
958.0 2941321.5
959.0 2968577.8
960.0 2898805.2
961.0 3032515.2
962.0 3187646.0
963.0 3017411.0
964.0 3112719.0
965.0 3104090.5
966.0 3192330.5
967.0 3322184.5
968.0 4171745.0
969.0 4391790.0
970.0 4347454.0
971.0 4517048.0
972.0 4598523.5
973.0 4505826.0
974.0 4725323.5
975.0 4661472.0
976.0 4468566.5
977.0 4111029.0
978.0 4228380.0
979.0 4268357.5
980.0 4694560.5
981.0 4787077.5
982.0 5424228.0
983.0 5836429.0
984.0 6825251.0
985.0 7910375.5
986.0 9046479.0
987.0 9773094.0
988.0 11314769.0
989.0 11743709.0
990.0 12052606.0
991.0 11711325.0
992.0 10328688.0
993.0 9158484.0
994.0 8779957.0
995.0 8985808.0
996.0 8984504.0
997.0 9725372.0
998.0 9722432.0
999.0 8986804.0
1000.0 8881599.0
1001.0 9479946.0
1002.0 10211851.0
1003.0 10665359.0
1004.0 10798909.0
1005.0 10690002.0
1006.0 10943672.0
1007.0 10420599.0
1008.0 10944790.0
1009.0 11532868.0
1010.0 11497650.0
1011.0 9980252.0
1012.0 9139179.0
1013.0 8753373.0
1014.0 8058457.5
1015.0 6994823.0
1016.0 6606958.0
1017.0 6473033.0
1018.0 5773133.0
1019.0 4545819.5
1020.0 4326425.0
1021.0 4343506.0
1022.0 3881727.5
1023.0 4050195.2
1024.0 3905490.0
1025.0 3782170.5
1026.0 3807042.2
1027.0 3666691.2
1028.0 4091774.0
1029.0 4838668.0
1030.0 5358596.0
1031.0 6453604.0
1032.0 7516294.0
1033.0 9134011.0
1034.0 11062259.0
1035.0 12406224.0
1036.0 13589431.0
1037.0 13956422.0
1038.0 14511105.0
1039.0 15087446.0
1040.0 13984272.0
1041.0 12440638.0
1042.0 12302842.0
1043.0 12417710.0
1044.0 12557484.0
1045.0 12955511.0
1046.0 13680766.0
1047.0 14321119.0
1048.0 13946089.0
1049.0 14387172.0
1050.0 15940665.0
1051.0 16701008.0
1052.0 16982992.0
1053.0 16261512.0
1054.0 16385168.0
1055.0 17177338.0
1056.0 19437858.0
1057.0 25141842.0
1058.0 34254220.0
1059.0 46980340.0
1060.0 63490456.0
1061.0 83475940.0
1062.0 108539950.0
1063.0 129382790.0
1064.0 137915070.0
1065.0 137963680.0
1066.0 121066140.0
1067.0 92150340.0
1068.0 62884884.0
1069.0 42707204.0
1070.0 30960396.0
1071.0 23091684.0
1072.0 18464472.0
1073.0 15866441.0
1074.0 14090619.0
1075.0 11562278.0
1076.0 8677669.0
1077.0 7585907.5
1078.0 6495269.0
1079.0 5799287.0
1080.0 5665440.5
1081.0 5297123.0
1082.0 5195446.5
1083.0 5475324.0
1084.0 5842044.5
1085.0 5477024.0
1086.0 5703822.5
1087.0 6030780.5
1088.0 7117741.0
1089.0 8008637.5
1090.0 8183919.0
1091.0 9108467.0
1092.0 8817282.0
1093.0 8341704.5
1094.0 7964989.5
1095.0 7738234.0
1096.0 7050488.0
1097.0 6806644.0
1098.0 7016788.0
1099.0 7218601.0
1100.0 8068342.0
1101.0 10105821.0
1102.0 12388359.0
1103.0 15435182.0
1104.0 21432040.0
1105.0 31152528.0
1106.0 44134036.0
1107.0 62240444.0
1108.0 82104490.0
1109.0 101473150.0
1110.0 116312440.0
1111.0 121226350.0
1112.0 113470170.0
1113.0 95198840.0
1114.0 70519220.0
1115.0 47573496.0
1116.0 31021288.0
1117.0 21088588.0
1118.0 16471488.0
1119.0 13008654.0
1120.0 10680639.0
1121.0 9089281.0
1122.0 7927587.5
1123.0 6318169.0
1124.0 4570493.0
1125.0 4054104.0
1126.0 3501628.0
1127.0 2836716.5
1128.0 2684439.8
1129.0 2621472.2
1130.0 2531761.5
1131.0 2555941.2
1132.0 2836716.5
1133.0 2744712.0
1134.0 2859856.5
1135.0 3423674.8
1136.0 4120877.8
1137.0 4145059.0
1138.0 4330702.5
1139.0 4900214.0
1140.0 4432183.5
1141.0 3293934.8
1142.0 3045192.2
1143.0 3149971.0
1144.0 2852311.2
1145.0 2584844.8
1146.0 2314847.0
1147.0 2293303.5
1148.0 2514052.0
1149.0 2307168.0
1150.0 2276734.5
1151.0 2087606.8
1152.0 1812350.2
1153.0 1795961.8
1154.0 1780708.6
1155.0 1757930.2
1156.0 2159954.0
1157.0 1931409.8
1158.0 1783747.5
1159.0 1842033.2
1160.0 2361179.8
1161.0 2596294.0
1162.0 2318124.5
1163.0 2269313.0
1164.0 2316576.0
1165.0 2706517.5
1166.0 2824537.8
1167.0 2663660.5
1168.0 2559454.5
1169.0 2399186.2
1170.0 2672827.0
1171.0 2489848.5
1172.0 2351282.8
1173.0 2512794.8
1174.0 2837743.0
1175.0 3016101.0
1176.0 2749909.0
1177.0 2971893.0
1178.0 2848340.0
1179.0 3088270.2
1180.0 3215573.5
1181.0 3238555.2
1182.0 3673637.0
1183.0 3733426.5
1184.0 3882553.5
1185.0 3856506.0
1186.0 4200130.5
1187.0 4689080.5
1188.0 4529742.5
1189.0 4709308.5
1190.0 5559213.0
1191.0 5497615.0
1192.0 5169848.5
1193.0 4829812.5
1194.0 4498613.0
1195.0 4374429.5
1196.0 4045588.8
1197.0 4090487.0
1198.0 4130049.5
1199.0 4616608.5
1200.0 4985096.0
1201.0 4121266.5
1202.0 3491771.0
1203.0 3266625.2
1204.0 3242140.2
1205.0 3160933.0
1206.0 3560497.5
1207.0 3921396.5
1208.0 4650676.0
1209.0 4740139.0
1210.0 4925943.5
1211.0 5273791.0
1212.0 5722939.5
1213.0 6669784.0
1214.0 7052932.5
1215.0 7008291.0
1216.0 7074194.5
1217.0 6773202.0
1218.0 6318463.0
1219.0 5258429.0
1220.0 4893788.0
1221.0 4924704.0
1222.0 4772875.0
1223.0 5106273.5
1224.0 5927789.5
1225.0 6067692.0
1226.0 6001227.5
1227.0 5658852.0
1228.0 5910149.5
1229.0 5945974.0
1230.0 6284992.5
1231.0 7053415.5
1232.0 7614143.0
1233.0 8138189.0
1234.0 9388806.0
1235.0 10544412.0
1236.0 12291229.0
1237.0 15200725.0
1238.0 17214858.0
1239.0 20288508.0
1240.0 23920650.0
1241.0 26753824.0
1242.0 26997780.0
1243.0 25545008.0
1244.0 22797236.0
1245.0 19445972.0
1246.0 15200356.0
1247.0 10979151.0
1248.0 8027822.0
1249.0 6952724.0
1250.0 6790142.5
1251.0 6479625.5
1252.0 6319097.5
1253.0 6351549.5
1254.0 6556177.0
1255.0 6204956.0
1256.0 6640716.0
1257.0 6987518.0
1258.0 6970932.0
1259.0 8280114.0
1260.0 9728778.0
1261.0 10351141.0
1262.0 11842711.0
1263.0 14513558.0
1264.0 17234830.0
1265.0 19082356.0
1266.0 20634802.0
1267.0 21153000.0
1268.0 19740278.0
1269.0 17331092.0
1270.0 14769974.0
1271.0 15423891.0
1272.0 17550218.0
1273.0 17729944.0
1274.0 17312592.0
1275.0 17304144.0
1276.0 16067008.0
1277.0 13625241.0
1278.0 12315318.0
1279.0 11956055.0
1280.0 12639780.0
1281.0 13160458.0
1282.0 14308828.0
1283.0 15226954.0
1284.0 15693148.0
1285.0 16268788.0
1286.0 15706138.0
1287.0 15096821.0
1288.0 14172794.0
1289.0 13270545.0
1290.0 13560805.0
1291.0 13996648.0
1292.0 13761118.0
1293.0 14462282.0
1294.0 15529100.0
1295.0 16137222.0
1296.0 16179005.0
1297.0 16702388.0
1298.0 17229122.0
1299.0 17746872.0
1300.0 17791184.0
1301.0 18656860.0
1302.0 20677868.0
1303.0 23912604.0
1304.0 25507538.0
1305.0 27587704.0
1306.0 30079584.0
1307.0 32991670.0
1308.0 34439804.0
1309.0 36736584.0
1310.0 38421176.0
1311.0 37229010.0
1312.0 35514884.0
1313.0 33765360.0
1314.0 33291636.0
1315.0 33428142.0
1316.0 33945710.0
1317.0 34882200.0
1318.0 36378656.0
1319.0 37175708.0
1320.0 38099370.0
1321.0 37813570.0
1322.0 39202320.0
1323.0 41756644.0
1324.0 43728310.0
1325.0 47807510.0
1326.0 51483630.0
1327.0 55095256.0
1328.0 57900904.0
1329.0 62435130.0
1330.0 65284684.0
1331.0 65808004.0
1332.0 69281590.0
1333.0 71158660.0
1334.0 68985690.0
1335.0 70488860.0
1336.0 72106640.0
1337.0 72542910.0
1338.0 73928856.0
1339.0 71836220.0
1340.0 68504830.0
1341.0 65252296.0
1342.0 63160650.0
1343.0 59519040.0
1344.0 55450230.0
1345.0 55679136.0
1346.0 54941770.0
1347.0 54449740.0
1348.0 53662376.0
1349.0 53005150.0
1350.0 56074760.0
1351.0 59266460.0
1352.0 60283564.0
1353.0 63829810.0
1354.0 66756836.0
1355.0 68185190.0
1356.0 68377890.0
1357.0 68106570.0
1358.0 67026836.0
1359.0 67106064.0
1360.0 68421820.0
1361.0 69918950.0
1362.0 76738780.0
1363.0 85247010.0
1364.0 95852360.0
1365.0 110254720.0
1366.0 130234470.0
1367.0 149308600.0
1368.0 166763140.0
1369.0 187697660.0
1370.0 210237520.0
1371.0 226237300.0
1372.0 237562940.0
1373.0 242999620.0
1374.0 231437730.0
1375.0 213548770.0
1376.0 189555780.0
1377.0 167396600.0
1378.0 149855200.0
1379.0 138082100.0
1380.0 130541610.0
1381.0 121944650.0
1382.0 116188630.0
1383.0 108014440.0
1384.0 101660370.0
1385.0 95091350.0
1386.0 88643410.0
1387.0 83987670.0
1388.0 76776530.0
1389.0 69936280.0
1390.0 61987060.0
1391.0 54423140.0
1392.0 47442150.0
1393.0 43026504.0
1394.0 41812436.0
1395.0 41450236.0
1396.0 43599950.0
1397.0 46399090.0
1398.0 49933910.0
1399.0 53721020.0
1400.0 58917580.0
1401.0 65646770.0
1402.0 75117610.0
1403.0 84209620.0
1404.0 93611420.0
1405.0 105210060.0
1406.0 123337390.0
1407.0 141138110.0
1408.0 158173650.0
1409.0 181176020.0
1410.0 211692030.0
1411.0 241974580.0
1412.0 269850340.0
1413.0 292705150.0
1414.0 310593150.0
1415.0 315102080.0
1416.0 297906340.0
1417.0 267557100.0
1418.0 223616770.0
1419.0 172292300.0
1420.0 125746060.0
1421.0 88137010.0
1422.0 65565250.0
1423.0 51748070.0
1424.0 43197990.0
1425.0 35992970.0
1426.0 29863802.0
1427.0 24335582.0
1428.0 20839576.0
1429.0 17613656.0
1430.0 15355932.0
1431.0 13573509.0
1432.0 12781112.0
1433.0 11422618.0
1434.0 10544901.0
1435.0 9977784.0
1436.0 9846611.0
1437.0 9944676.0
1438.0 9652372.0
1439.0 9279647.0
1440.0 10004405.0
1441.0 10371139.0
1442.0 10972955.0
1443.0 10578429.0
1444.0 9897281.0
1445.0 10190804.0
1446.0 11306769.0
1447.0 12026810.0
1448.0 12421611.0
1449.0 13346050.0
1450.0 14462552.0
1451.0 15526059.0
1452.0 16506275.0
1453.0 17324106.0
1454.0 18751416.0
1455.0 18737052.0
1456.0 19421054.0
1457.0 20546478.0
1458.0 20223912.0
1459.0 20540066.0
1460.0 21288770.0
1461.0 22623542.0
1462.0 23715684.0
1463.0 23430840.0
1464.0 21594742.0
1465.0 20714372.0
1466.0 21017184.0
1467.0 22400790.0
1468.0 23441916.0
1469.0 23616032.0
1470.0 23673622.0
1471.0 22969908.0
1472.0 22652570.0
1473.0 22229824.0
1474.0 21390744.0
1475.0 21533272.0
1476.0 22158822.0
1477.0 22094210.0
1478.0 21925700.0
1479.0 20932034.0
1480.0 19850410.0
1481.0 20833876.0
1482.0 22467798.0
1483.0 25084784.0
1484.0 29353452.0
1485.0 33254122.0
1486.0 38539350.0
1487.0 43254370.0
1488.0 46875256.0
1489.0 51315404.0
1490.0 54941780.0
1491.0 59335420.0
1492.0 62287264.0
1493.0 62923710.0
1494.0 62384640.0
1495.0 62581870.0
1496.0 61824596.0
1497.0 60254244.0
1498.0 59592604.0
1499.0 59228730.0
1500.0 56836110.0
1501.0 51114960.0
1502.0 43974476.0
1503.0 35783470.0
1504.0 30801828.0
1505.0 29736288.0
1506.0 28320856.0
1507.0 28385312.0
1508.0 29335350.0
1509.0 31316348.0
1510.0 33197784.0
1511.0 34663570.0
1512.0 36429030.0
1513.0 38794130.0
1514.0 42045280.0
1515.0 44720836.0
1516.0 48689450.0
1517.0 50655604.0
1518.0 53073884.0
1519.0 56514404.0
1520.0 61222550.0
1521.0 63783030.0
1522.0 65699760.0
1523.0 67289870.0
1524.0 69020730.0
1525.0 73350970.0
1526.0 78376390.0
1527.0 84455850.0
1528.0 89183500.0
1529.0 91127880.0
1530.0 86626450.0
1531.0 80688480.0
1532.0 71559280.0
1533.0 61800996.0
1534.0 52667264.0
1535.0 45151520.0
1536.0 37524256.0
1537.0 30977376.0
1538.0 26380078.0
1539.0 23280244.0
1540.0 22974182.0
1541.0 24410710.0
1542.0 26998496.0
1543.0 29422982.0
1544.0 32207930.0
1545.0 34547760.0
1546.0 36952132.0
1547.0 39337336.0
1548.0 43398316.0
1549.0 47737780.0
1550.0 53358110.0
1551.0 59957150.0
1552.0 64527850.0
1553.0 68080690.0
1554.0 72239870.0
1555.0 75729580.0
1556.0 82201900.0
1557.0 87779910.0
1558.0 91978410.0
1559.0 93625650.0
1560.0 89001550.0
1561.0 79123020.0
1562.0 69281420.0
1563.0 57945920.0
1564.0 47721380.0
1565.0 42961110.0
1566.0 42842824.0
1567.0 44489170.0
1568.0 46101844.0
1569.0 47585620.0
1570.0 47621050.0
1571.0 45113410.0
1572.0 43954780.0
1573.0 42427540.0
1574.0 40561044.0
1575.0 37038836.0
1576.0 30657380.0
1577.0 24396204.0
1578.0 20871740.0
1579.0 17985976.0
1580.0 16702778.0
1581.0 16430364.0
1582.0 16830398.0
1583.0 17422580.0
1584.0 17340456.0
1585.0 17579566.0
1586.0 18004110.0
1587.0 18143324.0
1588.0 17855022.0
1589.0 18021722.0
1590.0 19737348.0
1591.0 20968814.0
1592.0 20372884.0
1593.0 19383980.0
1594.0 17120832.0
1595.0 16325132.0
1596.0 16391532.0
1597.0 16303198.0
1598.0 15889412.0
1599.0 16794760.0
1600.0 16489528.0
1601.0 16092182.0
1602.0 16215144.0
1603.0 18174536.0
1604.0 19039968.0
1605.0 18988822.0
1606.0 20300152.0
1607.0 22828768.0
1608.0 25115844.0
1609.0 26415136.0
1610.0 28357630.0
1611.0 31980868.0
1612.0 35194656.0
1613.0 38467556.0
1614.0 42697884.0
1615.0 47108930.0
1616.0 48876030.0
1617.0 51077770.0
1618.0 51597016.0
1619.0 51999316.0
1620.0 53949310.0
1621.0 57879576.0
1622.0 62051696.0
1623.0 68490970.0
1624.0 75347464.0
1625.0 77958230.0
1626.0 78625830.0
1627.0 76679050.0
1628.0 73745304.0
1629.0 65087776.0
1630.0 52176484.0
1631.0 39680136.0
1632.0 28414752.0
1633.0 22945336.0
1634.0 19651340.0
1635.0 16744490.0
1636.0 14410798.0
1637.0 13747856.0
1638.0 13846412.0
1639.0 14394966.0
1640.0 13082749.0
1641.0 12910101.0
1642.0 12927941.0
1643.0 12933855.0
1644.0 13088924.0
1645.0 13465482.0
1646.0 13637028.0
1647.0 13083922.0
1648.0 13063664.0
1649.0 13398054.0
1650.0 12739096.0
1651.0 12372716.0
1652.0 12797334.0
1653.0 12295566.0
1654.0 11952660.0
1655.0 11540215.0
1656.0 11019268.0
1657.0 10848818.0
1658.0 10574856.0
1659.0 9882489.0
1660.0 9951709.0
1661.0 10119929.0
1662.0 10343489.0
1663.0 10331070.0
1664.0 10255531.0
1665.0 9771502.0
1666.0 9390207.0
1667.0 9448442.0
1668.0 9296574.0
1669.0 10009045.0
1670.0 10639650.0
1671.0 10772605.0
1672.0 11633892.0
1673.0 13012172.0
1674.0 13795574.0
1675.0 13675431.0
1676.0 14702345.0
1677.0 16131369.0
1678.0 15816805.0
1679.0 16786456.0
1680.0 17991302.0
1681.0 18316366.0
1682.0 17704578.0
1683.0 17469820.0
1684.0 16789588.0
1685.0 16193996.0
1686.0 14932934.0
1687.0 13991795.0
1688.0 13058829.0
1689.0 13872181.0
1690.0 14088831.0
1691.0 14554356.0
1692.0 15169346.0
1693.0 15795220.0
1694.0 15576504.0
1695.0 15625120.0
1696.0 16474315.0
1697.0 17584434.0
1698.0 18988670.0
1699.0 20241370.0
1700.0 21170650.0
1701.0 20563202.0
1702.0 20083814.0
1703.0 20336510.0
1704.0 20213628.0
1705.0 19294670.0
1706.0 18044694.0
1707.0 16523644.0
1708.0 16144149.0
1709.0 16538410.0
1710.0 16758771.0
1711.0 16447912.0
1712.0 15966281.0
1713.0 15866386.0
1714.0 15917714.0
1715.0 15397026.0
1716.0 13732522.0
1717.0 12345086.0
1718.0 12910870.0
1719.0 13152785.0
1720.0 11554604.0
1721.0 9392164.0
1722.0 7700528.0
1723.0 5163215.5
1724.0 3831210.0
1725.0 3346845.2
1726.0 3271922.8
1727.0 3265612.8
1728.0 3222814.8
1729.0 3354147.2
1730.0 3170472.8
1731.0 3292403.5
1732.0 3587654.5
1733.0 3708690.5
1734.0 3753085.5
1735.0 3875248.5
1736.0 3684763.8
1737.0 3775396.2
1738.0 4112702.2
1739.0 4617646.0
1740.0 4833265.5
1741.0 5218723.0
1742.0 5937536.0
1743.0 5835819.5
1744.0 5462332.0
1745.0 4633808.0
1746.0 4237613.0
1747.0 4522818.0
1748.0 4930508.0
1749.0 4371351.0
1750.0 4711363.0
1751.0 4576657.5
1752.0 4124319.8
1753.0 3671362.0
1754.0 3616945.0
1755.0 3624608.5
1756.0 3588838.8
1757.0 3877875.0
1758.0 4227687.0
1759.0 4068292.8
1760.0 4454984.0
1761.0 4826408.0
1762.0 5139586.0
1763.0 5454489.5
1764.0 5847965.5
1765.0 6374803.0
1766.0 6328690.5
1767.0 6323612.5
1768.0 6874953.0
1769.0 6828775.0
1770.0 6086942.5
1771.0 6065629.0
1772.0 6269014.5
1773.0 6901852.0
1774.0 6945998.0
1775.0 6911044.0
1776.0 6463984.0
1777.0 6451315.5
1778.0 5964204.0
1779.0 5750469.0
1780.0 5504444.5
1781.0 5069104.0
1782.0 4890184.0
1783.0 4185698.0
1784.0 4085360.2
1785.0 4547866.0
1786.0 4470776.0
1787.0 4258935.5
1788.0 4778439.5
1789.0 5017363.5
1790.0 4678342.5
1791.0 4556809.0
1792.0 5100442.0
1793.0 5088822.5
1794.0 5008049.0
1795.0 5023889.5
1796.0 5407098.0
1797.0 5756294.0
1798.0 6495153.0
1799.0 6284988.0
1800.0 6987472.5
1801.0 6867199.0
1802.0 6699667.0
1803.0 6838774.0
1804.0 7136272.0
1805.0 6617289.5
1806.0 6361457.5
1807.0 6064555.0
1808.0 5567312.5
1809.0 4945655.5
1810.0 4521338.5
1811.0 4489995.5
1812.0 4135508.8
1813.0 4058518.5
1814.0 3568304.0
1815.0 3254222.5
1816.0 2902996.2
1817.0 3270506.0
1818.0 2984038.5
1819.0 2707161.2
1820.0 2779871.5
1821.0 3600537.2
1822.0 4030342.8
1823.0 4626463.0
1824.0 4764474.5
1825.0 4681377.0
1826.0 5203736.0
1827.0 5919693.0
1828.0 6062002.5
1829.0 6138490.5
1830.0 7298861.0
1831.0 8055742.0
1832.0 8010547.0
1833.0 7370327.5
1834.0 8500661.0
1835.0 9110658.0
1836.0 8985141.0
1837.0 8387955.5
1838.0 7866879.5
1839.0 6810601.0
1840.0 6035887.5
1841.0 5875606.0
1842.0 6426386.0
1843.0 6822157.5
1844.0 7486902.0
1845.0 7974319.0
1846.0 8094138.0
1847.0 8408118.0
1848.0 9279765.0
1849.0 10240995.0
1850.0 11516480.0
1851.0 12737758.0
1852.0 13104166.0
1853.0 13134146.0
1854.0 14386224.0
1855.0 14019550.0
1856.0 12771548.0
1857.0 12894274.0
1858.0 12240969.0
1859.0 11552151.0
1860.0 10894578.0
1861.0 10357436.0
1862.0 10026897.0
1863.0 9153879.0
1864.0 8848766.0
1865.0 9045015.0
1866.0 8532861.0
1867.0 7321781.0
1868.0 6456736.0
1869.0 6086074.0
1870.0 6553219.0
1871.0 7116097.5
1872.0 6958653.0
1873.0 6842040.0
1874.0 7918880.0
1875.0 8504391.0
1876.0 9084826.0
1877.0 9820609.0
1878.0 10265117.0
1879.0 10541891.0
1880.0 11086790.0
1881.0 10818910.0
1882.0 11182969.0
1883.0 10418851.0
1884.0 8964599.0
1885.0 8514372.0
1886.0 8221412.5
1887.0 7711284.5
1888.0 6959432.5
1889.0 6364066.0
1890.0 6256098.0
1891.0 5773867.5
1892.0 5644945.0
1893.0 5576969.0
1894.0 5390402.5
1895.0 5235426.0
1896.0 5272194.0
1897.0 5705479.0
1898.0 5512077.5
1899.0 6436070.0
1900.0 7829229.0
1901.0 9261276.0
1902.0 10570376.0
1903.0 12016179.0
1904.0 13687294.0
1905.0 13916731.0
1906.0 14919046.0
1907.0 16318706.0
1908.0 17704038.0
1909.0 19065482.0
1910.0 21161556.0
1911.0 22107030.0
1912.0 23968116.0
1913.0 23606248.0
1914.0 21237442.0
1915.0 19054524.0
1916.0 15023666.0
1917.0 10547102.0
1918.0 8399666.0
1919.0 7642249.5
1920.0 6415696.0
1921.0 6304039.0
1922.0 5498643.0
1923.0 5111984.0
1924.0 5460639.5
1925.0 5713360.0
1926.0 6314015.5
1927.0 7121522.0
1928.0 8614196.0
1929.0 10243328.0
1930.0 10219564.0
1931.0 10775158.0
1932.0 11972078.0
1933.0 13262701.0
1934.0 13976914.0
1935.0 16192925.0
1936.0 17927680.0
1937.0 19653898.0
1938.0 19497576.0
1939.0 17659060.0
1940.0 16480832.0
1941.0 14331308.0
1942.0 11315729.0
1943.0 8421875.0
1944.0 5882179.0
1945.0 3945740.5
1946.0 3539463.0
1947.0 3374331.2
1948.0 2576753.2
1949.0 2258817.8
1950.0 1870871.9
1951.0 1859042.5
1952.0 1453502.4
1953.0 1337431.5
1954.0 1508912.2
1955.0 1292100.4
1956.0 1196293.2
1957.0 1315259.4
1958.0 1158080.4
1959.0 1256777.0
1960.0 1535968.1
1961.0 1294779.8
1962.0 1328432.2
1963.0 1327655.5
1964.0 1251188.8
1965.0 1176582.2
1966.0 1096743.6
1967.0 1104713.6
1968.0 1061201.5
1969.0 1164371.9
1970.0 1050405.1
1971.0 1331314.4
1972.0 1054253.9
1973.0 1043160.25
1974.0 1365692.8
1975.0 1696185.6
1976.0 1257694.9
1977.0 923820.1
1978.0 1190286.4
1979.0 1076061.2
1980.0 1269223.2
1981.0 1081890.5
1982.0 1225063.5
1983.0 1159694.9
1984.0 1408887.4
1985.0 1112495.5
1986.0 1562488.2
1987.0 1819292.0
1988.0 1592999.8
1989.0 1768851.1
1990.0 1930912.2
1991.0 1775476.1
1992.0 1607671.0
1993.0 1697500.0
1994.0 2053940.0
1995.0 1943782.4
1996.0 1697180.6
1997.0 1674596.8
1998.0 1733909.8
1999.0 1875955.6
2000.0 1739913.2
2001.0 1561937.8
2002.0 1414029.5
2003.0 2176923.8
2004.0 2131024.0
2005.0 1994235.0
2006.0 1622816.2
2007.0 1528341.4
2008.0 1683114.2
2009.0 1789378.9
2010.0 1910983.1
2011.0 808596.4
2012.0 -1079530.8
2013.0 -2793419.0
2014.0 -4407354.5
2015.0 -5862397.5
2016.0 -7383463.0
2017.0 -8923109.0
2018.0 -11133681.0
2019.0 -13103225.0
2020.0 -15092939.0
2021.0 -16701041.0
2022.0 -18482852.0
2023.0 -20292204.0
2024.0 -22040864.0
2025.0 -24143124.0
2026.0 -26271752.0
2027.0 -28424250.0
2028.0 -30100404.0
2029.0 0.0
2030.0 0.0
2031.0 0.0
2032.0 0.0
2033.0 0.0
2034.0 0.0
2035.0 0.0
2036.0 0.0
2037.0 0.0
2038.0 0.0
2039.0 0.0
2040.0 0.0
2041.0 0.0
2042.0 0.0
2043.0 0.0
2044.0 0.0
2045.0 0.0
2046.0 0.0
2047.0 0.0
