string
0.0 1251228.6
1.0 1487276.0
2.0 1453954.5
3.0 1778046.4
4.0 1890093.0
5.0 1729235.0
6.0 1676949.2
7.0 1473149.0
8.0 1878760.1
9.0 1997188.5
10.0 1663569.4
11.0 1899302.0
12.0 1684020.2
13.0 2022612.0
14.0 1600835.2
15.0 1618284.0
16.0 1988693.5
17.0 2064025.8
18.0 2039360.8
19.0 1823767.0
20.0 1744409.2
21.0 1900331.1
22.0 2268911.2
23.0 2258057.8
24.0 2320916.0
25.0 1889295.0
26.0 1765503.5
27.0 1870414.0
28.0 1915725.2
29.0 2488849.5
30.0 1849808.6
31.0 1967339.4
32.0 1667040.2
33.0 2041557.6
34.0 2405733.5
35.0 2152894.2
36.0 2307450.2
37.0 2439488.5
38.0 2556435.0
39.0 2507354.2
40.0 2241623.2
41.0 2320627.0
42.0 2710908.5
43.0 2626886.0
44.0 2341549.2
45.0 2441026.2
46.0 2380117.2
47.0 2358638.2
48.0 1824578.2
49.0 1662003.8
50.0 1342874.8
51.0 1530251.0
52.0 1686638.9
53.0 1786996.0
54.0 1505967.0
55.0 1408713.9
56.0 1719383.5
57.0 2055493.9
58.0 2282706.8
59.0 2261671.5
60.0 2449876.8
61.0 2457273.5
62.0 2746951.2
63.0 2772614.5
64.0 2737006.0
65.0 2921112.8
66.0 3054458.8
67.0 2601718.0
68.0 2348402.0
69.0 2425293.0
70.0 2372101.2
71.0 2442546.2
72.0 2561051.5
73.0 2795237.0
74.0 2910430.0
75.0 3127091.5
76.0 3274976.2
77.0 3523163.8
78.0 3726403.0
79.0 3586622.8
80.0 3669597.0
81.0 3725507.0
82.0 3689634.0
83.0 3780552.0
84.0 3612498.5
85.0 3060028.0
86.0 3360386.0
87.0 3550894.5
88.0 2801450.5
89.0 3128365.0
90.0 3854351.5
91.0 3776301.2
92.0 3839074.0
93.0 3852275.5
94.0 4037560.2
95.0 4489319.5
96.0 5232820.5
97.0 5420826.0
98.0 6643997.5
99.0 6607341.0
100.0 5794311.0
101.0 4598409.5
102.0 3061697.0
103.0 1922454.0
104.0 1559635.5
105.0 1046289.4
106.0 1068797.9
107.0 1068442.1
108.0 976391.5
109.0 1348192.5
110.0 1193777.5
111.0 1568648.0
112.0 1854617.4
113.0 1781583.6
114.0 1482455.6
115.0 1940505.1
116.0 2095073.1
117.0 2527285.8
118.0 2389655.0
119.0 2762595.0
120.0 3452254.8
121.0 3980351.2
122.0 4653947.0
123.0 5254393.0
124.0 5826060.5
125.0 5615000.0
126.0 5531164.5
127.0 5828767.0
128.0 4929425.0
129.0 4441279.5
130.0 4637337.0
131.0 5201464.0
132.0 4543235.5
133.0 3779362.0
134.0 3389790.0
135.0 2559961.5
136.0 1951909.0
137.0 1490225.6
138.0 1112041.1
139.0 835260.75
140.0 1178541.4
141.0 1119106.8
142.0 780482.56
143.0 771718.75
144.0 890822.4
145.0 1194796.8
146.0 905182.6
147.0 818274.4
148.0 796771.5
149.0 655622.44
150.0 573896.8
151.0 620425.75
152.0 724010.0
153.0 940923.06
154.0 734684.5
155.0 987658.2
156.0 2003618.5
157.0 3339827.5
158.0 4359018.0
159.0 4822887.0
160.0 5882490.5
161.0 6853415.5
162.0 6235364.0
163.0 5330976.0
164.0 4389489.5
165.0 3476552.5
166.0 2787863.5
167.0 2769756.5
168.0 3018747.2
169.0 3135513.5
170.0 3324042.2
171.0 3341869.5
172.0 3762834.0
173.0 4415847.0
174.0 3912373.8
175.0 4012637.0
176.0 4415094.5
177.0 4245598.0
178.0 5153168.0
179.0 6733648.0
180.0 8778266.0
181.0 10805989.0
182.0 11679414.0
183.0 12896326.0
184.0 11778485.0
185.0 10163508.0
186.0 8108551.0
187.0 6184136.0
188.0 5264274.0
189.0 3636176.2
190.0 2700826.0
191.0 2170645.5
192.0 2029616.5
193.0 1453245.6
194.0 1402264.4
195.0 1084612.6
196.0 1308611.6
197.0 1136872.4
198.0 1053643.2
199.0 1041213.7
200.0 976024.9
201.0 783467.5
202.0 783219.0
203.0 1117205.2
204.0 890538.44
205.0 669539.3
206.0 779267.2
207.0 697725.1
208.0 625644.3
209.0 734911.5
210.0 1093524.5
211.0 1400219.0
212.0 1630114.4
213.0 2284400.0
214.0 2549088.5
215.0 2808773.8
216.0 3170227.2
217.0 4478452.0
218.0 6351290.0
219.0 7797832.0
220.0 8309988.0
221.0 8792986.0
222.0 8377369.0
223.0 8174380.5
224.0 6979386.0
225.0 4289965.5
226.0 3189012.2
227.0 2915505.2
228.0 2788857.5
229.0 2440502.2
230.0 2158772.0
231.0 1889939.2
232.0 1198900.1
233.0 1068608.6
234.0 886881.25
235.0 787360.94
236.0 875999.94
237.0 776309.3
238.0 987320.25
239.0 885569.5
240.0 862779.25
241.0 850618.9
242.0 950705.4
243.0 1178368.2
244.0 1502293.8
245.0 1556680.1
246.0 1746950.1
247.0 1937173.1
248.0 2623378.5
249.0 3596657.0
250.0 3689081.2
251.0 4788019.5
252.0 5443812.5
253.0 5746659.0
254.0 6089122.0
255.0 5937005.5
256.0 4555099.0
257.0 3391792.0
258.0 2595619.8
259.0 2152402.0
260.0 1782130.0
261.0 1135501.0
262.0 1161612.6
263.0 1066435.4
264.0 1056623.0
265.0 848858.4
266.0 931197.9
267.0 922822.75
268.0 860019.7
269.0 763836.9
270.0 928480.3
271.0 949019.25
272.0 1062308.1
273.0 865237.8
274.0 863137.2
275.0 657414.44
276.0 969285.6
277.0 813766.5
278.0 652738.56
279.0 692735.06
280.0 611588.06
281.0 725450.94
282.0 698782.8
283.0 946751.1
284.0 1136579.0
285.0 1098337.6
286.0 932983.2
287.0 891067.2
288.0 984965.06
289.0 930918.9
290.0 983716.8
291.0 829079.5
292.0 749637.9
293.0 938149.6
294.0 861696.0
295.0 652564.06
296.0 775889.3
297.0 992833.9
298.0 987209.6
299.0 885743.9
300.0 1008640.06
301.0 1148405.4
302.0 1384548.6
303.0 1301907.9
304.0 1200157.8
305.0 1248161.0
306.0 921081.75
307.0 1093912.4
308.0 1101030.5
309.0 1038505.6
310.0 958301.0
311.0 877864.4
312.0 1370996.0
313.0 1303482.6
314.0 1439192.2
315.0 1658149.9
316.0 1793317.2
317.0 1580421.8
318.0 1549322.5
319.0 1638313.9
320.0 1718504.0
321.0 1706733.6
322.0 1358123.1
323.0 1351703.9
324.0 1457345.0
325.0 1829234.0
326.0 2009198.0
327.0 2306601.2
328.0 1909723.2
329.0 2427361.5
330.0 3202106.2
331.0 3883253.5
332.0 4816608.5
333.0 5550761.0
334.0 5669797.0
335.0 5273065.0
336.0 4363739.5
337.0 3209650.5
338.0 2240104.0
339.0 2125362.8
340.0 2123732.0
341.0 2221716.0
342.0 1898692.4
343.0 1766097.6
344.0 1575435.1
345.0 1488874.2
346.0 1258749.0
347.0 1238069.0
348.0 1126342.4
349.0 1242992.0
350.0 1127101.6
351.0 1155863.2
352.0 920850.75
353.0 1237155.4
354.0 1328719.4
355.0 1187033.6
356.0 891693.25
357.0 1093660.5
358.0 1251299.8
359.0 1346852.0
360.0 1682486.0
361.0 1869703.5
362.0 2258825.0
363.0 2663908.0
364.0 2143707.8
365.0 2086270.8
366.0 2363060.0
367.0 2836204.5
368.0 3221388.8
369.0 3079633.0
370.0 3365715.5
371.0 3148922.0
372.0 2852982.0
373.0 2248427.0
374.0 1816608.5
375.0 2027193.8
376.0 2125997.0
377.0 1568234.5
378.0 1183542.4
379.0 1508663.6
380.0 1311668.0
381.0 725460.3
382.0 1074608.2
383.0 1310814.8
384.0 1413325.8
385.0 1076954.9
386.0 1251069.8
387.0 1104005.5
388.0 1156100.1
389.0 1313199.5
390.0 1422945.0
391.0 1583800.5
392.0 1997878.6
393.0 2005153.1
394.0 1675486.5
395.0 1960030.2
396.0 2315273.5
397.0 2452651.0
398.0 2356539.0
399.0 2606473.8
400.0 2253142.0
401.0 1657909.0
402.0 1412649.9
403.0 1333067.2
404.0 1449339.5
405.0 1518172.2
406.0 1555585.0
407.0 2212885.2
408.0 2194255.2
409.0 2136419.8
410.0 1914783.5
411.0 1895876.5
412.0 1923501.8
413.0 2102537.8
414.0 2401444.5
415.0 2462332.8
416.0 2537173.8
417.0 2512253.2
418.0 2807798.8
419.0 2877437.5
420.0 2665061.0
421.0 2327063.2
422.0 2185396.0
423.0 1942947.2
424.0 1790058.1
425.0 1440343.0
426.0 1410619.8
427.0 1200534.5
428.0 1381237.5
429.0 1243350.0
430.0 1256281.8
431.0 1327099.4
432.0 1658398.1
433.0 2018887.4
434.0 1554683.2
435.0 1289096.1
436.0 1201427.6
437.0 1489250.6
438.0 1190246.1
439.0 1272586.8
440.0 1519391.4
441.0 1169365.8
442.0 995789.94
443.0 1028905.0
444.0 777645.5
445.0 867321.94
446.0 885308.4
447.0 1135556.4
448.0 1384638.0
449.0 1439809.9
450.0 1699558.1
451.0 2057161.1
452.0 1753508.6
453.0 2041826.5
454.0 2204961.2
455.0 1498956.1
456.0 1377315.2
457.0 1272122.4
458.0 1121832.8
459.0 977280.7
460.0 1135415.5
461.0 1468130.8
462.0 1536018.0
463.0 1543267.8
464.0 1560065.8
465.0 2215290.2
466.0 1837971.2
467.0 1989184.0
468.0 2006798.9
469.0 1961005.0
470.0 1705181.0
471.0 2015875.1
472.0 2198620.2
473.0 2048881.0
474.0 1839765.8
475.0 1803445.2
476.0 1575267.5
477.0 1764203.6
478.0 1689540.0
479.0 1262603.2
480.0 1222450.2
481.0 1103709.5
482.0 1195892.2
483.0 867962.25
484.0 1009895.06
485.0 1159622.0
486.0 950545.0
487.0 845480.94
488.0 1164999.2
489.0 844184.0
490.0 853715.0
491.0 983709.75
492.0 1103923.0
493.0 919067.8
494.0 664172.25
495.0 960852.0
496.0 1325367.2
497.0 1102266.1
498.0 1085326.5
499.0 1080904.6
500.0 1160120.2
501.0 1210592.0
502.0 1222795.1
503.0 1284967.6
504.0 1472132.5
505.0 1538373.2
506.0 1592726.8
507.0 1576188.5
508.0 1549972.4
509.0 1541292.6
510.0 1560312.6
511.0 1579959.9
512.0 1587855.5
513.0 1078577.0
514.0 959996.75
515.0 1173094.8
516.0 1131703.4
517.0 948550.0
518.0 983034.5
519.0 988323.7
520.0 818390.06
521.0 999759.1
522.0 844545.0
523.0 801559.4
524.0 1017573.25
525.0 830091.5
526.0 991081.1
527.0 1214594.5
528.0 1244649.1
529.0 1472711.8
530.0 1514277.0
531.0 1402347.4
532.0 1300408.6
533.0 1448566.0
534.0 1615230.2
535.0 2085927.6
536.0 2068277.2
537.0 2620369.8
538.0 2499326.8
539.0 2587633.0
540.0 2378243.0
541.0 1863760.2
542.0 1825753.8
543.0 1815004.4
544.0 1466838.9
545.0 1118881.5
546.0 1333718.6
547.0 1314907.5
548.0 1453845.0
549.0 1093464.9
550.0 1210752.2
551.0 1528719.8
552.0 1372757.0
553.0 997215.1
554.0 1091845.1
555.0 1195090.4
556.0 1324221.5
557.0 1116305.5
558.0 1260195.2
559.0 1454099.8
560.0 2016339.2
561.0 1797619.4
562.0 1232448.9
563.0 1019840.0
564.0 1314827.0
565.0 1588985.1
566.0 1306311.0
567.0 1257098.1
568.0 1146087.0
569.0 1016143.6
570.0 1067084.6
571.0 1079950.1
572.0 1168600.5
573.0 1087421.1
574.0 943172.8
575.0 955052.0
576.0 1045724.25
577.0 1051818.6
578.0 1070506.4
579.0 1065561.5
580.0 1102805.8
581.0 1012319.6
582.0 845903.0
583.0 1187701.1
584.0 1227827.1
585.0 1206670.1
586.0 1090680.0
587.0 1260684.0
588.0 1464421.2
589.0 1406489.5
590.0 1212125.8
591.0 871798.06
592.0 952816.1
593.0 916037.4
594.0 1110955.5
595.0 1066640.0
596.0 1078337.8
597.0 909485.0
598.0 868381.94
599.0 1163880.2
600.0 1141709.0
601.0 1518530.2
602.0 1066604.8
603.0 1024066.56
604.0 1037793.9
605.0 990006.1
606.0 618011.6
607.0 811137.56
608.0 863901.4
609.0 782727.44
610.0 880575.25
611.0 1092839.1
612.0 993348.9
613.0 875288.7
614.0 1137852.6
615.0 1006076.1
616.0 775419.75
617.0 968568.8
618.0 843536.4
619.0 877743.4
620.0 1108446.2
621.0 1127269.5
622.0 1115953.1
623.0 1234467.1
624.0 1276106.8
625.0 1515481.1
626.0 1257051.4
627.0 1151644.0
628.0 1134044.5
629.0 992976.5
630.0 1150451.5
631.0 1337148.9
632.0 1098699.2
633.0 1119958.4
634.0 1090911.5
635.0 880126.94
636.0 1030335.75
637.0 967404.3
638.0 691829.75
639.0 898270.06
640.0 928495.6
641.0 1120258.0
642.0 1113071.6
643.0 1135779.9
644.0 1339845.8
645.0 1221415.2
646.0 1193830.8
647.0 909865.6
648.0 1042845.0
649.0 1080697.4
650.0 1105778.0
651.0 1118916.9
652.0 1369158.1
653.0 1140486.5
654.0 986684.06
655.0 1017549.75
656.0 821338.4
657.0 760787.4
658.0 666912.25
659.0 758140.0
660.0 1028046.25
661.0 757915.5
662.0 684219.1
663.0 1045143.2
664.0 1252710.1
665.0 1188690.9
666.0 1437202.8
667.0 1502599.5
668.0 1494088.9
669.0 1401935.1
670.0 1037737.1
671.0 1110200.0
672.0 1315356.0
673.0 1277018.9
674.0 1304085.5
675.0 1111001.5
676.0 1454427.6
677.0 1706401.1
678.0 1595244.4
679.0 1323100.8
680.0 1141717.4
681.0 1233640.4
682.0 1022440.5
683.0 1074580.0
684.0 1001623.8
685.0 1455324.2
686.0 1437198.5
687.0 1546624.5
688.0 1379055.6
689.0 1400293.5
690.0 1663972.0
691.0 1773472.5
692.0 1482663.6
693.0 1346046.9
694.0 1109606.8
695.0 939994.5
696.0 689071.5
697.0 1168311.2
698.0 1116273.2
699.0 772261.25
700.0 842230.0
701.0 1021276.0
702.0 893703.9
703.0 887801.9
704.0 957254.25
705.0 984230.06
706.0 1102364.8
707.0 847617.1
708.0 1097034.4
709.0 1409967.0
710.0 1045785.7
711.0 1168174.5
712.0 1073698.6
713.0 1305672.4
714.0 1004799.75
715.0 896128.06
716.0 1129737.8
717.0 1251398.5
718.0 781671.1
719.0 644171.8
720.0 747611.3
721.0 626150.8
722.0 692099.5
723.0 1045181.1
724.0 946118.2
725.0 1063224.4
726.0 1191356.9
727.0 1296993.9
728.0 1124335.2
729.0 1161259.9
730.0 1080090.0
731.0 1189175.5
732.0 1159778.9
733.0 1107978.8
734.0 1205150.5
735.0 1249573.6
736.0 1010293.8
737.0 967641.2
738.0 1090713.6
739.0 1008889.7
740.0 1210029.8
741.0 1140436.4
742.0 933865.75
743.0 994539.06
744.0 1025826.1
745.0 825174.94
746.0 1053567.8
747.0 1186169.0
748.0 1522545.1
749.0 1415338.6
750.0 1389799.5
751.0 1354835.0
752.0 1601850.6
753.0 2052154.8
754.0 1703093.8
755.0 1140033.5
756.0 1123722.2
757.0 1245352.2
758.0 1243252.5
759.0 1107535.2
760.0 1210785.0
761.0 1073568.4
762.0 1032521.2
763.0 820407.5
764.0 741599.06
765.0 890866.1
766.0 1158748.9
767.0 886989.06
768.0 1020184.25
769.0 1111183.1
770.0 1341378.6
771.0 1000137.4
772.0 1023516.94
773.0 1153030.1
774.0 1306659.0
775.0 1096726.1
776.0 1133911.1
777.0 1109024.2
778.0 1002382.5
779.0 1191879.5
780.0 1139310.0
781.0 786411.0
782.0 774042.6
783.0 850017.25
784.0 683466.5
785.0 670776.6
786.0 688618.44
787.0 981715.25
788.0 1204995.8
789.0 1284644.1
790.0 1218278.9
791.0 1059181.1
792.0 1060553.0
793.0 974610.3
794.0 1072144.5
795.0 1081884.2
796.0 1168435.8
797.0 1247578.9
798.0 1400361.8
799.0 1480087.5
800.0 1333673.5
801.0 1355614.2
802.0 1509071.1
803.0 1377194.5
804.0 1220287.0
805.0 871990.06
806.0 980413.0
807.0 1099511.9
808.0 1093165.5
809.0 925294.9
810.0 813086.94
811.0 1123041.8
812.0 1055395.8
813.0 1289157.6
814.0 1314261.1
815.0 1315987.8
816.0 1189603.5
817.0 1291829.8
818.0 1007782.9
819.0 1323309.0
820.0 1702325.0
821.0 1514179.8
822.0 1546708.8
823.0 1526503.9
824.0 1522266.1
825.0 1476436.2
826.0 1139023.2
827.0 1445248.1
828.0 1235851.4
829.0 1120255.0
830.0 1484134.8
831.0 1634795.0
832.0 1549750.0
833.0 1466266.2
834.0 1296482.1
835.0 1084096.8
836.0 1065250.5
837.0 935869.06
838.0 1006011.25
839.0 1347328.0
840.0 1261786.5
841.0 1116039.6
842.0 1198725.9
843.0 1436847.0
844.0 1415849.8
845.0 1222826.5
846.0 1364846.5
847.0 1401276.0
848.0 1534921.5
849.0 1432878.0
850.0 1024690.56
851.0 1279254.5
852.0 1295438.6
853.0 1026028.0
854.0 1038651.56
855.0 1138238.6
856.0 1233707.9
857.0 1153171.8
858.0 1072446.4
859.0 1011373.1
860.0 1129644.2
861.0 1211412.6
862.0 1045016.2
863.0 897853.9
864.0 997634.6
865.0 1026660.94
866.0 1383282.4
867.0 1218338.0
868.0 1609511.8
869.0 1938228.1
870.0 1805996.5
871.0 1463225.2
872.0 1252306.2
873.0 1287705.9
874.0 1186401.6
875.0 1345014.4
876.0 1173629.8
877.0 1268030.6
878.0 1300351.0
879.0 1519913.8
880.0 1518368.6
881.0 1380187.4
882.0 1415467.5
883.0 1447508.1
884.0 1417635.0
885.0 1590886.4
886.0 1329273.0
887.0 1173785.2
888.0 1185600.0
889.0 1332323.6
890.0 1207084.8
891.0 1335742.2
892.0 1703276.0
893.0 1468293.1
894.0 1475814.5
895.0 1774794.8
896.0 1695081.0
897.0 1568051.5
898.0 1537212.0
899.0 1491686.9
900.0 1630875.6
901.0 1769714.8
902.0 1652111.0
903.0 1888063.8
904.0 2099955.8
905.0 1714799.2
906.0 1700963.5
907.0 1544967.5
908.0 1681398.9
909.0 1518670.6
910.0 1477593.1
911.0 1760072.2
912.0 1810280.2
913.0 1553209.4
914.0 1382291.8
915.0 1699098.6
916.0 1886082.4
917.0 1910557.5
918.0 1911326.5
919.0 2010476.9
920.0 2020121.2
921.0 1984567.4
922.0 2385948.2
923.0 2299153.8
924.0 2032203.5
925.0 1937478.6
926.0 1953021.1
927.0 1941021.5
928.0 2100550.2
929.0 2458478.2
930.0 2273986.5
931.0 2397944.8
932.0 2959706.5
933.0 2733763.8
934.0 2829796.0
935.0 2648724.5
936.0 2304596.5
937.0 2111115.8
938.0 2445489.0
939.0 2707020.0
940.0 2771277.8
941.0 2303552.2
942.0 1946352.0
943.0 2039062.5
944.0 2086477.8
945.0 2355841.5
946.0 2468335.2
947.0 2369829.8
948.0 2249523.8
949.0 2700234.5
950.0 2733403.0
951.0 2765972.2
952.0 2924263.8
953.0 2948777.8
954.0 2984711.0
955.0 2914215.5
956.0 2821428.0
957.0 2713222.5
958.0 2554304.8
959.0 2744467.0
960.0 3073046.5
961.0 2962052.8
962.0 2971929.0
963.0 2707496.0
964.0 3141185.0
965.0 3365475.5
966.0 3367020.2
967.0 3213588.5
968.0 3007244.5
969.0 2946619.5
970.0 3480660.2
971.0 3743568.5
972.0 3965486.0
973.0 4248395.5
974.0 4299794.5
975.0 4037304.0
976.0 4000417.2
977.0 4082194.5
978.0 4006690.0
979.0 4045115.5
980.0 4786464.5
981.0 4599369.5
982.0 4152535.0
983.0 4143748.5
984.0 4856014.0
985.0 5620243.0
986.0 6407339.0
987.0 7438070.5
988.0 8869924.0
989.0 9614736.0
990.0 10769539.0
991.0 10811558.0
992.0 9258320.0
993.0 9092697.0
994.0 9233239.0
995.0 8813108.0
996.0 8957414.0
997.0 8780118.0
998.0 8816026.0
999.0 8300085.0
1000.0 8221234.0
1001.0 8314812.5
1002.0 8434998.0
1003.0 8983436.0
1004.0 9436642.0
1005.0 9140933.0
1006.0 9126106.0
1007.0 9380449.0
1008.0 10131065.0
1009.0 10052401.0
1010.0 9696121.0
1011.0 8947744.0
1012.0 9385048.0
1013.0 8946904.0
1014.0 8037239.5
1015.0 7234404.5
1016.0 6403913.0
1017.0 5209792.0
1018.0 4813840.5
1019.0 4676339.0
1020.0 4100669.5
1021.0 3607003.8
1022.0 3416014.0
1023.0 3703810.5
1024.0 3682206.5
1025.0 3610679.5
1026.0 3607920.2
1027.0 3766443.5
1028.0 3354389.0
1029.0 3499425.5
1030.0 4562962.0
1031.0 5031550.0
1032.0 6290772.5
1033.0 7192452.5
1034.0 7779336.0
1035.0 8072109.5
1036.0 9147374.0
1037.0 10832580.0
1038.0 12507520.0
1039.0 13814460.0
1040.0 13741506.0
1041.0 13232839.0
1042.0 12614825.0
1043.0 11605605.0
1044.0 10982698.0
1045.0 10783406.0
1046.0 11059964.0
1047.0 11332199.0
1048.0 11818556.0
1049.0 12126238.0
1050.0 13030865.0
1051.0 13896099.0
1052.0 14402986.0
1053.0 15000199.0
1054.0 14998271.0
1055.0 15567692.0
1056.0 17674312.0
1057.0 20380478.0
1058.0 24604776.0
1059.0 31337042.0
1060.0 42357300.0
1061.0 56299160.0
1062.0 72638050.0
1063.0 88111630.0
1064.0 103711120.0
1065.0 114799540.0
1066.0 116762360.0
1067.0 107182350.0
1068.0 89340060.0
1069.0 67313980.0
1070.0 46262860.0
1071.0 31421052.0
1072.0 23374260.0
1073.0 19096188.0
1074.0 16082711.0
1075.0 13120614.0
1076.0 10945731.0
1077.0 8937501.0
1078.0 7358063.0
1079.0 6293933.0
1080.0 5947164.0
1081.0 5417668.0
1082.0 4819717.5
1083.0 4365738.5
1084.0 4546784.5
1085.0 5425391.0
1086.0 5889925.0
1087.0 5996245.5
1088.0 6197352.0
1089.0 6375585.0
1090.0 6955837.5
1091.0 7261214.0
1092.0 7149448.0
1093.0 6938297.0
1094.0 6762910.5
1095.0 6778874.5
1096.0 6478554.0
1097.0 5877230.5
1098.0 5899870.5
1099.0 6336019.5
1100.0 7134080.0
1101.0 7561517.0
1102.0 8897240.0
1103.0 11781276.0
1104.0 15525298.0
1105.0 22173360.0
1106.0 29669610.0
1107.0 40353116.0
1108.0 53516650.0
1109.0 66550120.0
1110.0 82305000.0
1111.0 94014340.0
1112.0 100152960.0
1113.0 98555720.0
1114.0 87698620.0
1115.0 69385740.0
1116.0 49274004.0
1117.0 34399704.0
1118.0 24464636.0
1119.0 17055414.0
1120.0 12762799.0
1121.0 10865009.0
1122.0 8966845.0
1123.0 7776243.0
1124.0 6825507.5
1125.0 5004042.0
1126.0 3599436.5
1127.0 3145509.0
1128.0 2851659.8
1129.0 2669077.5
1130.0 2815582.2
1131.0 2199743.0
1132.0 2214527.5
1133.0 2334558.5
1134.0 2539725.2
1135.0 2845080.2
1136.0 3313088.5
1137.0 3478404.0
1138.0 3841748.8
1139.0 4122037.2
1140.0 3937457.8
1141.0 3734002.2
1142.0 3346307.2
1143.0 2545141.2
1144.0 2465886.2
1145.0 2142615.5
1146.0 2178716.5
1147.0 2002034.5
1148.0 2183017.8
1149.0 2121558.5
1150.0 1844152.2
1151.0 1844566.0
1152.0 1881807.5
1153.0 1848217.4
1154.0 1599342.6
1155.0 1323072.0
1156.0 1093419.5
1157.0 1601353.0
1158.0 1806408.0
1159.0 2116843.8
1160.0 2353681.5
1161.0 2299128.0
1162.0 1946373.9
1163.0 1786617.4
1164.0 1881410.0
1165.0 1918460.8
1166.0 1660908.1
1167.0 1869770.0
1168.0 2514174.0
1169.0 2488609.8
1170.0 2468517.2
1171.0 2084843.0
1172.0 2145479.8
1173.0 2660853.0
1174.0 2759767.2
1175.0 2791031.5
1176.0 2756737.2
1177.0 2668418.8
1178.0 3252659.8
1179.0 2953990.0
1180.0 2960727.5
1181.0 2983957.5
1182.0 3400065.5
1183.0 3469290.2
1184.0 3198352.5
1185.0 2980003.5
1186.0 2988112.5
1187.0 3377541.5
1188.0 4416468.5
1189.0 4686854.0
1190.0 4831979.5
1191.0 4936518.5
1192.0 5128404.0
1193.0 5210399.5
1194.0 4940087.0
1195.0 4467378.5
1196.0 4219616.0
1197.0 4245834.0
1198.0 3848729.8
1199.0 4247141.0
1200.0 3722662.5
1201.0 3451189.0
1202.0 3662534.8
1203.0 3719707.8
1204.0 3344077.8
1205.0 3305480.5
1206.0 3072459.0
1207.0 3545377.8
1208.0 3552178.8
1209.0 3925877.0
1210.0 3984391.2
1211.0 4461379.5
1212.0 5358314.0
1213.0 6241040.0
1214.0 6161828.0
1215.0 6279295.5
1216.0 6754155.5
1217.0 6695529.5
1218.0 5977704.5
1219.0 4853915.5
1220.0 4636346.0
1221.0 4771509.5
1222.0 4847455.5
1223.0 4579589.5
1224.0 4431494.5
1225.0 4587051.0
1226.0 4841746.0
1227.0 5114900.5
1228.0 5580044.0
1229.0 5924189.5
1230.0 6032424.5
1231.0 6801017.5
1232.0 6778882.0
1233.0 7588781.0
1234.0 8361544.5
1235.0 9003908.0
1236.0 10413999.0
1237.0 12019739.0
1238.0 14018036.0
1239.0 17127964.0
1240.0 19809990.0
1241.0 21645520.0
1242.0 22867420.0
1243.0 22639816.0
1244.0 20986064.0
1245.0 18118298.0
1246.0 16145826.0
1247.0 12939254.0
1248.0 10284201.0
1249.0 8143489.0
1250.0 6819430.0
1251.0 6490450.0
1252.0 6179072.5
1253.0 5946905.5
1254.0 5793216.0
1255.0 5961812.0
1256.0 5971585.0
1257.0 6287657.5
1258.0 6671300.0
1259.0 7343154.5
1260.0 8014466.0
1261.0 8683083.0
1262.0 9840915.0
1263.0 12216282.0
1264.0 13921904.0
1265.0 14875718.0
1266.0 15628711.0
1267.0 17208142.0
1268.0 18222438.0
1269.0 18190964.0
1270.0 17628298.0
1271.0 16452481.0
1272.0 14893731.0
1273.0 14896596.0
1274.0 15340996.0
1275.0 15543962.0
1276.0 14624772.0
1277.0 13705399.0
1278.0 12949548.0
1279.0 11963745.0
1280.0 12077724.0
1281.0 12353060.0
1282.0 12265172.0
1283.0 13364135.0
1284.0 13451661.0
1285.0 13169389.0
1286.0 14038708.0
1287.0 14480765.0
1288.0 14472089.0
1289.0 13495634.0
1290.0 12366486.0
1291.0 12197510.0
1292.0 12326761.0
1293.0 13276729.0
1294.0 14200516.0
1295.0 13822414.0
1296.0 13894715.0
1297.0 14103368.0
1298.0 14428624.0
1299.0 15552752.0
1300.0 16011344.0
1301.0 15728549.0
1302.0 17078508.0
1303.0 18498142.0
1304.0 19473192.0
1305.0 21105810.0
1306.0 23979584.0
1307.0 27256502.0
1308.0 29056510.0
1309.0 29820678.0
1310.0 30518052.0
1311.0 31731510.0
1312.0 32120258.0
1313.0 32271524.0
1314.0 30615822.0
1315.0 28805604.0
1316.0 29223770.0
1317.0 31010632.0
1318.0 33430680.0
1319.0 34827390.0
1320.0 34518616.0
1321.0 34444510.0
1322.0 36487420.0
1323.0 37531724.0
1324.0 37607172.0
1325.0 38973530.0
1326.0 41477836.0
1327.0 44255870.0
1328.0 48518750.0
1329.0 51720310.0
1330.0 55671424.0
1331.0 59755156.0
1332.0 61458170.0
1333.0 62556216.0
1334.0 62558856.0
1335.0 62631830.0
1336.0 61519880.0
1337.0 62211196.0
1338.0 64611344.0
1339.0 66282224.0
1340.0 64158384.0
1341.0 62755660.0
1342.0 58121330.0
1343.0 54987944.0
1344.0 53289880.0
1345.0 52075250.0
1346.0 49939964.0
1347.0 49337476.0
1348.0 47947600.0
1349.0 48816596.0
1350.0 50953900.0
1351.0 52590344.0
1352.0 53957176.0
1353.0 55560556.0
1354.0 57340640.0
1355.0 58615340.0
1356.0 58963424.0
1357.0 58718340.0
1358.0 59289096.0
1359.0 59928950.0
1360.0 61648390.0
1361.0 63357496.0
1362.0 68119570.0
1363.0 75300590.0
1364.0 83521950.0
1365.0 93043040.0
1366.0 106239960.0
1367.0 122481110.0
1368.0 138621340.0
1369.0 155299940.0
1370.0 175917520.0
1371.0 189014690.0
1372.0 200479540.0
1373.0 207535860.0
1374.0 209172580.0
1375.0 200899380.0
1376.0 187720000.0
1377.0 171889420.0
1378.0 154015490.0
1379.0 138207490.0
1380.0 126136630.0
1381.0 117418800.0
1382.0 111679790.0
1383.0 105453030.0
1384.0 98348680.0
1385.0 90338870.0
1386.0 83232100.0
1387.0 77951460.0
1388.0 72320070.0
1389.0 63479120.0
1390.0 56844550.0
1391.0 52137236.0
1392.0 48409410.0
1393.0 43607340.0
1394.0 40371616.0
1395.0 38531576.0
1396.0 39018770.0
1397.0 40206940.0
1398.0 42792644.0
1399.0 44663310.0
1400.0 50214080.0
1401.0 56832190.0
1402.0 61128860.0
1403.0 67168170.0
1404.0 75884640.0
1405.0 86803650.0
1406.0 100276470.0
1407.0 114021250.0
1408.0 131773860.0
1409.0 153745550.0
1410.0 175719060.0
1411.0 193023420.0
1412.0 214437900.0
1413.0 236257470.0
1414.0 255681180.0
1415.0 268424770.0
1416.0 264189090.0
1417.0 252914370.0
1418.0 232793340.0
1419.0 200290580.0
1420.0 160192240.0
1421.0 122751500.0
1422.0 90878850.0
1423.0 68229070.0
1424.0 50805430.0
1425.0 39867084.0
1426.0 33841884.0
1427.0 29771690.0
1428.0 24688764.0
1429.0 19636232.0
1430.0 16159329.0
1431.0 14022128.0
1432.0 12163960.0
1433.0 11958421.0
1434.0 11116441.0
1435.0 10447324.0
1436.0 9440572.0
1437.0 9274850.0
1438.0 9181771.0
1439.0 8849174.0
1440.0 8411125.0
1441.0 8463064.0
1442.0 8689380.0
1443.0 8913927.0
1444.0 8823896.0
1445.0 8532908.0
1446.0 8924649.0
1447.0 9864926.0
1448.0 10958531.0
1449.0 11145136.0
1450.0 11631890.0
1451.0 11730229.0
1452.0 12002791.0
1453.0 13028648.0
1454.0 14908191.0
1455.0 16310946.0
1456.0 16284728.0
1457.0 16180620.0
1458.0 17272898.0
1459.0 19212722.0
1460.0 19855672.0
1461.0 20078922.0
1462.0 20190200.0
1463.0 19385038.0
1464.0 19450482.0
1465.0 18538298.0
1466.0 18605014.0
1467.0 19167456.0
1468.0 19301882.0
1469.0 19773488.0
1470.0 19510894.0
1471.0 20412346.0
1472.0 21410976.0
1473.0 21053112.0
1474.0 21257140.0
1475.0 19947784.0
1476.0 18161002.0
1477.0 18783222.0
1478.0 19739972.0
1479.0 18893880.0
1480.0 18629316.0
1481.0 19342642.0
1482.0 20868320.0
1483.0 22636952.0
1484.0 25940528.0
1485.0 29699796.0
1486.0 32973304.0
1487.0 34518884.0
1488.0 37632416.0
1489.0 41125676.0
1490.0 44273800.0
1491.0 46142476.0
1492.0 48986724.0
1493.0 50570336.0
1494.0 52717644.0
1495.0 53920290.0
1496.0 53556384.0
1497.0 51904480.0
1498.0 50577036.0
1499.0 50286980.0
1500.0 47335690.0
1501.0 44400104.0
1502.0 42142260.0
1503.0 37847220.0
1504.0 32619850.0
1505.0 28102582.0
1506.0 26277998.0
1507.0 25325082.0
1508.0 25590960.0
1509.0 27170180.0
1510.0 28032130.0
1511.0 30288340.0
1512.0 32742030.0
1513.0 34723530.0
1514.0 35069820.0
1515.0 36731104.0
1516.0 38598060.0
1517.0 41360784.0
1518.0 43998040.0
1519.0 48740060.0
1520.0 52778764.0
1521.0 55337444.0
1522.0 56768090.0
1523.0 59603150.0
1524.0 61715036.0
1525.0 64666136.0
1526.0 66339690.0
1527.0 68555370.0
1528.0 72101400.0
1529.0 75352430.0
1530.0 73816670.0
1531.0 72307180.0
1532.0 69482030.0
1533.0 63478070.0
1534.0 54005056.0
1535.0 45248210.0
1536.0 37688444.0
1537.0 32721084.0
1538.0 27531612.0
1539.0 23885142.0
1540.0 22744742.0
1541.0 22965582.0
1542.0 24052308.0
1543.0 25876268.0
1544.0 27738756.0
1545.0 28949540.0
1546.0 31240120.0
1547.0 33700750.0
1548.0 37375680.0
1549.0 42138856.0
1550.0 46004710.0
1551.0 50830336.0
1552.0 56929016.0
1553.0 62041784.0
1554.0 62740790.0
1555.0 63170064.0
1556.0 64694460.0
1557.0 70081976.0
1558.0 74521576.0
1559.0 77988350.0
1560.0 76920700.0
1561.0 72158300.0
1562.0 66705650.0
1563.0 59138600.0
1564.0 52331536.0
1565.0 45793570.0
1566.0 41995030.0
1567.0 40419556.0
1568.0 40115340.0
1569.0 40900690.0
1570.0 41250940.0
1571.0 42349190.0
1572.0 41159936.0
1573.0 37664036.0
1574.0 35021030.0
1575.0 31883480.0
1576.0 29297750.0
1577.0 26763096.0
1578.0 22681462.0
1579.0 19036466.0
1580.0 17818170.0
1581.0 15653759.0
1582.0 14506242.0
1583.0 14638416.0
1584.0 14615969.0
1585.0 15018539.0
1586.0 15425429.0
1587.0 15551552.0
1588.0 15856210.0
1589.0 15733702.0
1590.0 16304818.0
1591.0 16643501.0
1592.0 16857586.0
1593.0 17647016.0
1594.0 17164210.0
1595.0 16176990.0
1596.0 15519259.0
1597.0 15784136.0
1598.0 15272992.0
1599.0 14907395.0
1600.0 14307372.0
1601.0 14188188.0
1602.0 15345194.0
1603.0 16345140.0
1604.0 16780838.0
1605.0 17960096.0
1606.0 18333874.0
1607.0 19496844.0
1608.0 22313322.0
1609.0 23272324.0
1610.0 23906178.0
1611.0 25488632.0
1612.0 27476236.0
1613.0 30544648.0
1614.0 34097896.0
1615.0 37841776.0
1616.0 41865724.0
1617.0 45386360.0
1618.0 46249690.0
1619.0 47079184.0
1620.0 49173916.0
1621.0 50733950.0
1622.0 53256416.0
1623.0 58008290.0
1624.0 62350750.0
1625.0 65491684.0
1626.0 66969760.0
1627.0 69052010.0
1628.0 66708220.0
1629.0 62328750.0
1630.0 55729916.0
1631.0 46873356.0
1632.0 35946268.0
1633.0 26921922.0
1634.0 21539484.0
1635.0 18810324.0
1636.0 16112889.0
1637.0 13678171.0
1638.0 13238380.0
1639.0 12364609.0
1640.0 11855930.0
1641.0 11290600.0
1642.0 10538686.0
1643.0 10811182.0
1644.0 12204741.0
1645.0 12394510.0
1646.0 12740685.0
1647.0 13024929.0
1648.0 11869834.0
1649.0 11129861.0
1650.0 11610139.0
1651.0 11471264.0
1652.0 10462304.0
1653.0 10273440.0
1654.0 10490539.0
1655.0 10628208.0
1656.0 10199522.0
1657.0 9170033.0
1658.0 8833039.0
1659.0 8886824.0
1660.0 9071691.0
1661.0 9096654.0
1662.0 8663012.0
1663.0 8317387.0
1664.0 8562121.0
1665.0 8985298.0
1666.0 9093785.0
1667.0 9012770.0
1668.0 8842314.0
1669.0 8744104.0
1670.0 9136742.0
1671.0 9810999.0
1672.0 10532639.0
1673.0 10899948.0
1674.0 11353641.0
1675.0 12996975.0
1676.0 13144468.0
1677.0 13535686.0
1678.0 14691175.0
1679.0 14513974.0
1680.0 15575605.0
1681.0 14932934.0
1682.0 15596631.0
1683.0 15578771.0
1684.0 15235112.0
1685.0 13887986.0
1686.0 13152875.0
1687.0 12415901.0
1688.0 11645228.0
1689.0 12084975.0
1690.0 12742790.0
1691.0 13029074.0
1692.0 14377735.0
1693.0 14745281.0
1694.0 14524038.0
1695.0 14653568.0
1696.0 15019948.0
1697.0 15146086.0
1698.0 15298156.0
1699.0 16090225.0
1700.0 18010442.0
1701.0 18112658.0
1702.0 17216992.0
1703.0 16892550.0
1704.0 16324498.0
1705.0 16524928.0
1706.0 16254828.0
1707.0 15974190.0
1708.0 14720055.0
1709.0 14304111.0
1710.0 15017640.0
1711.0 13990655.0
1712.0 14257794.0
1713.0 13604098.0
1714.0 12702764.0
1715.0 12027288.0
1716.0 12025171.0
1717.0 11827722.0
1718.0 11162820.0
1719.0 11148782.0
1720.0 10093391.0
1721.0 8733171.0
1722.0 7635170.5
1723.0 5927946.0
1724.0 4783388.0
1725.0 3616343.8
1726.0 3271469.8
1727.0 3311748.8
1728.0 2891030.2
1729.0 2778237.5
1730.0 2885248.0
1731.0 3132608.0
1732.0 3255669.5
1733.0 3336997.2
1734.0 3073504.5
1735.0 3167867.2
1736.0 3537209.5
1737.0 4172893.5
1738.0 3891515.2
1739.0 3634332.2
1740.0 3681444.0
1741.0 4113056.0
1742.0 4508271.5
1743.0 5046895.5
1744.0 4994993.0
1745.0 4476650.0
1746.0 4221905.5
1747.0 4328670.5
1748.0 4300848.0
1749.0 4332857.0
1750.0 4021242.8
1751.0 3755184.5
1752.0 3747025.2
1753.0 4218534.0
1754.0 3619447.0
1755.0 3444487.2
1756.0 3197135.5
1757.0 3262698.0
1758.0 3595315.5
1759.0 3725300.2
1760.0 4142208.5
1761.0 4769740.5
1762.0 4482653.0
1763.0 4701277.5
1764.0 5312113.0
1765.0 5341133.0
1766.0 5666764.5
1767.0 6297375.0
1768.0 5812958.0
1769.0 5833827.5
1770.0 5739875.5
1771.0 5152731.0
1772.0 5716045.0
1773.0 6263177.5
1774.0 5737569.0
1775.0 5821029.0
1776.0 6109134.5
1777.0 6160233.0
1778.0 6084190.0
1779.0 5675199.5
1780.0 5448850.5
1781.0 4835925.5
1782.0 4540239.5
1783.0 4595554.5
1784.0 4519515.5
1785.0 4110614.0
1786.0 4058776.2
1787.0 3693556.2
1788.0 3585593.0
1789.0 3931431.5
1790.0 4562313.5
1791.0 4952403.0
1792.0 4531744.0
1793.0 4327434.5
1794.0 4777705.0
1795.0 4620537.0
1796.0 5283192.0
1797.0 5908447.5
1798.0 5885014.5
1799.0 5876946.0
1800.0 6312331.0
1801.0 6263842.5
1802.0 6343305.5
1803.0 6310644.0
1804.0 6519468.0
1805.0 5725380.5
1806.0 5525159.0
1807.0 4988439.5
1808.0 4366466.0
1809.0 4121128.8
1810.0 4404074.0
1811.0 3907250.5
1812.0 3490647.2
1813.0 3250093.8
1814.0 3402608.8
1815.0 3020436.2
1816.0 2729774.0
1817.0 2635322.8
1818.0 2861421.0
1819.0 3112060.2
1820.0 3376780.0
1821.0 3668994.0
1822.0 3702817.8
1823.0 4180451.5
1824.0 4866569.5
1825.0 5217750.5
1826.0 5639043.0
1827.0 5507127.0
1828.0 5372626.0
1829.0 6173534.5
1830.0 6135474.5
1831.0 6116642.0
1832.0 5981662.5
1833.0 6069984.5
1834.0 6727880.5
1835.0 7342379.0
1836.0 8263998.0
1837.0 8379998.0
1838.0 7487557.5
1839.0 6640039.5
1840.0 5934892.5
1841.0 6125390.5
1842.0 6388322.5
1843.0 6728669.0
1844.0 6626085.5
1845.0 7120597.5
1846.0 7703800.5
1847.0 8494879.0
1848.0 8647791.0
1849.0 8916439.0
1850.0 9169798.0
1851.0 9858978.0
1852.0 10427860.0
1853.0 10448641.0
1854.0 10576364.0
1855.0 10825652.0
1856.0 10618275.0
1857.0 10978989.0
1858.0 10410973.0
1859.0 9766270.0
1860.0 9015106.0
1861.0 8800425.0
1862.0 9155448.0
1863.0 9250572.0
1864.0 8702953.0
1865.0 8353189.5
1866.0 8049141.0
1867.0 7473712.5
1868.0 6554570.5
1869.0 6515243.0
1870.0 6305547.0
1871.0 6656213.0
1872.0 6653612.5
1873.0 6333847.0
1874.0 6495786.0
1875.0 6716795.0
1876.0 7224009.0
1877.0 8131195.5
1878.0 8716489.0
1879.0 8577052.0
1880.0 9384724.0
1881.0 10030141.0
1882.0 10236527.0
1883.0 9327052.0
1884.0 8310594.0
1885.0 8017697.0
1886.0 7963662.0
1887.0 7306269.5
1888.0 6716637.5
1889.0 6291985.5
1890.0 5930503.0
1891.0 5612804.0
1892.0 5457638.0
1893.0 4954132.0
1894.0 4848489.5
1895.0 5090611.5
1896.0 4800059.0
1897.0 4677362.0
1898.0 5594259.5
1899.0 6361563.0
1900.0 7922160.0
1901.0 9234798.0
1902.0 10115666.0
1903.0 10262841.0
1904.0 12684616.0
1905.0 13604514.0
1906.0 13753982.0
1907.0 14992758.0
1908.0 15891210.0
1909.0 16361716.0
1910.0 16894582.0
1911.0 17008188.0
1912.0 18459464.0
1913.0 18412108.0
1914.0 18545912.0
1915.0 17773746.0
1916.0 15766601.0
1917.0 12584700.0
1918.0 9492829.0
1919.0 7392129.0
1920.0 6461645.5
1921.0 5032442.5
1922.0 5405252.5
1923.0 5323015.5
1924.0 5755336.0
1925.0 5597312.0
1926.0 6116347.0
1927.0 6864150.0
1928.0 7649759.0
1929.0 8501059.0
1930.0 9221266.0
1931.0 10923224.0
1932.0 10568268.0
1933.0 10956691.0
1934.0 12263060.0
1935.0 14176971.0
1936.0 14636885.0
1937.0 16147961.0
1938.0 16174870.0
1939.0 15341989.0
1940.0 15355594.0
1941.0 15317676.0
1942.0 12328236.0
1943.0 9266134.0
1944.0 7295877.0
1945.0 5399474.0
1946.0 4085651.5
1947.0 3228916.2
1948.0 2851977.0
1949.0 2687683.5
1950.0 2544932.5
1951.0 2216965.2
1952.0 1594686.4
1953.0 1487240.5
1954.0 1639999.5
1955.0 1475295.1
1956.0 1390544.8
1957.0 1069966.8
1958.0 889392.5
1959.0 873831.5
1960.0 1053452.6
1961.0 951768.5
1962.0 760193.06
1963.0 669420.56
1964.0 614871.5
1965.0 683100.25
1966.0 901692.56
1967.0 718990.7
1968.0 1390614.4
1969.0 1221629.6
1970.0 981810.4
1971.0 870426.6
1972.0 960718.0
1973.0 1009609.5
1974.0 880003.1
1975.0 922677.0
1976.0 970678.75
1977.0 838922.9
1978.0 742553.44
1979.0 938584.0
1980.0 1219141.5
1981.0 1532953.2
1982.0 1269435.0
1983.0 1009214.06
1984.0 1169214.0
1985.0 1258560.4
1986.0 1198613.0
1987.0 1699136.0
1988.0 1451626.9
1989.0 1373608.6
1990.0 1503067.5
1991.0 1541941.5
1992.0 1261043.4
1993.0 1222160.5
1994.0 1721632.4
1995.0 1551533.2
1996.0 1473506.8
1997.0 1567104.5
1998.0 1540947.6
1999.0 1856612.4
2000.0 1640519.8
2001.0 1499541.1
2002.0 1647201.5
2003.0 1930486.1
2004.0 1524170.6
2005.0 1305988.9
2006.0 1689099.8
2007.0 1338040.5
2008.0 1161260.5
2009.0 1461746.1
2010.0 1467080.0
2011.0 1609726.0
2012.0 2052452.6
2013.0 1747987.8
2014.0 1415579.9
2015.0 1733993.1
2016.0 2017733.9
2017.0 2094055.2
2018.0 1733556.2
2019.0 1803241.1
2020.0 1679264.5
2021.0 1461458.2
2022.0 1654853.1
2023.0 527337.6
2024.0 -1244721.0
2025.0 -2875850.0
2026.0 -4856944.0
2027.0 -5915057.5
2028.0 -7482512.5
2029.0 -9416481.0
2030.0 -10993250.0
2031.0 -12657025.0
2032.0 -14568832.0
2033.0 -16318820.0
2034.0 -18237252.0
2035.0 -20532588.0
2036.0 -22375544.0
2037.0 -24413536.0
2038.0 -26094632.0
2039.0 -28335148.0
2040.0 -30100404.0
2041.0 0.0
2042.0 0.0
2043.0 0.0
2044.0 0.0
2045.0 0.0
2046.0 0.0
2047.0 0.0
