string
0.0 2062856.0
1.0 2171743.0
2.0 2054335.8
3.0 1988122.4
4.0 2112985.0
5.0 2473776.8
6.0 2277020.0
7.0 2167351.0
8.0 2005137.5
9.0 1943060.0
10.0 2501180.2
11.0 2661060.5
12.0 2683235.2
13.0 2285894.0
14.0 2872329.8
15.0 2470214.0
16.0 2383816.5
17.0 2609010.8
18.0 2618167.0
19.0 2491202.2
20.0 2255251.2
21.0 1755996.2
22.0 1802248.6
23.0 1719748.5
24.0 1600514.4
25.0 1963273.5
26.0 2193836.2
27.0 2184484.2
28.0 2352609.5
29.0 2107298.5
30.0 2355529.0
31.0 2325641.5
32.0 2448299.2
33.0 2490853.5
34.0 2284914.0
35.0 2623968.8
36.0 2801245.5
37.0 2719765.0
38.0 2840514.5
39.0 2354272.5
40.0 2534487.0
41.0 2886618.5
42.0 2743026.0
43.0 2539489.8
44.0 2898868.0
45.0 3227497.5
46.0 2811787.2
47.0 2412949.0
48.0 2616669.2
49.0 2396703.5
50.0 2101850.5
51.0 1582618.9
52.0 1493836.2
53.0 1804336.8
54.0 2031183.6
55.0 2001862.2
56.0 1943383.9
57.0 2099375.8
58.0 2311940.2
59.0 2430466.8
60.0 2760874.5
61.0 3007972.0
62.0 3666643.8
63.0 3910566.0
64.0 3253143.5
65.0 3312359.5
66.0 2876196.2
67.0 2945991.2
68.0 2844332.8
69.0 2484381.0
70.0 2063595.5
71.0 2644182.0
72.0 3311548.8
73.0 3537570.0
74.0 3812341.5
75.0 3773845.0
76.0 4420775.0
77.0 4759142.0
78.0 4347724.0
79.0 4377016.0
80.0 4200616.0
81.0 4634915.5
82.0 4743132.0
83.0 4029068.5
84.0 3760168.0
85.0 4265886.5
86.0 3719365.5
87.0 3653851.2
88.0 4043932.5
89.0 3517491.0
90.0 3975982.0
91.0 4205164.0
92.0 4671216.0
93.0 4710289.5
94.0 5263228.0
95.0 6241390.0
96.0 6794887.5
97.0 7089237.5
98.0 7761571.0
99.0 7676061.0
100.0 5510604.0
101.0 3988105.5
102.0 2539393.0
103.0 1874375.1
104.0 1990659.9
105.0 1782216.9
106.0 1397411.2
107.0 1571290.6
108.0 2150342.0
109.0 2096477.5
110.0 1906977.6
111.0 1833817.0
112.0 1865333.0
113.0 1837894.8
114.0 2132254.0
115.0 2149213.8
116.0 2516677.0
117.0 3053727.0
118.0 3624435.0
119.0 4425346.5
120.0 4891544.5
121.0 6029515.0
122.0 6959265.0
123.0 6276200.5
124.0 6475857.0
125.0 7076222.5
126.0 6951695.5
127.0 6549289.0
128.0 6621573.0
129.0 6828890.0
130.0 6950460.0
131.0 6285537.5
132.0 5054253.5
133.0 3650788.8
134.0 3194421.0
135.0 2627621.2
136.0 1886834.8
137.0 1369110.0
138.0 1265403.1
139.0 1552191.5
140.0 1360577.0
141.0 931492.25
142.0 767259.06
143.0 689502.5
144.0 1061667.0
145.0 989672.5
146.0 1342342.5
147.0 1125031.1
148.0 875432.56
149.0 883346.8
150.0 797615.7
151.0 940868.1
152.0 1084843.4
153.0 1421665.1
154.0 1735848.2
155.0 2302466.5
156.0 3186968.8
157.0 4587338.0
158.0 6260760.5
159.0 7464602.5
160.0 7034435.5
161.0 7498545.0
162.0 6406407.5
163.0 5258833.0
164.0 3979062.5
165.0 3868284.0
166.0 3906346.0
167.0 3165877.2
168.0 3080824.0
169.0 3321152.2
170.0 4082209.5
171.0 4356143.5
172.0 4204117.0
173.0 4124685.0
174.0 3771055.5
175.0 4226824.5
176.0 4860117.0
177.0 5893244.0
178.0 6600068.0
179.0 8045956.0
180.0 10102606.0
181.0 12989386.0
182.0 15340451.0
183.0 15662526.0
184.0 13786759.0
185.0 10915710.0
186.0 7392628.0
187.0 5801983.0
188.0 4147177.0
189.0 2719856.0
190.0 2053056.4
191.0 2204776.5
192.0 1748285.0
193.0 2074414.8
194.0 1855002.4
195.0 1770591.1
196.0 1552962.8
197.0 1598383.6
198.0 1633152.2
199.0 1461324.4
200.0 1087994.2
201.0 922608.6
202.0 1128244.9
203.0 1387807.4
204.0 1227008.8
205.0 1454747.2
206.0 1280724.9
207.0 1115143.9
208.0 984291.3
209.0 1181664.0
210.0 1307409.0
211.0 1410704.4
212.0 2016481.4
213.0 2727699.0
214.0 2873003.0
215.0 3536656.5
216.0 4718072.0
217.0 6675947.0
218.0 8436071.0
219.0 9552917.0
220.0 10871660.0
221.0 11954026.0
222.0 9742243.0
223.0 7393496.0
224.0 5677086.0
225.0 4095179.8
226.0 3679224.0
227.0 3168317.5
228.0 2517250.5
229.0 1760801.9
230.0 1763440.5
231.0 1568840.2
232.0 1689858.0
233.0 1582533.1
234.0 1641290.0
235.0 1664238.5
236.0 1233240.4
237.0 1205470.9
238.0 1172119.1
239.0 891989.5
240.0 964658.9
241.0 1107335.2
242.0 1564418.8
243.0 1522002.2
244.0 1530439.9
245.0 1703360.8
246.0 2517113.5
247.0 3235686.5
248.0 4286259.0
249.0 5084141.0
250.0 5792632.0
251.0 6079064.0
252.0 7672470.0
253.0 7735150.0
254.0 6657605.0
255.0 6143293.0
256.0 4599882.5
257.0 2993297.8
258.0 2395841.2
259.0 2046450.2
260.0 1778201.2
261.0 1938283.8
262.0 1697894.8
263.0 1537554.8
264.0 1443078.8
265.0 1584446.1
266.0 1293741.2
267.0 1050309.5
268.0 861627.0
269.0 951760.1
270.0 890759.44
271.0 729917.4
272.0 707467.8
273.0 845287.6
274.0 683044.3
275.0 862905.6
276.0 838256.3
277.0 924548.7
278.0 1273613.0
279.0 1361498.5
280.0 1170510.8
281.0 1287155.8
282.0 1473861.4
283.0 1439528.5
284.0 1724418.2
285.0 1494232.8
286.0 1195236.1
287.0 1244935.1
288.0 1003989.5
289.0 968816.75
290.0 939429.5
291.0 990587.0
292.0 873749.94
293.0 1235646.1
294.0 1116613.0
295.0 1041499.94
296.0 1395876.4
297.0 1332660.1
298.0 1275453.9
299.0 1349690.1
300.0 1213456.1
301.0 1419858.2
302.0 1224007.6
303.0 1484867.8
304.0 1583051.1
305.0 1470310.8
306.0 1580593.1
307.0 1567050.1
308.0 1563384.8
309.0 1461941.5
310.0 1121815.2
311.0 1546755.2
312.0 1996002.4
313.0 1684952.2
314.0 1393920.5
315.0 1474306.5
316.0 1666962.0
317.0 2353802.2
318.0 3321481.5
319.0 3244505.2
320.0 2787033.8
321.0 3451220.5
322.0 4199561.0
323.0 3570014.0
324.0 3308386.0
325.0 3259429.8
326.0 3291280.0
327.0 3307943.5
328.0 3751620.2
329.0 4290067.0
330.0 4869163.5
331.0 5821067.0
332.0 6381379.5
333.0 6845354.0
334.0 5935717.5
335.0 5508698.0
336.0 4493889.5
337.0 3394611.5
338.0 2271242.8
339.0 2084692.0
340.0 1934206.5
341.0 1986663.0
342.0 1594877.6
343.0 1169524.8
344.0 1410275.1
345.0 1328099.4
346.0 1322578.8
347.0 1110751.8
348.0 1243662.0
349.0 1296311.6
350.0 1039652.75
351.0 934530.75
352.0 1106096.0
353.0 1262339.5
354.0 1327965.1
355.0 1344013.2
356.0 1382571.8
357.0 1604849.4
358.0 1558052.6
359.0 1863636.5
360.0 2168933.8
361.0 1952275.0
362.0 2051447.6
363.0 1912928.0
364.0 2258150.8
365.0 2612979.5
366.0 3216404.5
367.0 3529668.8
368.0 4418041.0
369.0 4444555.5
370.0 4336362.5
371.0 3854863.0
372.0 2837105.0
373.0 2401496.5
374.0 2362944.5
375.0 2010217.0
376.0 1835794.5
377.0 1838151.9
378.0 1708274.2
379.0 1776188.0
380.0 1379591.4
381.0 1441128.5
382.0 1425484.8
383.0 1245715.9
384.0 1417445.8
385.0 1895499.8
386.0 1526113.6
387.0 1246979.4
388.0 1198220.1
389.0 1204705.2
390.0 1311669.9
391.0 1551649.5
392.0 1839313.1
393.0 2168277.5
394.0 2325570.5
395.0 2707593.8
396.0 2797491.2
397.0 3351947.5
398.0 3626090.0
399.0 3234091.0
400.0 2536987.8
401.0 2025189.5
402.0 1750247.5
403.0 1895348.0
404.0 1818172.5
405.0 1659984.8
406.0 1931245.2
407.0 2391164.5
408.0 2605690.5
409.0 2198103.0
410.0 2406357.0
411.0 3270524.5
412.0 3028275.5
413.0 3019194.5
414.0 2602982.2
415.0 2818133.0
416.0 3475275.2
417.0 3949938.0
418.0 3704707.0
419.0 3330141.0
420.0 3396388.0
421.0 3228295.0
422.0 2467097.8
423.0 1577198.5
424.0 1389033.2
425.0 1490269.0
426.0 1128104.2
427.0 1437747.8
428.0 1702860.5
429.0 1794272.4
430.0 1943919.8
431.0 2274418.5
432.0 2164458.0
433.0 2525668.0
434.0 2479845.5
435.0 2287387.2
436.0 2143399.8
437.0 1973456.0
438.0 2081446.2
439.0 2103252.2
440.0 1817105.2
441.0 1556880.8
442.0 1412235.1
443.0 1348906.5
444.0 1373361.1
445.0 1297948.2
446.0 2021644.4
447.0 2271878.0
448.0 1831190.5
449.0 1656988.5
450.0 1517601.1
451.0 2243249.0
452.0 2576085.8
453.0 2167171.5
454.0 1889015.5
455.0 2275806.0
456.0 1644092.0
457.0 1444533.0
458.0 1208602.8
459.0 1381376.2
460.0 1738000.8
461.0 1877258.0
462.0 1875148.1
463.0 2000645.8
464.0 2057550.8
465.0 2440731.0
466.0 2759182.5
467.0 2873598.5
468.0 2357054.2
469.0 1987400.0
470.0 1612734.5
471.0 2018080.5
472.0 2270431.0
473.0 2311466.0
474.0 2113735.0
475.0 1846337.8
476.0 1912223.2
477.0 1945149.0
478.0 1823973.9
479.0 1768531.0
480.0 1658579.4
481.0 1686251.5
482.0 1568511.8
483.0 1824464.8
484.0 1598381.5
485.0 1347995.5
486.0 1224421.4
487.0 1257419.2
488.0 1137465.6
489.0 864435.0
490.0 779699.75
491.0 1001092.0
492.0 1234188.5
493.0 1386112.2
494.0 1411292.8
495.0 1453486.9
496.0 1422895.2
497.0 1300947.0
498.0 1211124.2
499.0 1641850.6
500.0 1860003.5
501.0 2077554.9
502.0 1900257.0
503.0 2066802.2
504.0 2074674.5
505.0 2007816.8
506.0 1968108.1
507.0 1882952.4
508.0 2125062.8
509.0 2487202.8
510.0 2115439.2
511.0 1722915.5
512.0 1682805.0
513.0 2038586.1
514.0 1626901.5
515.0 1411432.0
516.0 1298971.0
517.0 1319124.8
518.0 1341853.2
519.0 1245480.1
520.0 1260698.9
521.0 1177195.1
522.0 1078249.4
523.0 1380473.5
524.0 1015081.3
525.0 1091060.9
526.0 1444283.8
527.0 1426139.8
528.0 1257140.5
529.0 1139177.6
530.0 1426766.8
531.0 1831978.0
532.0 1991196.0
533.0 1923691.0
534.0 2002097.4
535.0 2230906.5
536.0 2169158.0
537.0 2118294.8
538.0 2358031.8
539.0 2709212.0
540.0 2460188.5
541.0 2439663.8
542.0 1960004.0
543.0 2312118.2
544.0 2089699.9
545.0 1998779.2
546.0 1492477.8
547.0 1392574.4
548.0 1585894.8
549.0 1922581.8
550.0 1799619.8
551.0 1555016.4
552.0 1322214.4
553.0 1302865.4
554.0 1166021.0
555.0 1378341.9
556.0 1596435.6
557.0 1606944.4
558.0 1842469.8
559.0 1669999.5
560.0 1523219.8
561.0 1593919.2
562.0 1206922.0
563.0 1312186.8
564.0 1544165.5
565.0 1281821.2
566.0 1370268.8
567.0 1141696.6
568.0 977393.6
569.0 1271104.0
570.0 1219239.9
571.0 1255400.9
572.0 1393281.1
573.0 1296613.4
574.0 1322811.5
575.0 1414876.1
576.0 1697520.5
577.0 1806596.1
578.0 1617342.2
579.0 1462325.1
580.0 1715398.5
581.0 1671143.2
582.0 2065431.5
583.0 2002547.4
584.0 1913372.0
585.0 1508309.2
586.0 1184944.1
587.0 1352091.5
588.0 1459839.9
589.0 1758166.1
590.0 1259837.2
591.0 1382706.2
592.0 1359837.0
593.0 1306944.6
594.0 1339149.9
595.0 1445176.2
596.0 1542043.6
597.0 1386221.5
598.0 1276000.1
599.0 1262769.6
600.0 1585840.6
601.0 1156075.5
602.0 1003726.56
603.0 1053664.0
604.0 1319366.1
605.0 1223131.4
606.0 1398229.4
607.0 1460070.5
608.0 1203837.4
609.0 1174235.2
610.0 1440468.5
611.0 1548997.0
612.0 1869618.0
613.0 1724693.5
614.0 1608563.9
615.0 1616158.1
616.0 1407610.1
617.0 1027916.56
618.0 857533.8
619.0 1001816.1
620.0 1191109.2
621.0 1547043.0
622.0 1373257.2
623.0 1282616.5
624.0 1358591.8
625.0 1592201.9
626.0 1267123.9
627.0 1171204.8
628.0 1502107.6
629.0 1280141.4
630.0 1571008.6
631.0 1397550.2
632.0 1426337.5
633.0 1456711.4
634.0 1278867.0
635.0 1563986.5
636.0 1249053.4
637.0 1411040.1
638.0 1578079.8
639.0 1584576.0
640.0 1742728.1
641.0 1324101.2
642.0 1370580.5
643.0 1457545.5
644.0 1424904.9
645.0 1278691.1
646.0 1278115.8
647.0 1813896.1
648.0 1597375.8
649.0 1397427.2
650.0 1334847.2
651.0 1293947.4
652.0 1105526.8
653.0 1297714.2
654.0 1442169.9
655.0 1267267.6
656.0 1147837.5
657.0 1089342.6
658.0 1434030.6
659.0 1240326.4
660.0 1156196.5
661.0 1177739.5
662.0 1625871.5
663.0 1598109.2
664.0 1308611.4
665.0 1235153.2
666.0 1083560.1
667.0 1368849.5
668.0 1299636.1
669.0 1681576.2
670.0 1749401.0
671.0 1766984.8
672.0 1764039.4
673.0 1790826.8
674.0 1485241.4
675.0 1584998.0
676.0 1726691.4
677.0 1879785.0
678.0 1652439.2
679.0 1463177.6
680.0 1415249.4
681.0 1527790.8
682.0 1680330.8
683.0 1233783.8
684.0 1266514.1
685.0 1251598.1
686.0 1201653.5
687.0 1273106.0
688.0 1467244.4
689.0 1598251.4
690.0 1508052.8
691.0 1191693.0
692.0 1104206.8
693.0 1225636.8
694.0 1344584.2
695.0 1413972.0
696.0 1566453.9
697.0 1253774.0
698.0 1404250.6
699.0 1521538.1
700.0 1422075.0
701.0 1264944.1
702.0 1279242.6
703.0 1283053.9
704.0 1514271.0
705.0 1414316.0
706.0 1281637.6
707.0 1352784.2
708.0 1201506.5
709.0 1257315.9
710.0 1237284.2
711.0 986278.7
712.0 1046573.0
713.0 1086179.9
714.0 978997.75
715.0 1086928.0
716.0 1454218.5
717.0 1503611.9
718.0 1147982.0
719.0 1295792.9
720.0 1215461.1
721.0 1292560.0
722.0 1450311.5
723.0 1232089.4
724.0 1249353.8
725.0 1263156.9
726.0 1329643.2
727.0 1249594.4
728.0 1342789.5
729.0 1116410.0
730.0 938535.0
731.0 1122468.6
732.0 1160208.9
733.0 1384340.5
734.0 1437653.2
735.0 1376523.0
736.0 1163101.0
737.0 1152193.6
738.0 1204950.2
739.0 1184720.2
740.0 1462696.5
741.0 1133116.0
742.0 1412139.9
743.0 1945906.5
744.0 1798084.9
745.0 1587457.2
746.0 1197848.8
747.0 1731755.1
748.0 1894439.9
749.0 1873719.2
750.0 1974306.0
751.0 1732361.0
752.0 1514893.5
753.0 1456743.5
754.0 1379743.5
755.0 1629171.8
756.0 1511231.8
757.0 1436372.8
758.0 1278174.8
759.0 1314714.5
760.0 1290639.2
761.0 1188151.0
762.0 1253757.2
763.0 1319649.9
764.0 1458936.0
765.0 1611930.0
766.0 1368399.2
767.0 1754472.6
768.0 1753463.2
769.0 1542109.0
770.0 1581966.9
771.0 1396306.8
772.0 1346370.1
773.0 1314760.0
774.0 997795.6
775.0 1070980.9
776.0 1325322.4
777.0 970813.0
778.0 1167269.5
779.0 1600320.6
780.0 1337680.2
781.0 1308954.1
782.0 1268418.2
783.0 1282056.4
784.0 1381517.2
785.0 1543958.1
786.0 1623094.8
787.0 1462415.6
788.0 1491244.0
789.0 1478868.0
790.0 1374601.4
791.0 1443843.0
792.0 1489258.9
793.0 1564735.2
794.0 1600715.2
795.0 1826246.8
796.0 1626417.0
797.0 1421071.5
798.0 1488516.0
799.0 1721703.1
800.0 1645994.9
801.0 1712461.8
802.0 1669873.2
803.0 1457508.6
804.0 1673159.8
805.0 1820242.0
806.0 1661923.0
807.0 1336535.1
808.0 1335004.5
809.0 1354507.6
810.0 1531031.1
811.0 1526134.8
812.0 1510246.8
813.0 1390580.8
814.0 1330017.8
815.0 1253243.5
816.0 1423819.4
817.0 1325202.6
818.0 1497529.0
819.0 1795634.8
820.0 1567909.8
821.0 1518449.0
822.0 1713693.6
823.0 1624586.1
824.0 1779986.4
825.0 1751543.1
826.0 1920279.0
827.0 1434591.1
828.0 1352775.0
829.0 1333354.0
830.0 1483854.4
831.0 1247369.4
832.0 1146016.5
833.0 1222433.0
834.0 1151606.6
835.0 1300300.8
836.0 1100109.0
837.0 1045801.56
838.0 1241727.6
839.0 1098416.8
840.0 1215099.5
841.0 1389214.8
842.0 1461797.6
843.0 1631009.0
844.0 1447396.5
845.0 1507046.2
846.0 1178986.4
847.0 1154653.2
848.0 1466228.0
849.0 1475660.6
850.0 1491515.5
851.0 1452697.8
852.0 1404467.4
853.0 1606840.6
854.0 1508119.5
855.0 1288339.5
856.0 1348571.9
857.0 1410416.4
858.0 1590062.0
859.0 1370365.5
860.0 1439823.0
861.0 1637647.4
862.0 1596613.6
863.0 1621575.8
864.0 1580940.8
865.0 1850823.0
866.0 1450699.0
867.0 1536802.4
868.0 1937747.5
869.0 2003386.2
870.0 1693757.2
871.0 1743418.0
872.0 1536046.0
873.0 1426711.8
874.0 1642394.4
875.0 1575719.2
876.0 1658330.2
877.0 1667991.5
878.0 1670223.5
879.0 1411989.9
880.0 1596907.4
881.0 1773528.5
882.0 1782227.5
883.0 1579574.8
884.0 1653896.1
885.0 1822773.9
886.0 1810595.1
887.0 2023130.5
888.0 1783933.6
889.0 1896325.5
890.0 1954951.9
891.0 1524186.5
892.0 1408842.2
893.0 1388414.2
894.0 1567874.8
895.0 1449131.5
896.0 1688352.2
897.0 1668171.8
898.0 1736717.2
899.0 1819255.6
900.0 1523034.8
901.0 1681150.6
902.0 1855733.5
903.0 2142316.0
904.0 1997569.9
905.0 2433324.5
906.0 2394087.2
907.0 2011648.0
908.0 1714921.5
909.0 1832204.0
910.0 2168602.5
911.0 2220751.2
912.0 2382548.8
913.0 2491949.8
914.0 2263649.2
915.0 2472963.2
916.0 2367697.2
917.0 2682435.2
918.0 2559567.0
919.0 2515701.2
920.0 2367028.0
921.0 2544528.2
922.0 2724384.5
923.0 2738135.2
924.0 2470019.5
925.0 2339380.8
926.0 2305391.5
927.0 2304840.5
928.0 2412368.2
929.0 2504327.5
930.0 2696442.8
931.0 2873045.2
932.0 3142537.2
933.0 3489227.2
934.0 3214295.5
935.0 2854557.2
936.0 2786104.8
937.0 2786389.8
938.0 2949039.5
939.0 2942438.0
940.0 3264814.0
941.0 3048981.2
942.0 2826361.5
943.0 2601867.2
944.0 2368231.0
945.0 2676045.2
946.0 2853651.5
947.0 2973251.5
948.0 3313244.0
949.0 2590012.2
950.0 2613712.8
951.0 2881473.8
952.0 3086528.5
953.0 2848902.2
954.0 2963236.5
955.0 2805648.8
956.0 2787972.0
957.0 2823059.0
958.0 3380287.5
959.0 3537086.0
960.0 3523381.0
961.0 3755119.0
962.0 3777485.2
963.0 3987865.5
964.0 3897616.2
965.0 3919140.2
966.0 4069256.5
967.0 4136795.5
968.0 3759575.5
969.0 3945949.0
970.0 4447449.0
971.0 4427176.0
972.0 4389006.5
973.0 4494494.5
974.0 4083995.2
975.0 4094426.5
976.0 4752534.0
977.0 4551810.5
978.0 4340986.0
979.0 4660535.0
980.0 4843149.5
981.0 4246784.5
982.0 4932666.5
983.0 5673604.5
984.0 6283197.5
985.0 7213451.0
986.0 7976071.0
987.0 8819325.0
988.0 10502735.0
989.0 11266000.0
990.0 11225806.0
991.0 11405166.0
992.0 11183298.0
993.0 10332599.0
994.0 9049829.0
995.0 8862746.0
996.0 8770266.0
997.0 8770928.0
998.0 9250512.0
999.0 9700058.0
1000.0 9196014.0
1001.0 9113467.0
1002.0 9354927.0
1003.0 10088622.0
1004.0 11075324.0
1005.0 11533420.0
1006.0 11351080.0
1007.0 11392930.0
1008.0 11255800.0
1009.0 11022364.0
1010.0 10977429.0
1011.0 11272061.0
1012.0 10230034.0
1013.0 8901671.0
1014.0 8569178.0
1015.0 8512797.0
1016.0 7587377.5
1017.0 6139987.0
1018.0 5388678.0
1019.0 4793680.0
1020.0 4390284.5
1021.0 4353253.0
1022.0 4459730.0
1023.0 4347228.5
1024.0 4125919.5
1025.0 4340902.0
1026.0 4135652.2
1027.0 4418588.5
1028.0 4706695.0
1029.0 5158992.0
1030.0 5232481.0
1031.0 6297284.0
1032.0 7498930.0
1033.0 8927326.0
1034.0 10752189.0
1035.0 11401574.0
1036.0 12073295.0
1037.0 13539888.0
1038.0 14950200.0
1039.0 14998501.0
1040.0 15151438.0
1041.0 14380374.0
1042.0 12976330.0
1043.0 12570290.0
1044.0 12379126.0
1045.0 13041678.0
1046.0 13149472.0
1047.0 12935330.0
1048.0 13258201.0
1049.0 14136090.0
1050.0 15363255.0
1051.0 17070056.0
1052.0 18440688.0
1053.0 17838056.0
1054.0 18363406.0
1055.0 19544542.0
1056.0 21856382.0
1057.0 26797840.0
1058.0 34797444.0
1059.0 45634980.0
1060.0 62505840.0
1061.0 81749740.0
1062.0 101570870.0
1063.0 122561900.0
1064.0 137693200.0
1065.0 141688820.0
1066.0 133614590.0
1067.0 115272480.0
1068.0 87296350.0
1069.0 58842500.0
1070.0 39184364.0
1071.0 27805944.0
1072.0 20681758.0
1073.0 17191982.0
1074.0 14826579.0
1075.0 12214860.0
1076.0 9848911.0
1077.0 7830583.0
1078.0 7276921.0
1079.0 6739509.0
1080.0 5679948.0
1081.0 4637180.0
1082.0 4800969.0
1083.0 4899733.5
1084.0 5015683.0
1085.0 5310431.0
1086.0 6017875.5
1087.0 5950012.5
1088.0 6453534.5
1089.0 6992655.5
1090.0 7340224.0
1091.0 7707306.0
1092.0 7485349.5
1093.0 7947253.0
1094.0 8267638.0
1095.0 7473616.0
1096.0 6171240.5
1097.0 6655948.0
1098.0 7020702.0
1099.0 7362210.5
1100.0 8593639.0
1101.0 11106261.0
1102.0 13291986.0
1103.0 16936962.0
1104.0 23032884.0
1105.0 31948704.0
1106.0 43507260.0
1107.0 58002560.0
1108.0 75948376.0
1109.0 92260780.0
1110.0 107995740.0
1111.0 118449880.0
1112.0 118711940.0
1113.0 110967950.0
1114.0 95031210.0
1115.0 68325290.0
1116.0 42502484.0
1117.0 27151078.0
1118.0 19638788.0
1119.0 14997611.0
1120.0 12380194.0
1121.0 10320656.0
1122.0 9036871.0
1123.0 7461475.0
1124.0 5781317.0
1125.0 5003487.0
1126.0 4462763.5
1127.0 3894186.0
1128.0 3176287.0
1129.0 2965333.5
1130.0 2919172.8
1131.0 2721136.2
1132.0 2632570.0
1133.0 2903515.5
1134.0 3220252.2
1135.0 3651868.5
1136.0 3901983.5
1137.0 4225609.0
1138.0 4411938.0
1139.0 4138588.5
1140.0 4183691.5
1141.0 3916277.8
1142.0 3289839.5
1143.0 2813406.0
1144.0 2445544.5
1145.0 2373006.5
1146.0 2524865.5
1147.0 2468536.5
1148.0 2459299.2
1149.0 2448203.0
1150.0 2270706.0
1151.0 2157208.5
1152.0 2141997.2
1153.0 2025952.4
1154.0 2071912.2
1155.0 2083208.9
1156.0 2287233.5
1157.0 2165997.0
1158.0 2327063.0
1159.0 2471391.5
1160.0 2466487.2
1161.0 2430604.8
1162.0 2203987.0
1163.0 2189081.0
1164.0 2213080.8
1165.0 2474278.5
1166.0 2482229.0
1167.0 2531982.8
1168.0 2298739.5
1169.0 2377417.5
1170.0 2669644.0
1171.0 3150260.2
1172.0 3306383.8
1173.0 3154417.8
1174.0 3240782.2
1175.0 3194347.8
1176.0 3356637.0
1177.0 3467259.0
1178.0 3192790.5
1179.0 3199848.0
1180.0 3430657.0
1181.0 3367176.2
1182.0 2937859.8
1183.0 3124693.0
1184.0 3412713.5
1185.0 3787643.0
1186.0 4102670.2
1187.0 4110326.5
1188.0 4607964.0
1189.0 5659901.0
1190.0 5866994.0
1191.0 5283393.0
1192.0 4863040.5
1193.0 5093285.5
1194.0 5252738.0
1195.0 5281155.0
1196.0 4897334.5
1197.0 4316429.5
1198.0 4326151.0
1199.0 4015432.0
1200.0 4455868.5
1201.0 4806337.0
1202.0 4202336.5
1203.0 4254759.5
1204.0 4538172.5
1205.0 4433523.0
1206.0 4025879.0
1207.0 3342429.5
1208.0 3536375.5
1209.0 4390880.5
1210.0 5240739.0
1211.0 5923105.0
1212.0 6126160.5
1213.0 6168076.0
1214.0 6924684.5
1215.0 7072148.0
1216.0 7095540.0
1217.0 7370932.5
1218.0 6859677.5
1219.0 6392596.0
1220.0 5568160.0
1221.0 4705135.5
1222.0 4374089.5
1223.0 4717404.5
1224.0 5023390.5
1225.0 5329342.0
1226.0 5711368.0
1227.0 6145474.5
1228.0 6622982.0
1229.0 6775943.0
1230.0 7385769.0
1231.0 8183549.5
1232.0 8670650.0
1233.0 9161661.0
1234.0 9386729.0
1235.0 10867861.0
1236.0 12899186.0
1237.0 15304690.0
1238.0 17897484.0
1239.0 20758642.0
1240.0 23460302.0
1241.0 26147964.0
1242.0 27738740.0
1243.0 26336164.0
1244.0 23414188.0
1245.0 20497128.0
1246.0 16666565.0
1247.0 13385498.0
1248.0 10084679.0
1249.0 7401509.5
1250.0 6507789.5
1251.0 6467813.0
1252.0 6353685.5
1253.0 7046009.5
1254.0 7127560.5
1255.0 7088840.0
1256.0 6950007.0
1257.0 7246680.5
1258.0 7671765.0
1259.0 8199158.0
1260.0 9293572.0
1261.0 10924418.0
1262.0 13204952.0
1263.0 15357500.0
1264.0 16889162.0
1265.0 19195216.0
1266.0 19666566.0
1267.0 20069240.0
1268.0 20518838.0
1269.0 20161786.0
1270.0 18414708.0
1271.0 17092938.0
1272.0 16560789.0
1273.0 16355245.0
1274.0 16339520.0
1275.0 17641598.0
1276.0 17016198.0
1277.0 14729378.0
1278.0 12652834.0
1279.0 11861716.0
1280.0 12852530.0
1281.0 14220305.0
1282.0 14994734.0
1283.0 15483575.0
1284.0 16340275.0
1285.0 16344321.0
1286.0 16371222.0
1287.0 16772326.0
1288.0 15334534.0
1289.0 14169706.0
1290.0 13602119.0
1291.0 13620796.0
1292.0 14575309.0
1293.0 14666960.0
1294.0 15102141.0
1295.0 15858878.0
1296.0 15920769.0
1297.0 16052525.0
1298.0 16597470.0
1299.0 17149774.0
1300.0 17873500.0
1301.0 19128020.0
1302.0 20543114.0
1303.0 23287760.0
1304.0 25591544.0
1305.0 26855936.0
1306.0 28779110.0
1307.0 31356508.0
1308.0 34602120.0
1309.0 35836970.0
1310.0 36095930.0
1311.0 37086244.0
1312.0 36534596.0
1313.0 35760564.0
1314.0 33832828.0
1315.0 33536524.0
1316.0 34896356.0
1317.0 35739772.0
1318.0 37738684.0
1319.0 37458384.0
1320.0 37071416.0
1321.0 37045410.0
1322.0 38707624.0
1323.0 40705056.0
1324.0 43965030.0
1325.0 46626430.0
1326.0 50068084.0
1327.0 54324256.0
1328.0 57476180.0
1329.0 61815040.0
1330.0 65523104.0
1331.0 66778350.0
1332.0 66932610.0
1333.0 69198950.0
1334.0 71013370.0
1335.0 70616090.0
1336.0 71206120.0
1337.0 70980650.0
1338.0 70941750.0
1339.0 71412950.0
1340.0 72892340.0
1341.0 72007420.0
1342.0 68287580.0
1343.0 60419350.0
1344.0 55898016.0
1345.0 53703430.0
1346.0 53899820.0
1347.0 54593650.0
1348.0 55024396.0
1349.0 55734964.0
1350.0 57621620.0
1351.0 59896140.0
1352.0 59962900.0
1353.0 61639660.0
1354.0 63365104.0
1355.0 65814116.0
1356.0 66953984.0
1357.0 66863856.0
1358.0 66714160.0
1359.0 67759830.0
1360.0 69458310.0
1361.0 73074490.0
1362.0 80078610.0
1363.0 91730410.0
1364.0 104077490.0
1365.0 118860120.0
1366.0 135663760.0
1367.0 155296300.0
1368.0 178646800.0
1369.0 200511980.0
1370.0 218962140.0
1371.0 235115540.0
1372.0 245643420.0
1373.0 251133620.0
1374.0 246259970.0
1375.0 233130740.0
1376.0 212330740.0
1377.0 184250700.0
1378.0 160955820.0
1379.0 146561010.0
1380.0 137340900.0
1381.0 127360880.0
1382.0 119908630.0
1383.0 112539590.0
1384.0 105776240.0
1385.0 98758070.0
1386.0 90865820.0
1387.0 83619740.0
1388.0 77126670.0
1389.0 70850940.0
1390.0 65032856.0
1391.0 57843436.0
1392.0 51265970.0
1393.0 43985624.0
1394.0 40520988.0
1395.0 40435590.0
1396.0 42138590.0
1397.0 46983290.0
1398.0 50674036.0
1399.0 56318080.0
1400.0 61866896.0
1401.0 67375930.0
1402.0 75193830.0
1403.0 83854420.0
1404.0 96788110.0
1405.0 111469990.0
1406.0 127927630.0
1407.0 146126460.0
1408.0 167894320.0
1409.0 196610740.0
1410.0 223734620.0
1411.0 248167200.0
1412.0 274545920.0
1413.0 294440670.0
1414.0 312851400.0
1415.0 322046560.0
1416.0 312714000.0
1417.0 288619000.0
1418.0 248761300.0
1419.0 202546820.0
1420.0 156153280.0
1421.0 112246890.0
1422.0 78659940.0
1423.0 57897396.0
1424.0 45855824.0
1425.0 37397676.0
1426.0 31240918.0
1427.0 25205852.0
1428.0 21038202.0
1429.0 18464398.0
1430.0 16674854.0
1431.0 14620629.0
1432.0 13164809.0
1433.0 11950402.0
1434.0 10930035.0
1435.0 9912854.0
1436.0 9131309.0
1437.0 8816819.0
1438.0 8876388.0
1439.0 9209855.0
1440.0 10099621.0
1441.0 10522658.0
1442.0 9854347.0
1443.0 11036809.0
1444.0 10664182.0
1445.0 10098378.0
1446.0 11056329.0
1447.0 11976032.0
1448.0 12721659.0
1449.0 13042771.0
1450.0 13980945.0
1451.0 15290231.0
1452.0 16420406.0
1453.0 16917482.0
1454.0 18582412.0
1455.0 19196072.0
1456.0 19534784.0
1457.0 19945598.0
1458.0 20169782.0
1459.0 21345808.0
1460.0 22542652.0
1461.0 23260502.0
1462.0 23318238.0
1463.0 22710070.0
1464.0 22717622.0
1465.0 22702610.0
1466.0 21357378.0
1467.0 20680146.0
1468.0 21515882.0
1469.0 22934532.0
1470.0 23271144.0
1471.0 24062436.0
1472.0 24846702.0
1473.0 23197872.0
1474.0 22154780.0
1475.0 21809698.0
1476.0 21507536.0
1477.0 21409490.0
1478.0 20695198.0
1479.0 21039938.0
1480.0 21741298.0
1481.0 23906256.0
1482.0 25989476.0
1483.0 27777670.0
1484.0 29853382.0
1485.0 32785168.0
1486.0 36330330.0
1487.0 40880736.0
1488.0 45172060.0
1489.0 50877736.0
1490.0 54614144.0
1491.0 57331190.0
1492.0 59965140.0
1493.0 62156930.0
1494.0 64311570.0
1495.0 63575990.0
1496.0 61838724.0
1497.0 60450144.0
1498.0 59735064.0
1499.0 56094340.0
1500.0 51862280.0
1501.0 47970860.0
1502.0 44984264.0
1503.0 40055790.0
1504.0 34965964.0
1505.0 32334224.0
1506.0 31180162.0
1507.0 31328282.0
1508.0 31244222.0
1509.0 32048044.0
1510.0 33483560.0
1511.0 35519904.0
1512.0 37544730.0
1513.0 40869060.0
1514.0 41320456.0
1515.0 43912130.0
1516.0 46313310.0
1517.0 48712610.0
1518.0 52202300.0
1519.0 55517300.0
1520.0 59956740.0
1521.0 64793876.0
1522.0 68422360.0
1523.0 71772820.0
1524.0 76963290.0
1525.0 78596904.0
1526.0 79920216.0
1527.0 82997090.0
1528.0 83809224.0
1529.0 85318290.0
1530.0 84050630.0
1531.0 80689250.0
1532.0 73661310.0
1533.0 64055024.0
1534.0 54706980.0
1535.0 46720070.0
1536.0 39653520.0
1537.0 32200038.0
1538.0 28127056.0
1539.0 25065970.0
1540.0 24614318.0
1541.0 25721600.0
1542.0 27405616.0
1543.0 30430524.0
1544.0 32908058.0
1545.0 35783630.0
1546.0 39634664.0
1547.0 42390440.0
1548.0 45567084.0
1549.0 51103090.0
1550.0 58830030.0
1551.0 66737756.0
1552.0 70146370.0
1553.0 70900550.0
1554.0 72740760.0
1555.0 74543500.0
1556.0 77195510.0
1557.0 82505940.0
1558.0 88419870.0
1559.0 90756850.0
1560.0 88113280.0
1561.0 83141220.0
1562.0 74767320.0
1563.0 63732956.0
1564.0 53679836.0
1565.0 48523656.0
1566.0 45915624.0
1567.0 45060816.0
1568.0 46687176.0
1569.0 47856296.0
1570.0 46899004.0
1571.0 46794500.0
1572.0 44566510.0
1573.0 41104760.0
1574.0 38078056.0
1575.0 34382404.0
1576.0 31836600.0
1577.0 28611844.0
1578.0 24059090.0
1579.0 19678928.0
1580.0 17814734.0
1581.0 16561251.0
1582.0 16271291.0
1583.0 16298262.0
1584.0 17250272.0
1585.0 17525816.0
1586.0 18550780.0
1587.0 18692478.0
1588.0 19569532.0
1589.0 19837954.0
1590.0 20132764.0
1591.0 20026232.0
1592.0 19479608.0
1593.0 19294572.0
1594.0 18345928.0
1595.0 18187016.0
1596.0 18486312.0
1597.0 18062362.0
1598.0 16978976.0
1599.0 17201522.0
1600.0 18206592.0
1601.0 18226912.0
1602.0 19429132.0
1603.0 20016908.0
1604.0 21413020.0
1605.0 22137700.0
1606.0 23495776.0
1607.0 24995752.0
1608.0 25437900.0
1609.0 26485028.0
1610.0 29851064.0
1611.0 33516388.0
1612.0 36213590.0
1613.0 39629624.0
1614.0 43703590.0
1615.0 46582916.0
1616.0 48616330.0
1617.0 52802330.0
1618.0 56585400.0
1619.0 58448650.0
1620.0 61855280.0
1621.0 63442110.0
1622.0 66075464.0
1623.0 70885030.0
1624.0 74190860.0
1625.0 77970500.0
1626.0 78603010.0
1627.0 78885380.0
1628.0 75234220.0
1629.0 69358550.0
1630.0 58552720.0
1631.0 45481990.0
1632.0 34522564.0
1633.0 27502524.0
1634.0 22253320.0
1635.0 18957004.0
1636.0 16098754.0
1637.0 14769466.0
1638.0 13062336.0
1639.0 13052161.0
1640.0 12251132.0
1641.0 11538739.0
1642.0 12370371.0
1643.0 12596680.0
1644.0 13227680.0
1645.0 13271216.0
1646.0 13183170.0
1647.0 13749254.0
1648.0 13285532.0
1649.0 13972612.0
1650.0 14109656.0
1651.0 13614460.0
1652.0 13131774.0
1653.0 12688138.0
1654.0 12022542.0
1655.0 11352615.0
1656.0 10747455.0
1657.0 10951636.0
1658.0 10943525.0
1659.0 10153719.0
1660.0 10257424.0
1661.0 10509642.0
1662.0 10391367.0
1663.0 10684301.0
1664.0 11193238.0
1665.0 10697568.0
1666.0 9669500.0
1667.0 9290174.0
1668.0 10039966.0
1669.0 11049248.0
1670.0 10983539.0
1671.0 11038198.0
1672.0 11782701.0
1673.0 13113578.0
1674.0 13167132.0
1675.0 13390519.0
1676.0 14655611.0
1677.0 15164990.0
1678.0 15602865.0
1679.0 15780666.0
1680.0 16444860.0
1681.0 16847620.0
1682.0 17313178.0
1683.0 17176842.0
1684.0 16216909.0
1685.0 15696465.0
1686.0 15319439.0
1687.0 15090882.0
1688.0 14249316.0
1689.0 14864324.0
1690.0 14930734.0
1691.0 15522768.0
1692.0 15943076.0
1693.0 16469775.0
1694.0 16870256.0
1695.0 16727096.0
1696.0 17767772.0
1697.0 18531148.0
1698.0 18588156.0
1699.0 19826754.0
1700.0 20985840.0
1701.0 22695628.0
1702.0 22338212.0
1703.0 22434488.0
1704.0 21403878.0
1705.0 19113188.0
1706.0 18162818.0
1707.0 17946218.0
1708.0 17756148.0
1709.0 17116868.0
1710.0 15267884.0
1711.0 15855694.0
1712.0 16074668.0
1713.0 16068538.0
1714.0 15491406.0
1715.0 15076929.0
1716.0 14172346.0
1717.0 12762475.0
1718.0 11857304.0
1719.0 11640122.0
1720.0 11783856.0
1721.0 10515178.0
1722.0 8048622.5
1723.0 5905987.5
1724.0 4380624.5
1725.0 3647621.0
1726.0 3482179.0
1727.0 3122939.8
1728.0 3535845.5
1729.0 3721105.5
1730.0 3485207.0
1731.0 3345230.0
1732.0 3320547.8
1733.0 3477073.8
1734.0 3664545.2
1735.0 3724789.5
1736.0 4343144.0
1737.0 4792964.5
1738.0 4705891.5
1739.0 4403914.0
1740.0 4411476.0
1741.0 4774471.5
1742.0 4810065.5
1743.0 5143723.0
1744.0 4929370.5
1745.0 4343517.0
1746.0 4665250.5
1747.0 4989157.0
1748.0 5160907.0
1749.0 4814003.5
1750.0 4640814.5
1751.0 4857326.0
1752.0 4807003.0
1753.0 4388366.0
1754.0 4629948.0
1755.0 4489028.0
1756.0 3994538.8
1757.0 3760654.5
1758.0 4287478.0
1759.0 4061026.0
1760.0 4451580.5
1761.0 5069652.5
1762.0 5319285.0
1763.0 5881455.5
1764.0 6222997.0
1765.0 6288150.5
1766.0 6763987.0
1767.0 6832279.5
1768.0 6863125.0
1769.0 6671156.0
1770.0 6073789.0
1771.0 5733977.0
1772.0 5824867.5
1773.0 6058018.0
1774.0 6415909.0
1775.0 6937672.5
1776.0 6543942.5
1777.0 6149820.5
1778.0 6119950.5
1779.0 6764833.0
1780.0 6622595.0
1781.0 5773660.0
1782.0 5496464.5
1783.0 4883916.0
1784.0 4402886.0
1785.0 4103266.2
1786.0 3831525.5
1787.0 4211632.5
1788.0 4970963.5
1789.0 5235524.0
1790.0 5169442.0
1791.0 5163114.0
1792.0 5265066.0
1793.0 5615600.0
1794.0 5525735.5
1795.0 5484592.0
1796.0 5958318.0
1797.0 6248182.0
1798.0 6672004.5
1799.0 6900761.0
1800.0 6793152.0
1801.0 7161317.0
1802.0 7480089.0
1803.0 7489499.0
1804.0 7618227.5
1805.0 7624167.5
1806.0 6949249.0
1807.0 5768717.5
1808.0 5162557.5
1809.0 5306112.0
1810.0 4520261.0
1811.0 4646919.0
1812.0 4630243.0
1813.0 3957797.0
1814.0 3294237.0
1815.0 3371252.8
1816.0 3529133.5
1817.0 3366771.5
1818.0 3443222.8
1819.0 3719350.5
1820.0 3997942.8
1821.0 4415548.0
1822.0 4761024.0
1823.0 5681337.5
1824.0 5954993.0
1825.0 5811864.0
1826.0 5979699.5
1827.0 6689117.5
1828.0 6574104.0
1829.0 6403204.5
1830.0 6954621.0
1831.0 7654850.5
1832.0 8082964.5
1833.0 8540115.0
1834.0 8796497.0
1835.0 9313541.0
1836.0 8752008.0
1837.0 8773966.0
1838.0 8202744.0
1839.0 7902380.5
1840.0 7579267.0
1841.0 6552804.5
1842.0 6639909.0
1843.0 6966607.5
1844.0 7661078.0
1845.0 8153010.5
1846.0 8947511.0
1847.0 9861342.0
1848.0 9941009.0
1849.0 10794245.0
1850.0 11025046.0
1851.0 11671541.0
1852.0 11884014.0
1853.0 12475984.0
1854.0 13331145.0
1855.0 13138351.0
1856.0 12413584.0
1857.0 12003524.0
1858.0 11400708.0
1859.0 10811176.0
1860.0 10969058.0
1861.0 10202836.0
1862.0 9618602.0
1863.0 9298793.0
1864.0 8832319.0
1865.0 8155941.0
1866.0 7838682.5
1867.0 7809450.0
1868.0 7558142.0
1869.0 7562170.0
1870.0 6768522.5
1871.0 6740642.5
1872.0 7268477.0
1873.0 7546069.5
1874.0 8288128.0
1875.0 9576606.0
1876.0 9862374.0
1877.0 9907591.0
1878.0 9776154.0
1879.0 10339475.0
1880.0 10022270.0
1881.0 9181026.0
1882.0 9368482.0
1883.0 9956383.0
1884.0 10299707.0
1885.0 9632299.0
1886.0 8889819.0
1887.0 7791305.5
1888.0 7711461.0
1889.0 7212524.5
1890.0 5940375.0
1891.0 5002350.5
1892.0 5157824.5
1893.0 5249139.0
1894.0 5432942.0
1895.0 5633290.0
1896.0 6621874.5
1897.0 6723590.5
1898.0 6557584.0
1899.0 7644912.0
1900.0 9232475.0
1901.0 10191495.0
1902.0 11707309.0
1903.0 12828414.0
1904.0 13489530.0
1905.0 14872795.0
1906.0 17455636.0
1907.0 17439568.0
1908.0 18870052.0
1909.0 20385172.0
1910.0 22173960.0
1911.0 21797560.0
1912.0 22425328.0
1913.0 22054152.0
1914.0 20606364.0
1915.0 19147532.0
1916.0 16192456.0
1917.0 11962389.0
1918.0 8936140.0
1919.0 7304350.0
1920.0 6159017.0
1921.0 5338922.5
1922.0 4662299.0
1923.0 5509705.5
1924.0 6863229.0
1925.0 7476245.5
1926.0 7782465.5
1927.0 8971528.0
1928.0 9705175.0
1929.0 11242248.0
1930.0 11091674.0
1931.0 11729769.0
1932.0 13744225.0
1933.0 14404608.0
1934.0 16240195.0
1935.0 17855524.0
1936.0 17503618.0
1937.0 17819382.0
1938.0 18782868.0
1939.0 16847102.0
1940.0 15973495.0
1941.0 14937251.0
1942.0 12719526.0
1943.0 9285597.0
1944.0 6849283.0
1945.0 5116860.5
1946.0 3746906.2
1947.0 3299357.0
1948.0 2522941.5
1949.0 2310672.8
1950.0 2142954.8
1951.0 1934086.1
1952.0 1632500.1
1953.0 1830608.9
1954.0 1799993.9
1955.0 1459215.0
1956.0 1412989.5
1957.0 1439701.1
1958.0 1746590.8
1959.0 1779553.9
1960.0 1606547.6
1961.0 1303072.4
1962.0 1388991.5
1963.0 1359482.0
1964.0 1411811.0
1965.0 1581901.9
1966.0 1267940.2
1967.0 1449974.4
1968.0 1528320.0
1969.0 1514680.0
1970.0 1379547.4
1971.0 1406488.8
1972.0 1342189.9
1973.0 1186063.2
1974.0 1173807.0
1975.0 1473148.8
1976.0 1600932.2
1977.0 1670502.6
1978.0 1601333.5
1979.0 1702971.5
1980.0 1803492.6
1981.0 1394076.0
1982.0 1361534.4
1983.0 1414234.0
1984.0 1375291.4
1985.0 1532482.5
1986.0 1799845.2
1987.0 1579186.2
1988.0 1831578.2
1989.0 1995228.5
1990.0 1922681.5
1991.0 1884892.5
1992.0 1512890.2
1993.0 1834101.8
1994.0 1631733.2
1995.0 1965367.0
1996.0 2012563.6
1997.0 1955308.9
1998.0 1870433.0
1999.0 1714779.0
2000.0 1961521.1
2001.0 1852001.9
2002.0 1905246.1
2003.0 1815331.0
2004.0 1886460.6
2005.0 2087920.0
2006.0 2043373.0
2007.0 2117711.2
2008.0 2141456.5
2009.0 1933369.4
2010.0 2247756.0
2011.0 2453872.2
2012.0 2409657.2
2013.0 2284829.8
2014.0 2479763.0
2015.0 2297394.2
2016.0 2436625.2
2017.0 2517675.5
2018.0 2213881.0
2019.0 2078994.9
2020.0 2181269.5
2021.0 2094603.1
2022.0 1020846.56
2023.0 -882660.9
2024.0 -2238938.2
2025.0 -3887065.2
2026.0 -5494178.0
2027.0 -6786914.0
2028.0 -8603588.0
2029.0 -10792189.0
2030.0 -12476085.0
2031.0 -14183105.0
2032.0 -15984700.0
2033.0 -17894830.0
2034.0 -20183136.0
2035.0 -22399736.0
2036.0 -24234904.0
2037.0 -25879256.0
2038.0 -28250230.0
2039.0 -30100404.0
2040.0 0.0
2041.0 0.0
2042.0 0.0
2043.0 0.0
2044.0 0.0
2045.0 0.0
2046.0 0.0
2047.0 0.0
