string
0.0 1919206.0
1.0 1866704.5
2.0 2104826.5
3.0 2163692.0
4.0 2260836.0
5.0 2589195.8
6.0 2639609.8
7.0 2549468.8
8.0 2113267.2
9.0 1448388.5
10.0 1792262.4
11.0 2408109.8
12.0 2514265.2
13.0 2312284.8
14.0 2170084.8
15.0 2066073.8
16.0 2012405.1
17.0 2374671.0
18.0 2537837.2
19.0 2537391.8
20.0 2269680.5
21.0 2575590.0
22.0 2660969.0
23.0 2421106.5
24.0 2118535.5
25.0 2227154.8
26.0 2099583.8
27.0 1969566.0
28.0 2197879.0
29.0 1936508.9
30.0 2107359.0
31.0 2105890.0
32.0 1845597.4
33.0 1874034.4
34.0 2171754.0
35.0 2601100.2
36.0 2763727.0
37.0 2734445.0
38.0 2856883.8
39.0 2636392.0
40.0 2818477.2
41.0 3033867.8
42.0 2965086.0
43.0 2708809.0
44.0 2949496.2
45.0 2872547.5
46.0 2837508.5
47.0 2262639.5
48.0 1932504.4
49.0 1697974.8
50.0 1693220.2
51.0 1559658.9
52.0 1673346.2
53.0 1675197.4
54.0 2194205.2
55.0 2134342.5
56.0 2463663.2
57.0 3129285.5
58.0 2794277.5
59.0 3251486.0
60.0 3629713.0
61.0 3663322.5
62.0 3456994.5
63.0 3250346.0
64.0 3948334.8
65.0 3939929.5
66.0 3028327.5
67.0 2789482.0
68.0 2530672.8
69.0 2459320.5
70.0 2322067.2
71.0 2799230.5
72.0 3381397.5
73.0 3104680.0
74.0 3490132.2
75.0 4185765.0
76.0 4226185.5
77.0 4080022.0
78.0 3943482.8
79.0 4449475.0
80.0 4651377.5
81.0 4967342.5
82.0 5183294.0
83.0 4723328.0
84.0 4438717.5
85.0 3817717.2
86.0 4137246.2
87.0 4120690.0
88.0 3771373.8
89.0 4325730.5
90.0 4720361.0
91.0 3930774.0
92.0 3633055.5
93.0 4005199.8
94.0 4973677.5
95.0 6663600.5
96.0 7403988.0
97.0 7840527.5
98.0 7029790.5
99.0 6420939.5
100.0 5790864.0
101.0 4059706.2
102.0 2499664.2
103.0 2077225.5
104.0 1807919.2
105.0 1639347.2
106.0 1284791.5
107.0 1465070.2
108.0 1879572.2
109.0 1944547.5
110.0 1793518.0
111.0 1548737.0
112.0 1559543.6
113.0 1662434.8
114.0 2189944.0
115.0 2226663.0
116.0 2564955.8
117.0 2880227.5
118.0 3685935.5
119.0 4535586.5
120.0 5494288.0
121.0 5568355.0
122.0 5996493.0
123.0 6442320.5
124.0 7054347.0
125.0 7039911.0
126.0 7458544.0
127.0 6634020.5
128.0 5818362.5
129.0 6180890.5
130.0 6159382.0
131.0 5959837.5
132.0 5002722.5
133.0 3773150.0
134.0 2437431.8
135.0 1730968.5
136.0 1626914.8
137.0 1553859.8
138.0 1195672.8
139.0 1343391.2
140.0 1294987.0
141.0 992033.0
142.0 1072019.2
143.0 1215051.5
144.0 1472567.4
145.0 1223402.6
146.0 1010993.9
147.0 797791.5
148.0 840082.56
149.0 900677.1
150.0 1090098.2
151.0 1313588.2
152.0 1063273.0
153.0 1191135.2
154.0 1881718.0
155.0 2779727.8
156.0 3565738.0
157.0 4998316.0
158.0 5828000.0
159.0 7435110.5
160.0 7761447.5
161.0 7820824.5
162.0 6962445.5
163.0 4853870.5
164.0 3508333.8
165.0 3142614.0
166.0 2627946.0
167.0 2989706.5
168.0 3989474.8
169.0 3813632.8
170.0 4409918.0
171.0 4503963.5
172.0 4311027.0
173.0 4749385.0
174.0 4460445.5
175.0 4036494.8
176.0 4649228.0
177.0 5788491.0
178.0 6839298.0
179.0 8581268.0
180.0 12043798.0
181.0 14697874.0
182.0 16180004.0
183.0 15691208.0
184.0 14259098.0
185.0 10759555.0
186.0 6871947.0
187.0 4972425.5
188.0 3686547.0
189.0 3150705.2
190.0 2317083.8
191.0 1620746.2
192.0 1339145.0
193.0 1424595.0
194.0 1451472.4
195.0 1449231.8
196.0 1267791.8
197.0 1225973.2
198.0 1377852.8
199.0 1431924.4
200.0 940226.2
201.0 1016378.1
202.0 1217275.0
203.0 1382547.6
204.0 1271289.4
205.0 1394636.2
206.0 1065975.1
207.0 1204062.8
208.0 1664370.2
209.0 2118554.0
210.0 2090018.1
211.0 2013684.8
212.0 2072130.8
213.0 1955229.4
214.0 2423334.0
215.0 4087336.5
216.0 5815622.5
217.0 7334756.0
218.0 8725093.0
219.0 9633017.0
220.0 11366902.0
221.0 11887618.0
222.0 9642002.0
223.0 7133127.0
224.0 4893657.0
225.0 3868789.8
226.0 2835095.2
227.0 2606098.2
228.0 2177603.2
229.0 1895682.2
230.0 2028708.9
231.0 1787950.2
232.0 1546657.6
233.0 1164712.4
234.0 1483360.0
235.0 1567858.8
236.0 1166600.4
237.0 1032150.6
238.0 898139.5
239.0 722638.75
240.0 1129467.6
241.0 1503955.6
242.0 1350629.0
243.0 1386713.1
244.0 1737169.9
245.0 1852820.1
246.0 2326222.2
247.0 3084886.5
248.0 4055419.5
249.0 4468002.5
250.0 5994603.0
251.0 6667322.5
252.0 7234999.5
253.0 8634192.0
254.0 7768656.0
255.0 6190033.0
256.0 4290072.5
257.0 2739069.8
258.0 2586141.2
259.0 1929360.6
260.0 1668141.5
261.0 1867992.5
262.0 1886305.6
263.0 1691354.8
264.0 1318658.5
265.0 1063626.9
266.0 967423.25
267.0 1116669.4
268.0 773777.0
269.0 718730.5
270.0 739829.75
271.0 920007.4
272.0 921647.8
273.0 1112827.2
274.0 1123524.9
275.0 1194223.9
276.0 802246.5
277.0 777278.7
278.0 635265.06
279.0 641758.4
280.0 813091.4
281.0 976493.7
282.0 1351160.8
283.0 1575348.5
284.0 1599058.0
285.0 1616482.5
286.0 1366125.5
287.0 1435665.6
288.0 1180109.9
289.0 1308675.8
290.0 1108368.6
291.0 1022567.44
292.0 1207490.0
293.0 1374355.8
294.0 1102013.2
295.0 1531059.8
296.0 1657216.8
297.0 1198610.2
298.0 1144483.8
299.0 1260290.8
300.0 1111316.4
301.0 1274298.5
302.0 1660437.5
303.0 1447037.8
304.0 1735320.8
305.0 2072311.1
306.0 1857704.0
307.0 1720490.1
308.0 1315045.0
309.0 1396650.6
310.0 1147574.9
311.0 1091076.5
312.0 974043.8
313.0 1619621.9
314.0 1726240.8
315.0 1681316.9
316.0 1718702.0
317.0 2058522.8
318.0 2085363.6
319.0 2289304.0
320.0 2059133.6
321.0 1731322.8
322.0 1871774.9
323.0 1723744.0
324.0 1662544.0
325.0 2215158.5
326.0 2863410.5
327.0 3745652.8
328.0 3754810.2
329.0 4406546.0
330.0 5284817.5
331.0 6183967.5
332.0 6594879.0
333.0 6530213.0
334.0 6175257.5
335.0 5637428.0
336.0 4464270.0
337.0 3401922.8
338.0 3346256.2
339.0 2468074.0
340.0 2011917.5
341.0 1973082.0
342.0 2025738.2
343.0 1587435.5
344.0 1459523.9
345.0 1317959.0
346.0 1212119.0
347.0 926732.25
348.0 1456262.0
349.0 1296541.4
350.0 886702.8
351.0 1106890.2
352.0 1149696.1
353.0 1059640.5
354.0 1110994.1
355.0 1112052.1
356.0 1473911.8
357.0 1522879.8
358.0 1558002.0
359.0 2002486.9
360.0 1960663.8
361.0 1986114.8
362.0 2230997.8
363.0 2207757.0
364.0 2185081.5
365.0 2823441.5
366.0 3476143.8
367.0 4135368.8
368.0 4448452.0
369.0 4857945.0
370.0 4009382.5
371.0 3352502.5
372.0 2432514.8
373.0 2165377.5
374.0 2158894.0
375.0 1874357.4
376.0 1813374.5
377.0 1838151.5
378.0 1765013.9
379.0 1878858.0
380.0 1643571.4
381.0 1678049.8
382.0 1382695.6
383.0 1553135.5
384.0 1392685.8
385.0 1452769.0
386.0 1206155.1
387.0 1174649.4
388.0 1417979.2
389.0 1408464.4
390.0 1543219.9
391.0 1910168.6
392.0 1926323.1
393.0 2019377.2
394.0 2695490.5
395.0 3062393.0
396.0 3017822.0
397.0 3189997.5
398.0 3438650.0
399.0 3065301.0
400.0 2488237.2
401.0 2033739.5
402.0 1503206.5
403.0 1612119.9
404.0 1821662.8
405.0 2062366.0
406.0 2714986.2
407.0 2509614.8
408.0 2588640.2
409.0 2966853.0
410.0 3420397.5
411.0 2779533.8
412.0 2847755.0
413.0 2608204.5
414.0 2654752.5
415.0 3228473.8
416.0 3686296.0
417.0 3842107.5
418.0 3651967.0
419.0 3405523.5
420.0 3172188.8
421.0 2699665.5
422.0 1933787.2
423.0 1902068.5
424.0 1636813.2
425.0 1432779.4
426.0 1586414.0
427.0 1939416.9
428.0 2364160.2
429.0 2603101.8
430.0 2336390.2
431.0 2096758.1
432.0 2142587.2
433.0 2122194.8
434.0 1581945.5
435.0 1724887.6
436.0 1710471.0
437.0 1706605.6
438.0 1841725.6
439.0 2006742.4
440.0 2236135.0
441.0 1932430.1
442.0 1665545.1
443.0 1355186.5
444.0 1258000.8
445.0 1432858.2
446.0 1170086.5
447.0 1303208.2
448.0 1295400.1
449.0 1731228.8
450.0 2089930.8
451.0 1945518.6
452.0 2157627.0
453.0 2845145.0
454.0 2640074.5
455.0 2210736.0
456.0 2099173.2
457.0 1911564.2
458.0 1496001.2
459.0 1624486.2
460.0 1823189.9
461.0 1884898.0
462.0 1923908.5
463.0 2091315.8
464.0 2434870.2
465.0 2922288.8
466.0 2973304.5
467.0 2644289.8
468.0 2554534.5
469.0 2100850.0
470.0 1884635.1
471.0 2028619.9
472.0 2224261.0
473.0 2334335.8
474.0 2105805.0
475.0 1931797.8
476.0 2113263.5
477.0 1856039.0
478.0 1579393.9
479.0 1366241.2
480.0 1180439.4
481.0 1218142.2
482.0 1385971.8
483.0 1219734.2
484.0 1042161.4
485.0 1318334.9
486.0 962450.75
487.0 1023908.9
488.0 936003.5
489.0 986965.0
490.0 1322249.4
491.0 1405962.2
492.0 1191927.6
493.0 934722.56
494.0 791062.2
495.0 1300996.8
496.0 1265855.2
497.0 1224956.2
498.0 1373155.1
499.0 1578420.2
500.0 1687163.8
501.0 1586234.9
502.0 1072897.6
503.0 1695022.5
504.0 1870534.2
505.0 2177257.2
506.0 2157817.8
507.0 1828802.4
508.0 1893342.4
509.0 1617942.6
510.0 1495659.9
511.0 1924835.1
512.0 2106525.5
513.0 1674346.4
514.0 1215764.5
515.0 1179302.8
516.0 1111780.2
517.0 1345354.4
518.0 1475403.2
519.0 1404019.4
520.0 1387899.0
521.0 1083074.6
522.0 903209.4
523.0 1213383.5
524.0 939651.5
525.0 1222221.8
526.0 1928413.5
527.0 1833350.0
528.0 1489330.8
529.0 1610068.6
530.0 1476888.0
531.0 1619268.0
532.0 2082336.2
533.0 1841529.8
534.0 1634478.0
535.0 1794476.0
536.0 2228607.5
537.0 2903167.0
538.0 3288515.0
539.0 3104672.5
540.0 2564337.5
541.0 2291124.8
542.0 1868944.4
543.0 1487568.2
544.0 1664920.1
545.0 1959539.2
546.0 1448097.5
547.0 1799835.0
548.0 1197904.9
549.0 1075053.2
550.0 1135358.9
551.0 1461216.1
552.0 1685845.2
553.0 1633155.2
554.0 1574400.2
555.0 1731562.2
556.0 1988033.8
557.0 1492294.4
558.0 1546009.4
559.0 1714649.9
560.0 1742430.0
561.0 1781028.9
562.0 1809570.1
563.0 1534515.1
564.0 1526615.1
565.0 1563391.2
566.0 1450058.5
567.0 1633465.8
568.0 1459993.0
569.0 1574803.9
570.0 1615640.8
571.0 1438080.6
572.0 1559610.5
573.0 1429282.8
574.0 1210992.6
575.0 1220965.5
576.0 1300970.2
577.0 1525376.4
578.0 1510991.9
579.0 1542165.1
580.0 1545638.8
581.0 1868093.0
582.0 1865790.6
583.0 1626138.0
584.0 1596902.0
585.0 1560158.9
586.0 1169824.5
587.0 1026411.1
588.0 1213019.5
589.0 1227725.8
590.0 1284037.2
591.0 1285536.9
592.0 1488417.4
593.0 1471994.9
594.0 1446319.5
595.0 1348686.2
596.0 1239453.9
597.0 1099662.2
598.0 1131100.8
599.0 1015288.06
600.0 1339489.8
601.0 1263074.9
602.0 1235976.1
603.0 1532904.0
604.0 1634817.4
605.0 1221731.4
606.0 1365879.4
607.0 1438290.5
608.0 1564087.6
609.0 1467326.5
610.0 1427798.5
611.0 1315147.4
612.0 1572068.9
613.0 1739933.5
614.0 2107754.2
615.0 1703808.5
616.0 1184519.8
617.0 1074186.5
618.0 1062903.4
619.0 1111576.1
620.0 1437989.2
621.0 1193652.8
622.0 1271877.0
623.0 1371936.9
624.0 1555551.4
625.0 1361321.5
626.0 1216464.4
627.0 1402634.5
628.0 1455517.4
629.0 1344420.6
630.0 1414288.2
631.0 1404359.8
632.0 1364427.8
633.0 1239602.2
634.0 1232307.2
635.0 1671046.2
636.0 1484783.5
637.0 1447350.5
638.0 1256060.0
639.0 1269626.0
640.0 1323427.2
641.0 1253830.8
642.0 1353870.5
643.0 1682024.2
644.0 1421365.1
645.0 1182590.8
646.0 1216746.0
647.0 1393224.9
648.0 1299526.4
649.0 1273837.4
650.0 1163507.2
651.0 1139727.5
652.0 1371146.4
653.0 1323923.9
654.0 1524130.1
655.0 1313097.2
656.0 1393976.8
657.0 1416263.1
658.0 1253560.9
659.0 1369516.5
660.0 1298226.0
661.0 1162329.8
662.0 1322272.5
663.0 1331140.1
664.0 1597972.0
665.0 1558032.8
666.0 1385699.9
667.0 1339168.9
668.0 1254265.9
669.0 1262957.1
670.0 1187630.1
671.0 1345945.2
672.0 1318678.8
673.0 1753226.8
674.0 1817851.8
675.0 1829467.4
676.0 1761130.8
677.0 2265224.8
678.0 2013839.2
679.0 1245407.6
680.0 1542440.2
681.0 1261660.9
682.0 1612390.5
683.0 1377894.2
684.0 1352873.9
685.0 1207787.8
686.0 1226993.2
687.0 1440936.0
688.0 1480814.8
689.0 1406401.4
690.0 1553852.8
691.0 1538113.2
692.0 1517517.2
693.0 1529986.4
694.0 1557783.6
695.0 1139561.6
696.0 1429393.6
697.0 1498674.8
698.0 1344681.0
699.0 1063179.8
700.0 1154456.1
701.0 1227393.9
702.0 1398561.4
703.0 1385863.2
704.0 1017540.06
705.0 1107784.4
706.0 995307.25
707.0 1021784.25
708.0 1051966.6
709.0 1050585.9
710.0 1211814.4
711.0 1160178.9
712.0 1369602.5
713.0 1571758.6
714.0 1233327.0
715.0 1062357.4
716.0 975178.06
717.0 1085031.4
718.0 1368971.5
719.0 1333092.2
720.0 1397261.2
721.0 1311829.4
722.0 1335661.4
723.0 1154728.6
724.0 1365854.4
725.0 1721297.2
726.0 1491974.2
727.0 1336675.2
728.0 1334589.2
729.0 1212320.6
730.0 1132165.2
731.0 1122528.6
732.0 821798.75
733.0 1267810.0
734.0 1285093.9
735.0 1524122.6
736.0 1398940.6
737.0 1026613.6
738.0 1048930.1
739.0 1263069.9
740.0 1355276.9
741.0 1167425.6
742.0 1261909.0
743.0 1159795.8
744.0 1049305.1
745.0 1758766.2
746.0 1754658.8
747.0 1507354.5
748.0 1386158.2
749.0 2092789.4
750.0 1900566.0
751.0 1437810.2
752.0 1403393.5
753.0 1463073.8
754.0 1254783.2
755.0 1374241.4
756.0 1610011.4
757.0 1699243.1
758.0 1133705.5
759.0 1026613.75
760.0 1150658.9
761.0 1222310.5
762.0 1472616.8
763.0 1257509.6
764.0 1204706.4
765.0 1316670.1
766.0 986678.75
767.0 1318603.0
768.0 1264413.4
769.0 1246600.1
770.0 1242877.2
771.0 1026936.94
772.0 1411710.8
773.0 1657729.8
774.0 1250165.2
775.0 1027550.9
776.0 1096714.2
777.0 972502.6
778.0 1154309.5
779.0 1299899.8
780.0 1205330.4
781.0 1345483.5
782.0 1218606.9
783.0 1135916.8
784.0 1045546.5
785.0 1134898.1
786.0 1217855.2
787.0 1276275.4
788.0 1241014.1
789.0 1250398.2
790.0 1136690.8
791.0 1373482.6
792.0 1477679.2
793.0 1395555.6
794.0 1625035.2
795.0 2120196.8
796.0 1616597.4
797.0 1528902.0
798.0 1703976.5
799.0 1871783.8
800.0 2172144.8
801.0 1821811.4
802.0 1366784.9
803.0 1282807.4
804.0 1292730.1
805.0 1142622.6
806.0 1124202.0
807.0 1251685.4
808.0 1274294.4
809.0 1294327.2
810.0 1424611.1
811.0 1338065.8
812.0 1363797.2
813.0 1111411.2
814.0 1093907.8
815.0 1190703.9
816.0 1377948.8
817.0 1249212.2
818.0 1463769.4
819.0 1735575.0
820.0 1292390.6
821.0 1458009.0
822.0 1875593.2
823.0 1739856.4
824.0 1809647.4
825.0 1651223.1
826.0 1562918.5
827.0 1233591.2
828.0 1224274.9
829.0 1375294.8
830.0 1272754.8
831.0 1047839.44
832.0 1364086.5
833.0 1645111.2
834.0 1168176.8
835.0 1296300.8
836.0 1224429.0
837.0 1143751.8
838.0 1082507.8
839.0 1170276.8
840.0 1228599.6
841.0 1341305.0
842.0 1644606.1
843.0 1707629.8
844.0 1671236.5
845.0 1611606.8
846.0 1501836.0
847.0 1528492.2
848.0 1568008.2
849.0 1357490.0
850.0 1543445.1
851.0 1636717.5
852.0 1679017.6
853.0 1623051.0
854.0 1430399.2
855.0 1560148.9
856.0 1389812.2
857.0 1400936.4
858.0 1505921.8
859.0 1381245.5
860.0 1493342.6
861.0 1635197.0
862.0 1693583.2
863.0 1717395.5
864.0 1486981.1
865.0 1900133.2
866.0 1791009.0
867.0 1907032.4
868.0 1884127.2
869.0 1791795.6
870.0 1916466.5
871.0 1947927.6
872.0 1666426.0
873.0 1432801.1
874.0 1747014.8
875.0 1524938.6
876.0 1331141.5
877.0 1448181.9
878.0 1797153.5
879.0 1708948.6
880.0 1603947.6
881.0 1538638.5
882.0 1549247.5
883.0 1374065.0
884.0 1648886.8
885.0 1656244.5
886.0 1377445.5
887.0 1559981.1
888.0 1913633.2
889.0 1815045.1
890.0 1820691.2
891.0 1707746.2
892.0 1613222.8
893.0 1556064.5
894.0 1702434.8
895.0 1557671.5
896.0 1656581.9
897.0 1585272.0
898.0 1493396.9
899.0 1590215.0
900.0 1902384.8
901.0 2021441.0
902.0 2058653.1
903.0 2044576.1
904.0 1618548.2
905.0 1970293.8
906.0 2160907.2
907.0 2192048.2
908.0 1962642.2
909.0 2019554.4
910.0 2014462.8
911.0 1829811.0
912.0 2034899.0
913.0 2306800.5
914.0 2565679.0
915.0 2859843.5
916.0 2640477.8
917.0 2542576.5
918.0 2333397.0
919.0 2441891.5
920.0 2352037.8
921.0 2762427.8
922.0 2340733.5
923.0 2266813.5
924.0 2266098.5
925.0 2582050.2
926.0 2336481.5
927.0 2311061.0
928.0 2491978.5
929.0 2648877.2
930.0 2752312.8
931.0 2950626.5
932.0 2698233.0
933.0 3009956.0
934.0 3666036.2
935.0 3583487.8
936.0 3171822.8
937.0 3065009.8
938.0 2884658.8
939.0 2821377.2
940.0 3027524.0
941.0 2794101.2
942.0 2560842.0
943.0 2674088.5
944.0 3054710.0
945.0 2937546.0
946.0 2895590.2
947.0 3035021.2
948.0 3156824.0
949.0 2975293.0
950.0 3055752.2
951.0 3138802.5
952.0 3091597.2
953.0 2929281.0
954.0 2882256.0
955.0 2821119.5
956.0 3140602.0
957.0 3558637.8
958.0 3062238.0
959.0 2912486.0
960.0 2927382.2
961.0 2822889.5
962.0 3413415.2
963.0 4091664.5
964.0 3551826.2
965.0 3376481.0
966.0 3366328.5
967.0 3892224.5
968.0 3584205.5
969.0 3767037.8
970.0 4624828.5
971.0 4724885.5
972.0 4533206.5
973.0 4793634.5
974.0 4481953.5
975.0 4492504.0
976.0 4516254.0
977.0 4191610.5
978.0 4186906.2
979.0 4717594.5
980.0 4932850.5
981.0 5074754.0
982.0 5410981.0
983.0 6606942.5
984.0 7534356.0
985.0 8463839.0
986.0 9664082.0
987.0 10552561.0
988.0 10367315.0
989.0 11135699.0
990.0 12244591.0
991.0 11750548.0
992.0 10921966.0
993.0 9830818.0
994.0 8797348.0
995.0 8736264.0
996.0 9037866.0
997.0 8672746.0
998.0 8983865.0
999.0 9897779.0
1000.0 9646094.0
1001.0 9472206.0
1002.0 9719308.0
1003.0 9997952.0
1004.0 10652680.0
1005.0 11306969.0
1006.0 11917281.0
1007.0 12290706.0
1008.0 12463321.0
1009.0 11992815.0
1010.0 11290720.0
1011.0 10932640.0
1012.0 10485414.0
1013.0 9067651.0
1014.0 7776806.0
1015.0 7189267.5
1016.0 6258484.0
1017.0 5569409.0
1018.0 5616830.0
1019.0 4872970.5
1020.0 4283254.0
1021.0 3784772.8
1022.0 3994230.0
1023.0 3897617.8
1024.0 4098211.2
1025.0 4102842.8
1026.0 3735982.8
1027.0 4083569.8
1028.0 4553395.0
1029.0 5459802.5
1030.0 6061035.5
1031.0 6949912.0
1032.0 7490938.0
1033.0 9225996.0
1034.0 10879309.0
1035.0 12408649.0
1036.0 13801099.0
1037.0 14242468.0
1038.0 14289928.0
1039.0 14506800.0
1040.0 14374484.0
1041.0 13922882.0
1042.0 12994871.0
1043.0 11997995.0
1044.0 12305456.0
1045.0 13117640.0
1046.0 13238952.0
1047.0 13499251.0
1048.0 13632972.0
1049.0 15031719.0
1050.0 15703292.0
1051.0 15703762.0
1052.0 16493468.0
1053.0 17516624.0
1054.0 18088430.0
1055.0 19560984.0
1056.0 21472402.0
1057.0 27414700.0
1058.0 36173784.0
1059.0 50095030.0
1060.0 66519524.0
1061.0 88072110.0
1062.0 110241950.0
1063.0 128643970.0
1064.0 139341120.0
1065.0 140541860.0
1066.0 130380780.0
1067.0 107205840.0
1068.0 78709210.0
1069.0 52608664.0
1070.0 33262460.0
1071.0 22829528.0
1072.0 17494224.0
1073.0 14279510.0
1074.0 12007438.0
1075.0 10228995.0
1076.0 8919093.0
1077.0 8036964.0
1078.0 6820201.0
1079.0 5805724.0
1080.0 5459367.5
1081.0 5334068.0
1082.0 5330437.5
1083.0 5390245.0
1084.0 5666970.5
1085.0 5595124.0
1086.0 5963435.5
1087.0 6005632.5
1088.0 6477306.0
1089.0 7326010.0
1090.0 8140104.5
1091.0 8929628.0
1092.0 8521039.0
1093.0 8242832.5
1094.0 7638219.0
1095.0 7024077.5
1096.0 6393630.0
1097.0 6456195.5
1098.0 6747792.5
1099.0 7622160.0
1100.0 8528738.0
1101.0 10152991.0
1102.0 12768549.0
1103.0 17759054.0
1104.0 25704102.0
1105.0 35822028.0
1106.0 49476550.0
1107.0 64901080.0
1108.0 82464230.0
1109.0 98860090.0
1110.0 113065220.0
1111.0 120177460.0
1112.0 117469770.0
1113.0 104677970.0
1114.0 82882300.0
1115.0 56076100.0
1116.0 35515524.0
1117.0 22767618.0
1118.0 16837896.0
1119.0 13322315.0
1120.0 10712346.0
1121.0 9143004.0
1122.0 7879842.5
1123.0 6187019.5
1124.0 5028123.0
1125.0 4319167.0
1126.0 3877362.2
1127.0 3331147.2
1128.0 3004456.2
1129.0 2849842.8
1130.0 2853162.8
1131.0 2817396.2
1132.0 2717257.8
1133.0 2986767.0
1134.0 2949021.0
1135.0 3407439.0
1136.0 4187244.0
1137.0 4132498.0
1138.0 4393687.0
1139.0 4831119.5
1140.0 4224960.5
1141.0 3509797.8
1142.0 3120189.5
1143.0 2419396.2
1144.0 2025525.0
1145.0 2279857.0
1146.0 2394925.8
1147.0 2008787.6
1148.0 1714338.6
1149.0 1584892.2
1150.0 1864955.6
1151.0 2020208.5
1152.0 1740956.4
1153.0 1674302.4
1154.0 1864591.9
1155.0 1791749.2
1156.0 2238434.0
1157.0 2408517.8
1158.0 2145053.8
1159.0 1971151.2
1160.0 2191948.0
1161.0 2379394.2
1162.0 2266536.8
1163.0 2129960.2
1164.0 1974451.1
1165.0 2366038.0
1166.0 2495199.5
1167.0 2870374.0
1168.0 2712122.0
1169.0 2662458.0
1170.0 3022685.2
1171.0 3081360.2
1172.0 3038574.5
1173.0 3040378.5
1174.0 3272973.5
1175.0 3241407.8
1176.0 3081347.0
1177.0 3119958.5
1178.0 3109960.0
1179.0 3464667.5
1180.0 3421827.0
1181.0 3004277.0
1182.0 2885629.8
1183.0 3280672.0
1184.0 3886113.5
1185.0 4371330.0
1186.0 4100540.2
1187.0 4321887.0
1188.0 4946494.5
1189.0 5289800.0
1190.0 5726474.5
1191.0 5734984.5
1192.0 5243540.0
1193.0 5036657.0
1194.0 5455077.0
1195.0 4874716.0
1196.0 4519794.0
1197.0 4178889.0
1198.0 4312531.0
1199.0 4171442.0
1200.0 4058718.5
1201.0 3960056.5
1202.0 3878247.8
1203.0 3819118.5
1204.0 4067081.2
1205.0 4024102.8
1206.0 4099069.8
1207.0 4441859.0
1208.0 4523717.5
1209.0 4663120.5
1210.0 5507622.0
1211.0 6194545.0
1212.0 7096947.0
1213.0 6929796.0
1214.0 6982487.0
1215.0 7454809.0
1216.0 7936200.0
1217.0 7138472.5
1218.0 5841810.0
1219.0 5724154.5
1220.0 5528470.0
1221.0 5418766.0
1222.0 5817152.0
1223.0 5666249.5
1224.0 5956327.5
1225.0 6581965.5
1226.0 6382796.0
1227.0 6596454.5
1228.0 6956560.0
1229.0 7136942.0
1230.0 7714568.0
1231.0 7966202.0
1232.0 8996490.0
1233.0 10043890.0
1234.0 10567795.0
1235.0 11776940.0
1236.0 13700920.0
1237.0 16228061.0
1238.0 18953688.0
1239.0 23422500.0
1240.0 25652878.0
1241.0 26621328.0
1242.0 27114372.0
1243.0 26400410.0
1244.0 24336210.0
1245.0 21156522.0
1246.0 16987844.0
1247.0 12627200.0
1248.0 9190559.0
1249.0 7269757.5
1250.0 7185508.0
1251.0 7170555.0
1252.0 6616795.5
1253.0 6450119.5
1254.0 6783130.5
1255.0 7215129.5
1256.0 7114627.5
1257.0 6840962.0
1258.0 7665234.5
1259.0 9510678.0
1260.0 10527145.0
1261.0 11352889.0
1262.0 13547770.0
1263.0 16728744.0
1264.0 18066474.0
1265.0 19630582.0
1266.0 20431328.0
1267.0 20729268.0
1268.0 21102298.0
1269.0 20390488.0
1270.0 18735248.0
1271.0 17140882.0
1272.0 16581139.0
1273.0 17165618.0
1274.0 17910366.0
1275.0 18122680.0
1276.0 17035638.0
1277.0 16072689.0
1278.0 13397901.0
1279.0 11894364.0
1280.0 12327491.0
1281.0 12983958.0
1282.0 14424964.0
1283.0 15377762.0
1284.0 16333624.0
1285.0 16846832.0
1286.0 16551015.0
1287.0 16638585.0
1288.0 15829882.0
1289.0 14750155.0
1290.0 14994164.0
1291.0 15441691.0
1292.0 15634290.0
1293.0 14254359.0
1294.0 14799422.0
1295.0 16012396.0
1296.0 15300685.0
1297.0 16013706.0
1298.0 17504622.0
1299.0 18971912.0
1300.0 19537848.0
1301.0 20529910.0
1302.0 22984200.0
1303.0 25748318.0
1304.0 26437858.0
1305.0 28449430.0
1306.0 29638962.0
1307.0 31148678.0
1308.0 34393748.0
1309.0 36143676.0
1310.0 36661532.0
1311.0 37574910.0
1312.0 35565264.0
1313.0 32521696.0
1314.0 32173244.0
1315.0 33413484.0
1316.0 33647764.0
1317.0 34619930.0
1318.0 36453236.0
1319.0 38747996.0
1320.0 39583292.0
1321.0 40869090.0
1322.0 41921836.0
1323.0 44011724.0
1324.0 45459480.0
1325.0 48153164.0
1326.0 51179076.0
1327.0 54233840.0
1328.0 58681964.0
1329.0 63711330.0
1330.0 68020470.0
1331.0 71248990.0
1332.0 72253390.0
1333.0 70536200.0
1334.0 72003096.0
1335.0 73677460.0
1336.0 73119656.0
1337.0 72255460.0
1338.0 72912650.0
1339.0 72140630.0
1340.0 71324430.0
1341.0 68591070.0
1342.0 67138870.0
1343.0 63181530.0
1344.0 59020280.0
1345.0 55507756.0
1346.0 52688850.0
1347.0 54343724.0
1348.0 57439116.0
1349.0 57617040.0
1350.0 56975756.0
1351.0 59429216.0
1352.0 64287840.0
1353.0 66326630.0
1354.0 66908936.0
1355.0 66925510.0
1356.0 66719216.0
1357.0 67373250.0
1358.0 67038776.0
1359.0 66838970.0
1360.0 69226696.0
1361.0 74528850.0
1362.0 83674870.0
1363.0 94176680.0
1364.0 108030810.0
1365.0 125844530.0
1366.0 144289300.0
1367.0 167627490.0
1368.0 194015360.0
1369.0 212323680.0
1370.0 230330900.0
1371.0 243665900.0
1372.0 249336880.0
1373.0 247093760.0
1374.0 235691660.0
1375.0 219642580.0
1376.0 196523780.0
1377.0 171338560.0
1378.0 154843020.0
1379.0 143721970.0
1380.0 132668170.0
1381.0 122765240.0
1382.0 115182070.0
1383.0 109774240.0
1384.0 103661510.0
1385.0 96842620.0
1386.0 90356340.0
1387.0 82760904.0
1388.0 76497750.0
1389.0 68564270.0
1390.0 61314450.0
1391.0 56182810.0
1392.0 50332570.0
1393.0 45258700.0
1394.0 43171784.0
1395.0 42917920.0
1396.0 43972004.0
1397.0 47588430.0
1398.0 52046956.0
1399.0 57791516.0
1400.0 64551224.0
1401.0 71301070.0
1402.0 77580330.0
1403.0 87838790.0
1404.0 103438830.0
1405.0 122722830.0
1406.0 140805090.0
1407.0 159572820.0
1408.0 182783800.0
1409.0 210299780.0
1410.0 235709280.0
1411.0 260428350.0
1412.0 281438700.0
1413.0 304632670.0
1414.0 318592600.0
1415.0 323186660.0
1416.0 310784770.0
1417.0 279392000.0
1418.0 235442600.0
1419.0 182676000.0
1420.0 132051860.0
1421.0 93074080.0
1422.0 68332430.0
1423.0 50282996.0
1424.0 39759684.0
1425.0 32705280.0
1426.0 27684882.0
1427.0 23019812.0
1428.0 19851088.0
1429.0 17588664.0
1430.0 15955092.0
1431.0 14488456.0
1432.0 13121726.0
1433.0 11600221.0
1434.0 11225344.0
1435.0 11064932.0
1436.0 10453088.0
1437.0 10134009.0
1438.0 10295278.0
1439.0 10774804.0
1440.0 11228556.0
1441.0 10679011.0
1442.0 10373528.0
1443.0 10765445.0
1444.0 11339900.0
1445.0 11560870.0
1446.0 11444975.0
1447.0 12658531.0
1448.0 13426396.0
1449.0 13847652.0
1450.0 14587609.0
1451.0 16426959.0
1452.0 17021988.0
1453.0 17246394.0
1454.0 18613116.0
1455.0 20337142.0
1456.0 22367164.0
1457.0 22458210.0
1458.0 21969318.0
1459.0 23200856.0
1460.0 24513138.0
1461.0 24511160.0
1462.0 23971112.0
1463.0 23257680.0
1464.0 23460798.0
1465.0 23032604.0
1466.0 22636664.0
1467.0 22829260.0
1468.0 23624370.0
1469.0 24531250.0
1470.0 25772130.0
1471.0 26061340.0
1472.0 24794050.0
1473.0 23243068.0
1474.0 23765480.0
1475.0 22971298.0
1476.0 22577348.0
1477.0 22619630.0
1478.0 22772918.0
1479.0 22735182.0
1480.0 23163896.0
1481.0 23558838.0
1482.0 25340322.0
1483.0 29230332.0
1484.0 32957756.0
1485.0 36904836.0
1486.0 42516610.0
1487.0 47811420.0
1488.0 50145784.0
1489.0 52704616.0
1490.0 56044124.0
1491.0 60788896.0
1492.0 62950244.0
1493.0 65012416.0
1494.0 68117700.0
1495.0 67346990.0
1496.0 64274670.0
1497.0 60702784.0
1498.0 59568336.0
1499.0 59255936.0
1500.0 55870824.0
1501.0 51905596.0
1502.0 45823656.0
1503.0 40499050.0
1504.0 35322056.0
1505.0 31309180.0
1506.0 30040252.0
1507.0 30672438.0
1508.0 31702004.0
1509.0 32201616.0
1510.0 34570750.0
1511.0 38221836.0
1512.0 41606856.0
1513.0 43578420.0
1514.0 44942524.0
1515.0 47656976.0
1516.0 49225536.0
1517.0 50456556.0
1518.0 56425010.0
1519.0 61818224.0
1520.0 65816120.0
1521.0 69493320.0
1522.0 71370696.0
1523.0 73134560.0
1524.0 76606520.0
1525.0 80610890.0
1526.0 83676350.0
1527.0 85863030.0
1528.0 87806060.0
1529.0 87490930.0
1530.0 85258530.0
1531.0 81078760.0
1532.0 71112230.0
1533.0 61489260.0
1534.0 53618744.0
1535.0 44633944.0
1536.0 38398492.0
1537.0 34508660.0
1538.0 29756388.0
1539.0 27283556.0
1540.0 27803632.0
1541.0 29008112.0
1542.0 29723070.0
1543.0 31933918.0
1544.0 34405716.0
1545.0 36979348.0
1546.0 39633284.0
1547.0 44645180.0
1548.0 49926540.0
1549.0 55553940.0
1550.0 61987290.0
1551.0 67550470.0
1552.0 73473690.0
1553.0 75916850.0
1554.0 77426070.0
1555.0 81328700.0
1556.0 85989800.0
1557.0 87816230.0
1558.0 89320860.0
1559.0 92369390.0
1560.0 89615740.0
1561.0 83317870.0
1562.0 72954216.0
1563.0 61435150.0
1564.0 53842840.0
1565.0 48686036.0
1566.0 47632500.0
1567.0 47858960.0
1568.0 49301270.0
1569.0 50695624.0
1570.0 48815296.0
1571.0 47460644.0
1572.0 46474630.0
1573.0 43170340.0
1574.0 38839510.0
1575.0 35997156.0
1576.0 31261584.0
1577.0 25589032.0
1578.0 21168540.0
1579.0 17902758.0
1580.0 16892648.0
1581.0 17901352.0
1582.0 18967476.0
1583.0 19468420.0
1584.0 18744342.0
1585.0 18459836.0
1586.0 17699998.0
1587.0 17941212.0
1588.0 18384252.0
1589.0 19128084.0
1590.0 19756156.0
1591.0 19607862.0
1592.0 19906504.0
1593.0 19742172.0
1594.0 18873306.0
1595.0 18874078.0
1596.0 18108360.0
1597.0 17246528.0
1598.0 17057372.0
1599.0 17788530.0
1600.0 16556025.0
1601.0 16335962.0
1602.0 17957392.0
1603.0 19123788.0
1604.0 20692384.0
1605.0 22587496.0
1606.0 24619128.0
1607.0 26264688.0
1608.0 27704316.0
1609.0 28924832.0
1610.0 31524582.0
1611.0 34507944.0
1612.0 37737024.0
1613.0 41853350.0
1614.0 47888490.0
1615.0 52354616.0
1616.0 53309136.0
1617.0 55485244.0
1618.0 59259900.0
1619.0 61184656.0
1620.0 61351904.0
1621.0 62244076.0
1622.0 67217800.0
1623.0 71411080.0
1624.0 74669990.0
1625.0 78558660.0
1626.0 80678696.0
1627.0 79547140.0
1628.0 73782060.0
1629.0 66233524.0
1630.0 53114124.0
1631.0 39217610.0
1632.0 29370784.0
1633.0 24113438.0
1634.0 21116992.0
1635.0 18997042.0
1636.0 15790984.0
1637.0 13705634.0
1638.0 12632268.0
1639.0 12260261.0
1640.0 12028304.0
1641.0 12485690.0
1642.0 13821634.0
1643.0 14047051.0
1644.0 14256464.0
1645.0 14950960.0
1646.0 14377595.0
1647.0 14611056.0
1648.0 14370764.0
1649.0 14362914.0
1650.0 14528795.0
1651.0 14173749.0
1652.0 12875091.0
1653.0 12441581.0
1654.0 13344065.0
1655.0 13380804.0
1656.0 12793668.0
1657.0 11925310.0
1658.0 11274494.0
1659.0 10135151.0
1660.0 10499931.0
1661.0 10823632.0
1662.0 9766228.0
1663.0 10080331.0
1664.0 10934939.0
1665.0 10708006.0
1666.0 10103110.0
1667.0 10186022.0
1668.0 10803375.0
1669.0 10814155.0
1670.0 11945945.0
1671.0 13541089.0
1672.0 13316211.0
1673.0 13525338.0
1674.0 14507344.0
1675.0 15262531.0
1676.0 16509985.0
1677.0 17447468.0
1678.0 17727726.0
1679.0 16869708.0
1680.0 17192770.0
1681.0 17469948.0
1682.0 17806348.0
1683.0 17549530.0
1684.0 17191612.0
1685.0 15864675.0
1686.0 15105321.0
1687.0 14653374.0
1688.0 14464866.0
1689.0 14678705.0
1690.0 16263442.0
1691.0 16868552.0
1692.0 18492936.0
1693.0 19482612.0
1694.0 19285818.0
1695.0 18837880.0
1696.0 19481456.0
1697.0 20437910.0
1698.0 20599788.0
1699.0 21117790.0
1700.0 22704522.0
1701.0 24365120.0
1702.0 24498642.0
1703.0 23093148.0
1704.0 21678212.0
1705.0 21009592.0
1706.0 19414598.0
1707.0 18383218.0
1708.0 17879112.0
1709.0 17383712.0
1710.0 17555062.0
1711.0 17231624.0
1712.0 17247582.0
1713.0 16520156.0
1714.0 16897646.0
1715.0 16268139.0
1716.0 13945116.0
1717.0 13009728.0
1718.0 12938764.0
1719.0 12793110.0
1720.0 11202771.0
1721.0 9375914.0
1722.0 7477790.5
1723.0 5594798.0
1724.0 4545594.5
1725.0 4207489.5
1726.0 3828078.0
1727.0 3302679.8
1728.0 3178347.5
1729.0 3422096.2
1730.0 3762947.5
1731.0 3536100.5
1732.0 3827916.5
1733.0 3922824.5
1734.0 4374516.0
1735.0 4743400.5
1736.0 5179805.5
1737.0 5318735.5
1738.0 4983311.5
1739.0 4523433.5
1740.0 5157887.0
1741.0 6025477.0
1742.0 6271709.0
1743.0 5615455.0
1744.0 5192380.5
1745.0 5486088.0
1746.0 5410987.5
1747.0 4654827.5
1748.0 5020867.5
1749.0 5400452.0
1750.0 5135528.0
1751.0 4920806.0
1752.0 4736394.0
1753.0 4774487.0
1754.0 4316888.5
1755.0 3937238.8
1756.0 3546949.5
1757.0 3534505.0
1758.0 3926410.2
1759.0 4263739.0
1760.0 4521870.5
1761.0 5177593.0
1762.0 5051717.5
1763.0 5593552.5
1764.0 6965096.0
1765.0 7138569.5
1766.0 7325769.0
1767.0 7900658.0
1768.0 8551070.0
1769.0 8077404.5
1770.0 7241978.0
1771.0 6973055.0
1772.0 6833888.0
1773.0 6435578.0
1774.0 6948399.0
1775.0 7209652.0
1776.0 7604000.5
1777.0 7405800.5
1778.0 6643690.0
1779.0 5847232.5
1780.0 5890977.0
1781.0 5747661.0
1782.0 4475024.0
1783.0 5321785.0
1784.0 5578945.5
1785.0 5279140.5
1786.0 4441106.0
1787.0 4714122.5
1788.0 4853663.0
1789.0 4819123.5
1790.0 5097013.0
1791.0 5029873.5
1792.0 6019014.5
1793.0 6227602.0
1794.0 6064564.0
1795.0 6484155.0
1796.0 7264474.0
1797.0 7702187.5
1798.0 7369581.0
1799.0 6947291.0
1800.0 7253709.0
1801.0 7525056.0
1802.0 7196069.0
1803.0 6980820.0
1804.0 6947537.5
1805.0 7745498.0
1806.0 7110317.5
1807.0 6442809.5
1808.0 5776414.5
1809.0 5167384.5
1810.0 4355731.0
1811.0 4508679.0
1812.0 4607031.0
1813.0 4422545.5
1814.0 4110525.5
1815.0 3703742.8
1816.0 3785703.5
1817.0 4136762.2
1818.0 3882282.2
1819.0 3653770.5
1820.0 3624822.8
1821.0 4471047.0
1822.0 5003704.0
1823.0 5736937.5
1824.0 6131344.0
1825.0 6116194.0
1826.0 6854499.5
1827.0 6977978.0
1828.0 7797477.5
1829.0 7799025.5
1830.0 8203160.0
1831.0 8244349.5
1832.0 9066106.0
1833.0 8605596.0
1834.0 8820134.0
1835.0 9125711.0
1836.0 9509691.0
1837.0 9480328.0
1838.0 8537264.0
1839.0 7462588.0
1840.0 7128278.0
1841.0 7223512.5
1842.0 7173207.5
1843.0 7764947.5
1844.0 8114887.5
1845.0 9158750.0
1846.0 10949421.0
1847.0 11431168.0
1848.0 10774331.0
1849.0 11655018.0
1850.0 12136115.0
1851.0 12186392.0
1852.0 12413624.0
1853.0 12489452.0
1854.0 11882754.0
1855.0 11350218.0
1856.0 11485108.0
1857.0 11569756.0
1858.0 12320999.0
1859.0 12193661.0
1860.0 11431620.0
1861.0 10784951.0
1862.0 10075402.0
1863.0 9645562.0
1864.0 9713539.0
1865.0 8878088.0
1866.0 8413484.0
1867.0 7922629.0
1868.0 7651201.0
1869.0 6841658.0
1870.0 6631562.5
1871.0 7012754.0
1872.0 7046125.5
1873.0 7424250.0
1874.0 8225538.0
1875.0 9150225.0
1876.0 9761384.0
1877.0 10262919.0
1878.0 10463273.0
1879.0 11123928.0
1880.0 11162191.0
1881.0 10392186.0
1882.0 10257862.0
1883.0 9988174.0
1884.0 9471938.0
1885.0 9439618.0
1886.0 9290049.0
1887.0 8040598.0
1888.0 7054403.0
1889.0 7287437.0
1890.0 6516776.0
1891.0 5404159.0
1892.0 5007033.5
1893.0 5730501.0
1894.0 5794552.0
1895.0 5657620.0
1896.0 6254407.5
1897.0 6722342.0
1898.0 7460044.5
1899.0 8719821.0
1900.0 9967758.0
1901.0 10516318.0
1902.0 11278848.0
1903.0 13622002.0
1904.0 14302670.0
1905.0 16539072.0
1906.0 17242056.0
1907.0 18194044.0
1908.0 20617684.0
1909.0 21435972.0
1910.0 22381212.0
1911.0 23140236.0
1912.0 23980316.0
1913.0 24063698.0
1914.0 22100078.0
1915.0 16894430.0
1916.0 12744179.0
1917.0 9831669.0
1918.0 7599351.0
1919.0 6342494.5
1920.0 5909097.0
1921.0 5624883.0
1922.0 5421506.0
1923.0 5709515.0
1924.0 6376112.0
1925.0 7700627.5
1926.0 9328435.0
1927.0 9520568.0
1928.0 9668404.0
1929.0 11407318.0
1930.0 12193552.0
1931.0 12599931.0
1932.0 13506289.0
1933.0 14247809.0
1934.0 15384812.0
1935.0 16593935.0
1936.0 17465598.0
1937.0 17983252.0
1938.0 18363438.0
1939.0 18698554.0
1940.0 16618008.0
1941.0 13920179.0
1942.0 10401875.0
1943.0 7141246.0
1944.0 4996641.0
1945.0 3920302.2
1946.0 3350305.5
1947.0 2893117.0
1948.0 2707434.0
1949.0 2516782.8
1950.0 2337184.8
1951.0 1929705.8
1952.0 1639150.8
1953.0 1732029.5
1954.0 1538974.9
1955.0 1183103.5
1956.0 1336636.8
1957.0 1584140.8
1958.0 1574700.8
1959.0 1490291.8
1960.0 1448978.6
1961.0 1339272.2
1962.0 1391682.2
1963.0 1249450.9
1964.0 1093990.4
1965.0 1275202.4
1966.0 1161680.4
1967.0 1398904.4
1968.0 1272999.2
1969.0 1394999.8
1970.0 1410716.4
1971.0 1281908.0
1972.0 1364490.5
1973.0 1283673.2
1974.0 1331155.1
1975.0 1689600.0
1976.0 1417072.2
1977.0 1352092.4
1978.0 1336753.1
1979.0 1336812.5
1980.0 1684411.8
1981.0 1693476.2
1982.0 1916273.5
1983.0 1528123.8
1984.0 1159720.4
1985.0 1243572.9
1986.0 1848316.0
1987.0 1426636.5
1988.0 1817268.9
1989.0 1920449.0
1990.0 1845371.9
1991.0 1889783.1
1992.0 1906490.6
1993.0 2162552.2
1994.0 2126413.0
1995.0 2246726.8
1996.0 2221314.0
1997.0 1688258.0
1998.0 1658762.0
1999.0 2035859.8
2000.0 2023580.5
2001.0 1890432.8
2002.0 2523195.5
2003.0 2316442.8
2004.0 2189740.0
2005.0 2021729.8
2006.0 1893891.8
2007.0 1595240.0
2008.0 1569926.4
2009.0 1765049.8
2010.0 2096325.6
2011.0 1815573.2
2012.0 1921397.5
2013.0 1929269.5
2014.0 2790485.0
2015.0 2650384.5
2016.0 2616515.5
2017.0 2459796.2
2018.0 2942568.0
2019.0 2877165.0
2020.0 2442689.2
2021.0 2465563.5
2022.0 1455626.8
2023.0 -369110.6
2024.0 -2165977.8
2025.0 -4003455.2
2026.0 -5791417.5
2027.0 -7658312.0
2028.0 -8991389.0
2029.0 -10483969.0
2030.0 -11906576.0
2031.0 -14311086.0
2032.0 -16052950.0
2033.0 -18119462.0
2034.0 -20242616.0
2035.0 -22072162.0
2036.0 -23978056.0
2037.0 -26108250.0
2038.0 -28347018.0
2039.0 -30100404.0
2040.0 0.0
2041.0 0.0
2042.0 0.0
2043.0 0.0
2044.0 0.0
2045.0 0.0
2046.0 0.0
2047.0 0.0
