string
0.0 1303442.4
1.0 1426959.8
2.0 1728462.6
3.0 1553675.2
4.0 1371684.0
5.0 1367163.5
6.0 1384995.8
7.0 1678760.8
8.0 1750907.0
9.0 1831039.5
10.0 2192310.5
11.0 2461081.5
12.0 1955958.9
13.0 1697357.8
14.0 1881545.0
15.0 1874823.5
16.0 2056963.5
17.0 2440048.5
18.0 2428040.2
19.0 2170651.0
20.0 2240209.5
21.0 2277081.8
22.0 2232279.2
23.0 2087134.0
24.0 2054713.9
25.0 2158159.8
26.0 1862908.2
27.0 1849715.6
28.0 2150876.5
29.0 2063284.5
30.0 1819125.2
31.0 2042749.4
32.0 2001781.1
33.0 2079022.4
34.0 1944774.0
35.0 1872168.6
36.0 2020998.6
37.0 2344719.0
38.0 2740168.8
39.0 2569012.8
40.0 2104531.0
41.0 2228008.5
42.0 2551054.5
43.0 2618980.2
44.0 2579567.0
45.0 2471066.5
46.0 2474872.5
47.0 1874136.4
48.0 1799220.2
49.0 1831974.5
50.0 1983313.1
51.0 2208543.0
52.0 1907006.0
53.0 1556498.6
54.0 1426981.8
55.0 1548699.2
56.0 1667577.0
57.0 2048301.9
58.0 2608622.8
59.0 2919878.5
60.0 3299788.8
61.0 3048160.5
62.0 2950118.0
63.0 2614080.5
64.0 2729442.2
65.0 2302406.0
66.0 2113865.2
67.0 2320121.5
68.0 2263664.0
69.0 2614636.8
70.0 2564327.5
71.0 2243799.2
72.0 2355114.0
73.0 2713390.2
74.0 2958137.0
75.0 3392066.5
76.0 3676726.2
77.0 3658890.0
78.0 3741174.5
79.0 4386540.5
80.0 4477941.0
81.0 4860937.0
82.0 4596377.0
83.0 4139789.8
84.0 4106548.0
85.0 3859362.5
86.0 3939134.8
87.0 3824760.5
88.0 3522762.0
89.0 3476744.0
90.0 3615480.2
91.0 3452915.5
92.0 3620072.2
93.0 3935744.5
94.0 4490919.0
95.0 5432743.0
96.0 5578427.5
97.0 5956526.0
98.0 5475950.5
99.0 4849916.0
100.0 4286874.0
101.0 3216936.2
102.0 2794077.2
103.0 1420595.2
104.0 1036435.9
105.0 1079921.8
106.0 1539865.8
107.0 1649164.2
108.0 1550313.9
109.0 1925763.6
110.0 2125582.8
111.0 1938044.2
112.0 2022646.1
113.0 1988788.8
114.0 1787624.9
115.0 1934131.5
116.0 2245316.0
117.0 2271936.5
118.0 2693267.5
119.0 3683168.8
120.0 4380224.5
121.0 5628335.0
122.0 6045744.0
123.0 5216613.0
124.0 5477327.5
125.0 6300492.0
126.0 6262834.5
127.0 5523793.0
128.0 5632223.0
129.0 5130805.5
130.0 4949935.5
131.0 4748780.5
132.0 4017231.0
133.0 2643154.5
134.0 1643176.8
135.0 927843.4
136.0 817573.9
137.0 829041.94
138.0 1066662.2
139.0 898686.94
140.0 787006.5
141.0 849080.1
142.0 852382.4
143.0 784074.7
144.0 973548.4
145.0 973408.0
146.0 785318.4
147.0 811078.06
148.0 786888.25
149.0 685216.75
150.0 626674.56
151.0 835972.25
152.0 1041333.9
153.0 1108215.8
154.0 1698953.5
155.0 2486632.2
156.0 3172646.0
157.0 4318696.5
158.0 5164376.5
159.0 6570677.0
160.0 7176338.0
161.0 6195990.0
162.0 5035294.0
163.0 4044735.0
164.0 2788035.5
165.0 2326453.5
166.0 2526070.5
167.0 2776905.2
168.0 3293999.5
169.0 4480646.0
170.0 4214672.5
171.0 3415517.8
172.0 3236757.5
173.0 3498808.0
174.0 3467944.5
175.0 4020370.2
176.0 4669700.0
177.0 6332425.0
178.0 7938152.5
179.0 9365358.0
180.0 11951692.0
181.0 13679621.0
182.0 13890494.0
183.0 13079646.0
184.0 10544324.0
185.0 8041480.0
186.0 6829847.0
187.0 4838970.0
188.0 3755887.8
189.0 2900000.2
190.0 2243508.8
191.0 1919327.0
192.0 1433523.8
193.0 1317587.4
194.0 1050899.8
195.0 1284237.2
196.0 1229265.2
197.0 942973.25
198.0 822901.5
199.0 744644.94
200.0 868099.7
201.0 1082364.5
202.0 1355331.8
203.0 982601.8
204.0 782853.6
205.0 1017926.4
206.0 917319.94
207.0 859643.4
208.0 1119072.9
209.0 1406299.8
210.0 1711824.0
211.0 1434412.6
212.0 1845510.5
213.0 2691158.8
214.0 3581145.2
215.0 4860344.5
216.0 5456098.0
217.0 6762829.5
218.0 8045962.5
219.0 8980396.0
220.0 10003236.0
221.0 8370274.5
222.0 6561262.0
223.0 5066877.5
224.0 4013351.5
225.0 3051893.8
226.0 2099211.8
227.0 2244539.8
228.0 2294849.8
229.0 1831799.4
230.0 1290927.1
231.0 1217886.0
232.0 1391889.8
233.0 1114123.1
234.0 933960.4
235.0 581223.2
236.0 680644.75
237.0 983148.4
238.0 993506.9
239.0 748440.06
240.0 805911.25
241.0 1208579.2
242.0 1371086.5
243.0 1620918.0
244.0 1704813.0
245.0 1559728.1
246.0 2240881.5
247.0 3346191.0
248.0 3831483.0
249.0 4621922.0
250.0 5775084.0
251.0 6883916.0
252.0 7125055.0
253.0 6582332.5
254.0 5662257.0
255.0 4214426.0
256.0 3529002.2
257.0 3102899.5
258.0 2000395.8
259.0 1548830.1
260.0 1591710.2
261.0 1506258.0
262.0 771738.0
263.0 537077.3
264.0 421664.62
265.0 952165.0
266.0 1036966.0
267.0 998696.75
268.0 851484.0
269.0 695098.44
270.0 778171.1
271.0 617052.5
272.0 783311.1
273.0 856179.1
274.0 726798.2
275.0 687232.56
276.0 900526.1
277.0 885144.3
278.0 655789.4
279.0 907335.9
280.0 895579.4
281.0 916737.9
282.0 820069.75
283.0 873046.2
284.0 746313.9
285.0 997849.4
286.0 1168025.1
287.0 976059.7
288.0 745673.9
289.0 1058870.1
290.0 977415.7
291.0 1012468.5
292.0 959187.1
293.0 785588.1
294.0 1166502.2
295.0 1313300.5
296.0 1278152.9
297.0 1284580.8
298.0 1042025.94
299.0 1000201.6
300.0 1099745.6
301.0 1248546.6
302.0 1234372.2
303.0 1501701.9
304.0 1794680.1
305.0 1335736.5
306.0 939522.6
307.0 1112843.0
308.0 1160154.4
309.0 1016225.4
310.0 1028414.75
311.0 806474.1
312.0 1201634.2
313.0 1291685.0
314.0 1416363.8
315.0 1691827.6
316.0 1966900.5
317.0 1657953.2
318.0 1574541.5
319.0 1776256.0
320.0 1759401.0
321.0 1780345.5
322.0 1943498.1
323.0 1769209.0
324.0 2012946.0
325.0 2081308.8
326.0 2333148.5
327.0 2614186.2
328.0 3859574.5
329.0 4810754.5
330.0 4443336.0
331.0 4627305.0
332.0 5410691.0
333.0 6256280.5
334.0 5991363.0
335.0 4249839.0
336.0 3552651.5
337.0 2769719.0
338.0 2367372.2
339.0 1445972.5
340.0 1237793.8
341.0 1713140.8
342.0 1997555.8
343.0 1616118.1
344.0 1604085.8
345.0 1547342.6
346.0 1361771.1
347.0 1344629.8
348.0 1010051.56
349.0 820586.6
350.0 916403.06
351.0 1127504.6
352.0 1125886.8
353.0 739689.06
354.0 861810.75
355.0 1015791.9
356.0 955285.4
357.0 1414118.1
358.0 1247361.4
359.0 1470606.9
360.0 1483762.2
361.0 1371900.0
362.0 1979387.0
363.0 2338497.8
364.0 2261154.5
365.0 2607929.5
366.0 2740142.8
367.0 3226568.8
368.0 3814012.8
369.0 3656814.0
370.0 2818569.0
371.0 2429469.8
372.0 2062766.0
373.0 2115075.5
374.0 1886336.1
375.0 1458650.0
376.0 1015355.56
377.0 799731.25
378.0 1098750.1
379.0 1412314.8
380.0 1253229.9
381.0 1261329.4
382.0 1660813.1
383.0 1409986.5
384.0 1256559.8
385.0 1264324.1
386.0 804542.8
387.0 918979.1
388.0 1398062.0
389.0 1386952.8
390.0 1450639.8
391.0 1395450.1
392.0 1515877.2
393.0 1863048.6
394.0 2280232.5
395.0 2155404.8
396.0 2009765.6
397.0 1997565.2
398.0 2332940.5
399.0 2554393.5
400.0 2041696.9
401.0 1417821.1
402.0 1412137.2
403.0 1606292.4
404.0 1569913.1
405.0 1853861.5
406.0 1802522.8
407.0 2440819.2
408.0 2433649.2
409.0 2614282.0
410.0 2784581.2
411.0 2088135.2
412.0 2138656.5
413.0 2196298.8
414.0 2277352.8
415.0 2783219.8
416.0 2648923.8
417.0 3088657.0
418.0 3042948.8
419.0 3000102.0
420.0 2888549.8
421.0 2398088.5
422.0 2180508.5
423.0 1783144.9
424.0 1113004.9
425.0 1048298.06
426.0 1650571.0
427.0 1817135.2
428.0 1597676.5
429.0 1624631.8
430.0 1554335.0
431.0 1404760.5
432.0 1776634.9
433.0 1730936.5
434.0 1535460.1
435.0 1656618.0
436.0 1804896.2
437.0 1810328.2
438.0 1942949.2
439.0 1902487.8
440.0 1633131.1
441.0 1424918.6
442.0 1002126.4
443.0 890441.2
444.0 781435.75
445.0 903124.94
446.0 1158052.2
447.0 1356732.8
448.0 1213591.9
449.0 1307215.9
450.0 1848490.1
451.0 2307258.5
452.0 1969318.1
453.0 1844696.1
454.0 1911970.5
455.0 1883151.9
456.0 1512216.0
457.0 1851458.0
458.0 1781924.8
459.0 1734140.6
460.0 1817055.8
461.0 1575779.9
462.0 1591680.6
463.0 2010045.8
464.0 2012254.8
465.0 1980037.2
466.0 2064473.2
467.0 2081088.5
468.0 2099563.5
469.0 2166941.5
470.0 2179360.2
471.0 2268421.5
472.0 2130861.0
473.0 1802654.4
474.0 1619081.9
475.0 1613365.8
476.0 1174041.5
477.0 1067829.1
478.0 975283.5
479.0 920205.0
480.0 959670.06
481.0 1209583.0
482.0 1271647.9
483.0 1460152.2
484.0 1037562.4
485.0 727746.1
486.0 687966.5
487.0 808056.3
488.0 894094.0
489.0 901539.25
490.0 880901.56
491.0 806784.94
492.0 713548.0
493.0 1070052.6
494.0 975474.94
495.0 831807.0
496.0 864867.75
497.0 1249352.9
498.0 1451332.6
499.0 1142532.4
500.0 1048040.75
501.0 1154196.4
502.0 1359606.5
503.0 1563186.4
504.0 1786461.5
505.0 1838441.8
506.0 1473631.2
507.0 1483644.8
508.0 1578322.4
509.0 1124049.6
510.0 1467847.8
511.0 1491883.6
512.0 1475398.8
513.0 1673653.1
514.0 1447542.4
515.0 1242702.1
516.0 1107614.4
517.0 1166239.1
518.0 1057270.4
519.0 1181537.5
520.0 1013757.25
521.0 825989.1
522.0 1040595.94
523.0 915889.44
524.0 859889.0
525.0 958495.94
526.0 974607.25
527.0 888024.5
528.0 1051652.4
529.0 1221312.4
530.0 921769.9
531.0 1589154.0
532.0 1810214.4
533.0 1934008.6
534.0 2132129.8
535.0 1974649.2
536.0 2266757.8
537.0 2639366.0
538.0 2918883.5
539.0 3074863.5
540.0 2844210.5
541.0 2216096.0
542.0 1715946.2
543.0 1451155.0
544.0 1361491.0
545.0 1113941.0
546.0 987555.25
547.0 968534.7
548.0 1056979.5
549.0 1040578.25
550.0 948339.5
551.0 1057619.1
552.0 1074550.0
553.0 1152037.0
554.0 1122594.9
555.0 1146501.1
556.0 1363667.8
557.0 1474166.1
558.0 1296943.0
559.0 1366903.9
560.0 1186620.0
561.0 1195551.0
562.0 1379300.8
563.0 1194083.2
564.0 1281721.1
565.0 1418125.5
566.0 1203659.4
567.0 1255857.0
568.0 1124331.8
569.0 1050485.9
570.0 1461798.1
571.0 1261353.2
572.0 1090079.9
573.0 914696.5
574.0 983070.6
575.0 1158529.2
576.0 1185623.9
577.0 1037660.94
578.0 1334819.2
579.0 1390245.8
580.0 1195157.9
581.0 1478836.5
582.0 1559716.8
583.0 1407974.5
584.0 1111329.8
585.0 1276426.0
586.0 1117294.2
587.0 1210511.5
588.0 1317450.2
589.0 972378.4
590.0 1006328.75
591.0 837964.75
592.0 784156.25
593.0 950963.75
594.0 1258696.4
595.0 1239322.0
596.0 1419660.0
597.0 1192420.1
598.0 1154037.0
599.0 1213055.2
600.0 1241199.8
601.0 1020658.1
602.0 985458.2
603.0 913632.4
604.0 928796.1
605.0 939629.6
606.0 1223820.1
607.0 1166316.0
608.0 1054913.6
609.0 1118346.4
610.0 1046459.25
611.0 1234623.4
612.0 1115056.5
613.0 1045946.94
614.0 1283722.0
615.0 1393381.2
616.0 1298223.9
617.0 1112134.4
618.0 957446.6
619.0 1008251.4
620.0 1109608.8
621.0 761978.9
622.0 1063468.2
623.0 1064481.4
624.0 953536.8
625.0 1206626.5
626.0 1278193.0
627.0 1165930.1
628.0 984939.94
629.0 969505.75
630.0 1241848.2
631.0 996381.6
632.0 980239.3
633.0 1054195.1
634.0 1220985.5
635.0 1198661.0
636.0 818665.5
637.0 1000844.5
638.0 1232757.4
639.0 1409017.2
640.0 1188486.5
641.0 1176937.4
642.0 1468617.4
643.0 1396654.5
644.0 1321849.5
645.0 1256207.6
646.0 1450615.5
647.0 1154773.5
648.0 885600.1
649.0 1230436.4
650.0 1136525.1
651.0 816558.8
652.0 846853.7
653.0 818960.7
654.0 800931.25
655.0 1080863.5
656.0 1135369.9
657.0 1008899.0
658.0 1086834.8
659.0 855866.6
660.0 798229.7
661.0 1138365.4
662.0 1491078.8
663.0 1326515.8
664.0 1297851.8
665.0 1650097.6
666.0 1528610.8
667.0 1477925.0
668.0 1296601.1
669.0 975427.6
670.0 1146599.5
671.0 1103910.5
672.0 1395360.1
673.0 1346723.6
674.0 1336533.9
675.0 1139777.6
676.0 1197603.5
677.0 1258855.8
678.0 1048133.06
679.0 1071691.6
680.0 1005332.75
681.0 1111122.8
682.0 1188977.0
683.0 1031886.94
684.0 1366033.6
685.0 898081.94
686.0 1165970.8
687.0 1034313.4
688.0 1105030.8
689.0 1260969.2
690.0 1511045.2
691.0 1279733.4
692.0 1184742.8
693.0 1064814.8
694.0 907410.06
695.0 1244505.5
696.0 1113966.8
697.0 1105534.5
698.0 879725.7
699.0 932715.9
700.0 878674.25
701.0 1062828.5
702.0 1473982.8
703.0 1184109.8
704.0 984987.75
705.0 937508.06
706.0 1098968.0
707.0 1217831.9
708.0 1086892.8
709.0 1128811.5
710.0 1000289.7
711.0 1022679.5
712.0 1147181.0
713.0 984818.06
714.0 907784.4
715.0 949456.6
716.0 1019773.75
717.0 1028365.1
718.0 1134439.8
719.0 1246320.8
720.0 1374085.2
721.0 1128908.6
722.0 998008.9
723.0 1140471.1
724.0 1105313.4
725.0 1200743.2
726.0 935481.2
727.0 899833.9
728.0 1368540.0
729.0 1233669.5
730.0 1293756.2
731.0 1064986.0
732.0 1219449.1
733.0 1247636.4
734.0 1284725.8
735.0 1544967.2
736.0 1236448.6
737.0 1090026.0
738.0 995328.25
739.0 1149809.2
740.0 1080045.2
741.0 856040.56
742.0 1069514.1
743.0 1025133.4
744.0 1068864.0
745.0 1096222.2
746.0 1458971.5
747.0 1579003.5
748.0 1595543.5
749.0 1546544.9
750.0 1790330.5
751.0 1558189.4
752.0 1512925.5
753.0 1170429.0
754.0 1286415.2
755.0 1273229.2
756.0 1136558.8
757.0 1355063.0
758.0 1074113.2
759.0 981120.0
760.0 901847.6
761.0 868396.94
762.0 1321960.8
763.0 861929.75
764.0 530815.75
765.0 646440.9
766.0 994204.3
767.0 1229033.2
768.0 1088699.4
769.0 1336660.0
770.0 1127680.8
771.0 1216362.8
772.0 1230958.0
773.0 1028216.6
774.0 1179806.5
775.0 1143577.8
776.0 1264685.2
777.0 1389455.2
778.0 1503633.5
779.0 1122858.8
780.0 1045870.94
781.0 1380542.6
782.0 1457908.9
783.0 1351275.6
784.0 1197124.4
785.0 1151305.8
786.0 866748.25
787.0 1183622.8
788.0 1395316.2
789.0 1587603.5
790.0 1459604.5
791.0 1116291.8
792.0 938455.3
793.0 797066.94
794.0 929619.75
795.0 1110352.6
796.0 1576802.0
797.0 1864244.9
798.0 1856924.5
799.0 1849677.6
800.0 1815180.5
801.0 1776455.2
802.0 1596116.1
803.0 1257611.2
804.0 1247717.6
805.0 1160823.5
806.0 1360109.4
807.0 1286613.1
808.0 1179609.1
809.0 1447233.8
810.0 1141851.0
811.0 1053969.2
812.0 1107742.6
813.0 904497.0
814.0 884436.5
815.0 1098783.1
816.0 1287579.8
817.0 1315731.9
818.0 1371045.0
819.0 1282964.0
820.0 1245894.8
821.0 1195859.2
822.0 1301577.2
823.0 1338862.4
824.0 1278315.0
825.0 1379649.9
826.0 1207849.0
827.0 1189451.2
828.0 1135677.5
829.0 1322736.9
830.0 1207289.6
831.0 1125755.9
832.0 1219037.8
833.0 1298529.0
834.0 1035686.5
835.0 1139657.9
836.0 1101686.5
837.0 1199023.4
838.0 1082038.2
839.0 1053040.8
840.0 1374605.1
841.0 1227828.9
842.0 1191318.1
843.0 1252081.2
844.0 1188878.6
845.0 1057878.4
846.0 1121701.9
847.0 1072616.1
848.0 1283973.4
849.0 1291614.2
850.0 1382623.2
851.0 1151796.4
852.0 903584.06
853.0 1065514.8
854.0 973600.94
855.0 1096382.2
856.0 941888.2
857.0 1291801.8
858.0 1531948.5
859.0 1331907.2
860.0 1279325.6
861.0 1193716.1
862.0 1284895.5
863.0 1604271.1
864.0 1924034.8
865.0 1369589.9
866.0 1099021.2
867.0 1035651.75
868.0 1425453.1
869.0 1214329.2
870.0 1224626.8
871.0 1366848.1
872.0 1222937.4
873.0 1331455.2
874.0 1359706.1
875.0 1221633.5
876.0 1259685.5
877.0 1462000.8
878.0 1573303.2
879.0 1439535.5
880.0 1605481.9
881.0 1814126.0
882.0 1450691.9
883.0 1306924.1
884.0 1247046.1
885.0 1224752.2
886.0 1378321.2
887.0 1501331.8
888.0 1892457.2
889.0 1714806.2
890.0 1550614.0
891.0 1493841.0
892.0 1328314.4
893.0 1382735.8
894.0 1485279.5
895.0 1251741.5
896.0 1501817.5
897.0 1513279.5
898.0 1563270.6
899.0 1433503.5
900.0 1772102.5
901.0 2256481.0
902.0 1933388.8
903.0 1674450.5
904.0 1807368.6
905.0 1837523.2
906.0 1598687.2
907.0 1894516.9
908.0 1823197.2
909.0 1823371.0
910.0 1910737.6
911.0 1990108.0
912.0 1888123.8
913.0 2033504.0
914.0 2023689.2
915.0 1797729.5
916.0 1757541.9
917.0 1993800.6
918.0 2397688.2
919.0 2332036.2
920.0 2250564.5
921.0 2104217.0
922.0 1949570.6
923.0 2065865.5
924.0 2057975.2
925.0 2345356.5
926.0 2815224.0
927.0 2355888.8
928.0 2266901.5
929.0 2404130.2
930.0 2453172.0
931.0 2511712.8
932.0 2734821.5
933.0 3055711.5
934.0 2941478.8
935.0 3008536.0
936.0 2937381.5
937.0 2850110.2
938.0 2771154.0
939.0 2365752.5
940.0 2530042.8
941.0 2586532.8
942.0 2201805.5
943.0 2184471.0
944.0 2453316.2
945.0 2581989.5
946.0 2242621.5
947.0 2310225.0
948.0 2365316.5
949.0 2359817.2
950.0 2326009.8
951.0 2332938.8
952.0 2020767.0
953.0 2246678.5
954.0 2666153.8
955.0 3016691.0
956.0 2879427.8
957.0 2529681.2
958.0 2633239.0
959.0 3151400.2
960.0 3337949.0
961.0 3602594.0
962.0 3384366.5
963.0 2740265.2
964.0 2734711.0
965.0 2923709.8
966.0 3504373.8
967.0 3955650.5
968.0 3526564.5
969.0 3699145.0
970.0 4178149.5
971.0 4218274.5
972.0 4288988.5
973.0 4545623.5
974.0 4351917.5
975.0 4334213.5
976.0 3830702.2
977.0 3789405.2
978.0 3763689.0
979.0 3888070.5
980.0 4104787.5
981.0 4698272.0
982.0 4882416.0
983.0 5310839.0
984.0 6105197.0
985.0 6740672.5
986.0 8059694.0
987.0 9369279.0
988.0 10219254.0
989.0 11329720.0
990.0 11760380.0
991.0 11387641.0
992.0 10690195.0
993.0 9789499.0
994.0 9422654.0
995.0 9105078.0
996.0 9063309.0
997.0 8864733.0
998.0 8645209.0
999.0 8672110.0
1000.0 8273423.0
1001.0 8420038.0
1002.0 9043584.0
1003.0 10038020.0
1004.0 10938988.0
1005.0 11252036.0
1006.0 11950020.0
1007.0 11734472.0
1008.0 11037281.0
1009.0 10562089.0
1010.0 10531059.0
1011.0 10384406.0
1012.0 9539834.0
1013.0 9073569.0
1014.0 8283115.0
1015.0 7608599.5
1016.0 6464149.5
1017.0 6174841.0
1018.0 5837924.5
1019.0 5168844.0
1020.0 4521370.0
1021.0 4342945.5
1022.0 4344158.0
1023.0 3880817.0
1024.0 3623576.5
1025.0 3315668.8
1026.0 3769780.0
1027.0 3651462.8
1028.0 3735400.5
1029.0 4407645.5
1030.0 5414475.0
1031.0 6229267.5
1032.0 7131684.0
1033.0 7249562.5
1034.0 8417739.0
1035.0 10670405.0
1036.0 11900192.0
1037.0 12443912.0
1038.0 13243832.0
1039.0 13738416.0
1040.0 13542958.0
1041.0 12767704.0
1042.0 11792239.0
1043.0 10921890.0
1044.0 11308118.0
1045.0 12010151.0
1046.0 12424760.0
1047.0 13210552.0
1048.0 13803619.0
1049.0 14302680.0
1050.0 14540541.0
1051.0 15307224.0
1052.0 15657632.0
1053.0 15424200.0
1054.0 16131122.0
1055.0 17151508.0
1056.0 18594298.0
1057.0 20974680.0
1058.0 26351438.0
1059.0 37038080.0
1060.0 51255680.0
1061.0 68807830.0
1062.0 89932150.0
1063.0 111631620.0
1064.0 129945260.0
1065.0 137751740.0
1066.0 130599260.0
1067.0 108419750.0
1068.0 78525784.0
1069.0 51384380.0
1070.0 33928876.0
1071.0 24607330.0
1072.0 19690796.0
1073.0 17171016.0
1074.0 14956341.0
1075.0 12750071.0
1076.0 10281647.0
1077.0 8915389.0
1078.0 8216327.5
1079.0 7423482.5
1080.0 5991644.0
1081.0 5348983.0
1082.0 4935392.0
1083.0 4497597.0
1084.0 4697884.0
1085.0 4987801.0
1086.0 5187294.0
1087.0 5693241.0
1088.0 6175379.0
1089.0 6851609.5
1090.0 7116649.0
1091.0 8056000.5
1092.0 8455296.0
1093.0 8755456.0
1094.0 8150873.0
1095.0 6572987.0
1096.0 6248540.0
1097.0 6168005.5
1098.0 6751952.0
1099.0 7172338.0
1100.0 7660903.0
1101.0 8730911.0
1102.0 10444787.0
1103.0 12556351.0
1104.0 16720542.0
1105.0 23635356.0
1106.0 34385236.0
1107.0 47818360.0
1108.0 65339870.0
1109.0 82188820.0
1110.0 98120000.0
1111.0 111117180.0
1112.0 113174890.0
1113.0 105439850.0
1114.0 86872490.0
1115.0 61027524.0
1116.0 37070696.0
1117.0 23697904.0
1118.0 17106196.0
1119.0 14012266.0
1120.0 11598151.0
1121.0 9581742.0
1122.0 8634689.0
1123.0 7711119.5
1124.0 6400326.0
1125.0 5552730.0
1126.0 4850723.5
1127.0 3819338.8
1128.0 2922945.2
1129.0 2324608.5
1130.0 2295972.5
1131.0 2426261.8
1132.0 2921879.5
1133.0 3308965.2
1134.0 3339594.5
1135.0 3336096.5
1136.0 3020424.8
1137.0 3415038.5
1138.0 4393699.0
1139.0 4415313.0
1140.0 4088773.0
1141.0 3861272.8
1142.0 3493435.2
1143.0 2916532.2
1144.0 2549201.5
1145.0 2348329.5
1146.0 2608214.2
1147.0 2526527.8
1148.0 2570063.5
1149.0 2486481.5
1150.0 2136608.8
1151.0 2135994.5
1152.0 1759607.6
1153.0 1701179.8
1154.0 1675721.8
1155.0 2013208.2
1156.0 1986229.0
1157.0 2024243.8
1158.0 2046648.8
1159.0 1928967.5
1160.0 2058953.0
1161.0 1982690.1
1162.0 2253174.2
1163.0 2215754.0
1164.0 2183803.0
1165.0 2225156.5
1166.0 2370878.5
1167.0 2442303.5
1168.0 2643110.5
1169.0 2350914.8
1170.0 2479756.0
1171.0 2693997.0
1172.0 2469759.2
1173.0 2459292.8
1174.0 2357564.5
1175.0 2783072.5
1176.0 3090581.0
1177.0 2956449.8
1178.0 2611403.0
1179.0 2759859.5
1180.0 2693371.5
1181.0 2697681.5
1182.0 2554515.2
1183.0 3077686.2
1184.0 3640606.0
1185.0 3735642.8
1186.0 3950995.2
1187.0 4020731.0
1188.0 4615320.5
1189.0 4563822.5
1190.0 4767178.5
1191.0 5021626.0
1192.0 5063086.0
1193.0 5077818.5
1194.0 4468971.0
1195.0 3929072.2
1196.0 3600589.8
1197.0 3439638.0
1198.0 4016187.5
1199.0 3660621.2
1200.0 3631950.2
1201.0 3887488.5
1202.0 3953017.2
1203.0 3583280.2
1204.0 3497957.2
1205.0 3582040.2
1206.0 3073044.5
1207.0 3091351.2
1208.0 3104153.5
1209.0 3913194.5
1210.0 4797449.0
1211.0 4902374.0
1212.0 5172690.0
1213.0 6070869.5
1214.0 6650404.5
1215.0 6499472.5
1216.0 6674300.5
1217.0 6657062.0
1218.0 6361722.0
1219.0 5577393.0
1220.0 5219409.5
1221.0 4528857.0
1222.0 4364825.5
1223.0 4191504.5
1224.0 4528493.0
1225.0 4968094.5
1226.0 4613246.5
1227.0 5312567.0
1228.0 5717393.0
1229.0 5802288.0
1230.0 5864563.0
1231.0 6420453.0
1232.0 6605945.0
1233.0 7578085.0
1234.0 8292989.0
1235.0 9217546.0
1236.0 10464290.0
1237.0 11773708.0
1238.0 14947212.0
1239.0 18064650.0
1240.0 21020728.0
1241.0 23926328.0
1242.0 24561380.0
1243.0 23525678.0
1244.0 22168668.0
1245.0 20055528.0
1246.0 15936744.0
1247.0 11906488.0
1248.0 8676610.0
1249.0 7038127.0
1250.0 6882393.0
1251.0 6756682.0
1252.0 6118995.5
1253.0 5850359.0
1254.0 5957059.5
1255.0 6055303.0
1256.0 5981216.0
1257.0 6713407.0
1258.0 6861127.5
1259.0 7620314.0
1260.0 8150682.0
1261.0 8979515.0
1262.0 11080465.0
1263.0 13396762.0
1264.0 14438626.0
1265.0 16036348.0
1266.0 18088866.0
1267.0 18934556.0
1268.0 20066004.0
1269.0 18945742.0
1270.0 16079221.0
1271.0 14831792.0
1272.0 14689082.0
1273.0 15051464.0
1274.0 16454918.0
1275.0 17159832.0
1276.0 15396366.0
1277.0 12932536.0
1278.0 12354902.0
1279.0 12124331.0
1280.0 12004175.0
1281.0 12131306.0
1282.0 12416419.0
1283.0 13368256.0
1284.0 14775192.0
1285.0 15875949.0
1286.0 15831325.0
1287.0 15061116.0
1288.0 13874134.0
1289.0 13432921.0
1290.0 13741051.0
1291.0 13255236.0
1292.0 12981226.0
1293.0 13881930.0
1294.0 13974702.0
1295.0 14762599.0
1296.0 15830654.0
1297.0 17550160.0
1298.0 16528019.0
1299.0 16401429.0
1300.0 17231124.0
1301.0 18257478.0
1302.0 19066168.0
1303.0 19149328.0
1304.0 20462698.0
1305.0 23211224.0
1306.0 26539780.0
1307.0 28718050.0
1308.0 30423682.0
1309.0 32127142.0
1310.0 33294280.0
1311.0 33987550.0
1312.0 33523980.0
1313.0 32130808.0
1314.0 31221230.0
1315.0 31260824.0
1316.0 32666882.0
1317.0 34457012.0
1318.0 34920104.0
1319.0 34798184.0
1320.0 35695896.0
1321.0 38130664.0
1322.0 38681316.0
1323.0 39416344.0
1324.0 41459396.0
1325.0 41971690.0
1326.0 44509476.0
1327.0 47084664.0
1328.0 51507664.0
1329.0 56308600.0
1330.0 60774404.0
1331.0 62669004.0
1332.0 64020776.0
1333.0 65809210.0
1334.0 67087844.0
1335.0 67489890.0
1336.0 67008090.0
1337.0 67353930.0
1338.0 69337020.0
1339.0 69371850.0
1340.0 68027070.0
1341.0 65283390.0
1342.0 63186076.0
1343.0 59567376.0
1344.0 55668090.0
1345.0 52842764.0
1346.0 52232144.0
1347.0 50714790.0
1348.0 49100004.0
1349.0 51538690.0
1350.0 53727424.0
1351.0 55543420.0
1352.0 57171016.0
1353.0 59643800.0
1354.0 62077116.0
1355.0 64142650.0
1356.0 65311460.0
1357.0 64744190.0
1358.0 64468624.0
1359.0 64964856.0
1360.0 64942470.0
1361.0 67010810.0
1362.0 70516776.0
1363.0 76470300.0
1364.0 85591040.0
1365.0 98943810.0
1366.0 116527040.0
1367.0 136774900.0
1368.0 156647980.0
1369.0 178373300.0
1370.0 200500380.0
1371.0 218450370.0
1372.0 229475620.0
1373.0 240421780.0
1374.0 241099940.0
1375.0 225087380.0
1376.0 199668740.0
1377.0 177035200.0
1378.0 159585200.0
1379.0 144876580.0
1380.0 132489000.0
1381.0 124225660.0
1382.0 115544110.0
1383.0 108417370.0
1384.0 101421130.0
1385.0 98999680.0
1386.0 92575100.0
1387.0 85371380.0
1388.0 76034500.0
1389.0 67993930.0
1390.0 63534010.0
1391.0 57332100.0
1392.0 48962104.0
1393.0 43179124.0
1394.0 39940776.0
1395.0 39658944.0
1396.0 42121600.0
1397.0 44162800.0
1398.0 46831956.0
1399.0 49918970.0
1400.0 54616490.0
1401.0 60846480.0
1402.0 67419210.0
1403.0 72685390.0
1404.0 82014744.0
1405.0 95018290.0
1406.0 109483980.0
1407.0 126500750.0
1408.0 144050000.0
1409.0 162738820.0
1410.0 185478220.0
1411.0 210741100.0
1412.0 240223140.0
1413.0 273505860.0
1414.0 299985200.0
1415.0 311554500.0
1416.0 307014560.0
1417.0 281089000.0
1418.0 244373220.0
1419.0 200264420.0
1420.0 149926580.0
1421.0 106926960.0
1422.0 75782136.0
1423.0 56784296.0
1424.0 45993720.0
1425.0 38013748.0
1426.0 33603670.0
1427.0 29724076.0
1428.0 25092412.0
1429.0 19752204.0
1430.0 16434350.0
1431.0 14973731.0
1432.0 12425278.0
1433.0 11357578.0
1434.0 10166496.0
1435.0 9133898.0
1436.0 9227646.0
1437.0 8935211.0
1438.0 8296164.0
1439.0 8273480.5
1440.0 8327777.5
1441.0 8538276.0
1442.0 8747911.0
1443.0 9205069.0
1444.0 10040527.0
1445.0 9916842.0
1446.0 10173513.0
1447.0 10269012.0
1448.0 10743594.0
1449.0 10980218.0
1450.0 11280328.0
1451.0 12900165.0
1452.0 14119276.0
1453.0 14610970.0
1454.0 15545911.0
1455.0 16206082.0
1456.0 16805310.0
1457.0 16439174.0
1458.0 18061902.0
1459.0 19650404.0
1460.0 19844184.0
1461.0 20642250.0
1462.0 20935580.0
1463.0 20125354.0
1464.0 19407742.0
1465.0 17707778.0
1466.0 17457456.0
1467.0 18113458.0
1468.0 18017000.0
1469.0 19190036.0
1470.0 20860996.0
1471.0 21120288.0
1472.0 20765812.0
1473.0 19920262.0
1474.0 18687758.0
1475.0 18591552.0
1476.0 18570702.0
1477.0 18579476.0
1478.0 18640200.0
1479.0 18488216.0
1480.0 17996984.0
1481.0 18309388.0
1482.0 20306568.0
1483.0 22182452.0
1484.0 25324620.0
1485.0 27831916.0
1486.0 31135096.0
1487.0 34605452.0
1488.0 39214948.0
1489.0 43372716.0
1490.0 45880760.0
1491.0 50798836.0
1492.0 52269890.0
1493.0 54184496.0
1494.0 56527120.0
1495.0 57696404.0
1496.0 56322910.0
1497.0 53759780.0
1498.0 53188130.0
1499.0 52302900.0
1500.0 50325560.0
1501.0 47467680.0
1502.0 43397464.0
1503.0 38073130.0
1504.0 31752898.0
1505.0 27315468.0
1506.0 25191970.0
1507.0 25698930.0
1508.0 26405342.0
1509.0 27847248.0
1510.0 28799722.0
1511.0 29973796.0
1512.0 32463104.0
1513.0 34860212.0
1514.0 35964164.0
1515.0 38546464.0
1516.0 41492270.0
1517.0 44418440.0
1518.0 46298120.0
1519.0 47944464.0
1520.0 50309820.0
1521.0 55266104.0
1522.0 57724964.0
1523.0 58022030.0
1524.0 59442264.0
1525.0 62351430.0
1526.0 67953750.0
1527.0 73504140.0
1528.0 78028920.0
1529.0 80172960.0
1530.0 79579896.0
1531.0 76157130.0
1532.0 70221410.0
1533.0 62688740.0
1534.0 55067356.0
1535.0 47750504.0
1536.0 40347440.0
1537.0 33072458.0
1538.0 27886860.0
1539.0 24617892.0
1540.0 23062644.0
1541.0 23744048.0
1542.0 24998092.0
1543.0 26195308.0
1544.0 27789340.0
1545.0 30950188.0
1546.0 34204300.0
1547.0 36900290.0
1548.0 39179436.0
1549.0 42897036.0
1550.0 48049440.0
1551.0 54231516.0
1552.0 57377336.0
1553.0 61420704.0
1554.0 65505410.0
1555.0 67024270.0
1556.0 71308180.0
1557.0 76850630.0
1558.0 82153870.0
1559.0 85182350.0
1560.0 84156270.0
1561.0 79260140.0
1562.0 71600080.0
1563.0 61475340.0
1564.0 49300850.0
1565.0 42536624.0
1566.0 40224756.0
1567.0 39938124.0
1568.0 41269890.0
1569.0 43022530.0
1570.0 43072330.0
1571.0 44092076.0
1572.0 43058784.0
1573.0 40842536.0
1574.0 38520584.0
1575.0 35910404.0
1576.0 32531104.0
1577.0 27717498.0
1578.0 22391800.0
1579.0 18553984.0
1580.0 16637262.0
1581.0 15443814.0
1582.0 15690754.0
1583.0 15844868.0
1584.0 15364865.0
1585.0 15889974.0
1586.0 15181831.0
1587.0 15452520.0
1588.0 17223874.0
1589.0 18042852.0
1590.0 17909086.0
1591.0 17920002.0
1592.0 18752182.0
1593.0 19440402.0
1594.0 18967354.0
1595.0 17823572.0
1596.0 16554549.0
1597.0 15856494.0
1598.0 15742360.0
1599.0 15732975.0
1600.0 15782709.0
1601.0 15964209.0
1602.0 16001650.0
1603.0 16639416.0
1604.0 17134776.0
1605.0 17330528.0
1606.0 18193320.0
1607.0 19337872.0
1608.0 21152012.0
1609.0 23210612.0
1610.0 24472752.0
1611.0 27350418.0
1612.0 31396148.0
1613.0 36107340.0
1614.0 40075804.0
1615.0 42837470.0
1616.0 44820996.0
1617.0 46432344.0
1618.0 48403536.0
1619.0 47899680.0
1620.0 47730950.0
1621.0 52411940.0
1622.0 56994000.0
1623.0 61473164.0
1624.0 67072430.0
1625.0 73690390.0
1626.0 74996510.0
1627.0 74373770.0
1628.0 74982260.0
1629.0 70728024.0
1630.0 58248130.0
1631.0 44762224.0
1632.0 33125028.0
1633.0 25199302.0
1634.0 22078492.0
1635.0 18625372.0
1636.0 15883319.0
1637.0 14132206.0
1638.0 13721651.0
1639.0 14386635.0
1640.0 13474086.0
1641.0 12603890.0
1642.0 11799115.0
1643.0 11493775.0
1644.0 11721885.0
1645.0 11072098.0
1646.0 11444080.0
1647.0 12651811.0
1648.0 12069938.0
1649.0 11170085.0
1650.0 10895482.0
1651.0 11090321.0
1652.0 11109592.0
1653.0 10760222.0
1654.0 10644814.0
1655.0 11181301.0
1656.0 10922456.0
1657.0 10600922.0
1658.0 10503139.0
1659.0 10811299.0
1660.0 9984689.0
1661.0 9052861.0
1662.0 8888978.0
1663.0 8896379.0
1664.0 8670261.0
1665.0 8033068.0
1666.0 8251874.5
1667.0 9552576.0
1668.0 9453301.0
1669.0 8982565.0
1670.0 9183125.0
1671.0 9126423.0
1672.0 10030298.0
1673.0 10937815.0
1674.0 11061066.0
1675.0 11729618.0
1676.0 12221912.0
1677.0 12417170.0
1678.0 13127559.0
1679.0 13465388.0
1680.0 14029075.0
1681.0 14918019.0
1682.0 14860544.0
1683.0 15383078.0
1684.0 15471009.0
1685.0 15164779.0
1686.0 12784701.0
1687.0 12165169.0
1688.0 11284276.0
1689.0 10592329.0
1690.0 11922140.0
1691.0 12696586.0
1692.0 13300916.0
1693.0 14036626.0
1694.0 14470259.0
1695.0 14345071.0
1696.0 14274485.0
1697.0 15510705.0
1698.0 17029744.0
1699.0 17463278.0
1700.0 18074624.0
1701.0 19242174.0
1702.0 19006010.0
1703.0 18189402.0
1704.0 18418102.0
1705.0 18020834.0
1706.0 16381811.0
1707.0 15385678.0
1708.0 14014055.0
1709.0 13921060.0
1710.0 13737412.0
1711.0 13908785.0
1712.0 14409172.0
1713.0 14484196.0
1714.0 14428564.0
1715.0 13614985.0
1716.0 12595792.0
1717.0 12362912.0
1718.0 11929408.0
1719.0 11360022.0
1720.0 10350421.0
1721.0 8980126.0
1722.0 7437302.0
1723.0 5478055.0
1724.0 4082656.0
1725.0 3320060.0
1726.0 3424974.0
1727.0 3259432.2
1728.0 2851553.5
1729.0 2846523.5
1730.0 2968447.8
1731.0 3036343.5
1732.0 3414184.8
1733.0 3555444.5
1734.0 3705739.5
1735.0 3617905.5
1736.0 3624859.8
1737.0 4071057.0
1738.0 4303497.0
1739.0 4037413.5
1740.0 4078133.8
1741.0 4289096.0
1742.0 4690874.0
1743.0 4762987.0
1744.0 4598189.5
1745.0 5533661.0
1746.0 5566985.0
1747.0 4816763.0
1748.0 4330289.0
1749.0 4431159.5
1750.0 4200381.0
1751.0 4127652.0
1752.0 4265488.0
1753.0 3890329.8
1754.0 3785792.0
1755.0 3554275.5
1756.0 3561057.8
1757.0 3429659.5
1758.0 3373195.0
1759.0 3802536.5
1760.0 3967753.5
1761.0 3909065.2
1762.0 4592408.5
1763.0 4973694.5
1764.0 5157857.0
1765.0 5553307.0
1766.0 5612170.0
1767.0 6234530.0
1768.0 6710910.5
1769.0 7572652.5
1770.0 7175704.5
1771.0 5885632.0
1772.0 5200715.0
1773.0 5582854.0
1774.0 6132485.0
1775.0 6054100.0
1776.0 6075382.5
1777.0 6024129.0
1778.0 5850205.5
1779.0 5880334.5
1780.0 5602376.0
1781.0 4979592.0
1782.0 4522803.0
1783.0 5126495.0
1784.0 4978097.5
1785.0 4452662.0
1786.0 4525715.0
1787.0 4016915.2
1788.0 3701224.0
1789.0 4001309.8
1790.0 4365663.5
1791.0 4490802.5
1792.0 4949479.5
1793.0 5352374.0
1794.0 5300709.5
1795.0 5695267.0
1796.0 5459952.5
1797.0 5484807.5
1798.0 5458542.0
1799.0 5862743.0
1800.0 6194229.5
1801.0 7176253.0
1802.0 7470230.0
1803.0 7389159.0
1804.0 6149135.0
1805.0 6521841.0
1806.0 6576730.0
1807.0 5833356.0
1808.0 5801504.0
1809.0 5259624.0
1810.0 4284173.5
1811.0 4209758.0
1812.0 3970671.5
1813.0 4080327.5
1814.0 4080168.5
1815.0 3612814.0
1816.0 3267412.0
1817.0 2816257.0
1818.0 3302876.5
1819.0 3477579.8
1820.0 3812533.0
1821.0 3547882.8
1822.0 3706587.2
1823.0 3697143.5
1824.0 4070672.2
1825.0 4084324.5
1826.0 5234935.0
1827.0 5325945.5
1828.0 5383904.5
1829.0 5246723.0
1830.0 5718770.0
1831.0 6287444.0
1832.0 7076179.5
1833.0 8569556.0
1834.0 9284476.0
1835.0 8826651.0
1836.0 8610030.0
1837.0 8486541.0
1838.0 7941639.5
1839.0 6941931.0
1840.0 6259572.5
1841.0 5676997.5
1842.0 5678384.5
1843.0 6441989.0
1844.0 6933689.0
1845.0 7415572.5
1846.0 7469716.0
1847.0 7802035.5
1848.0 8316526.0
1849.0 9382866.0
1850.0 10796952.0
1851.0 11192390.0
1852.0 10952711.0
1853.0 11837771.0
1854.0 11662031.0
1855.0 11206444.0
1856.0 11852864.0
1857.0 12166565.0
1858.0 11296318.0
1859.0 11214208.0
1860.0 11109790.0
1861.0 10287095.0
1862.0 10599495.0
1863.0 9619158.0
1864.0 8773799.0
1865.0 8227665.5
1866.0 7839785.0
1867.0 7815940.0
1868.0 7366052.0
1869.0 6720096.0
1870.0 6267101.0
1871.0 5893348.0
1872.0 6759695.5
1873.0 7784492.0
1874.0 7468680.0
1875.0 7054167.5
1876.0 7954583.0
1877.0 8941708.0
1878.0 9567691.0
1879.0 10189508.0
1880.0 10020788.0
1881.0 10105136.0
1882.0 10065678.0
1883.0 9449332.0
1884.0 9024543.0
1885.0 8531710.0
1886.0 7903462.5
1887.0 7737410.5
1888.0 7594204.5
1889.0 5927850.0
1890.0 5304304.0
1891.0 5243158.0
1892.0 4747777.5
1893.0 4875388.0
1894.0 5063146.0
1895.0 5120012.0
1896.0 5056765.0
1897.0 5018231.0
1898.0 5816059.0
1899.0 6960999.0
1900.0 6799510.5
1901.0 7455128.0
1902.0 8921807.0
1903.0 10110154.0
1904.0 11090280.0
1905.0 12426445.0
1906.0 13774549.0
1907.0 14949524.0
1908.0 16188785.0
1909.0 17568328.0
1910.0 18333538.0
1911.0 19166964.0
1912.0 21578210.0
1913.0 22204716.0
1914.0 21681372.0
1915.0 19944696.0
1916.0 17395676.0
1917.0 13634314.0
1918.0 8753804.0
1919.0 7275776.0
1920.0 6195392.5
1921.0 5280314.0
1922.0 5166720.5
1923.0 5194535.5
1924.0 5362603.0
1925.0 5819259.0
1926.0 5902490.5
1927.0 6566885.0
1928.0 8302992.0
1929.0 9112406.0
1930.0 9893769.0
1931.0 10497114.0
1932.0 11978242.0
1933.0 13212195.0
1934.0 13683212.0
1935.0 14049354.0
1936.0 15158185.0
1937.0 16829932.0
1938.0 17884750.0
1939.0 17173896.0
1940.0 17843778.0
1941.0 17165904.0
1942.0 12898459.0
1943.0 10325661.0
1944.0 7036925.5
1945.0 4842209.5
1946.0 4340901.0
1947.0 3528553.0
1948.0 2751601.2
1949.0 2466413.0
1950.0 2384977.8
1951.0 1756831.5
1952.0 1902212.5
1953.0 1865883.2
1954.0 1461271.5
1955.0 1377091.9
1956.0 1121110.4
1957.0 1298973.6
1958.0 983559.94
1959.0 926930.4
1960.0 869646.6
1961.0 1212228.0
1962.0 1156709.5
1963.0 988703.25
1964.0 874237.0
1965.0 975768.75
1966.0 1025162.9
1967.0 1082943.8
1968.0 1177474.1
1969.0 1209481.9
1970.0 1011111.9
1971.0 820584.25
1972.0 1056074.0
1973.0 986773.8
1974.0 892190.25
1975.0 879022.75
1976.0 886363.1
1977.0 793235.25
1978.0 949100.3
1979.0 1075296.5
1980.0 943241.1
1981.0 1003693.06
1982.0 908440.25
1983.0 1376442.4
1984.0 1441543.6
1985.0 1354887.4
1986.0 1438963.0
1987.0 1257425.6
1988.0 1307461.4
1989.0 1255767.4
1990.0 1747611.1
1991.0 1809531.5
1992.0 1955066.4
1993.0 1506781.0
1994.0 1752750.0
1995.0 2015590.0
1996.0 1590891.8
1997.0 1655550.2
1998.0 1892066.8
1999.0 1384240.2
2000.0 1232786.5
2001.0 1518153.0
2002.0 1603217.5
2003.0 1474879.5
2004.0 1509433.5
2005.0 1770753.6
2006.0 1875165.0
2007.0 1810776.2
2008.0 1530731.8
2009.0 1333254.2
2010.0 1325967.6
2011.0 1769723.1
2012.0 564907.4
2013.0 -881410.9
2014.0 -2124318.5
2015.0 -4319104.5
2016.0 -5941207.0
2017.0 -7518642.5
2018.0 -9551030.0
2019.0 -11539471.0
2020.0 -13072295.0
2021.0 -14757672.0
2022.0 -16746251.0
2023.0 -18729674.0
2024.0 -20587408.0
2025.0 -22513342.0
2026.0 -24376144.0
2027.0 -26241172.0
2028.0 -28390558.0
2029.0 -30100404.0
2030.0 0.0
2031.0 0.0
2032.0 0.0
2033.0 0.0
2034.0 0.0
2035.0 0.0
2036.0 0.0
2037.0 0.0
2038.0 0.0
2039.0 0.0
2040.0 0.0
2041.0 0.0
2042.0 0.0
2043.0 0.0
2044.0 0.0
2045.0 0.0
2046.0 0.0
2047.0 0.0
