string
0.0 1339224.0
1.0 1125573.6
2.0 1338942.0
3.0 1543456.5
4.0 2254530.8
5.0 2440316.8
6.0 2006946.0
7.0 2082444.5
8.0 2768367.8
9.0 2397304.2
10.0 2246714.8
11.0 1836368.9
12.0 1532889.4
13.0 1887369.9
14.0 2244687.8
15.0 2163466.0
16.0 2037932.0
17.0 1850270.0
18.0 1868103.6
19.0 1699585.6
20.0 1834643.5
21.0 1955352.8
22.0 2259356.8
23.0 2435760.5
24.0 2094867.0
25.0 1714508.6
26.0 1464010.8
27.0 1823526.0
28.0 1738378.6
29.0 2198316.5
30.0 1909845.0
31.0 1857703.1
32.0 1804573.5
33.0 1912786.0
34.0 2169239.2
35.0 1958908.9
36.0 1932008.8
37.0 2378171.0
38.0 2425789.5
39.0 2557582.2
40.0 2350244.8
41.0 2345209.5
42.0 2769916.2
43.0 2765514.5
44.0 2680423.8
45.0 2363042.5
46.0 2171127.0
47.0 2395048.8
48.0 1943810.8
49.0 1826962.4
50.0 1542064.4
51.0 1292168.2
52.0 1704948.6
53.0 1711048.2
54.0 1972994.4
55.0 1969044.0
56.0 2064811.0
57.0 1841428.9
58.0 2012596.0
59.0 2234749.8
60.0 2580886.2
61.0 2280515.0
62.0 2734573.0
63.0 3144405.0
64.0 3089237.0
65.0 3285015.2
66.0 2886973.8
67.0 2581202.8
68.0 2389184.5
69.0 2175748.0
70.0 2073121.1
71.0 2376458.0
72.0 2137947.0
73.0 2275242.0
74.0 2744352.2
75.0 2641069.0
76.0 2522756.8
77.0 2625150.5
78.0 3327508.0
79.0 3306160.5
80.0 3262001.5
81.0 3774554.5
82.0 4484455.0
83.0 4456512.0
84.0 3955614.0
85.0 4238485.0
86.0 3800316.2
87.0 2966137.8
88.0 2514784.2
89.0 3246489.0
90.0 4069617.5
91.0 4223516.5
92.0 3623195.0
93.0 2630581.2
94.0 2412745.5
95.0 2782632.8
96.0 4333081.0
97.0 6082909.5
98.0 8098345.0
99.0 7303754.5
100.0 5490316.0
101.0 3661222.5
102.0 2431785.8
103.0 1490750.1
104.0 1268477.4
105.0 1123432.6
106.0 946058.6
107.0 1028369.4
108.0 1466173.8
109.0 1788615.1
110.0 1452608.9
111.0 1412667.5
112.0 1447651.0
113.0 1399240.2
114.0 1405862.5
115.0 1414487.5
116.0 1926597.6
117.0 2171606.5
118.0 2877937.2
119.0 3214346.2
120.0 3414632.0
121.0 3753712.2
122.0 4468826.0
123.0 5245095.0
124.0 6602992.5
125.0 7954107.5
126.0 6879389.0
127.0 5705825.0
128.0 5390683.0
129.0 4971242.5
130.0 5925100.0
131.0 6425292.0
132.0 5350507.5
133.0 3409514.0
134.0 2380427.0
135.0 1754907.0
136.0 1264765.9
137.0 976305.1
138.0 959702.2
139.0 870470.25
140.0 910410.9
141.0 653808.9
142.0 839337.25
143.0 886301.9
144.0 562010.7
145.0 737310.3
146.0 754236.3
147.0 613293.0
148.0 643368.9
149.0 646922.6
150.0 736836.6
151.0 710213.0
152.0 495594.03
153.0 480101.5
154.0 731102.56
155.0 1131215.8
156.0 1334668.5
157.0 2509763.0
158.0 4404579.5
159.0 6296623.0
160.0 7833175.5
161.0 7445441.0
162.0 5270810.5
163.0 3770347.2
164.0 3091985.0
165.0 2854431.0
166.0 2510903.0
167.0 2624140.0
168.0 2576094.5
169.0 3267632.5
170.0 4197392.5
171.0 4222864.0
172.0 4103365.2
173.0 3799307.2
174.0 2949784.0
175.0 3029722.2
176.0 3203380.0
177.0 3489894.8
178.0 4035738.5
179.0 5883517.0
180.0 8707079.0
181.0 12031910.0
182.0 15513852.0
183.0 16050959.0
184.0 13121600.0
185.0 9740643.0
186.0 6737732.0
187.0 4130778.5
188.0 2943447.0
189.0 2451614.8
190.0 2559782.8
191.0 2090250.2
192.0 1509999.2
193.0 1269600.6
194.0 1109769.1
195.0 1306776.6
196.0 1072518.6
197.0 1097656.2
198.0 1100383.8
199.0 1060074.2
200.0 997462.56
201.0 882891.4
202.0 837422.9
203.0 721974.1
204.0 967684.25
205.0 968095.0
206.0 965836.2
207.0 1056788.4
208.0 1359384.8
209.0 1615477.4
210.0 1479319.0
211.0 1345387.5
212.0 1187275.0
213.0 1276752.4
214.0 1446501.2
215.0 1902892.8
216.0 2585877.0
217.0 4270161.0
218.0 6923703.0
219.0 9545964.0
220.0 12253691.0
221.0 13089472.0
222.0 11009984.0
223.0 6226597.0
224.0 4034705.2
225.0 2809649.0
226.0 2375073.8
227.0 2050493.6
228.0 1590640.5
229.0 1638340.8
230.0 1815697.5
231.0 1477058.2
232.0 1214092.2
233.0 1317278.5
234.0 1284112.4
235.0 1220332.4
236.0 1248609.8
237.0 1135880.5
238.0 965868.8
239.0 839241.4
240.0 668820.75
241.0 643009.3
242.0 587509.75
243.0 1032710.3
244.0 945459.5
245.0 1018378.25
246.0 1790356.9
247.0 2634397.8
248.0 3021959.5
249.0 3374049.8
250.0 3814230.0
251.0 5010973.0
252.0 7444770.0
253.0 9952844.0
254.0 9011108.0
255.0 7058857.5
256.0 4947442.0
257.0 2946150.2
258.0 2004735.0
259.0 1356287.6
260.0 1074803.1
261.0 1160307.8
262.0 1023752.25
263.0 960687.6
264.0 1018051.9
265.0 957871.25
266.0 861350.94
267.0 846383.75
268.0 795675.25
269.0 715243.06
270.0 730208.2
271.0 829757.75
272.0 615202.9
273.0 655809.9
274.0 689187.0
275.0 710620.1
276.0 673069.75
277.0 749997.5
278.0 677657.8
279.0 675367.4
280.0 534584.3
281.0 750805.6
282.0 975687.1
283.0 966927.75
284.0 940854.44
285.0 1087868.6
286.0 1132630.4
287.0 957973.06
288.0 1142530.2
289.0 1217998.5
290.0 1327888.9
291.0 1481852.2
292.0 1058166.5
293.0 907344.44
294.0 569329.4
295.0 930906.0
296.0 875439.5
297.0 975737.56
298.0 949589.75
299.0 898026.0
300.0 923723.6
301.0 1149939.9
302.0 1680776.5
303.0 1606910.1
304.0 1433054.2
305.0 1584080.1
306.0 1205836.5
307.0 1478008.0
308.0 1360757.2
309.0 1064568.4
310.0 1173902.0
311.0 1189840.8
312.0 965083.4
313.0 1184000.4
314.0 965025.75
315.0 982091.6
316.0 1137675.2
317.0 1365565.0
318.0 1367231.8
319.0 1745752.2
320.0 2378780.8
321.0 2988968.5
322.0 3287852.0
323.0 3214682.2
324.0 2560221.5
325.0 2431125.2
326.0 2667724.5
327.0 2357552.8
328.0 2493814.5
329.0 2641232.8
330.0 3642406.5
331.0 5045990.0
332.0 6864953.0
333.0 7863820.0
334.0 7371952.0
335.0 5786659.5
336.0 4281153.5
337.0 3322646.5
338.0 2108438.5
339.0 1699699.4
340.0 1834166.5
341.0 1556568.8
342.0 1562590.8
343.0 1488204.4
344.0 1159332.6
345.0 1130582.4
346.0 1044717.8
347.0 1296821.8
348.0 1250378.0
349.0 981605.56
350.0 855564.94
351.0 742918.6
352.0 930070.3
353.0 1047861.94
354.0 1184461.8
355.0 714430.94
356.0 871113.1
357.0 1157170.6
358.0 1537025.5
359.0 1660358.5
360.0 1639685.8
361.0 1341792.4
362.0 1345621.8
363.0 1168139.0
364.0 1110271.4
365.0 1698036.9
366.0 2672202.2
367.0 3758901.5
368.0 4454206.0
369.0 4821048.0
370.0 4342330.5
371.0 3197413.5
372.0 2770135.0
373.0 2491949.2
374.0 1917531.1
375.0 1714377.2
376.0 1228332.8
377.0 1296310.2
378.0 1509227.6
379.0 1311147.2
380.0 1166815.2
381.0 1470197.0
382.0 1608964.9
383.0 1558241.9
384.0 1338333.0
385.0 1388887.6
386.0 1121161.0
387.0 1214428.4
388.0 1138395.1
389.0 1023305.94
390.0 915514.5
391.0 1355999.8
392.0 1640743.9
393.0 1331540.0
394.0 1769928.6
395.0 2206305.2
396.0 2122979.8
397.0 2461019.2
398.0 2966474.0
399.0 3146584.0
400.0 2402851.5
401.0 1587483.8
402.0 1250913.2
403.0 1336079.9
404.0 2115822.2
405.0 2214093.5
406.0 2187778.8
407.0 2120229.5
408.0 2511989.0
409.0 2951377.0
410.0 2928312.2
411.0 2436624.0
412.0 2029525.0
413.0 1492845.0
414.0 1747030.6
415.0 2100942.5
416.0 2730778.8
417.0 2763973.8
418.0 2919845.5
419.0 3186003.0
420.0 2926110.5
421.0 2463462.5
422.0 1963092.5
423.0 1565480.8
424.0 1052579.8
425.0 991065.1
426.0 1324292.5
427.0 1127356.5
428.0 1032127.56
429.0 1176258.2
430.0 1207472.2
431.0 1712339.0
432.0 1894762.8
433.0 1671306.5
434.0 1289809.8
435.0 1553002.0
436.0 1706089.8
437.0 1468838.1
438.0 1740917.4
439.0 1803723.6
440.0 1606155.5
441.0 1368978.0
442.0 1312121.0
443.0 1286195.6
444.0 1294497.0
445.0 1556542.6
446.0 1358156.0
447.0 1051540.5
448.0 1069685.5
449.0 1232036.5
450.0 1125400.9
451.0 1692748.2
452.0 2237594.8
453.0 2158557.8
454.0 2136109.8
455.0 1657808.5
456.0 1382561.1
457.0 1492198.2
458.0 1426217.2
459.0 1241511.4
460.0 1184714.9
461.0 1520735.2
462.0 1850753.2
463.0 1560792.4
464.0 1914401.2
465.0 2228086.2
466.0 2205629.8
467.0 2060758.9
468.0 2238647.5
469.0 2110505.8
470.0 2133120.5
471.0 2136131.2
472.0 2113164.8
473.0 2437129.5
474.0 2111834.8
475.0 2023440.2
476.0 1711895.1
477.0 1410840.5
478.0 1061382.1
479.0 1021353.8
480.0 1254436.2
481.0 1215828.4
482.0 1013164.4
483.0 844268.5
484.0 936502.75
485.0 821089.4
486.0 724330.94
487.0 998011.94
488.0 895072.25
489.0 948674.94
490.0 1017341.3
491.0 1094454.6
492.0 1043310.75
493.0 1172719.0
494.0 1056324.5
495.0 836045.1
496.0 746449.94
497.0 1095353.2
498.0 1125477.5
499.0 1111762.0
500.0 1175272.6
501.0 1410236.9
502.0 1274815.2
503.0 1372927.4
504.0 1494205.1
505.0 1655100.2
506.0 1619383.5
507.0 1796224.2
508.0 1494947.6
509.0 1475222.5
510.0 1015264.75
511.0 1058347.0
512.0 1333086.9
513.0 1243672.6
514.0 1243442.2
515.0 1129443.0
516.0 1264240.2
517.0 1433074.9
518.0 1064216.6
519.0 991336.75
520.0 1127694.0
521.0 1299952.0
522.0 1066179.8
523.0 872744.25
524.0 838003.8
525.0 880449.1
526.0 1051549.5
527.0 1172995.1
528.0 844519.25
529.0 1156893.2
530.0 1180121.4
531.0 1116581.5
532.0 1164864.4
533.0 988199.94
534.0 1090480.4
535.0 1488996.8
536.0 2120808.0
537.0 2726369.0
538.0 2944118.8
539.0 2518521.2
540.0 2293777.8
541.0 1809867.2
542.0 1428857.8
543.0 1238812.2
544.0 984332.5
545.0 991652.56
546.0 1019710.1
547.0 1124344.2
548.0 896254.25
549.0 1046469.75
550.0 1123441.0
551.0 1260518.6
552.0 1215318.2
553.0 1426024.8
554.0 1534904.0
555.0 1536861.4
556.0 1304359.0
557.0 1439126.4
558.0 1449534.8
559.0 1931043.5
560.0 2006559.0
561.0 2103661.5
562.0 1543706.2
563.0 930804.7
564.0 980239.44
565.0 1207588.6
566.0 1058739.4
567.0 1370098.9
568.0 1104650.2
569.0 1103057.1
570.0 955235.9
571.0 1021520.9
572.0 1219888.1
573.0 1462055.1
574.0 1425893.0
575.0 1390644.2
576.0 1048860.0
577.0 1001339.7
578.0 1133551.1
579.0 1481183.1
580.0 1378811.2
581.0 1308806.1
582.0 1728060.8
583.0 1717666.4
584.0 1390171.9
585.0 1378105.2
586.0 1511648.1
587.0 1519143.0
588.0 1414191.2
589.0 953236.5
590.0 1020490.6
591.0 1180179.8
592.0 1396554.0
593.0 1091280.8
594.0 887479.5
595.0 1037705.6
596.0 1162447.0
597.0 1087995.8
598.0 806557.4
599.0 891906.3
600.0 1174430.0
601.0 1355046.2
602.0 1212304.0
603.0 856492.1
604.0 1160090.2
605.0 1111488.4
606.0 1170509.4
607.0 941454.75
608.0 825096.75
609.0 1179443.8
610.0 1392856.4
611.0 1169981.0
612.0 1012887.44
613.0 955691.4
614.0 1016187.25
615.0 1131445.2
616.0 1131058.6
617.0 811878.9
618.0 903268.4
619.0 1239853.0
620.0 978875.94
621.0 852499.75
622.0 1208769.8
623.0 1169966.0
624.0 1232033.5
625.0 1298477.2
626.0 1199769.0
627.0 1340903.6
628.0 1471606.9
629.0 1588216.9
630.0 1451681.4
631.0 1269681.6
632.0 1251104.1
633.0 880514.4
634.0 828876.6
635.0 824521.75
636.0 1018608.75
637.0 1015829.4
638.0 989988.2
639.0 1039781.75
640.0 841506.6
641.0 1174006.6
642.0 1054894.2
643.0 1138250.9
644.0 1203390.5
645.0 1181176.4
646.0 1294908.0
647.0 1046831.8
648.0 1259861.1
649.0 1161014.2
650.0 1082454.9
651.0 1035900.7
652.0 944045.5
653.0 1139184.9
654.0 1151967.1
655.0 1334857.2
656.0 1222196.5
657.0 975728.0
658.0 1000476.56
659.0 1205824.5
660.0 1318758.9
661.0 1554446.9
662.0 1608595.8
663.0 1500982.5
664.0 1012810.3
665.0 776386.25
666.0 1018855.6
667.0 1033269.1
668.0 1121253.8
669.0 1365569.2
670.0 1121200.8
671.0 1460552.8
672.0 1576279.9
673.0 1437469.5
674.0 1375905.5
675.0 1584086.0
676.0 1425680.6
677.0 1518884.8
678.0 1298428.1
679.0 1098166.0
680.0 1144801.8
681.0 1389967.4
682.0 1223089.9
683.0 1348824.4
684.0 1129511.9
685.0 796767.8
686.0 1181560.1
687.0 1140540.1
688.0 1463120.1
689.0 1495903.9
690.0 1291004.2
691.0 1006707.6
692.0 938343.75
693.0 1175385.0
694.0 1318423.8
695.0 1245432.4
696.0 1172202.4
697.0 1316193.2
698.0 1337266.9
699.0 1268636.1
700.0 1053504.4
701.0 857031.6
702.0 1029010.7
703.0 976613.4
704.0 978130.75
705.0 1021309.5
706.0 1139995.9
707.0 1066453.9
708.0 1283931.4
709.0 1304444.9
710.0 1259790.1
711.0 995484.4
712.0 946756.94
713.0 1059504.2
714.0 1162206.5
715.0 1324286.0
716.0 1250664.8
717.0 1031598.7
718.0 1004983.1
719.0 910789.94
720.0 802467.9
721.0 761487.9
722.0 895967.75
723.0 876171.1
724.0 1226551.2
725.0 1371902.8
726.0 1187110.8
727.0 1398119.0
728.0 1508661.5
729.0 1040678.06
730.0 697614.7
731.0 669966.3
732.0 985133.75
733.0 920385.0
734.0 993649.9
735.0 886769.9
736.0 897985.0
737.0 1324408.2
738.0 975738.6
739.0 912811.25
740.0 936033.4
741.0 1072383.4
742.0 1095941.1
743.0 1195273.6
744.0 1328480.6
745.0 1286639.2
746.0 1248316.0
747.0 1522646.8
748.0 1359598.9
749.0 1402616.5
750.0 1490784.5
751.0 1939467.2
752.0 1757947.5
753.0 1907504.9
754.0 1736159.9
755.0 1620389.2
756.0 1313484.5
757.0 1068300.4
758.0 1044733.7
759.0 960873.7
760.0 1066963.9
761.0 1477372.0
762.0 1347761.5
763.0 1147882.6
764.0 1025535.3
765.0 1070534.4
766.0 1111788.5
767.0 1028901.2
768.0 875357.8
769.0 788779.25
770.0 1088486.4
771.0 1404269.9
772.0 999848.9
773.0 1185824.2
774.0 1335013.6
775.0 1046910.0
776.0 804967.6
777.0 872086.94
778.0 1191679.9
779.0 1384690.0
780.0 1232475.5
781.0 1035841.0
782.0 1137503.6
783.0 1120233.0
784.0 1185559.5
785.0 1368110.0
786.0 1182020.5
787.0 1176883.0
788.0 1265808.0
789.0 1104016.8
790.0 919996.6
791.0 712568.44
792.0 893355.56
793.0 1006685.5
794.0 1033324.6
795.0 1228508.2
796.0 1195751.1
797.0 1385572.6
798.0 1617069.2
799.0 1749704.0
800.0 1676455.2
801.0 1857387.4
802.0 1921436.1
803.0 1716641.8
804.0 1504076.5
805.0 1482312.8
806.0 1391074.5
807.0 1108751.5
808.0 941015.3
809.0 979657.44
810.0 1091049.1
811.0 1260172.9
812.0 1289471.9
813.0 1069775.9
814.0 1013854.5
815.0 1042676.5
816.0 1315061.1
817.0 1204995.2
818.0 1064826.8
819.0 874051.25
820.0 1152597.4
821.0 1173203.6
822.0 1343789.4
823.0 1267313.0
824.0 1418799.4
825.0 1701284.8
826.0 1609369.4
827.0 1855399.4
828.0 1672543.0
829.0 1403926.4
830.0 1005806.5
831.0 1014193.1
832.0 1649229.4
833.0 1609910.8
834.0 1188515.0
835.0 1151914.9
836.0 1091994.5
837.0 1162759.5
838.0 1460956.5
839.0 1563390.6
840.0 1484203.8
841.0 1307170.8
842.0 998989.06
843.0 1048091.75
844.0 1322068.2
845.0 1287226.5
846.0 1529629.5
847.0 1314975.0
848.0 947057.8
849.0 1208289.2
850.0 1515396.2
851.0 1606626.0
852.0 1261036.0
853.0 1188043.4
854.0 1373118.6
855.0 1097380.9
856.0 1186335.8
857.0 1444498.1
858.0 1420357.6
859.0 1096091.4
860.0 1327889.2
861.0 1418509.5
862.0 1440471.9
863.0 1132626.0
864.0 1126153.5
865.0 1243344.8
866.0 1054082.9
867.0 959455.9
868.0 921843.9
869.0 1017174.75
870.0 881980.94
871.0 1308012.8
872.0 1343348.8
873.0 1491742.0
874.0 1406918.5
875.0 1050018.4
876.0 1280565.2
877.0 1684247.6
878.0 1694436.0
879.0 1324091.5
880.0 1223053.1
881.0 944989.75
882.0 1270871.2
883.0 1315481.5
884.0 1381182.8
885.0 1338579.5
886.0 1592147.6
887.0 1368417.5
888.0 1217547.8
889.0 1228184.5
890.0 1469726.4
891.0 1786794.5
892.0 1622244.5
893.0 1788029.9
894.0 1426143.6
895.0 1402865.8
896.0 1185182.9
897.0 1304176.0
898.0 1641162.2
899.0 1646975.1
900.0 1542854.8
901.0 1399531.9
902.0 1710661.5
903.0 1765462.0
904.0 1877927.5
905.0 2150786.0
906.0 2236015.5
907.0 1994070.6
908.0 1818273.8
909.0 1844175.8
910.0 1812599.5
911.0 2063744.8
912.0 1919167.2
913.0 1801268.2
914.0 2024922.2
915.0 2336123.5
916.0 2214862.8
917.0 1949301.5
918.0 1960579.0
919.0 1919440.5
920.0 1947888.9
921.0 2176433.0
922.0 2000147.8
923.0 2214126.5
924.0 2201257.2
925.0 2152581.2
926.0 2142377.8
927.0 2341978.2
928.0 2225573.0
929.0 2308223.5
930.0 2422259.0
931.0 2410031.5
932.0 2386411.2
933.0 2489570.5
934.0 2476458.2
935.0 2299006.5
936.0 2683962.5
937.0 3078587.2
938.0 2668134.0
939.0 2689514.0
940.0 2696314.5
941.0 2785216.5
942.0 2676594.0
943.0 2593889.0
944.0 2567261.5
945.0 2788550.0
946.0 2752804.8
947.0 2493262.2
948.0 2188882.5
949.0 2641737.8
950.0 2995488.8
951.0 2808686.5
952.0 2599239.5
953.0 2718882.2
954.0 2931665.2
955.0 2851173.0
956.0 2595432.8
957.0 2664412.5
958.0 2725846.5
959.0 2984091.0
960.0 2835335.2
961.0 2633329.5
962.0 2653811.2
963.0 3082227.8
964.0 3100447.5
965.0 3042946.0
966.0 2806251.5
967.0 2940838.8
968.0 3181375.2
969.0 3507935.5
970.0 3278706.2
971.0 3860571.0
972.0 4345396.5
973.0 4105445.5
974.0 4103987.5
975.0 4264878.5
976.0 3958069.0
977.0 3643075.2
978.0 3683585.2
979.0 3927785.2
980.0 4213404.0
981.0 4608636.5
982.0 4863624.0
983.0 5080210.5
984.0 5286405.0
985.0 6319895.0
986.0 7168049.0
987.0 8197988.0
988.0 9574252.0
989.0 10568604.0
990.0 10793514.0
991.0 10667959.0
992.0 10492160.0
993.0 9409864.0
994.0 8520076.0
995.0 8318455.5
996.0 8455280.0
997.0 8812691.0
998.0 8901606.0
999.0 9167518.0
1000.0 9405719.0
1001.0 8356465.0
1002.0 8078506.0
1003.0 8688726.0
1004.0 9746400.0
1005.0 11044079.0
1006.0 11780209.0
1007.0 11506230.0
1008.0 10552426.0
1009.0 10071821.0
1010.0 9303604.0
1011.0 8949888.0
1012.0 9184648.0
1013.0 8592752.0
1014.0 7706824.5
1015.0 7376334.5
1016.0 6849048.0
1017.0 6053299.0
1018.0 5143974.5
1019.0 4690488.0
1020.0 4349314.0
1021.0 4461947.5
1022.0 3723022.5
1023.0 3246250.5
1024.0 3290302.8
1025.0 3543010.5
1026.0 3611063.8
1027.0 3613373.5
1028.0 3830539.5
1029.0 4296926.5
1030.0 4880330.5
1031.0 5292692.5
1032.0 6211642.0
1033.0 7257990.5
1034.0 8801246.0
1035.0 10886046.0
1036.0 12591865.0
1037.0 13396672.0
1038.0 13520114.0
1039.0 13618510.0
1040.0 13372090.0
1041.0 13346185.0
1042.0 12677184.0
1043.0 11468504.0
1044.0 10227242.0
1045.0 10102859.0
1046.0 10898371.0
1047.0 11174662.0
1048.0 11576176.0
1049.0 12370266.0
1050.0 14031854.0
1051.0 15290161.0
1052.0 16299275.0
1053.0 17208930.0
1054.0 16658112.0
1055.0 15839530.0
1056.0 16824858.0
1057.0 18992138.0
1058.0 25275192.0
1059.0 33471478.0
1060.0 46339804.0
1061.0 66621710.0
1062.0 88880220.0
1063.0 111226130.0
1064.0 127667050.0
1065.0 132949610.0
1066.0 126051730.0
1067.0 104803760.0
1068.0 73594740.0
1069.0 46035964.0
1070.0 30008278.0
1071.0 22047696.0
1072.0 17741056.0
1073.0 14726008.0
1074.0 12448046.0
1075.0 10796254.0
1076.0 9463442.0
1077.0 8618526.0
1078.0 6958558.0
1079.0 5950766.0
1080.0 5467722.0
1081.0 5308224.5
1082.0 4963516.5
1083.0 4730514.5
1084.0 4977904.0
1085.0 5530031.0
1086.0 5923007.0
1087.0 5921356.0
1088.0 5759025.0
1089.0 6434325.0
1090.0 6791824.0
1091.0 7538163.0
1092.0 8009024.5
1093.0 8050579.0
1094.0 8150098.0
1095.0 6968630.0
1096.0 6221174.0
1097.0 6154380.0
1098.0 6128299.5
1099.0 6486278.0
1100.0 7406735.0
1101.0 8146355.5
1102.0 9567861.0
1103.0 11278240.0
1104.0 15538254.0
1105.0 22266248.0
1106.0 31793272.0
1107.0 45743796.0
1108.0 63059084.0
1109.0 81487900.0
1110.0 98562380.0
1111.0 111401770.0
1112.0 115752970.0
1113.0 104388670.0
1114.0 82624870.0
1115.0 54888990.0
1116.0 33041278.0
1117.0 22111322.0
1118.0 15864524.0
1119.0 12373595.0
1120.0 10795848.0
1121.0 9252291.0
1122.0 7853236.0
1123.0 7128764.5
1124.0 6002040.5
1125.0 4945603.5
1126.0 4324950.0
1127.0 3679320.2
1128.0 2891303.5
1129.0 2682934.5
1130.0 2675800.0
1131.0 2537355.5
1132.0 2444456.5
1133.0 2505251.0
1134.0 2438477.0
1135.0 2948064.0
1136.0 3742562.8
1137.0 4203939.5
1138.0 4530586.5
1139.0 4456637.0
1140.0 3979304.0
1141.0 3318858.5
1142.0 2874724.0
1143.0 2357129.5
1144.0 2274836.5
1145.0 2214268.5
1146.0 2185242.0
1147.0 2107800.8
1148.0 1976721.0
1149.0 2001917.8
1150.0 2183625.2
1151.0 2140476.0
1152.0 1927175.1
1153.0 1879047.6
1154.0 1904468.2
1155.0 2165822.8
1156.0 2138736.0
1157.0 1923848.5
1158.0 2069907.4
1159.0 2020151.8
1160.0 1983121.9
1161.0 1890708.9
1162.0 2113924.2
1163.0 2024647.6
1164.0 1818753.8
1165.0 2101221.0
1166.0 1822667.8
1167.0 1804403.9
1168.0 2138597.0
1169.0 2546700.0
1170.0 2598771.8
1171.0 2701318.0
1172.0 2891679.5
1173.0 2983692.8
1174.0 2775160.5
1175.0 2870960.0
1176.0 2722104.8
1177.0 2764339.0
1178.0 2902623.0
1179.0 2751597.2
1180.0 2802151.5
1181.0 3035267.2
1182.0 3083807.0
1183.0 3131447.2
1184.0 3522820.5
1185.0 3611468.8
1186.0 3374747.0
1187.0 3624056.2
1188.0 3956440.2
1189.0 4370804.0
1190.0 4909205.5
1191.0 5535415.5
1192.0 5211031.5
1193.0 4933636.5
1194.0 4738964.5
1195.0 4442919.5
1196.0 3934200.2
1197.0 3773531.5
1198.0 3444234.8
1199.0 3487077.0
1200.0 3622786.5
1201.0 3403582.2
1202.0 3677984.8
1203.0 3530019.8
1204.0 3401770.5
1205.0 3119703.0
1206.0 3034448.5
1207.0 3501295.2
1208.0 3780717.8
1209.0 3552538.5
1210.0 4013102.0
1211.0 4381252.0
1212.0 4956429.0
1213.0 6080254.5
1214.0 6270404.0
1215.0 6488960.0
1216.0 6258622.0
1217.0 6156194.0
1218.0 5625721.0
1219.0 4796781.0
1220.0 4273307.0
1221.0 4056578.5
1222.0 4028620.0
1223.0 4112338.0
1224.0 4266706.5
1225.0 5087565.5
1226.0 4974389.5
1227.0 4918925.5
1228.0 5276772.0
1229.0 5438720.0
1230.0 6273777.0
1231.0 7230060.5
1232.0 7235159.0
1233.0 7074934.0
1234.0 7618442.0
1235.0 8578221.0
1236.0 10187731.0
1237.0 12713735.0
1238.0 15927852.0
1239.0 18991116.0
1240.0 20673606.0
1241.0 21926278.0
1242.0 22936320.0
1243.0 22508236.0
1244.0 20804780.0
1245.0 19157892.0
1246.0 15173378.0
1247.0 11217070.0
1248.0 7943257.5
1249.0 6773741.0
1250.0 6207309.0
1251.0 6701645.5
1252.0 5899560.0
1253.0 5789864.0
1254.0 5909296.0
1255.0 5879954.0
1256.0 6190477.0
1257.0 6465565.0
1258.0 7084155.0
1259.0 7795452.5
1260.0 8113915.0
1261.0 9289538.0
1262.0 10871030.0
1263.0 12572804.0
1264.0 14157854.0
1265.0 15866355.0
1266.0 16980282.0
1267.0 18031898.0
1268.0 18558968.0
1269.0 17917978.0
1270.0 15803804.0
1271.0 13930151.0
1272.0 14022075.0
1273.0 15265091.0
1274.0 15135902.0
1275.0 16173772.0
1276.0 15649575.0
1277.0 13721740.0
1278.0 11688839.0
1279.0 11348279.0
1280.0 11656581.0
1281.0 12116135.0
1282.0 13286694.0
1283.0 13674928.0
1284.0 13840608.0
1285.0 14625524.0
1286.0 14839799.0
1287.0 14376144.0
1288.0 13978972.0
1289.0 13047889.0
1290.0 12318430.0
1291.0 12210498.0
1292.0 12940188.0
1293.0 14034628.0
1294.0 14161552.0
1295.0 14901628.0
1296.0 14761236.0
1297.0 15642254.0
1298.0 15527388.0
1299.0 15279935.0
1300.0 15712532.0
1301.0 17152836.0
1302.0 17877508.0
1303.0 19521984.0
1304.0 22025300.0
1305.0 24239482.0
1306.0 25952092.0
1307.0 28440598.0
1308.0 30333848.0
1309.0 33478644.0
1310.0 35469030.0
1311.0 34616310.0
1312.0 33096560.0
1313.0 30337584.0
1314.0 29002976.0
1315.0 30169238.0
1316.0 30729408.0
1317.0 31833398.0
1318.0 32952076.0
1319.0 33813050.0
1320.0 34306532.0
1321.0 34525370.0
1322.0 35237564.0
1323.0 36340544.0
1324.0 39232510.0
1325.0 42325796.0
1326.0 43868330.0
1327.0 46340316.0
1328.0 51169670.0
1329.0 53919204.0
1330.0 57321676.0
1331.0 60676310.0
1332.0 64308804.0
1333.0 64024544.0
1334.0 63613530.0
1335.0 63574404.0
1336.0 63949044.0
1337.0 64055230.0
1338.0 64175810.0
1339.0 64901836.0
1340.0 63989910.0
1341.0 61477524.0
1342.0 57828250.0
1343.0 53016856.0
1344.0 51342136.0
1345.0 51387404.0
1346.0 50493664.0
1347.0 49450644.0
1348.0 51100250.0
1349.0 51991850.0
1350.0 52068450.0
1351.0 52488216.0
1352.0 52562890.0
1353.0 54849656.0
1354.0 58362900.0
1355.0 59231600.0
1356.0 60202040.0
1357.0 61772830.0
1358.0 61465120.0
1359.0 61152336.0
1360.0 61274636.0
1361.0 62664724.0
1362.0 68190700.0
1363.0 76449810.0
1364.0 86577210.0
1365.0 99929310.0
1366.0 115978790.0
1367.0 135623900.0
1368.0 156269420.0
1369.0 172442600.0
1370.0 190479490.0
1371.0 204427200.0
1372.0 215117260.0
1373.0 221277020.0
1374.0 219037730.0
1375.0 203607260.0
1376.0 180102320.0
1377.0 156344140.0
1378.0 140295220.0
1379.0 128372620.0
1380.0 118618480.0
1381.0 113117090.0
1382.0 105663440.0
1383.0 99775880.0
1384.0 95927550.0
1385.0 91827130.0
1386.0 86762600.0
1387.0 79009250.0
1388.0 72510456.0
1389.0 66368564.0
1390.0 58596744.0
1391.0 51924220.0
1392.0 46072170.0
1393.0 42103384.0
1394.0 38656524.0
1395.0 37463190.0
1396.0 39097570.0
1397.0 42199944.0
1398.0 45158356.0
1399.0 50935516.0
1400.0 55116396.0
1401.0 61467176.0
1402.0 67293250.0
1403.0 72544020.0
1404.0 80382296.0
1405.0 94387440.0
1406.0 109143170.0
1407.0 131492180.0
1408.0 153113100.0
1409.0 170012100.0
1410.0 190221730.0
1411.0 214959500.0
1412.0 237294560.0
1413.0 257909740.0
1414.0 275524200.0
1415.0 283144000.0
1416.0 279381630.0
1417.0 261613890.0
1418.0 225095520.0
1419.0 176104030.0
1420.0 124086980.0
1421.0 84290550.0
1422.0 60692904.0
1423.0 48159770.0
1424.0 39506428.0
1425.0 32647236.0
1426.0 27685632.0
1427.0 24556356.0
1428.0 21032578.0
1429.0 17886482.0
1430.0 16066940.0
1431.0 15079365.0
1432.0 12803065.0
1433.0 11830926.0
1434.0 11225652.0
1435.0 9711829.0
1436.0 9438631.0
1437.0 9465933.0
1438.0 9039182.0
1439.0 8620451.0
1440.0 8817877.0
1441.0 8995070.0
1442.0 8874838.0
1443.0 8705750.0
1444.0 9144705.0
1445.0 8988756.0
1446.0 9247712.0
1447.0 9314471.0
1448.0 9670498.0
1449.0 10578615.0
1450.0 11778040.0
1451.0 13216085.0
1452.0 14528490.0
1453.0 15880518.0
1454.0 16347581.0
1455.0 16121302.0
1456.0 15626022.0
1457.0 17358260.0
1458.0 18211202.0
1459.0 18239892.0
1460.0 19431852.0
1461.0 19924908.0
1462.0 20110852.0
1463.0 20098856.0
1464.0 19931212.0
1465.0 19277224.0
1466.0 18329486.0
1467.0 17619456.0
1468.0 18569108.0
1469.0 19642392.0
1470.0 19626650.0
1471.0 20631256.0
1472.0 21014798.0
1473.0 20965502.0
1474.0 19813468.0
1475.0 18560462.0
1476.0 17695536.0
1477.0 18129998.0
1478.0 17829310.0
1479.0 18145956.0
1480.0 18562304.0
1481.0 18087352.0
1482.0 19149376.0
1483.0 21736298.0
1484.0 24760170.0
1485.0 28530742.0
1486.0 32171956.0
1487.0 36220290.0
1488.0 39323396.0
1489.0 43036690.0
1490.0 45922460.0
1491.0 49038980.0
1492.0 53237496.0
1493.0 56214780.0
1494.0 55678144.0
1495.0 55732090.0
1496.0 52797500.0
1497.0 51032090.0
1498.0 50042664.0
1499.0 51362536.0
1500.0 47817636.0
1501.0 43285256.0
1502.0 39082120.0
1503.0 34288576.0
1504.0 29159268.0
1505.0 24920816.0
1506.0 24120044.0
1507.0 24809412.0
1508.0 25420940.0
1509.0 25934932.0
1510.0 27984310.0
1511.0 31119968.0
1512.0 32917668.0
1513.0 33460322.0
1514.0 35222020.0
1515.0 37361244.0
1516.0 40124490.0
1517.0 42670130.0
1518.0 45991900.0
1519.0 48388280.0
1520.0 51667300.0
1521.0 57559916.0
1522.0 62697156.0
1523.0 63055584.0
1524.0 62416840.0
1525.0 61442816.0
1526.0 65060130.0
1527.0 69319560.0
1528.0 72620720.0
1529.0 74066760.0
1530.0 73256470.0
1531.0 70672580.0
1532.0 64003884.0
1533.0 55591810.0
1534.0 46196664.0
1535.0 39417084.0
1536.0 32803648.0
1537.0 27478708.0
1538.0 22599490.0
1539.0 20008146.0
1540.0 20540772.0
1541.0 21813500.0
1542.0 23763016.0
1543.0 25320312.0
1544.0 25718562.0
1545.0 27960842.0
1546.0 31312102.0
1547.0 34897340.0
1548.0 38505130.0
1549.0 44521384.0
1550.0 49595344.0
1551.0 56303236.0
1552.0 61428100.0
1553.0 63645790.0
1554.0 63928564.0
1555.0 65176690.0
1556.0 70010970.0
1557.0 70952010.0
1558.0 73015130.0
1559.0 77541100.0
1560.0 78657300.0
1561.0 71979370.0
1562.0 64069016.0
1563.0 52391480.0
1564.0 43759300.0
1565.0 40218276.0
1566.0 38144744.0
1567.0 38352684.0
1568.0 37961212.0
1569.0 40130572.0
1570.0 42018636.0
1571.0 41345252.0
1572.0 38076484.0
1573.0 36283490.0
1574.0 34776556.0
1575.0 31912084.0
1576.0 28986956.0
1577.0 23575632.0
1578.0 17594184.0
1579.0 15399591.0
1580.0 14994242.0
1581.0 14877409.0
1582.0 14895579.0
1583.0 14799071.0
1584.0 15388620.0
1585.0 15496614.0
1586.0 15292061.0
1587.0 16557139.0
1588.0 16161049.0
1589.0 16323268.0
1590.0 17180232.0
1591.0 17562966.0
1592.0 18029418.0
1593.0 17473108.0
1594.0 16615049.0
1595.0 15661801.0
1596.0 15041102.0
1597.0 14282865.0
1598.0 14338260.0
1599.0 14891948.0
1600.0 15098395.0
1601.0 15168054.0
1602.0 15999268.0
1603.0 16226761.0
1604.0 17440036.0
1605.0 18916054.0
1606.0 20155460.0
1607.0 22160120.0
1608.0 23361330.0
1609.0 24925062.0
1610.0 27032364.0
1611.0 29232400.0
1612.0 30123340.0
1613.0 33064142.0
1614.0 38237456.0
1615.0 41075630.0
1616.0 44761056.0
1617.0 47720664.0
1618.0 50919296.0
1619.0 51140460.0
1620.0 51468450.0
1621.0 53584664.0
1622.0 56675650.0
1623.0 59231610.0
1624.0 62454300.0
1625.0 66094660.0
1626.0 67677890.0
1627.0 68055530.0
1628.0 66982284.0
1629.0 59837480.0
1630.0 47057284.0
1631.0 34814864.0
1632.0 25553148.0
1633.0 20434268.0
1634.0 16299364.0
1635.0 14947301.0
1636.0 13500016.0
1637.0 12233899.0
1638.0 12411930.0
1639.0 11741380.0
1640.0 10998586.0
1641.0 11624568.0
1642.0 11859592.0
1643.0 12170780.0
1644.0 12367340.0
1645.0 12269861.0
1646.0 11737820.0
1647.0 11052766.0
1648.0 11658845.0
1649.0 11599214.0
1650.0 11340804.0
1651.0 10501938.0
1652.0 10808765.0
1653.0 9845162.0
1654.0 9354236.0
1655.0 10180143.0
1656.0 10592394.0
1657.0 9910824.0
1658.0 9550039.0
1659.0 9429366.0
1660.0 9167848.0
1661.0 8727622.0
1662.0 8258084.5
1663.0 8062937.0
1664.0 8056794.5
1665.0 7615982.0
1666.0 8248689.0
1667.0 8304327.5
1668.0 7869725.0
1669.0 8148061.0
1670.0 8950320.0
1671.0 9117035.0
1672.0 10229470.0
1673.0 11165656.0
1674.0 11509664.0
1675.0 11580205.0
1676.0 11538206.0
1677.0 11722039.0
1678.0 12383229.0
1679.0 12679631.0
1680.0 13482542.0
1681.0 13564475.0
1682.0 14270971.0
1683.0 15322419.0
1684.0 15247298.0
1685.0 12987178.0
1686.0 11812838.0
1687.0 11647576.0
1688.0 12409960.0
1689.0 12735099.0
1690.0 12738240.0
1691.0 13058714.0
1692.0 13715892.0
1693.0 15714058.0
1694.0 15096275.0
1695.0 14026086.0
1696.0 14235215.0
1697.0 15638556.0
1698.0 16110486.0
1699.0 16571336.0
1700.0 16566846.0
1701.0 17534324.0
1702.0 19180704.0
1703.0 19734840.0
1704.0 19675584.0
1705.0 17819004.0
1706.0 15754948.0
1707.0 14768184.0
1708.0 14652694.0
1709.0 14068156.0
1710.0 14717471.0
1711.0 14719890.0
1712.0 13834309.0
1713.0 13781715.0
1714.0 13066578.0
1715.0 12444082.0
1716.0 11825552.0
1717.0 11244126.0
1718.0 11487590.0
1719.0 10340254.0
1720.0 9215108.0
1721.0 8042179.5
1722.0 6124039.5
1723.0 4548579.0
1724.0 3913021.2
1725.0 2831388.5
1726.0 2660638.5
1727.0 2788228.5
1728.0 2790502.8
1729.0 3051657.8
1730.0 3121738.8
1731.0 3347499.8
1732.0 3734768.5
1733.0 3698490.2
1734.0 3889965.5
1735.0 3710695.5
1736.0 3640617.0
1737.0 4050162.0
1738.0 4050286.0
1739.0 4408725.0
1740.0 4471056.0
1741.0 4356099.5
1742.0 4566704.5
1743.0 4422715.5
1744.0 4301701.5
1745.0 3832724.8
1746.0 3966246.5
1747.0 4096272.2
1748.0 4430594.5
1749.0 4265264.0
1750.0 4217700.0
1751.0 4000795.0
1752.0 3565947.8
1753.0 4025505.5
1754.0 3796526.2
1755.0 3176930.2
1756.0 3429205.0
1757.0 4127856.0
1758.0 4013782.5
1759.0 3790427.0
1760.0 3665967.2
1761.0 4264947.5
1762.0 4654597.5
1763.0 5160623.0
1764.0 5426535.0
1765.0 5562965.0
1766.0 5903261.0
1767.0 5900159.0
1768.0 6262522.0
1769.0 7044811.0
1770.0 6878767.0
1771.0 5840223.0
1772.0 5320461.0
1773.0 5110569.0
1774.0 5604535.5
1775.0 6346965.5
1776.0 6058278.0
1777.0 5806315.0
1778.0 5584497.0
1779.0 5239385.5
1780.0 5262960.0
1781.0 5071848.0
1782.0 4180919.8
1783.0 4240139.5
1784.0 3926922.8
1785.0 3356928.0
1786.0 3615973.5
1787.0 4233949.0
1788.0 4592665.0
1789.0 4516626.0
1790.0 4082364.0
1791.0 4884797.0
1792.0 4859835.5
1793.0 4764173.0
1794.0 4448271.5
1795.0 4481423.5
1796.0 4387323.0
1797.0 4642694.0
1798.0 5115903.0
1799.0 5685201.0
1800.0 6088291.0
1801.0 6313013.0
1802.0 6204839.0
1803.0 5259197.0
1804.0 5881935.5
1805.0 5852299.5
1806.0 6308943.0
1807.0 6145076.0
1808.0 5440424.5
1809.0 4349834.0
1810.0 3577681.2
1811.0 4045429.8
1812.0 3834961.0
1813.0 3759554.0
1814.0 3694915.0
1815.0 3680172.5
1816.0 3544691.2
1817.0 3434737.8
1818.0 3114415.0
1819.0 3260468.8
1820.0 3894097.0
1821.0 4227152.0
1822.0 4070163.5
1823.0 4340371.5
1824.0 4538311.0
1825.0 4707564.0
1826.0 4956194.5
1827.0 4797978.5
1828.0 5158414.0
1829.0 5770477.5
1830.0 5957932.5
1831.0 6867662.0
1832.0 7789250.0
1833.0 8022742.5
1834.0 8496826.0
1835.0 8122232.5
1836.0 7470629.5
1837.0 7152992.5
1838.0 7124823.0
1839.0 6544118.0
1840.0 6291687.5
1841.0 7041519.0
1842.0 7116654.5
1843.0 6752914.5
1844.0 7269589.0
1845.0 7335282.5
1846.0 8339900.0
1847.0 8531856.0
1848.0 8819212.0
1849.0 9552775.0
1850.0 9568647.0
1851.0 10765109.0
1852.0 11101486.0
1853.0 11441764.0
1854.0 11225291.0
1855.0 11234686.0
1856.0 11274755.0
1857.0 10844151.0
1858.0 9704380.0
1859.0 9660088.0
1860.0 9921298.0
1861.0 9667492.0
1862.0 9547257.0
1863.0 8598986.0
1864.0 8920538.0
1865.0 8430184.0
1866.0 7824374.0
1867.0 7296915.0
1868.0 6593235.5
1869.0 6238561.0
1870.0 6425752.5
1871.0 7056652.0
1872.0 7581381.0
1873.0 7442129.0
1874.0 7427382.0
1875.0 7470960.5
1876.0 7813614.0
1877.0 8872753.0
1878.0 9515116.0
1879.0 9905908.0
1880.0 9808218.0
1881.0 9122956.0
1882.0 8667525.0
1883.0 8658518.0
1884.0 9054171.0
1885.0 8648784.0
1886.0 7559941.0
1887.0 7159008.0
1888.0 6305105.0
1889.0 5753785.0
1890.0 5228629.0
1891.0 4396479.0
1892.0 3854572.0
1893.0 3937051.5
1894.0 4213497.0
1895.0 4524621.0
1896.0 5715954.0
1897.0 6547799.5
1898.0 6930130.5
1899.0 7483030.0
1900.0 9819072.0
1901.0 11030325.0
1902.0 11760008.0
1903.0 12525114.0
1904.0 13054392.0
1905.0 14017574.0
1906.0 15261641.0
1907.0 16170918.0
1908.0 17087706.0
1909.0 17019736.0
1910.0 17474992.0
1911.0 19388252.0
1912.0 19978248.0
1913.0 19198078.0
1914.0 17394672.0
1915.0 14636298.0
1916.0 12286172.0
1917.0 9284365.0
1918.0 7107107.0
1919.0 5414333.0
1920.0 4464430.5
1921.0 4189154.8
1922.0 4678792.5
1923.0 5682869.0
1924.0 5833073.0
1925.0 7123834.5
1926.0 8352960.0
1927.0 8906837.0
1928.0 9511112.0
1929.0 9587918.0
1930.0 10966625.0
1931.0 12143169.0
1932.0 12050912.0
1933.0 12215929.0
1934.0 12472412.0
1935.0 14583550.0
1936.0 15789469.0
1937.0 16835518.0
1938.0 16710440.0
1939.0 15668474.0
1940.0 14262672.0
1941.0 12460695.0
1942.0 9317251.0
1943.0 6029166.0
1944.0 4357467.0
1945.0 3099225.0
1946.0 2885732.2
1947.0 2804502.8
1948.0 2549462.0
1949.0 1961645.1
1950.0 2188963.0
1951.0 1957788.1
1952.0 1416928.6
1953.0 1197257.6
1954.0 1238883.5
1955.0 1223004.5
1956.0 1218114.2
1957.0 1310886.1
1958.0 1078141.0
1959.0 1057750.4
1960.0 854763.0
1961.0 938173.1
1962.0 1225686.8
1963.0 1108212.5
1964.0 1102991.1
1965.0 1084612.5
1966.0 1132538.5
1967.0 1104532.6
1968.0 1049800.2
1969.0 1015090.7
1970.0 948280.25
1971.0 1052062.4
1972.0 947630.4
1973.0 1114143.6
1974.0 984959.75
1975.0 1159090.8
1976.0 1404546.8
1977.0 1472768.5
1978.0 1343100.1
1979.0 1164153.5
1980.0 1231387.2
1981.0 1162298.8
1982.0 1096372.4
1983.0 1189053.5
1984.0 1260074.1
1985.0 1456731.5
1986.0 1614191.4
1987.0 1597326.2
1988.0 1636394.0
1989.0 1780544.4
1990.0 1588791.8
1991.0 1341152.8
1992.0 1605475.2
1993.0 1781127.2
1994.0 1457638.9
1995.0 1745137.5
1996.0 1679721.9
1997.0 1721622.5
1998.0 1770201.2
1999.0 1838542.4
2000.0 1669933.0
2001.0 1762486.8
2002.0 2014634.2
2003.0 2243328.2
2004.0 2175802.8
2005.0 1995689.8
2006.0 1737591.4
2007.0 1606151.9
2008.0 1781126.4
2009.0 1649631.2
2010.0 1607079.8
2011.0 1802250.0
2012.0 2175382.2
2013.0 1908991.0
2014.0 1962366.8
2015.0 1881159.4
2016.0 2127706.5
2017.0 2108762.2
2018.0 1924897.5
2019.0 1878729.9
2020.0 1997623.5
2021.0 1648814.5
2022.0 1421575.0
2023.0 1847436.5
2024.0 2230381.0
2025.0 1909964.9
2026.0 2245119.2
2027.0 2539552.5
2028.0 1193256.2
2029.0 -309673.3
2030.0 -1661769.5
2031.0 -3997615.2
2032.0 -5603428.0
2033.0 -7195253.0
2034.0 -8495858.0
2035.0 -10317130.0
2036.0 -12130348.0
2037.0 -13619644.0
2038.0 -15710271.0
2039.0 -17787432.0
2040.0 -20155838.0
2041.0 -21872268.0
2042.0 -23901978.0
2043.0 -26125520.0
2044.0 -28347168.0
2045.0 -30100404.0
2046.0 0.0
2047.0 0.0
