string
0.0 1776772.4
1.0 1632045.0
2.0 1685518.9
3.0 1970248.5
4.0 1900609.9
5.0 1809938.8
6.0 2266255.5
7.0 2239829.5
8.0 2125820.2
9.0 2180293.0
10.0 2088445.2
11.0 2026763.5
12.0 2139492.8
13.0 2031595.1
14.0 2287140.0
15.0 2437237.0
16.0 2281241.5
17.0 2381501.5
18.0 2450002.0
19.0 2347428.2
20.0 2804205.2
21.0 2611296.5
22.0 1984992.8
23.0 1370284.0
24.0 1439295.6
25.0 1623027.5
26.0 1773118.9
27.0 2293569.8
28.0 2134259.2
29.0 1904967.4
30.0 2139874.0
31.0 1818693.9
32.0 2155729.5
33.0 2290828.5
34.0 2107794.8
35.0 2078106.5
36.0 2498132.2
37.0 2638536.5
38.0 2614868.5
39.0 2606055.2
40.0 2484359.0
41.0 2903958.0
42.0 3171758.8
43.0 3234857.8
44.0 2879291.5
45.0 2639739.5
46.0 2618352.2
47.0 2415281.5
48.0 1944918.2
49.0 1997825.2
50.0 1822757.6
51.0 1528103.6
52.0 1550323.1
53.0 1728783.6
54.0 1833286.4
55.0 1680670.2
56.0 1900014.2
57.0 2094563.1
58.0 2159413.5
59.0 2519145.8
60.0 2426326.2
61.0 3050393.5
62.0 3415398.8
63.0 3279398.0
64.0 3042202.0
65.0 2782222.8
66.0 2810587.8
67.0 2553387.0
68.0 2559261.5
69.0 2415507.0
70.0 2613200.0
71.0 2753952.2
72.0 2791807.0
73.0 3066773.8
74.0 3266401.2
75.0 3774924.0
76.0 4492085.0
77.0 3986666.2
78.0 3873746.0
79.0 4576122.0
80.0 4885440.5
81.0 4612407.0
82.0 4156287.2
83.0 4158775.5
84.0 4389431.0
85.0 3699554.5
86.0 3611481.5
87.0 3638501.2
88.0 3082406.0
89.0 3618405.0
90.0 3606069.8
91.0 3759328.8
92.0 3579422.0
93.0 3795294.8
94.0 4473129.5
95.0 5213924.0
96.0 6557659.5
97.0 6948642.0
98.0 6404128.0
99.0 5383192.0
100.0 4051089.5
101.0 2870309.0
102.0 1776826.9
103.0 1025261.2
104.0 992051.5
105.0 1407202.5
106.0 1344797.2
107.0 1584517.0
108.0 1830816.8
109.0 1923283.6
110.0 1275555.0
111.0 1380335.1
112.0 1415412.2
113.0 2080396.4
114.0 2246734.8
115.0 3242045.0
116.0 3494454.0
117.0 3637352.0
118.0 4347316.5
119.0 5196251.5
120.0 4927925.5
121.0 5713509.5
122.0 6842561.0
123.0 7290105.5
124.0 7204203.0
125.0 6612121.0
126.0 6298189.0
127.0 5843095.0
128.0 5159574.0
129.0 5588712.5
130.0 5530882.0
131.0 4753673.0
132.0 4011992.5
133.0 2948868.5
134.0 1813081.0
135.0 1145682.5
136.0 1036731.1
137.0 1036087.4
138.0 918651.94
139.0 868728.75
140.0 709782.6
141.0 789546.8
142.0 668072.8
143.0 949963.75
144.0 1123561.8
145.0 1038872.8
146.0 662346.94
147.0 474835.34
148.0 891069.9
149.0 896902.1
150.0 905064.75
151.0 1115088.0
152.0 1398168.5
153.0 1776277.6
154.0 2594218.5
155.0 2817423.8
156.0 3834829.0
157.0 5258144.0
158.0 6037195.5
159.0 6796867.0
160.0 6778285.5
161.0 6429032.5
162.0 4753164.5
163.0 3559506.0
164.0 3233177.2
165.0 3615733.5
166.0 3397642.2
167.0 3365680.0
168.0 3608202.8
169.0 3525229.0
170.0 3704584.5
171.0 3513907.5
172.0 3561144.8
173.0 3832458.0
174.0 3712946.5
175.0 4410059.0
176.0 5468583.0
177.0 6765875.5
178.0 8158707.0
179.0 10410784.0
180.0 13112514.0
181.0 14106788.0
182.0 12701031.0
183.0 11779758.0
184.0 9074022.0
185.0 6219374.5
186.0 4666496.5
187.0 3872575.5
188.0 3407270.0
189.0 3114786.0
190.0 2895897.8
191.0 2431309.8
192.0 1931201.1
193.0 1414452.8
194.0 1291933.2
195.0 1624542.5
196.0 1382454.4
197.0 938446.2
198.0 693319.1
199.0 956374.75
200.0 1316537.4
201.0 1020559.44
202.0 1014697.4
203.0 816145.1
204.0 1103043.6
205.0 1150762.2
206.0 1433523.5
207.0 1551488.8
208.0 1341204.4
209.0 1781521.4
210.0 1653709.8
211.0 1611173.1
212.0 1837526.5
213.0 2532452.5
214.0 3363034.5
215.0 4968135.0
216.0 6397697.0
217.0 8197136.0
218.0 10403042.0
219.0 11251256.0
220.0 11078952.0
221.0 8744345.0
222.0 6387739.5
223.0 4846541.5
224.0 4076167.0
225.0 3040960.0
226.0 2527322.2
227.0 2242639.8
228.0 1943770.6
229.0 2034949.2
230.0 1977511.9
231.0 1760159.8
232.0 1476818.5
233.0 1197211.0
234.0 1058439.9
235.0 948839.25
236.0 863679.25
237.0 823938.75
238.0 1249065.2
239.0 1398519.4
240.0 1087363.5
241.0 867471.1
242.0 964701.6
243.0 1307533.8
244.0 2004946.2
245.0 2493317.0
246.0 3056902.0
247.0 3336103.0
248.0 4381499.0
249.0 5608205.0
250.0 6748612.5
251.0 7135925.5
252.0 7468133.0
253.0 7552063.0
254.0 5748175.5
255.0 4870154.0
256.0 3916918.5
257.0 3001409.5
258.0 2237773.5
259.0 1663395.0
260.0 1523823.8
261.0 1515799.0
262.0 1478985.5
263.0 1239241.6
264.0 1350850.8
265.0 1222146.8
266.0 1219409.8
267.0 1077450.0
268.0 1049738.1
269.0 989457.8
270.0 846467.4
271.0 774164.6
272.0 1069604.8
273.0 1059016.6
274.0 766818.5
275.0 1010364.5
276.0 911098.44
277.0 883150.75
278.0 1104864.5
279.0 1783331.4
280.0 1593938.1
281.0 1329238.6
282.0 1074553.6
283.0 1243575.5
284.0 1386185.2
285.0 989669.25
286.0 890056.0
287.0 814969.25
288.0 1108617.8
289.0 1280789.2
290.0 1114326.5
291.0 1068913.5
292.0 930089.6
293.0 990144.06
294.0 1127450.2
295.0 1195543.8
296.0 910189.75
297.0 868176.4
298.0 1081938.6
299.0 1421267.8
300.0 1868127.5
301.0 1821362.4
302.0 1677330.8
303.0 1460602.8
304.0 1528349.9
305.0 1632304.4
306.0 1887061.5
307.0 1572404.8
308.0 1490045.0
309.0 1432772.0
310.0 1442332.2
311.0 1387431.1
312.0 1019585.4
313.0 1150333.2
314.0 1553692.2
315.0 1409593.6
316.0 1519374.4
317.0 1861244.2
318.0 2364501.5
319.0 2898692.8
320.0 2849334.0
321.0 2914625.2
322.0 2981128.5
323.0 2936970.0
324.0 2942083.5
325.0 3077151.0
326.0 2658816.2
327.0 3166852.2
328.0 4217118.0
329.0 5660023.0
330.0 6861018.0
331.0 7392439.0
332.0 7161570.0
333.0 6379350.0
334.0 5263781.0
335.0 3810027.5
336.0 3284464.8
337.0 2751974.8
338.0 2113602.8
339.0 1891278.0
340.0 1928485.5
341.0 1880594.2
342.0 1462299.0
343.0 1545489.4
344.0 1444061.9
345.0 1722752.6
346.0 1314362.5
347.0 1114544.1
348.0 955700.75
349.0 1024475.9
350.0 970360.3
351.0 1028983.75
352.0 1141052.1
353.0 1195381.2
354.0 1330649.0
355.0 1313032.4
356.0 1384996.9
357.0 1343043.8
358.0 1259284.2
359.0 1571547.8
360.0 1781666.8
361.0 1940070.5
362.0 1692160.6
363.0 1808386.4
364.0 2583548.0
365.0 2747232.0
366.0 3123526.2
367.0 4386372.0
368.0 4715162.5
369.0 4127235.0
370.0 2585586.0
371.0 2091454.0
372.0 1822457.4
373.0 1603063.9
374.0 1657792.2
375.0 1639933.6
376.0 1767417.6
377.0 1812121.4
378.0 1434478.5
379.0 1211885.5
380.0 1280845.5
381.0 1354065.8
382.0 1258239.8
383.0 1117355.9
384.0 841921.75
385.0 952939.75
386.0 1126464.8
387.0 1086889.6
388.0 1242089.8
389.0 1088134.8
390.0 1093367.5
391.0 1285579.8
392.0 1617124.0
393.0 1918633.6
394.0 1786359.2
395.0 1858292.6
396.0 2102023.0
397.0 2632097.5
398.0 2746618.5
399.0 2541838.5
400.0 2209559.0
401.0 2012362.5
402.0 1541755.2
403.0 1956145.6
404.0 2053425.2
405.0 2457280.2
406.0 2207523.0
407.0 2195817.8
408.0 2105881.5
409.0 2269487.8
410.0 2176254.0
411.0 2242523.8
412.0 2388091.5
413.0 2623894.8
414.0 2891338.8
415.0 2835518.8
416.0 3028361.0
417.0 3190668.8
418.0 3084985.0
419.0 2795319.0
420.0 2523517.0
421.0 2339302.8
422.0 2024339.4
423.0 1727613.5
424.0 1653676.2
425.0 1578820.5
426.0 1719442.0
427.0 1873330.0
428.0 1856208.1
429.0 1700687.0
430.0 1708843.9
431.0 2386237.0
432.0 2824727.5
433.0 2108019.8
434.0 1718565.0
435.0 1642545.6
436.0 1499951.8
437.0 1487185.2
438.0 1394180.5
439.0 1499915.5
440.0 1452146.0
441.0 1418889.5
442.0 1024357.9
443.0 1099665.8
444.0 1474437.6
445.0 1417339.9
446.0 1255567.9
447.0 1334720.8
448.0 1661958.2
449.0 1683657.2
450.0 1842611.0
451.0 1920855.8
452.0 2507635.8
453.0 2960672.8
454.0 3134600.5
455.0 2238111.5
456.0 1813116.0
457.0 1678220.1
458.0 1494938.2
459.0 1262188.5
460.0 1711996.1
461.0 1955250.8
462.0 2056051.9
463.0 2266345.2
464.0 2503099.5
465.0 2265394.8
466.0 2444279.5
467.0 2211824.2
468.0 1909590.1
469.0 2090711.5
470.0 1920945.8
471.0 1689195.0
472.0 1915418.5
473.0 1996773.2
474.0 1478520.0
475.0 1496204.5
476.0 1682981.2
477.0 1349878.8
478.0 1504332.4
479.0 1532241.8
480.0 1478424.4
481.0 855291.2
482.0 972475.3
483.0 1069460.2
484.0 1200459.2
485.0 1226665.8
486.0 803715.1
487.0 750609.94
488.0 1021662.0
489.0 930988.25
490.0 826532.44
491.0 964832.0
492.0 1353726.5
493.0 1552975.6
494.0 1353947.4
495.0 1196704.9
496.0 1440650.2
497.0 1437723.5
498.0 1482824.2
499.0 1322048.0
500.0 1900222.2
501.0 1588643.6
502.0 1414256.8
503.0 1709698.5
504.0 1752953.0
505.0 1765062.0
506.0 2154432.8
507.0 1682739.5
508.0 1623465.5
509.0 1768595.6
510.0 1610165.8
511.0 1316014.0
512.0 1355741.8
513.0 1397521.2
514.0 1487885.6
515.0 1334522.6
516.0 1497918.1
517.0 1586088.8
518.0 1476554.5
519.0 1384558.8
520.0 1401663.5
521.0 976321.5
522.0 1136371.5
523.0 1078004.0
524.0 1139298.9
525.0 1295110.8
526.0 1159137.5
527.0 1088217.5
528.0 1045999.0
529.0 1479106.5
530.0 1638350.0
531.0 1877787.4
532.0 1417426.2
533.0 1855288.1
534.0 2355014.5
535.0 2331381.8
536.0 2271353.0
537.0 2264319.8
538.0 2906507.2
539.0 2879801.0
540.0 2645101.5
541.0 2135870.2
542.0 1968059.2
543.0 1535187.5
544.0 1340934.4
545.0 1425074.8
546.0 1251202.1
547.0 1346579.0
548.0 1317796.8
549.0 1257015.0
550.0 1475574.8
551.0 1212790.5
552.0 1191001.4
553.0 1832894.4
554.0 2023724.8
555.0 1880559.8
556.0 1683279.5
557.0 1630319.4
558.0 1853309.2
559.0 1870111.1
560.0 1985395.8
561.0 1503685.5
562.0 1174590.9
563.0 1282578.1
564.0 1512325.8
565.0 1146473.6
566.0 1364513.9
567.0 1270680.4
568.0 1260020.5
569.0 1282551.0
570.0 1085972.8
571.0 1149691.5
572.0 1358655.5
573.0 973158.8
574.0 1071536.9
575.0 791621.4
576.0 1137375.9
577.0 1467948.8
578.0 1511643.6
579.0 1910391.2
580.0 1706018.0
581.0 1500951.4
582.0 1510429.5
583.0 1331763.8
584.0 1174931.6
585.0 1491840.1
586.0 1600306.1
587.0 1670458.1
588.0 1605285.6
589.0 1578266.8
590.0 1380414.2
591.0 1314919.5
592.0 1390386.0
593.0 1475663.6
594.0 1430010.6
595.0 1465020.2
596.0 1375299.4
597.0 1500139.8
598.0 1103584.8
599.0 1187836.5
600.0 1080073.9
601.0 1330437.6
602.0 1553912.0
603.0 1537179.8
604.0 1228740.4
605.0 1256966.8
606.0 1209615.5
607.0 1496968.8
608.0 1434897.6
609.0 1357138.2
610.0 1553433.5
611.0 1746694.5
612.0 1707628.1
613.0 2024519.5
614.0 1573546.0
615.0 1336873.5
616.0 1261916.6
617.0 1253269.2
618.0 1388734.5
619.0 1604606.5
620.0 1347596.5
621.0 1145042.0
622.0 1217591.4
623.0 1295124.9
624.0 1331074.5
625.0 1382357.4
626.0 1363361.0
627.0 1209288.2
628.0 1184659.6
629.0 1435857.2
630.0 1508311.8
631.0 1325886.9
632.0 1227746.5
633.0 1021844.1
634.0 1213380.1
635.0 1170719.9
636.0 1398106.2
637.0 1696978.1
638.0 1379701.2
639.0 1628610.5
640.0 1681785.5
641.0 1516664.5
642.0 1634050.8
643.0 1758465.2
644.0 1730386.4
645.0 1738464.9
646.0 1463357.5
647.0 1236247.4
648.0 1189028.0
649.0 1217666.1
650.0 1299694.2
651.0 1363399.2
652.0 1473067.2
653.0 1220516.5
654.0 895122.9
655.0 832250.6
656.0 860216.1
657.0 1216555.9
658.0 1264939.5
659.0 1084193.4
660.0 1124990.5
661.0 1178071.1
662.0 1584862.8
663.0 1530129.9
664.0 1605438.2
665.0 1190346.1
666.0 1161537.2
667.0 1415840.0
668.0 1684114.8
669.0 2171021.0
670.0 1879426.1
671.0 1604592.4
672.0 1924857.4
673.0 1974871.1
674.0 1781484.0
675.0 1697179.5
676.0 1406738.0
677.0 1517830.0
678.0 1310270.8
679.0 1477960.5
680.0 1557274.5
681.0 1396384.2
682.0 1279667.8
683.0 1321643.6
684.0 1323095.2
685.0 1245633.6
686.0 1342342.0
687.0 1422512.5
688.0 1466143.2
689.0 1644007.2
690.0 1400035.8
691.0 1333963.9
692.0 1118711.6
693.0 1339693.0
694.0 1566844.4
695.0 1585141.4
696.0 1581028.5
697.0 1676524.8
698.0 1523852.2
699.0 1005201.9
700.0 758684.25
701.0 1001590.06
702.0 1012404.25
703.0 1051626.8
704.0 1258584.4
705.0 927066.5
706.0 983935.7
707.0 1217284.4
708.0 1205189.5
709.0 1390343.1
710.0 975769.94
711.0 761297.9
712.0 713138.06
713.0 811867.56
714.0 972231.25
715.0 1233491.2
716.0 1018441.3
717.0 834650.5
718.0 958629.7
719.0 1241151.2
720.0 1048188.5
721.0 1001304.06
722.0 1022416.8
723.0 962843.6
724.0 859595.6
725.0 1059000.0
726.0 1248991.0
727.0 1418005.0
728.0 1509748.2
729.0 1053518.9
730.0 1132651.0
731.0 985583.4
732.0 1153813.4
733.0 931631.3
734.0 939393.9
735.0 1191020.1
736.0 1273270.1
737.0 1294646.2
738.0 1174495.8
739.0 1258369.2
740.0 1172486.1
741.0 1277615.6
742.0 1990667.2
743.0 1956208.1
744.0 2120754.8
745.0 1780479.5
746.0 1474838.9
747.0 1604315.1
748.0 1511170.6
749.0 1634104.0
750.0 1759384.0
751.0 1965933.1
752.0 1740400.8
753.0 1623541.8
754.0 1496703.1
755.0 1355714.4
756.0 1299084.8
757.0 1358650.5
758.0 1151061.0
759.0 1129787.4
760.0 987309.25
761.0 944046.1
762.0 1016608.7
763.0 817348.9
764.0 1167264.4
765.0 1312343.0
766.0 1153510.1
767.0 1019237.5
768.0 1033327.1
769.0 1135220.2
770.0 940809.6
771.0 824575.5
772.0 1153861.1
773.0 1388343.2
774.0 1349314.2
775.0 1192849.5
776.0 1118309.8
777.0 1082430.5
778.0 1391513.5
779.0 1275978.0
780.0 1209936.6
781.0 1072326.8
782.0 1118347.6
783.0 1188705.5
784.0 1224765.5
785.0 1332163.8
786.0 1449628.2
787.0 1429171.8
788.0 1305872.8
789.0 1444669.2
790.0 1964874.8
791.0 1794846.0
792.0 1936367.4
793.0 1877678.0
794.0 1924271.4
795.0 1809556.5
796.0 2093183.5
797.0 2030284.9
798.0 1974212.0
799.0 2051383.2
800.0 2059598.0
801.0 1917049.8
802.0 1659692.4
803.0 1584583.0
804.0 1383145.5
805.0 1564114.9
806.0 1680877.4
807.0 1530861.1
808.0 1413284.8
809.0 1688966.4
810.0 1385460.8
811.0 1320898.1
812.0 1258013.2
813.0 1406359.8
814.0 1284183.0
815.0 1384529.0
816.0 1448304.0
817.0 1354671.0
818.0 1498248.8
819.0 1415843.9
820.0 1417186.4
821.0 1300826.1
822.0 1391803.5
823.0 1713468.8
824.0 1645191.1
825.0 1662835.2
826.0 1666463.8
827.0 1816554.8
828.0 1476639.4
829.0 1459656.5
830.0 1625191.2
831.0 1305945.0
832.0 1188550.2
833.0 1073229.4
834.0 1485321.0
835.0 1433127.8
836.0 1364436.9
837.0 1530549.4
838.0 1540824.0
839.0 1712806.4
840.0 1372980.2
841.0 1130596.4
842.0 1326336.8
843.0 1321605.6
844.0 1355531.9
845.0 1395317.6
846.0 1362610.0
847.0 1650195.8
848.0 1588697.5
849.0 1464226.8
850.0 1407590.6
851.0 1583919.2
852.0 1250568.5
853.0 1209481.8
854.0 1288466.1
855.0 1568841.4
856.0 1527166.1
857.0 1290232.8
858.0 1019235.9
859.0 1006144.25
860.0 1270784.8
861.0 1119900.2
862.0 1583262.4
863.0 1556309.0
864.0 1645022.0
865.0 1764107.8
866.0 1478896.9
867.0 1435415.2
868.0 1403036.2
869.0 1597186.0
870.0 1565841.4
871.0 1778074.4
872.0 1538649.2
873.0 1508300.6
874.0 1487241.0
875.0 1676653.1
876.0 1562128.9
877.0 1586887.6
878.0 1651508.8
879.0 1486857.8
880.0 1364034.8
881.0 1548576.1
882.0 1701984.2
883.0 1620454.9
884.0 1815840.1
885.0 1633193.6
886.0 1362785.1
887.0 1312382.2
888.0 1600756.5
889.0 1767512.5
890.0 1805174.9
891.0 1889274.4
892.0 1716851.2
893.0 1669502.2
894.0 1551001.8
895.0 1543926.9
896.0 1645535.0
897.0 1569414.8
898.0 1650031.0
899.0 1391553.5
900.0 1647015.8
901.0 1814239.2
902.0 1755213.5
903.0 1702197.2
904.0 1699188.9
905.0 1764931.2
906.0 1887374.0
907.0 1731662.5
908.0 1883571.0
909.0 1938058.8
910.0 1894421.1
911.0 1923328.9
912.0 2057803.0
913.0 2110437.2
914.0 2335256.2
915.0 2036106.9
916.0 2135291.0
917.0 2238998.0
918.0 2347419.0
919.0 2393643.5
920.0 2064523.8
921.0 2176738.2
922.0 2712329.8
923.0 2964882.0
924.0 2534801.0
925.0 2423338.5
926.0 2202216.2
927.0 2582404.5
928.0 2969096.0
929.0 2465100.2
930.0 2258435.8
931.0 2415955.0
932.0 2924096.5
933.0 3166863.5
934.0 3048931.5
935.0 3031739.8
936.0 2787399.0
937.0 3083634.8
938.0 3071341.2
939.0 2853051.5
940.0 2556617.8
941.0 2636011.2
942.0 2684315.2
943.0 2856241.2
944.0 3049130.0
945.0 3442025.2
946.0 3170072.5
947.0 3114042.2
948.0 3070263.8
949.0 3206417.8
950.0 2896212.2
951.0 2418247.0
952.0 2552599.2
953.0 3064442.5
954.0 2901278.5
955.0 2807338.0
956.0 2658077.0
957.0 2829471.5
958.0 3304789.0
959.0 2932565.2
960.0 2961395.0
961.0 2922435.0
962.0 3332291.0
963.0 3758999.0
964.0 3411003.0
965.0 3405906.2
966.0 3737231.0
967.0 3856448.5
968.0 3938896.5
969.0 3888916.5
970.0 3815645.2
971.0 4038294.8
972.0 4574815.5
973.0 4885912.5
974.0 5023681.0
975.0 4691565.5
976.0 4351845.5
977.0 4459909.0
978.0 4453084.5
979.0 3847108.5
980.0 3858443.5
981.0 4597897.5
982.0 4890723.0
983.0 5661227.5
984.0 6623682.0
985.0 7753362.5
986.0 8978625.0
987.0 9887751.0
988.0 10958402.0
989.0 11555704.0
990.0 11866359.0
991.0 10985374.0
992.0 9599083.0
993.0 8958458.0
994.0 8931887.0
995.0 8649104.0
996.0 8787368.0
997.0 8479312.0
998.0 8896377.0
999.0 8900856.0
1000.0 8758604.0
1001.0 9252163.0
1002.0 9748548.0
1003.0 10195909.0
1004.0 10757431.0
1005.0 11492125.0
1006.0 11809705.0
1007.0 12019206.0
1008.0 10711064.0
1009.0 10613978.0
1010.0 10393740.0
1011.0 9884111.0
1012.0 9900154.0
1013.0 8846267.0
1014.0 7094806.0
1015.0 6361124.5
1016.0 6268354.0
1017.0 6066254.5
1018.0 5280700.0
1019.0 4564579.0
1020.0 4079558.5
1021.0 3841929.5
1022.0 4084251.5
1023.0 3601762.2
1024.0 3979509.8
1025.0 4016205.5
1026.0 4198522.0
1027.0 4723770.5
1028.0 5188145.5
1029.0 4932198.0
1030.0 5718589.0
1031.0 6985877.5
1032.0 8091285.5
1033.0 9556001.0
1034.0 11626602.0
1035.0 12652181.0
1036.0 13516758.0
1037.0 14178876.0
1038.0 14150824.0
1039.0 14117018.0
1040.0 14234758.0
1041.0 13767300.0
1042.0 12474259.0
1043.0 11805264.0
1044.0 12038135.0
1045.0 12305739.0
1046.0 12685898.0
1047.0 13255939.0
1048.0 13452848.0
1049.0 14065194.0
1050.0 15427320.0
1051.0 16424204.0
1052.0 16762122.0
1053.0 18068338.0
1054.0 19531660.0
1055.0 21523992.0
1056.0 25207844.0
1057.0 32622456.0
1058.0 43645340.0
1059.0 59602640.0
1060.0 77952410.0
1061.0 97483030.0
1062.0 117857930.0
1063.0 132080810.0
1064.0 139028580.0
1065.0 133005020.0
1066.0 114118180.0
1067.0 85704920.0
1068.0 57661050.0
1069.0 37319380.0
1070.0 24594782.0
1071.0 18158188.0
1072.0 14635388.0
1073.0 12971758.0
1074.0 11320009.0
1075.0 10377425.0
1076.0 9103533.0
1077.0 7816917.0
1078.0 6841800.0
1079.0 6217107.0
1080.0 5376475.5
1081.0 5284273.0
1082.0 5496595.5
1083.0 5795866.0
1084.0 5860854.5
1085.0 6444095.5
1086.0 6861334.5
1087.0 6645334.0
1088.0 7053579.0
1089.0 7615505.5
1090.0 8285801.0
1091.0 8120377.5
1092.0 7514347.5
1093.0 7240883.0
1094.0 6765224.5
1095.0 6143200.0
1096.0 5829889.0
1097.0 6746516.0
1098.0 7452110.5
1099.0 7955244.5
1100.0 9317618.0
1101.0 11435711.0
1102.0 15723119.0
1103.0 21401856.0
1104.0 29491616.0
1105.0 40875110.0
1106.0 54641100.0
1107.0 71337730.0
1108.0 90382300.0
1109.0 109341250.0
1110.0 120870180.0
1111.0 118013840.0
1112.0 108088360.0
1113.0 90046030.0
1114.0 64651040.0
1115.0 41999940.0
1116.0 26741612.0
1117.0 18445562.0
1118.0 14291562.0
1119.0 11242691.0
1120.0 9150004.0
1121.0 7359215.0
1122.0 6560362.0
1123.0 5921895.5
1124.0 5025636.5
1125.0 4405006.0
1126.0 3679366.0
1127.0 3049554.0
1128.0 2688117.0
1129.0 2570688.5
1130.0 2690346.2
1131.0 2829850.2
1132.0 3264888.5
1133.0 3409854.8
1134.0 3553548.0
1135.0 3689276.5
1136.0 3906229.8
1137.0 4279221.5
1138.0 4326897.0
1139.0 4240929.5
1140.0 4098229.8
1141.0 3620234.5
1142.0 2842665.2
1143.0 2427995.2
1144.0 2508207.0
1145.0 2322209.5
1146.0 1965361.9
1147.0 2033666.2
1148.0 2259157.8
1149.0 1981046.8
1150.0 1938103.0
1151.0 1970061.5
1152.0 1905008.6
1153.0 2147753.5
1154.0 1805928.0
1155.0 1764723.5
1156.0 1846801.9
1157.0 1913638.1
1158.0 2439444.8
1159.0 2476976.8
1160.0 2214610.2
1161.0 1786871.8
1162.0 1903748.1
1163.0 2124690.0
1164.0 2265473.8
1165.0 2423359.5
1166.0 2502287.8
1167.0 2532194.0
1168.0 2870320.2
1169.0 3198473.8
1170.0 2902117.8
1171.0 2839441.0
1172.0 2897037.2
1173.0 3025537.0
1174.0 2947847.8
1175.0 2880619.5
1176.0 3035088.0
1177.0 3172366.2
1178.0 3283436.2
1179.0 3240911.0
1180.0 3261173.0
1181.0 3274512.8
1182.0 3778102.0
1183.0 4143970.2
1184.0 3993027.8
1185.0 3818803.8
1186.0 3751439.5
1187.0 4151441.0
1188.0 5275274.5
1189.0 5559899.5
1190.0 5093047.5
1191.0 5057188.0
1192.0 5532046.0
1193.0 5778343.0
1194.0 5252219.5
1195.0 4462360.0
1196.0 3867192.5
1197.0 3847658.5
1198.0 3755557.2
1199.0 3863467.2
1200.0 3552317.8
1201.0 3599582.0
1202.0 3773042.2
1203.0 3754329.0
1204.0 3758888.8
1205.0 4031086.2
1206.0 4266041.0
1207.0 4129469.8
1208.0 4152199.0
1209.0 4474058.0
1210.0 5146981.0
1211.0 6133405.0
1212.0 6439755.5
1213.0 6874390.5
1214.0 6908013.0
1215.0 6365488.0
1216.0 6053937.5
1217.0 5451331.0
1218.0 5325622.0
1219.0 4951320.0
1220.0 4336533.0
1221.0 4410880.5
1222.0 4594916.0
1223.0 4778219.5
1224.0 5110105.0
1225.0 5315570.5
1226.0 5771414.5
1227.0 6404418.0
1228.0 6721270.0
1229.0 7289244.5
1230.0 7475102.5
1231.0 7579949.5
1232.0 7652939.5
1233.0 8423024.0
1234.0 10143841.0
1235.0 12054912.0
1236.0 14685072.0
1237.0 16991438.0
1238.0 19460564.0
1239.0 21469890.0
1240.0 23406022.0
1241.0 24572342.0
1242.0 24887164.0
1243.0 23712968.0
1244.0 20400248.0
1245.0 17350016.0
1246.0 13304482.0
1247.0 9627194.0
1248.0 7043898.0
1249.0 6430796.0
1250.0 6240170.0
1251.0 6008092.5
1252.0 5741205.5
1253.0 5849886.0
1254.0 6071400.0
1255.0 6393474.0
1256.0 6754679.0
1257.0 6750533.0
1258.0 7222624.5
1259.0 7929033.0
1260.0 9474925.0
1261.0 11808184.0
1262.0 13521348.0
1263.0 15434385.0
1264.0 17850790.0
1265.0 20309044.0
1266.0 20739368.0
1267.0 20120448.0
1268.0 18537792.0
1269.0 17497644.0
1270.0 16001249.0
1271.0 16493291.0
1272.0 17282858.0
1273.0 17117244.0
1274.0 17506606.0
1275.0 17371512.0
1276.0 15415452.0
1277.0 13065921.0
1278.0 11446035.0
1279.0 11232241.0
1280.0 11796870.0
1281.0 13237200.0
1282.0 13766728.0
1283.0 14354598.0
1284.0 15208441.0
1285.0 15279858.0
1286.0 14636688.0
1287.0 13849354.0
1288.0 13446276.0
1289.0 13413401.0
1290.0 13749421.0
1291.0 13597504.0
1292.0 13969628.0
1293.0 14224585.0
1294.0 15035464.0
1295.0 15519742.0
1296.0 16351871.0
1297.0 16346131.0
1298.0 16820120.0
1299.0 17799744.0
1300.0 18622822.0
1301.0 18939610.0
1302.0 20747188.0
1303.0 22975782.0
1304.0 25477544.0
1305.0 28321236.0
1306.0 30638518.0
1307.0 31870132.0
1308.0 34129600.0
1309.0 35669316.0
1310.0 35033144.0
1311.0 34064052.0
1312.0 33690900.0
1313.0 32778168.0
1314.0 32489656.0
1315.0 32840652.0
1316.0 34495660.0
1317.0 35510080.0
1318.0 35744144.0
1319.0 35592670.0
1320.0 36019090.0
1321.0 37187904.0
1322.0 38753430.0
1323.0 39643410.0
1324.0 43328840.0
1325.0 46627110.0
1326.0 50298690.0
1327.0 53468550.0
1328.0 57004564.0
1329.0 59361180.0
1330.0 62866396.0
1331.0 66655696.0
1332.0 68119740.0
1333.0 70595610.0
1334.0 72242740.0
1335.0 72354040.0
1336.0 70448940.0
1337.0 69053480.0
1338.0 69914990.0
1339.0 69357060.0
1340.0 67150790.0
1341.0 62956944.0
1342.0 60791556.0
1343.0 56841716.0
1344.0 54163416.0
1345.0 53343536.0
1346.0 52148340.0
1347.0 52010676.0
1348.0 52311310.0
1349.0 54140300.0
1350.0 58322710.0
1351.0 60262960.0
1352.0 61286690.0
1353.0 63647270.0
1354.0 63776844.0
1355.0 64048156.0
1356.0 63417260.0
1357.0 62461404.0
1358.0 63488084.0
1359.0 66089320.0
1360.0 70601510.0
1361.0 77755270.0
1362.0 85495420.0
1363.0 96884270.0
1364.0 110287390.0
1365.0 126189820.0
1366.0 144192370.0
1367.0 168044820.0
1368.0 187306800.0
1369.0 203207650.0
1370.0 216210110.0
1371.0 228073840.0
1372.0 233198620.0
1373.0 227354160.0
1374.0 215243900.0
1375.0 199261340.0
1376.0 175669820.0
1377.0 153308480.0
1378.0 138680510.0
1379.0 127682040.0
1380.0 120143090.0
1381.0 112026360.0
1382.0 104628000.0
1383.0 100461480.0
1384.0 96518880.0
1385.0 89073580.0
1386.0 83938550.0
1387.0 76718250.0
1388.0 69592776.0
1389.0 63144964.0
1390.0 55019400.0
1391.0 48462530.0
1392.0 44461796.0
1393.0 42623064.0
1394.0 41671396.0
1395.0 41267016.0
1396.0 44074160.0
1397.0 48126256.0
1398.0 52246216.0
1399.0 56079700.0
1400.0 62627430.0
1401.0 70019496.0
1402.0 79795450.0
1403.0 89988220.0
1404.0 104023320.0
1405.0 120878150.0
1406.0 141424260.0
1407.0 163129150.0
1408.0 185349630.0
1409.0 206213340.0
1410.0 231926800.0
1411.0 257316200.0
1412.0 281496320.0
1413.0 299643970.0
1414.0 306938270.0
1415.0 296658700.0
1416.0 275636260.0
1417.0 243382620.0
1418.0 201869780.0
1419.0 151237570.0
1420.0 103660610.0
1421.0 71521020.0
1422.0 52675036.0
1423.0 41359860.0
1424.0 34206988.0
1425.0 29324184.0
1426.0 26199970.0
1427.0 21767280.0
1428.0 19340248.0
1429.0 17693316.0
1430.0 15096196.0
1431.0 13935805.0
1432.0 13187654.0
1433.0 12338918.0
1434.0 11414265.0
1435.0 10602670.0
1436.0 10021167.0
1437.0 9725041.0
1438.0 9313861.0
1439.0 9488048.0
1440.0 10325586.0
1441.0 9776568.0
1442.0 9725558.0
1443.0 10116326.0
1444.0 10309849.0
1445.0 10595446.0
1446.0 10823649.0
1447.0 10890254.0
1448.0 11729510.0
1449.0 13141578.0
1450.0 14337551.0
1451.0 15900078.0
1452.0 17088358.0
1453.0 17214040.0
1454.0 17999346.0
1455.0 19157302.0
1456.0 19552704.0
1457.0 20017678.0
1458.0 20431182.0
1459.0 20057992.0
1460.0 20641938.0
1461.0 20679318.0
1462.0 20801596.0
1463.0 20698728.0
1464.0 20832536.0
1465.0 20535998.0
1466.0 19801992.0
1467.0 19606556.0
1468.0 21123632.0
1469.0 22239648.0
1470.0 22268122.0
1471.0 22509396.0
1472.0 22319916.0
1473.0 21836960.0
1474.0 20949946.0
1475.0 20096542.0
1476.0 20963868.0
1477.0 21448438.0
1478.0 19983596.0
1479.0 19285100.0
1480.0 19919296.0
1481.0 22275822.0
1482.0 25256010.0
1483.0 28557144.0
1484.0 31244552.0
1485.0 34184584.0
1486.0 37414610.0
1487.0 41409170.0
1488.0 45414304.0
1489.0 50346080.0
1490.0 53861176.0
1491.0 56345560.0
1492.0 59891156.0
1493.0 60667360.0
1494.0 60837550.0
1495.0 60509120.0
1496.0 56599130.0
1497.0 54531944.0
1498.0 52539204.0
1499.0 51005320.0
1500.0 49269064.0
1501.0 44679900.0
1502.0 38862024.0
1503.0 34362220.0
1504.0 30117528.0
1505.0 26828056.0
1506.0 25611598.0
1507.0 28321982.0
1508.0 30720402.0
1509.0 33414496.0
1510.0 34859200.0
1511.0 36127256.0
1512.0 37918260.0
1513.0 39524172.0
1514.0 41280940.0
1515.0 45924456.0
1516.0 47799330.0
1517.0 49168664.0
1518.0 52911584.0
1519.0 56312060.0
1520.0 59425200.0
1521.0 63444240.0
1522.0 65243530.0
1523.0 69807050.0
1524.0 72974140.0
1525.0 76009496.0
1526.0 79327510.0
1527.0 81000950.0
1528.0 82071550.0
1529.0 80653530.0
1530.0 77921110.0
1531.0 70618510.0
1532.0 61727036.0
1533.0 52736064.0
1534.0 45478750.0
1535.0 38721710.0
1536.0 31714136.0
1537.0 27250778.0
1538.0 23774636.0
1539.0 22092084.0
1540.0 23229550.0
1541.0 25845436.0
1542.0 28530100.0
1543.0 29626242.0
1544.0 32429784.0
1545.0 36028616.0
1546.0 39167812.0
1547.0 43075896.0
1548.0 48156364.0
1549.0 51361030.0
1550.0 56726056.0
1551.0 62656024.0
1552.0 66706376.0
1553.0 69153780.0
1554.0 71499304.0
1555.0 73229130.0
1556.0 77514800.0
1557.0 80160530.0
1558.0 83395840.0
1559.0 85784830.0
1560.0 83948440.0
1561.0 75564890.0
1562.0 62797976.0
1563.0 51577000.0
1564.0 44877256.0
1565.0 40836024.0
1566.0 40700296.0
1567.0 41713972.0
1568.0 42425656.0
1569.0 44660444.0
1570.0 45679550.0
1571.0 43612770.0
1572.0 41324840.0
1573.0 39704984.0
1574.0 36691424.0
1575.0 32254736.0
1576.0 27542262.0
1577.0 23061176.0
1578.0 18849008.0
1579.0 16413095.0
1580.0 15855122.0
1581.0 16006016.0
1582.0 16295095.0
1583.0 16465512.0
1584.0 16502361.0
1585.0 16854330.0
1586.0 17701156.0
1587.0 17489382.0
1588.0 17836498.0
1589.0 18020978.0
1590.0 18778742.0
1591.0 19323598.0
1592.0 18842608.0
1593.0 18075628.0
1594.0 18521528.0
1595.0 17956424.0
1596.0 16938902.0
1597.0 16500496.0
1598.0 15918755.0
1599.0 14789479.0
1600.0 15311760.0
1601.0 16875608.0
1602.0 17785092.0
1603.0 18508310.0
1604.0 19855608.0
1605.0 21752460.0
1606.0 23153412.0
1607.0 25239992.0
1608.0 27253210.0
1609.0 29731968.0
1610.0 32954162.0
1611.0 35354604.0
1612.0 37651756.0
1613.0 42127680.0
1614.0 44829836.0
1615.0 47865504.0
1616.0 50947900.0
1617.0 52608780.0
1618.0 53896520.0
1619.0 56106244.0
1620.0 58435530.0
1621.0 61748144.0
1622.0 65588876.0
1623.0 68778300.0
1624.0 72157230.0
1625.0 75368830.0
1626.0 73843970.0
1627.0 69266960.0
1628.0 63418124.0
1629.0 53773160.0
1630.0 40780380.0
1631.0 30531580.0
1632.0 23611284.0
1633.0 18067588.0
1634.0 16219712.0
1635.0 14610458.0
1636.0 13060481.0
1637.0 11959582.0
1638.0 11776151.0
1639.0 11697002.0
1640.0 12064801.0
1641.0 12123720.0
1642.0 12080685.0
1643.0 11909359.0
1644.0 11881674.0
1645.0 12515048.0
1646.0 13040086.0
1647.0 12416279.0
1648.0 12552209.0
1649.0 11819748.0
1650.0 12058719.0
1651.0 11985344.0
1652.0 11652264.0
1653.0 11465685.0
1654.0 10725024.0
1655.0 10632312.0
1656.0 10484631.0
1657.0 10454352.0
1658.0 9608651.0
1659.0 8539656.0
1660.0 8904671.0
1661.0 9771019.0
1662.0 9608418.0
1663.0 9095211.0
1664.0 9122504.0
1665.0 9622165.0
1666.0 9821231.0
1667.0 9803029.0
1668.0 10163351.0
1669.0 10734638.0
1670.0 10562956.0
1671.0 11442958.0
1672.0 11754586.0
1673.0 12387886.0
1674.0 13341935.0
1675.0 13949955.0
1676.0 13949798.0
1677.0 14089090.0
1678.0 15521011.0
1679.0 16276829.0
1680.0 15552179.0
1681.0 15991850.0
1682.0 15778420.0
1683.0 16154439.0
1684.0 15996405.0
1685.0 14020835.0
1686.0 13011688.0
1687.0 12986985.0
1688.0 12960946.0
1689.0 13192962.0
1690.0 13623391.0
1691.0 14531046.0
1692.0 15531476.0
1693.0 15556288.0
1694.0 16138674.0
1695.0 16207062.0
1696.0 15960245.0
1697.0 17256678.0
1698.0 19068382.0
1699.0 20028584.0
1700.0 20274038.0
1701.0 20217978.0
1702.0 20357238.0
1703.0 20761242.0
1704.0 19899750.0
1705.0 18702148.0
1706.0 16832328.0
1707.0 15416402.0
1708.0 14690802.0
1709.0 15255745.0
1710.0 14975501.0
1711.0 14768070.0
1712.0 14741746.0
1713.0 14690098.0
1714.0 14589288.0
1715.0 14178854.0
1716.0 12654950.0
1717.0 11750518.0
1718.0 11418386.0
1719.0 11008456.0
1720.0 9906929.0
1721.0 8349017.0
1722.0 6297886.0
1723.0 4803837.5
1724.0 3560498.5
1725.0 3247238.0
1726.0 3442075.5
1727.0 3494946.2
1728.0 3712931.2
1729.0 3539017.2
1730.0 3280435.0
1731.0 3472596.5
1732.0 3324012.0
1733.0 3310845.2
1734.0 3393372.2
1735.0 3895052.2
1736.0 3878175.2
1737.0 4339516.5
1738.0 4344412.0
1739.0 4374654.5
1740.0 5090413.0
1741.0 5709759.0
1742.0 6036549.5
1743.0 5833946.0
1744.0 5558874.5
1745.0 5832855.0
1746.0 5556544.0
1747.0 5161586.0
1748.0 4793265.5
1749.0 5173582.5
1750.0 5046437.5
1751.0 4586458.5
1752.0 4440858.0
1753.0 4018738.8
1754.0 4109283.0
1755.0 3822890.2
1756.0 3908636.0
1757.0 4227900.5
1758.0 4348151.0
1759.0 4753807.5
1760.0 5548435.0
1761.0 5453513.0
1762.0 5351814.0
1763.0 5272169.5
1764.0 5374913.0
1765.0 5768745.5
1766.0 6127556.0
1767.0 6276870.0
1768.0 6365129.0
1769.0 6224235.0
1770.0 5972768.0
1771.0 6293649.0
1772.0 6415973.0
1773.0 6021564.5
1774.0 6036031.0
1775.0 5867400.0
1776.0 5272018.0
1777.0 4993676.0
1778.0 5606042.0
1779.0 5386644.0
1780.0 4999635.5
1781.0 4815516.5
1782.0 4423866.0
1783.0 4001456.2
1784.0 4143343.8
1785.0 3939421.5
1786.0 4242024.0
1787.0 4541243.0
1788.0 5015193.5
1789.0 4691334.5
1790.0 4675344.5
1791.0 4683058.0
1792.0 4997173.0
1793.0 5500925.5
1794.0 5421896.0
1795.0 5624265.0
1796.0 4981119.0
1797.0 5171453.5
1798.0 5966784.0
1799.0 6176473.0
1800.0 6905329.5
1801.0 6682157.0
1802.0 7053757.5
1803.0 6467760.0
1804.0 6412800.0
1805.0 6614373.0
1806.0 6106343.0
1807.0 5320369.5
1808.0 4999148.5
1809.0 4788972.0
1810.0 4524697.0
1811.0 4256425.5
1812.0 4148592.8
1813.0 4053832.8
1814.0 3815441.0
1815.0 3584793.5
1816.0 3769240.0
1817.0 3571765.2
1818.0 3266536.5
1819.0 3466441.5
1820.0 3664738.8
1821.0 3902947.8
1822.0 4571764.5
1823.0 5257672.5
1824.0 5515626.0
1825.0 6554633.0
1826.0 6017135.0
1827.0 5845372.0
1828.0 5754200.5
1829.0 6900772.0
1830.0 8091102.5
1831.0 8201527.5
1832.0 8470558.0
1833.0 8626170.0
1834.0 8488528.0
1835.0 8472015.0
1836.0 8471748.0
1837.0 8360219.5
1838.0 8171694.0
1839.0 7299301.0
1840.0 6604954.5
1841.0 6146559.0
1842.0 6730949.5
1843.0 7347988.0
1844.0 7395387.0
1845.0 8094300.0
1846.0 8881785.0
1847.0 8772247.0
1848.0 10206619.0
1849.0 10499772.0
1850.0 10533481.0
1851.0 10808344.0
1852.0 10995776.0
1853.0 11918418.0
1854.0 11522039.0
1855.0 12075176.0
1856.0 11969860.0
1857.0 11251946.0
1858.0 11782238.0
1859.0 11368778.0
1860.0 10848970.0
1861.0 10477179.0
1862.0 9950846.0
1863.0 9419644.0
1864.0 8792438.0
1865.0 8544013.0
1866.0 7970435.5
1867.0 7241452.5
1868.0 7401864.0
1869.0 7277646.0
1870.0 7239318.0
1871.0 7253381.0
1872.0 7376748.0
1873.0 7883295.0
1874.0 8404299.0
1875.0 9352485.0
1876.0 9756435.0
1877.0 9846331.0
1878.0 10115746.0
1879.0 10533881.0
1880.0 10257354.0
1881.0 10379448.0
1882.0 9999119.0
1883.0 9329398.0
1884.0 9003819.0
1885.0 8053621.0
1886.0 7465504.0
1887.0 7270907.0
1888.0 6937458.0
1889.0 6513340.0
1890.0 5672341.0
1891.0 4813301.5
1892.0 4587789.5
1893.0 4533641.0
1894.0 4634530.0
1895.0 6302705.5
1896.0 6807190.0
1897.0 7122056.0
1898.0 7682066.0
1899.0 8330697.5
1900.0 9269095.0
1901.0 10468824.0
1902.0 11793672.0
1903.0 13155220.0
1904.0 14370005.0
1905.0 15552268.0
1906.0 16351512.0
1907.0 17917060.0
1908.0 18910542.0
1909.0 20388090.0
1910.0 21402038.0
1911.0 21301718.0
1912.0 20998220.0
1913.0 20344816.0
1914.0 19178204.0
1915.0 14928196.0
1916.0 11613914.0
1917.0 8958302.0
1918.0 7519565.5
1919.0 6235297.5
1920.0 5799815.5
1921.0 5801512.5
1922.0 5330888.0
1923.0 4837576.5
1924.0 5620708.0
1925.0 6702353.0
1926.0 8187835.0
1927.0 9276132.0
1928.0 9995037.0
1929.0 11484934.0
1930.0 12789119.0
1931.0 13211411.0
1932.0 13370316.0
1933.0 13827631.0
1934.0 15213260.0
1935.0 16854880.0
1936.0 17460994.0
1937.0 18343346.0
1938.0 18751784.0
1939.0 17005598.0
1940.0 14376959.0
1941.0 11894825.0
1942.0 8958238.0
1943.0 6340096.0
1944.0 4618197.0
1945.0 3805965.2
1946.0 3210332.2
1947.0 2371735.0
1948.0 2073325.8
1949.0 1784000.1
1950.0 1383549.5
1951.0 1570724.9
1952.0 1692905.0
1953.0 1854850.5
1954.0 1707141.1
1955.0 1526031.8
1956.0 1352042.4
1957.0 1136878.6
1958.0 1197052.6
1959.0 1177260.2
1960.0 1052970.4
1961.0 918849.94
1962.0 1118882.4
1963.0 796000.7
1964.0 1259483.8
1965.0 1133599.8
1966.0 1107680.5
1967.0 1058006.8
1968.0 1131228.0
1969.0 1160179.5
1970.0 1281823.2
1971.0 1298656.9
1972.0 1037188.9
1973.0 1119622.4
1974.0 1400102.6
1975.0 1431533.5
1976.0 1425561.9
1977.0 1627932.0
1978.0 1351785.6
1979.0 1412634.4
1980.0 1643654.4
1981.0 1314850.8
1982.0 1178492.9
1983.0 1607864.8
1984.0 1460736.2
1985.0 1601788.9
1986.0 1917298.1
1987.0 1847041.5
1988.0 1880612.2
1989.0 1727860.2
1990.0 2036502.4
1991.0 1739313.6
1992.0 1886807.0
1993.0 1760113.9
1994.0 1714988.6
1995.0 1773512.0
1996.0 1719569.4
1997.0 1987631.4
1998.0 1837952.2
1999.0 1971616.1
2000.0 1760420.6
2001.0 1721190.0
2002.0 1623649.4
2003.0 1325809.2
2004.0 1298560.6
2005.0 1712036.4
2006.0 1753990.0
2007.0 1833016.0
2008.0 2053032.0
2009.0 2037797.2
2010.0 2147370.5
2011.0 2452052.0
2012.0 2155394.2
2013.0 2004244.8
2014.0 1970056.5
2015.0 1857311.4
2016.0 1712684.5
2017.0 2336419.2
2018.0 2518063.0
2019.0 1072336.1
2020.0 -955841.0
2021.0 -2790169.8
2022.0 -4138646.0
2023.0 -5549568.0
2024.0 -7196753.0
2025.0 -9029269.0
2026.0 -11184370.0
2027.0 -12825816.0
2028.0 -14537282.0
2029.0 -15860721.0
2030.0 -18076042.0
2031.0 -20257984.0
2032.0 -22234782.0
2033.0 -24191418.0
2034.0 -25982328.0
2035.0 -28230718.0
2036.0 -30100404.0
2037.0 0.0
2038.0 0.0
2039.0 0.0
2040.0 0.0
2041.0 0.0
2042.0 0.0
2043.0 0.0
2044.0 0.0
2045.0 0.0
2046.0 0.0
2047.0 0.0
