string
0.0 1823410.1
1.0 1474598.9
2.0 1407405.2
3.0 1905004.2
4.0 2119157.2
5.0 2384644.2
6.0 2258906.0
7.0 1992769.2
8.0 1985198.5
9.0 2590169.5
10.0 2640460.0
11.0 2214765.5
12.0 2144442.0
13.0 1895500.2
14.0 2160033.0
15.0 2170303.5
16.0 2191505.2
17.0 2187071.5
18.0 2242507.0
19.0 2346370.8
20.0 2602407.0
21.0 2592550.2
22.0 2166450.0
23.0 1751745.6
24.0 1679238.2
25.0 1981297.5
26.0 2516495.5
27.0 2446934.8
28.0 1877213.8
29.0 1414815.6
30.0 1774707.2
31.0 2142090.5
32.0 2439819.0
33.0 2210831.0
34.0 1924117.0
35.0 1980744.4
36.0 1844614.9
37.0 2264510.2
38.0 2573477.8
39.0 2173618.2
40.0 2518075.5
41.0 2898330.5
42.0 3137157.2
43.0 3036297.8
44.0 2928346.5
45.0 2637059.0
46.0 3060087.0
47.0 3046528.8
48.0 2665828.5
49.0 2128337.8
50.0 2056193.8
51.0 1715825.0
52.0 1463790.6
53.0 1666518.9
54.0 2006436.2
55.0 1885407.4
56.0 1889124.2
57.0 1671592.2
58.0 2079163.6
59.0 2268976.0
60.0 2556378.0
61.0 3021796.5
62.0 3034984.5
63.0 3207463.0
64.0 2909133.8
65.0 2986276.5
66.0 3167362.8
67.0 3197998.8
68.0 2562048.8
69.0 2588892.0
70.0 2464772.2
71.0 2472700.2
72.0 2305637.8
73.0 2106684.5
74.0 2191198.2
75.0 2745820.5
76.0 3342130.2
77.0 3553085.5
78.0 3746013.8
79.0 4179402.0
80.0 4273954.5
81.0 4456975.0
82.0 5019825.0
83.0 4819775.5
84.0 3964722.0
85.0 4423117.0
86.0 4072707.5
87.0 3568646.5
88.0 3423674.5
89.0 3079700.0
90.0 3254514.5
91.0 3701771.5
92.0 3542670.5
93.0 3921714.0
94.0 3675225.5
95.0 4296510.5
96.0 5644499.0
97.0 6235701.0
98.0 7283158.0
99.0 8308599.5
100.0 7468149.0
101.0 6051312.0
102.0 3905379.8
103.0 2146340.5
104.0 1756063.1
105.0 1279896.1
106.0 1019119.7
107.0 1232278.2
108.0 1106842.0
109.0 1306060.2
110.0 1753962.5
111.0 1732157.2
112.0 1871047.6
113.0 1849386.8
114.0 2015193.9
115.0 1694865.0
116.0 2085954.5
117.0 2917052.8
118.0 3120476.2
119.0 3557367.0
120.0 4111045.5
121.0 5294448.0
122.0 5531198.0
123.0 6120135.0
124.0 6607414.5
125.0 6499600.5
126.0 6732412.0
127.0 6347101.0
128.0 6056267.5
129.0 5714785.5
130.0 5320307.0
131.0 5425658.0
132.0 6090932.0
133.0 4839305.5
134.0 3208152.0
135.0 2312020.0
136.0 1721032.4
137.0 1002908.44
138.0 717747.56
139.0 881941.9
140.0 796730.75
141.0 992370.75
142.0 999127.0
143.0 882133.2
144.0 1150629.2
145.0 1075931.8
146.0 1011146.94
147.0 606862.6
148.0 777824.06
149.0 909431.0
150.0 711512.56
151.0 752866.8
152.0 909197.1
153.0 875759.9
154.0 770422.0
155.0 1093494.5
156.0 2163748.2
157.0 3465457.2
158.0 4810389.5
159.0 6067644.0
160.0 7088362.0
161.0 7721749.5
162.0 6770025.5
163.0 5755924.5
164.0 4822700.0
165.0 3426942.0
166.0 2943152.0
167.0 2761302.2
168.0 2820024.8
169.0 3264616.0
170.0 3690094.8
171.0 4264104.5
172.0 4211288.0
173.0 4024473.5
174.0 4329156.0
175.0 4451615.0
176.0 4372065.5
177.0 4974555.0
178.0 5773506.0
179.0 7315273.0
180.0 8984949.0
181.0 10478351.0
182.0 12481310.0
183.0 13250898.0
184.0 13963392.0
185.0 11730769.0
186.0 8868913.0
187.0 6748109.0
188.0 4613742.0
189.0 3463968.0
190.0 2814957.5
191.0 2734935.2
192.0 2321176.2
193.0 1783776.2
194.0 1296824.2
195.0 1271244.5
196.0 798161.5
197.0 990840.6
198.0 1013602.44
199.0 983033.1
200.0 1040174.0
201.0 874354.4
202.0 489386.8
203.0 682498.7
204.0 1178914.8
205.0 1055508.6
206.0 970250.3
207.0 1244336.5
208.0 1206084.4
209.0 1190162.8
210.0 1149192.2
211.0 973964.1
212.0 1144729.2
213.0 1129124.8
214.0 1856541.4
215.0 2577708.0
216.0 3671793.8
217.0 4840517.0
218.0 6914513.0
219.0 8758928.0
220.0 9924642.0
221.0 10809029.0
222.0 10841286.0
223.0 8636138.0
224.0 5839892.5
225.0 4006169.5
226.0 2766394.8
227.0 2528143.5
228.0 2377044.0
229.0 1965738.5
230.0 1496812.0
231.0 1762542.2
232.0 1901149.5
233.0 1662710.6
234.0 1398387.4
235.0 1207612.6
236.0 1116730.2
237.0 1159968.5
238.0 1023459.94
239.0 1194230.2
240.0 1184649.8
241.0 765829.4
242.0 877688.9
243.0 1051105.9
244.0 1265998.9
245.0 1748843.5
246.0 1880809.9
247.0 2134390.8
248.0 3128934.0
249.0 4003328.5
250.0 4461799.0
251.0 4835742.0
252.0 5823702.0
253.0 6360865.0
254.0 7682086.0
255.0 8177830.5
256.0 6125217.0
257.0 4119819.5
258.0 2430694.8
259.0 1952577.5
260.0 1776101.2
261.0 1201700.6
262.0 1209821.0
263.0 1211282.2
264.0 751005.25
265.0 996332.9
266.0 1128879.0
267.0 1291996.4
268.0 1053941.6
269.0 891839.9
270.0 640917.06
271.0 707320.1
272.0 866829.1
273.0 783897.5
274.0 580808.0
275.0 554617.3
276.0 572474.44
277.0 836845.6
278.0 892456.6
279.0 778008.5
280.0 1228792.6
281.0 1214718.1
282.0 1100300.4
283.0 1034824.0
284.0 1160921.1
285.0 1392608.5
286.0 1325738.6
287.0 1401952.5
288.0 1330865.5
289.0 1498185.2
290.0 1369859.5
291.0 1225646.5
292.0 1074598.9
293.0 1037717.44
294.0 806749.75
295.0 806086.2
296.0 761833.75
297.0 998279.4
298.0 1445625.6
299.0 1513909.9
300.0 1293603.9
301.0 1336659.9
302.0 1226556.1
303.0 1247988.5
304.0 1490897.5
305.0 1620837.5
306.0 1704132.4
307.0 1598050.5
308.0 1413713.1
309.0 1684530.5
310.0 1513024.4
311.0 1623042.5
312.0 1369245.0
313.0 1078626.1
314.0 731903.44
315.0 1097221.8
316.0 1502541.4
317.0 2063027.5
318.0 2123472.0
319.0 2276451.2
320.0 2678421.0
321.0 2910296.0
322.0 2932354.5
323.0 3075380.0
324.0 3253142.2
325.0 3322904.0
326.0 3276227.2
327.0 2967967.8
328.0 2578062.0
329.0 2990754.0
330.0 3545441.5
331.0 4837017.0
332.0 6319069.0
333.0 7627997.0
334.0 7727819.0
335.0 6779174.5
336.0 5777296.0
337.0 4131420.5
338.0 2439498.5
339.0 1969734.0
340.0 2213782.8
341.0 2150253.0
342.0 1943056.9
343.0 1728111.8
344.0 1536308.2
345.0 1413915.1
346.0 1132525.1
347.0 970678.6
348.0 1207909.2
349.0 1043261.94
350.0 1195331.9
351.0 1104501.2
352.0 1248903.5
353.0 1125350.2
354.0 1357585.8
355.0 1329319.4
356.0 1095323.2
357.0 1094421.8
358.0 1609771.1
359.0 1654969.0
360.0 1803052.6
361.0 1829496.0
362.0 1619453.8
363.0 1477524.0
364.0 1828277.6
365.0 2167687.2
366.0 2230390.5
367.0 2917382.8
368.0 3490394.5
369.0 4324158.0
370.0 4238681.0
371.0 4047875.0
372.0 2935080.0
373.0 2393171.5
374.0 2227496.8
375.0 1820697.8
376.0 1680723.8
377.0 1423187.4
378.0 1250044.9
379.0 1616701.9
380.0 1590393.6
381.0 1527367.6
382.0 1501482.0
383.0 1357698.8
384.0 1302024.8
385.0 1174636.2
386.0 888904.9
387.0 988078.0
388.0 895905.3
389.0 1373290.0
390.0 1498799.5
391.0 1559975.0
392.0 1256619.9
393.0 1506309.2
394.0 1899303.1
395.0 2144677.5
396.0 2219741.0
397.0 1987743.1
398.0 2314682.2
399.0 2487788.8
400.0 2644960.5
401.0 2321332.0
402.0 1641939.0
403.0 1014139.75
404.0 1657447.2
405.0 2071327.6
406.0 1709232.2
407.0 1987074.8
408.0 1835575.2
409.0 2118545.5
410.0 2655429.8
411.0 2840013.0
412.0 2352207.0
413.0 2413710.8
414.0 2643825.5
415.0 2618824.0
416.0 3608510.5
417.0 3869802.5
418.0 3940146.0
419.0 4523478.0
420.0 3767837.0
421.0 3268611.0
422.0 2582601.0
423.0 2128036.2
424.0 1914457.2
425.0 1778048.5
426.0 1670483.0
427.0 1782519.4
428.0 1118893.9
429.0 1034656.8
430.0 1514050.1
431.0 2042961.8
432.0 2359340.0
433.0 2276698.5
434.0 1750507.6
435.0 1990815.1
436.0 1798366.1
437.0 1448717.6
438.0 1661600.6
439.0 1894956.0
440.0 1851636.2
441.0 1384683.0
442.0 1348556.0
443.0 1124629.4
444.0 1185076.0
445.0 1243185.9
446.0 996251.8
447.0 1011898.7
448.0 1094575.8
449.0 1244528.6
450.0 1369130.5
451.0 1578748.1
452.0 2179040.8
453.0 2481749.0
454.0 2111756.2
455.0 2027181.9
456.0 1957685.5
457.0 1987316.2
458.0 2163053.0
459.0 1473382.6
460.0 1118502.0
461.0 1147826.0
462.0 1470600.8
463.0 1717077.6
464.0 1772608.1
465.0 2234975.8
466.0 2631940.5
467.0 2775299.5
468.0 2520403.5
469.0 2338228.2
470.0 2086364.4
471.0 1892261.0
472.0 1845724.9
473.0 1917420.5
474.0 1857221.5
475.0 1545365.5
476.0 1618155.2
477.0 1631027.5
478.0 1746183.6
479.0 1643519.0
480.0 1186463.6
481.0 1258301.0
482.0 1229229.4
483.0 875931.94
484.0 786292.1
485.0 1059805.2
486.0 753311.3
487.0 883604.7
488.0 1031111.25
489.0 1312038.9
490.0 962153.4
491.0 1064575.2
492.0 680139.94
493.0 788672.0
494.0 820208.25
495.0 580712.1
496.0 678201.75
497.0 1057376.1
498.0 860806.6
499.0 1138506.5
500.0 1521516.1
501.0 1795890.2
502.0 1851863.5
503.0 1841914.5
504.0 1401117.6
505.0 1905351.9
506.0 2070184.5
507.0 1983427.4
508.0 1867268.5
509.0 1755722.0
510.0 1636342.0
511.0 1524323.2
512.0 1354309.9
513.0 1310515.4
514.0 1530066.0
515.0 1517435.8
516.0 1366614.0
517.0 1161292.8
518.0 1079459.8
519.0 1143904.1
520.0 681413.2
521.0 677539.75
522.0 882809.3
523.0 924405.1
524.0 1024259.25
525.0 1256603.8
526.0 915531.3
527.0 1175312.5
528.0 1055023.6
529.0 1321700.2
530.0 1341501.4
531.0 1361866.8
532.0 1335817.4
533.0 1310799.2
534.0 1607556.9
535.0 1656380.0
536.0 2087757.4
537.0 2257696.5
538.0 2295668.0
539.0 2626257.0
540.0 2747493.8
541.0 2481644.0
542.0 1761820.2
543.0 1762403.8
544.0 1639664.4
545.0 1814578.6
546.0 1650790.1
547.0 1240188.4
548.0 1201827.9
549.0 1362834.8
550.0 1406424.0
551.0 1250962.4
552.0 1310499.0
553.0 1223326.0
554.0 1240805.0
555.0 1653604.8
556.0 1670459.4
557.0 1462601.5
558.0 1209256.1
559.0 1568534.0
560.0 1829360.2
561.0 1900929.2
562.0 1767859.4
563.0 1690059.2
564.0 1649910.1
565.0 1397766.8
566.0 1250085.1
567.0 951770.7
568.0 1084556.8
569.0 1214966.4
570.0 1180263.5
571.0 1239594.2
572.0 1053740.1
573.0 1170460.5
574.0 1092521.1
575.0 1368793.5
576.0 1494900.0
577.0 1422255.5
578.0 1429270.8
579.0 1553056.8
580.0 1604082.2
581.0 1698915.1
582.0 1421058.1
583.0 1236762.8
584.0 1611101.0
585.0 1626167.4
586.0 1278061.5
587.0 1118089.5
588.0 1176443.6
589.0 1298531.5
590.0 1303529.5
591.0 1036505.5
592.0 819658.2
593.0 1048666.0
594.0 1430637.0
595.0 1256094.6
596.0 1035420.0
597.0 1076588.1
598.0 1043774.7
599.0 865682.44
600.0 975480.56
601.0 697898.06
602.0 909838.6
603.0 925094.75
604.0 989826.75
605.0 1086794.0
606.0 1356267.0
607.0 1312592.4
608.0 1471069.4
609.0 1429889.9
610.0 1266856.8
611.0 1484455.0
612.0 1594558.1
613.0 1529496.4
614.0 1188298.5
615.0 1209363.0
616.0 1287445.5
617.0 1169698.9
618.0 1134459.0
619.0 940436.4
620.0 924843.7
621.0 931616.1
622.0 1194378.2
623.0 1192753.0
624.0 1655006.9
625.0 1374626.2
626.0 927221.3
627.0 908951.4
628.0 1043893.6
629.0 968694.5
630.0 957366.5
631.0 1331111.0
632.0 1323898.0
633.0 1104769.2
634.0 1248127.6
635.0 1399832.0
636.0 1250946.6
637.0 1343646.9
638.0 1148852.6
639.0 1249020.8
640.0 1540789.4
641.0 1372936.9
642.0 1424078.1
643.0 1530251.2
644.0 1361830.6
645.0 1130485.2
646.0 1113794.9
647.0 1258731.1
648.0 855585.6
649.0 1024074.9
650.0 960967.44
651.0 787378.1
652.0 764577.6
653.0 699077.8
654.0 963066.4
655.0 1430244.5
656.0 1602229.2
657.0 1305126.6
658.0 1212466.5
659.0 1015052.56
660.0 1052650.2
661.0 972866.1
662.0 934285.6
663.0 1078599.1
664.0 1251342.6
665.0 1203230.6
666.0 1300911.0
667.0 1638592.5
668.0 1598679.5
669.0 1364779.5
670.0 1379015.1
671.0 1294997.4
672.0 1495680.2
673.0 1422225.6
674.0 1438358.1
675.0 1631385.8
676.0 1660521.4
677.0 1944698.6
678.0 1787221.1
679.0 1706004.0
680.0 1501339.9
681.0 1076607.4
682.0 1110309.6
683.0 1186291.5
684.0 1220190.1
685.0 1243873.8
686.0 1490484.2
687.0 1226847.4
688.0 1146733.2
689.0 1306215.4
690.0 1423954.0
691.0 1469701.8
692.0 1519552.5
693.0 1377733.2
694.0 1651406.9
695.0 1545576.4
696.0 1448983.9
697.0 1160471.8
698.0 1354903.2
699.0 1186493.6
700.0 923491.25
701.0 947279.7
702.0 1045936.0
703.0 1185183.5
704.0 1301212.4
705.0 1505564.8
706.0 1431281.0
707.0 1026724.7
708.0 793197.44
709.0 935354.5
710.0 1065146.1
711.0 1016675.7
712.0 1182324.8
713.0 1420159.5
714.0 1152292.8
715.0 898889.75
716.0 1133067.4
717.0 888357.9
718.0 834867.75
719.0 1042901.1
720.0 1411371.5
721.0 1353142.8
722.0 1169380.2
723.0 1130849.8
724.0 1144900.8
725.0 922368.06
726.0 846123.9
727.0 1037466.94
728.0 1072503.6
729.0 1137365.1
730.0 1226778.8
731.0 1095690.1
732.0 1026694.9
733.0 1339218.2
734.0 1181768.8
735.0 1052990.8
736.0 751813.4
737.0 788913.7
738.0 1092081.4
739.0 958843.75
740.0 1350690.2
741.0 1419689.5
742.0 1493077.2
743.0 1651376.8
744.0 2013768.6
745.0 2096066.9
746.0 1853474.2
747.0 1859067.2
748.0 1546238.1
749.0 1872424.5
750.0 1785380.5
751.0 1796629.2
752.0 2060526.2
753.0 1616880.6
754.0 1372994.0
755.0 1354333.8
756.0 1176513.6
757.0 1265641.5
758.0 1247031.9
759.0 1091262.2
760.0 1055885.1
761.0 1273174.0
762.0 1576250.5
763.0 1297821.0
764.0 1057588.0
765.0 1111989.2
766.0 1099336.5
767.0 1276968.9
768.0 1340038.9
769.0 1318243.0
770.0 1033473.44
771.0 1012750.3
772.0 731238.0
773.0 929086.8
774.0 1122030.5
775.0 1136169.5
776.0 1024465.75
777.0 1194321.1
778.0 1467523.6
779.0 1233983.6
780.0 1303409.0
781.0 1281579.4
782.0 927620.9
783.0 733592.5
784.0 737587.1
785.0 973326.6
786.0 986296.6
787.0 1078017.6
788.0 1302075.6
789.0 1172775.5
790.0 1051835.1
791.0 1413178.0
792.0 1223340.8
793.0 1388412.8
794.0 1498079.5
795.0 1558785.6
796.0 1708385.2
797.0 1670606.8
798.0 1575528.0
799.0 1859032.0
800.0 1750326.5
801.0 1676773.8
802.0 1749705.1
803.0 1648351.4
804.0 1728063.9
805.0 1587548.0
806.0 1373820.2
807.0 1171952.8
808.0 1492112.6
809.0 1477065.1
810.0 1188444.5
811.0 915766.8
812.0 1032021.56
813.0 1235205.0
814.0 1188886.8
815.0 827971.1
816.0 1025217.6
817.0 1056563.6
818.0 1274899.4
819.0 1188362.6
820.0 1450069.4
821.0 1743774.8
822.0 1325311.0
823.0 1238808.6
824.0 1328513.0
825.0 1517606.1
826.0 1233786.5
827.0 1225693.1
828.0 1442389.4
829.0 1334040.8
830.0 1117545.0
831.0 1161674.9
832.0 1347354.8
833.0 1100369.5
834.0 1110636.5
835.0 1198893.0
836.0 1248625.0
837.0 1191980.8
838.0 1001769.25
839.0 1162141.2
840.0 1167647.6
841.0 1151676.5
842.0 1316499.0
843.0 1142005.9
844.0 1283437.6
845.0 1408740.0
846.0 1200986.6
847.0 1185317.9
848.0 1133176.4
849.0 1323573.0
850.0 1269168.0
851.0 1244130.9
852.0 1670615.1
853.0 1674287.8
854.0 1649697.4
855.0 1857970.0
856.0 1492409.2
857.0 1158958.6
858.0 1379901.9
859.0 1355866.8
860.0 1413622.0
861.0 1575406.1
862.0 1423262.0
863.0 1243216.6
864.0 1125854.5
865.0 1226704.8
866.0 1319521.1
867.0 1773423.2
868.0 1299468.9
869.0 1281301.4
870.0 1511458.8
871.0 1516357.5
872.0 1271565.2
873.0 1184726.0
874.0 1308126.4
875.0 1123301.6
876.0 1276464.2
877.0 1219209.8
878.0 1441971.5
879.0 1522301.2
880.0 1441343.8
881.0 1358349.5
882.0 1395557.0
883.0 1379677.5
884.0 1291667.6
885.0 1323265.0
886.0 1622516.4
887.0 1885944.2
888.0 1800614.9
889.0 1657150.1
890.0 1464864.2
891.0 1341025.5
892.0 1139262.6
893.0 1337486.5
894.0 1520071.9
895.0 1637984.2
896.0 1721974.8
897.0 1650501.9
898.0 1657761.9
899.0 1512682.4
900.0 1519417.2
901.0 1615615.2
902.0 1680895.0
903.0 1548131.2
904.0 1589923.8
905.0 1937975.8
906.0 1762198.9
907.0 1923573.5
908.0 2162527.2
909.0 2104597.2
910.0 1976501.9
911.0 1864623.8
912.0 1972552.5
913.0 1996160.6
914.0 2005379.0
915.0 1888090.8
916.0 1899919.2
917.0 2132852.8
918.0 2220647.2
919.0 2518006.5
920.0 2107127.2
921.0 2014701.0
922.0 2145638.0
923.0 2382398.2
924.0 2017463.1
925.0 2298063.5
926.0 2545019.5
927.0 2798699.8
928.0 2513222.0
929.0 2307940.2
930.0 2553388.2
931.0 2688907.8
932.0 2792932.2
933.0 2916096.0
934.0 2928376.5
935.0 3307127.2
936.0 3183105.0
937.0 2779756.0
938.0 2696364.8
939.0 2462948.8
940.0 2543431.2
941.0 2636561.5
942.0 2675294.8
943.0 2277772.8
944.0 2118233.0
945.0 2408897.8
946.0 2487841.5
947.0 2548014.8
948.0 2815621.0
949.0 2971731.2
950.0 2876874.8
951.0 2538872.5
952.0 2470902.2
953.0 2792304.5
954.0 2867556.0
955.0 2702832.2
956.0 2911876.2
957.0 2938448.8
958.0 2758232.0
959.0 2864017.8
960.0 3346247.5
961.0 3370726.5
962.0 3100040.2
963.0 2993839.8
964.0 3112915.2
965.0 3231565.0
966.0 3228125.0
967.0 3505830.2
968.0 3569978.5
969.0 3856975.0
970.0 3763685.0
971.0 3768769.8
972.0 4169767.8
973.0 4090966.0
974.0 4034366.5
975.0 4166743.5
976.0 4148173.5
977.0 4128194.8
978.0 3879233.8
979.0 3893191.2
980.0 3670664.5
981.0 3969925.5
982.0 4384589.5
983.0 5136662.5
984.0 5277908.0
985.0 6013843.0
986.0 6761385.0
987.0 7877642.0
988.0 9251483.0
989.0 11201839.0
990.0 11598968.0
991.0 11495618.0
992.0 10523811.0
993.0 9924759.0
994.0 10201778.0
995.0 9952159.0
996.0 9225449.0
997.0 8885926.0
998.0 9171508.0
999.0 9225416.0
1000.0 9242410.0
1001.0 8974048.0
1002.0 8469141.0
1003.0 9478377.0
1004.0 10388698.0
1005.0 10379293.0
1006.0 10178624.0
1007.0 10308346.0
1008.0 10342199.0
1009.0 10940790.0
1010.0 11159142.0
1011.0 10497921.0
1012.0 10100737.0
1013.0 10162921.0
1014.0 8785535.0
1015.0 7670549.5
1016.0 7233634.0
1017.0 6419352.5
1018.0 5748403.0
1019.0 4870710.0
1020.0 4456298.5
1021.0 3735560.5
1022.0 3424202.5
1023.0 3415144.0
1024.0 3730870.5
1025.0 3759586.5
1026.0 3595878.8
1027.0 3742211.5
1028.0 3807302.2
1029.0 4217139.5
1030.0 4971014.5
1031.0 6219192.5
1032.0 6165084.0
1033.0 6538782.5
1034.0 7503900.5
1035.0 9484225.0
1036.0 11058650.0
1037.0 11853948.0
1038.0 13026775.0
1039.0 13959150.0
1040.0 14764725.0
1041.0 14642188.0
1042.0 13424046.0
1043.0 12395176.0
1044.0 11570338.0
1045.0 12057545.0
1046.0 11931016.0
1047.0 12782520.0
1048.0 12998422.0
1049.0 13027515.0
1050.0 13175622.0
1051.0 13460979.0
1052.0 15721864.0
1053.0 16287666.0
1054.0 16928980.0
1055.0 16521551.0
1056.0 18005962.0
1057.0 20978008.0
1058.0 26607822.0
1059.0 34100556.0
1060.0 45032540.0
1061.0 61798220.0
1062.0 82585016.0
1063.0 103759120.0
1064.0 119944190.0
1065.0 128710710.0
1066.0 129981730.0
1067.0 121339530.0
1068.0 97496640.0
1069.0 69162260.0
1070.0 46276730.0
1071.0 31157812.0
1072.0 22523098.0
1073.0 16969616.0
1074.0 14219154.0
1075.0 12307528.0
1076.0 10406979.0
1077.0 9102535.0
1078.0 8097842.0
1079.0 7250084.0
1080.0 6757412.0
1081.0 6153632.0
1082.0 5217538.0
1083.0 4975749.0
1084.0 4880149.0
1085.0 4795574.0
1086.0 4566714.5
1087.0 5044450.0
1088.0 5048737.0
1089.0 5858463.0
1090.0 7185789.0
1091.0 7809260.5
1092.0 7816574.5
1093.0 8120685.5
1094.0 7884548.0
1095.0 7801193.0
1096.0 7481656.0
1097.0 7268165.5
1098.0 7452713.0
1099.0 7840933.0
1100.0 7659730.5
1101.0 8452900.0
1102.0 10160848.0
1103.0 13172180.0
1104.0 17132694.0
1105.0 22856516.0
1106.0 31875228.0
1107.0 44582636.0
1108.0 60731624.0
1109.0 75918400.0
1110.0 90807390.0
1111.0 103870960.0
1112.0 110579040.0
1113.0 106991290.0
1114.0 93652070.0
1115.0 75966550.0
1116.0 53684196.0
1117.0 33710176.0
1118.0 22751252.0
1119.0 16704910.0
1120.0 13380622.0
1121.0 11239662.0
1122.0 8992950.0
1123.0 7643829.5
1124.0 6291738.0
1125.0 5127926.0
1126.0 4128682.2
1127.0 3401817.2
1128.0 3183789.8
1129.0 3262686.5
1130.0 3134706.2
1131.0 2606712.8
1132.0 2441592.8
1133.0 2440417.5
1134.0 2858267.8
1135.0 3398027.5
1136.0 3279622.8
1137.0 3425019.0
1138.0 3342863.5
1139.0 3355148.8
1140.0 3837136.5
1141.0 4010939.8
1142.0 3277862.2
1143.0 2589310.8
1144.0 2309421.2
1145.0 2248656.5
1146.0 2044505.0
1147.0 1878676.2
1148.0 1872525.1
1149.0 1797247.6
1150.0 1842578.9
1151.0 1643602.2
1152.0 1582565.2
1153.0 1787178.1
1154.0 1800167.4
1155.0 1505693.0
1156.0 1571851.5
1157.0 1947278.9
1158.0 2065723.2
1159.0 1884278.0
1160.0 2116343.5
1161.0 2184831.5
1162.0 1796538.1
1163.0 2005184.5
1164.0 2367637.2
1165.0 2725002.8
1166.0 2831572.5
1167.0 2990558.0
1168.0 2812699.5
1169.0 2804943.5
1170.0 2364839.8
1171.0 2233527.5
1172.0 2446253.5
1173.0 2404359.5
1174.0 2576585.5
1175.0 2456714.5
1176.0 2728001.0
1177.0 2899677.8
1178.0 3024327.0
1179.0 2827667.2
1180.0 2718720.0
1181.0 3040157.0
1182.0 3490767.0
1183.0 4168947.0
1184.0 4341911.5
1185.0 4343704.0
1186.0 4215676.0
1187.0 4293610.5
1188.0 4886651.5
1189.0 5125796.5
1190.0 5267984.5
1191.0 5145760.0
1192.0 4922940.5
1193.0 5439714.5
1194.0 5016979.0
1195.0 4624506.0
1196.0 4761228.5
1197.0 4514145.5
1198.0 4614924.5
1199.0 4085120.2
1200.0 3573851.2
1201.0 3844993.0
1202.0 3781439.0
1203.0 3820655.2
1204.0 3785907.2
1205.0 3519238.5
1206.0 4035581.2
1207.0 3815792.2
1208.0 3728109.0
1209.0 3874718.8
1210.0 4832117.0
1211.0 5399010.5
1212.0 5667684.0
1213.0 5726505.0
1214.0 6148371.0
1215.0 6723557.5
1216.0 6950388.0
1217.0 7201299.5
1218.0 7207349.5
1219.0 6463705.5
1220.0 5213256.0
1221.0 4497286.0
1222.0 4579829.0
1223.0 4526984.5
1224.0 4591128.0
1225.0 4951633.0
1226.0 5266527.0
1227.0 5300997.0
1228.0 5388760.5
1229.0 5988785.0
1230.0 6763151.0
1231.0 7236602.5
1232.0 7939599.0
1233.0 8373032.0
1234.0 8753889.0
1235.0 9681195.0
1236.0 10911472.0
1237.0 12876081.0
1238.0 15046558.0
1239.0 17099334.0
1240.0 20311802.0
1241.0 23619682.0
1242.0 25299372.0
1243.0 25159964.0
1244.0 23342388.0
1245.0 21092940.0
1246.0 18247048.0
1247.0 14910646.0
1248.0 10604620.0
1249.0 8222507.5
1250.0 7849877.5
1251.0 7092449.5
1252.0 6788218.0
1253.0 6237042.5
1254.0 5713545.5
1255.0 6147158.0
1256.0 5953932.5
1257.0 6292779.5
1258.0 6803806.0
1259.0 7987139.0
1260.0 8626986.0
1261.0 9648175.0
1262.0 11692699.0
1263.0 13561912.0
1264.0 14620622.0
1265.0 16412781.0
1266.0 18578622.0
1267.0 19514652.0
1268.0 20320076.0
1269.0 20587716.0
1270.0 19265198.0
1271.0 16501974.0
1272.0 14961725.0
1273.0 15461102.0
1274.0 16265859.0
1275.0 17308686.0
1276.0 17330036.0
1277.0 15996918.0
1278.0 15062478.0
1279.0 13637388.0
1280.0 13316105.0
1281.0 13366394.0
1282.0 14107504.0
1283.0 13898010.0
1284.0 13834842.0
1285.0 14984884.0
1286.0 14790611.0
1287.0 14647561.0
1288.0 14487066.0
1289.0 14302825.0
1290.0 13360361.0
1291.0 13551379.0
1292.0 13210566.0
1293.0 13934344.0
1294.0 14034719.0
1295.0 14176865.0
1296.0 14569712.0
1297.0 15519938.0
1298.0 15583215.0
1299.0 15637596.0
1300.0 17073550.0
1301.0 17861562.0
1302.0 19242688.0
1303.0 21781338.0
1304.0 23236362.0
1305.0 25546024.0
1306.0 27905088.0
1307.0 30217216.0
1308.0 31172912.0
1309.0 33668710.0
1310.0 35942412.0
1311.0 35727656.0
1312.0 35136460.0
1313.0 34145000.0
1314.0 33132376.0
1315.0 32478244.0
1316.0 31351400.0
1317.0 31340242.0
1318.0 33441944.0
1319.0 34689740.0
1320.0 35198030.0
1321.0 36837660.0
1322.0 39791150.0
1323.0 41172836.0
1324.0 41673172.0
1325.0 42718680.0
1326.0 46984440.0
1327.0 49547924.0
1328.0 53304256.0
1329.0 57413750.0
1330.0 61293450.0
1331.0 64022040.0
1332.0 67779070.0
1333.0 69049320.0
1334.0 70200480.0
1335.0 68468970.0
1336.0 69472350.0
1337.0 68606670.0
1338.0 69308870.0
1339.0 69727490.0
1340.0 69581460.0
1341.0 67502620.0
1342.0 64560736.0
1343.0 61837444.0
1344.0 57771750.0
1345.0 54914530.0
1346.0 53142764.0
1347.0 52535156.0
1348.0 52421690.0
1349.0 53534536.0
1350.0 53826310.0
1351.0 54710700.0
1352.0 57818450.0
1353.0 60998600.0
1354.0 63429990.0
1355.0 66169080.0
1356.0 65160324.0
1357.0 64482884.0
1358.0 63703056.0
1359.0 65057060.0
1360.0 65930876.0
1361.0 67582560.0
1362.0 72442670.0
1363.0 79611430.0
1364.0 87495570.0
1365.0 99362130.0
1366.0 114802890.0
1367.0 132222170.0
1368.0 150392530.0
1369.0 169965260.0
1370.0 190172320.0
1371.0 204260500.0
1372.0 216979840.0
1373.0 222915660.0
1374.0 226864940.0
1375.0 223715020.0
1376.0 206330800.0
1377.0 182464080.0
1378.0 158858430.0
1379.0 143977090.0
1380.0 132328690.0
1381.0 122927170.0
1382.0 115479660.0
1383.0 109812180.0
1384.0 104430730.0
1385.0 98610370.0
1386.0 92105170.0
1387.0 85274580.0
1388.0 78307210.0
1389.0 70917496.0
1390.0 63335310.0
1391.0 58004800.0
1392.0 52718284.0
1393.0 46783670.0
1394.0 40991916.0
1395.0 39169172.0
1396.0 40570390.0
1397.0 42812240.0
1398.0 46147016.0
1399.0 52230436.0
1400.0 58007810.0
1401.0 63112760.0
1402.0 68149380.0
1403.0 77038090.0
1404.0 86160140.0
1405.0 96945110.0
1406.0 109373450.0
1407.0 130704370.0
1408.0 151717940.0
1409.0 169604340.0
1410.0 192022380.0
1411.0 214098740.0
1412.0 236247380.0
1413.0 257551340.0
1414.0 276366430.0
1415.0 285572030.0
1416.0 286112000.0
1417.0 273123140.0
1418.0 246493360.0
1419.0 212702620.0
1420.0 169758320.0
1421.0 125090190.0
1422.0 87158920.0
1423.0 60884496.0
1424.0 47268500.0
1425.0 40297784.0
1426.0 34468280.0
1427.0 30170128.0
1428.0 26151748.0
1429.0 22463368.0
1430.0 18669830.0
1431.0 15964015.0
1432.0 14935030.0
1433.0 13746939.0
1434.0 12829729.0
1435.0 11498122.0
1436.0 10823014.0
1437.0 9971614.0
1438.0 9192789.0
1439.0 9212129.0
1440.0 9633115.0
1441.0 10336317.0
1442.0 10821171.0
1443.0 11152306.0
1444.0 10406267.0
1445.0 10235297.0
1446.0 10392428.0
1447.0 10959816.0
1448.0 11661111.0
1449.0 12177790.0
1450.0 13892398.0
1451.0 14863630.0
1452.0 15441041.0
1453.0 17178460.0
1454.0 18042672.0
1455.0 18342934.0
1456.0 18763072.0
1457.0 19005722.0
1458.0 19877904.0
1459.0 21452240.0
1460.0 21463464.0
1461.0 20718974.0
1462.0 21321330.0
1463.0 22967992.0
1464.0 22364992.0
1465.0 22272678.0
1466.0 21850164.0
1467.0 20494926.0
1468.0 20221026.0
1469.0 20482492.0
1470.0 21068982.0
1471.0 22069684.0
1472.0 23884736.0
1473.0 23982984.0
1474.0 22505664.0
1475.0 21054080.0
1476.0 19701188.0
1477.0 19117208.0
1478.0 19137684.0
1479.0 20085658.0
1480.0 20153452.0
1481.0 20021246.0
1482.0 20913212.0
1483.0 23641348.0
1484.0 26997944.0
1485.0 30690250.0
1486.0 35163812.0
1487.0 40088480.0
1488.0 42559596.0
1489.0 45072876.0
1490.0 49283770.0
1491.0 51732460.0
1492.0 53741024.0
1493.0 56559950.0
1494.0 59856000.0
1495.0 60332664.0
1496.0 58702630.0
1497.0 56111330.0
1498.0 55850820.0
1499.0 56078136.0
1500.0 54195440.0
1501.0 50198580.0
1502.0 46063870.0
1503.0 41959876.0
1504.0 36769604.0
1505.0 29911188.0
1506.0 26946668.0
1507.0 26908408.0
1508.0 28375890.0
1509.0 30514318.0
1510.0 32163338.0
1511.0 33554428.0
1512.0 37039016.0
1513.0 38741816.0
1514.0 40015110.0
1515.0 42908090.0
1516.0 44664910.0
1517.0 46657900.0
1518.0 48319730.0
1519.0 50429636.0
1520.0 55362264.0
1521.0 59927610.0
1522.0 63600304.0
1523.0 67369160.0
1524.0 70315816.0
1525.0 72561500.0
1526.0 73668460.0
1527.0 76036570.0
1528.0 78304260.0
1529.0 81052110.0
1530.0 80216570.0
1531.0 77795500.0
1532.0 73584370.0
1533.0 64932390.0
1534.0 55720964.0
1535.0 48502570.0
1536.0 41592524.0
1537.0 34529828.0
1538.0 30556162.0
1539.0 27484340.0
1540.0 25429596.0
1541.0 26088850.0
1542.0 27659370.0
1543.0 28185390.0
1544.0 29073482.0
1545.0 31344370.0
1546.0 34567064.0
1547.0 38165156.0
1548.0 42146276.0
1549.0 46868990.0
1550.0 53238180.0
1551.0 57464410.0
1552.0 63359216.0
1553.0 66383980.0
1554.0 69455270.0
1555.0 71725624.0
1556.0 75566296.0
1557.0 78804500.0
1558.0 81070300.0
1559.0 84778310.0
1560.0 85030100.0
1561.0 81724340.0
1562.0 75629290.0
1563.0 66573516.0
1564.0 57363384.0
1565.0 49154496.0
1566.0 43057676.0
1567.0 43098650.0
1568.0 43605944.0
1569.0 45079704.0
1570.0 46866040.0
1571.0 46026150.0
1572.0 42667800.0
1573.0 39498764.0
1574.0 39410024.0
1575.0 37339590.0
1576.0 35127090.0
1577.0 31149818.0
1578.0 25242970.0
1579.0 19419820.0
1580.0 16717749.0
1581.0 16234996.0
1582.0 15901501.0
1583.0 16500320.0
1584.0 16987368.0
1585.0 16383514.0
1586.0 16600712.0
1587.0 18283236.0
1588.0 19113758.0
1589.0 19192678.0
1590.0 19881272.0
1591.0 19955424.0
1592.0 19290924.0
1593.0 20017210.0
1594.0 19712344.0
1595.0 18896640.0
1596.0 17486048.0
1597.0 16685995.0
1598.0 16834654.0
1599.0 17522218.0
1600.0 17350104.0
1601.0 16530690.0
1602.0 16715626.0
1603.0 18330950.0
1604.0 19753410.0
1605.0 20978052.0
1606.0 21624884.0
1607.0 22972992.0
1608.0 24005912.0
1609.0 24724924.0
1610.0 26565588.0
1611.0 28946256.0
1612.0 31435576.0
1613.0 34271660.0
1614.0 37062396.0
1615.0 39209904.0
1616.0 43763550.0
1617.0 47281520.0
1618.0 49501624.0
1619.0 51461084.0
1620.0 54827760.0
1621.0 58241890.0
1622.0 61033520.0
1623.0 64358044.0
1624.0 67020660.0
1625.0 69577710.0
1626.0 72571750.0
1627.0 73773390.0
1628.0 72312030.0
1629.0 65178510.0
1630.0 55569340.0
1631.0 46543104.0
1632.0 36848576.0
1633.0 27873728.0
1634.0 22106572.0
1635.0 19878258.0
1636.0 17007512.0
1637.0 14992884.0
1638.0 13952301.0
1639.0 13514721.0
1640.0 13589002.0
1641.0 13871124.0
1642.0 14828574.0
1643.0 14311939.0
1644.0 13774050.0
1645.0 13327640.0
1646.0 13747401.0
1647.0 13571535.0
1648.0 14028570.0
1649.0 14385284.0
1650.0 14781906.0
1651.0 13800386.0
1652.0 12891725.0
1653.0 12369268.0
1654.0 12320064.0
1655.0 12214270.0
1656.0 11711396.0
1657.0 11760566.0
1658.0 11337931.0
1659.0 10774266.0
1660.0 10589260.0
1661.0 9765071.0
1662.0 9330312.0
1663.0 8847152.0
1664.0 9000826.0
1665.0 9172991.0
1666.0 8915948.0
1667.0 9521336.0
1668.0 10528068.0
1669.0 10318942.0
1670.0 11107976.0
1671.0 11727045.0
1672.0 12137366.0
1673.0 12703990.0
1674.0 13262312.0
1675.0 13539566.0
1676.0 14346314.0
1677.0 14840891.0
1678.0 16215215.0
1679.0 16166016.0
1680.0 15577975.0
1681.0 17133150.0
1682.0 18105384.0
1683.0 18028112.0
1684.0 17985836.0
1685.0 16671329.0
1686.0 15318639.0
1687.0 14815768.0
1688.0 14217849.0
1689.0 13907864.0
1690.0 14596385.0
1691.0 15009375.0
1692.0 16011872.0
1693.0 16178706.0
1694.0 16248336.0
1695.0 17460946.0
1696.0 18144580.0
1697.0 18284578.0
1698.0 18911448.0
1699.0 20167878.0
1700.0 20807200.0
1701.0 20114316.0
1702.0 20654324.0
1703.0 21582708.0
1704.0 20587900.0
1705.0 19157296.0
1706.0 17975016.0
1707.0 18605022.0
1708.0 17504378.0
1709.0 16466268.0
1710.0 16819588.0
1711.0 16756599.0
1712.0 16461451.0
1713.0 16390062.0
1714.0 15089561.0
1715.0 14108211.0
1716.0 14507706.0
1717.0 13700901.0
1718.0 12819904.0
1719.0 11966415.0
1720.0 10993490.0
1721.0 9523292.0
1722.0 7710161.0
1723.0 5880932.0
1724.0 4424479.0
1725.0 3538727.2
1726.0 3069810.5
1727.0 2764959.0
1728.0 2786719.0
1729.0 3106319.8
1730.0 4040095.5
1731.0 3877005.5
1732.0 3662507.0
1733.0 3877010.0
1734.0 3928116.5
1735.0 4052894.5
1736.0 4466434.0
1737.0 5002360.5
1738.0 5018304.5
1739.0 5057785.5
1740.0 5442558.0
1741.0 5274952.0
1742.0 5459600.0
1743.0 5875289.0
1744.0 6170729.0
1745.0 5160613.0
1746.0 4477650.5
1747.0 4029075.0
1748.0 4486071.5
1749.0 4812457.5
1750.0 4590907.0
1751.0 4756003.0
1752.0 4885517.0
1753.0 4559765.5
1754.0 4533004.5
1755.0 4123717.0
1756.0 4008436.5
1757.0 3805488.8
1758.0 4303039.5
1759.0 4519843.0
1760.0 4895868.0
1761.0 4790189.5
1762.0 4885301.5
1763.0 5190043.0
1764.0 5204248.0
1765.0 5988905.0
1766.0 6564187.0
1767.0 7534910.0
1768.0 7430799.0
1769.0 6489920.5
1770.0 6473137.5
1771.0 6072456.0
1772.0 5667460.0
1773.0 5621607.0
1774.0 6061797.5
1775.0 6838477.5
1776.0 6856149.0
1777.0 6767054.0
1778.0 6074885.5
1779.0 5650206.0
1780.0 6235870.5
1781.0 5998174.0
1782.0 5245572.5
1783.0 5134519.5
1784.0 4468654.5
1785.0 4216467.5
1786.0 4210543.5
1787.0 4908896.0
1788.0 4802826.0
1789.0 4986272.5
1790.0 5272824.5
1791.0 5324624.5
1792.0 5393015.0
1793.0 5875584.5
1794.0 6333320.0
1795.0 6334002.0
1796.0 5644746.0
1797.0 5720712.5
1798.0 5702080.0
1799.0 5708353.0
1800.0 6455084.5
1801.0 7164849.5
1802.0 7106069.5
1803.0 6737897.0
1804.0 6152774.0
1805.0 6465309.5
1806.0 6508917.0
1807.0 6620554.5
1808.0 5772129.5
1809.0 5145266.5
1810.0 4819987.5
1811.0 4219864.0
1812.0 4274910.5
1813.0 3730757.8
1814.0 3295694.5
1815.0 3751307.0
1816.0 3743457.0
1817.0 3254052.8
1818.0 3363932.2
1819.0 3710692.2
1820.0 3774733.5
1821.0 4100992.0
1822.0 3707044.8
1823.0 3552917.8
1824.0 4456991.5
1825.0 5498089.5
1826.0 6159763.0
1827.0 6003494.0
1828.0 6051330.5
1829.0 5836186.0
1830.0 6892426.0
1831.0 7318115.5
1832.0 7153790.0
1833.0 7000492.5
1834.0 8511765.0
1835.0 8615147.0
1836.0 8148467.5
1837.0 8627099.0
1838.0 9061878.0
1839.0 7817237.0
1840.0 6867727.0
1841.0 6458863.0
1842.0 6028622.0
1843.0 6045015.0
1844.0 7155957.5
1845.0 7882817.5
1846.0 7918268.0
1847.0 8900910.0
1848.0 9195750.0
1849.0 9831752.0
1850.0 10982210.0
1851.0 11537675.0
1852.0 12047628.0
1853.0 11950014.0
1854.0 11500131.0
1855.0 11289744.0
1856.0 10875351.0
1857.0 10601202.0
1858.0 11561248.0
1859.0 12487344.0
1860.0 12452580.0
1861.0 10839048.0
1862.0 10232408.0
1863.0 9604496.0
1864.0 9500062.0
1865.0 9285341.0
1866.0 9068089.0
1867.0 8316948.0
1868.0 7955183.0
1869.0 7282000.0
1870.0 6540272.0
1871.0 6126188.0
1872.0 6557863.0
1873.0 7750194.0
1874.0 8127445.0
1875.0 8632661.0
1876.0 7904129.5
1877.0 8312106.0
1878.0 9579274.0
1879.0 9869380.0
1880.0 10327534.0
1881.0 10553220.0
1882.0 11214740.0
1883.0 10509181.0
1884.0 9433382.0
1885.0 9253966.0
1886.0 8462418.0
1887.0 7856385.5
1888.0 7497341.0
1889.0 6827456.0
1890.0 5924226.0
1891.0 5172010.5
1892.0 5163699.0
1893.0 4857571.0
1894.0 4150803.5
1895.0 4006230.2
1896.0 4037721.5
1897.0 4802468.0
1898.0 6006495.5
1899.0 7222432.0
1900.0 8773684.0
1901.0 8992891.0
1902.0 9919138.0
1903.0 11650444.0
1904.0 12470610.0
1905.0 12999102.0
1906.0 14764200.0
1907.0 16574786.0
1908.0 17668016.0
1909.0 17616778.0
1910.0 19116072.0
1911.0 20462252.0
1912.0 22158630.0
1913.0 21562588.0
1914.0 20592658.0
1915.0 19567454.0
1916.0 16781752.0
1917.0 13603522.0
1918.0 9540979.0
1919.0 6843677.0
1920.0 5766704.0
1921.0 5549043.0
1922.0 4994512.5
1923.0 5323992.5
1924.0 5589786.0
1925.0 5589985.0
1926.0 6708292.0
1927.0 7433198.0
1928.0 8854553.0
1929.0 10431027.0
1930.0 10170724.0
1931.0 10970160.0
1932.0 12578440.0
1933.0 13431215.0
1934.0 14093791.0
1935.0 14752042.0
1936.0 14925830.0
1937.0 16301570.0
1938.0 17384478.0
1939.0 17662610.0
1940.0 17433310.0
1941.0 15582342.0
1942.0 12882205.0
1943.0 10131155.0
1944.0 7260704.0
1945.0 4466554.5
1946.0 3699521.5
1947.0 3016340.2
1948.0 2793515.5
1949.0 2529467.8
1950.0 2196911.5
1951.0 1942593.1
1952.0 1557114.8
1953.0 1373636.1
1954.0 1358160.8
1955.0 1269560.4
1956.0 1126023.5
1957.0 1137343.2
1958.0 1206447.0
1959.0 1005082.5
1960.0 1006761.2
1961.0 1126062.5
1962.0 1282308.6
1963.0 1338760.6
1964.0 1324501.0
1965.0 1026560.7
1966.0 995300.4
1967.0 1292692.2
1968.0 1336480.0
1969.0 1350654.8
1970.0 1259539.6
1971.0 1187040.5
1972.0 987396.8
1973.0 978327.6
1974.0 922559.4
1975.0 940933.0
1976.0 1205786.9
1977.0 1144548.9
1978.0 1115812.2
1979.0 1293873.5
1980.0 1345403.1
1981.0 1467312.2
1982.0 1513872.4
1983.0 1372175.6
1984.0 1560904.4
1985.0 1743604.4
1986.0 1727671.4
1987.0 1700183.1
1988.0 1474644.8
1989.0 1190865.1
1990.0 1532308.6
1991.0 1990639.0
1992.0 1923062.2
1993.0 1998002.8
1994.0 1868081.2
1995.0 2166282.2
1996.0 1985663.2
1997.0 2054826.1
1998.0 1737044.5
1999.0 1742668.9
2000.0 2207923.0
2001.0 1957410.0
2002.0 1682011.4
2003.0 1535471.5
2004.0 1622226.1
2005.0 1647121.0
2006.0 1843189.8
2007.0 1882590.0
2008.0 1712262.0
2009.0 1658450.2
2010.0 1834026.8
2011.0 1665220.0
2012.0 2034095.6
2013.0 2084872.4
2014.0 2106427.2
2015.0 2146219.5
2016.0 2655983.8
2017.0 2348714.0
2018.0 2122855.2
2019.0 2288936.2
2020.0 2051381.1
2021.0 2144884.8
2022.0 2295849.2
2023.0 1992533.5
2024.0 565446.75
2025.0 -676730.9
2026.0 -1755789.5
2027.0 -3393667.8
2028.0 -4587026.0
2029.0 -6717812.5
2030.0 -9027280.0
2031.0 -11031380.0
2032.0 -12544844.0
2033.0 -14144834.0
2034.0 -15992409.0
2035.0 -18144122.0
2036.0 -19829268.0
2037.0 -21878358.0
2038.0 -24136624.0
2039.0 -25870264.0
2040.0 -28282258.0
2041.0 -30100404.0
2042.0 0.0
2043.0 0.0
2044.0 0.0
2045.0 0.0
2046.0 0.0
2047.0 0.0
