string
0.0 1665418.9
1.0 1478239.0
2.0 1738759.5
3.0 1878148.1
4.0 1818079.4
5.0 1963062.0
6.0 1940930.2
7.0 1859523.0
8.0 1490476.0
9.0 1649703.8
10.0 1841693.5
11.0 1837445.1
12.0 1795500.8
13.0 2105546.8
14.0 2217200.8
15.0 2115011.5
16.0 1923906.0
17.0 1627028.2
18.0 1680579.0
19.0 1952384.8
20.0 2198674.0
21.0 2232267.5
22.0 2172134.8
23.0 2339920.0
24.0 2131910.0
25.0 2043509.4
26.0 1797190.0
27.0 1577578.0
28.0 1964564.4
29.0 1873053.9
30.0 2009579.4
31.0 2028618.0
32.0 1733805.2
33.0 1407807.2
34.0 1645365.1
35.0 2225197.0
36.0 2863748.5
37.0 2782286.5
38.0 2686929.8
39.0 2484007.0
40.0 2545277.0
41.0 2497838.0
42.0 2352719.0
43.0 2306818.2
44.0 2055844.4
45.0 2098631.0
46.0 1957738.2
47.0 2056006.0
48.0 1762757.0
49.0 1688074.2
50.0 2073912.8
51.0 1963883.9
52.0 1858375.8
53.0 1658110.0
54.0 1385453.0
55.0 1801723.5
56.0 2136682.8
57.0 2478886.0
58.0 2271167.0
59.0 2752142.8
60.0 2962447.5
61.0 2393818.2
62.0 2867781.2
63.0 2745702.2
64.0 2893267.8
65.0 2975538.8
66.0 2502431.2
67.0 2037748.6
68.0 2167780.8
69.0 2587771.5
70.0 2629717.5
71.0 2763773.0
72.0 2548361.2
73.0 2454674.0
74.0 2994817.5
75.0 3161177.0
76.0 3593266.0
77.0 3845662.0
78.0 3817817.8
79.0 4017597.0
80.0 4200027.0
81.0 3967797.0
82.0 3629200.0
83.0 3161594.5
84.0 3151692.2
85.0 3561561.2
86.0 3539825.2
87.0 3447945.5
88.0 2832740.2
89.0 3249589.5
90.0 3324761.2
91.0 3462514.8
92.0 3494660.0
93.0 4291939.5
94.0 5116223.0
95.0 5745087.0
96.0 5795764.5
97.0 6485545.0
98.0 6120766.0
99.0 4929917.5
100.0 3932878.8
101.0 2467197.0
102.0 1860671.5
103.0 1515542.5
104.0 1369087.2
105.0 1533377.4
106.0 1528946.8
107.0 1989293.2
108.0 1493484.8
109.0 1356915.1
110.0 1637273.1
111.0 1800975.8
112.0 1504174.5
113.0 2161703.2
114.0 2398973.2
115.0 2432401.8
116.0 2772866.0
117.0 3118925.0
118.0 4051288.5
119.0 4062104.8
120.0 3504633.0
121.0 4045225.5
122.0 5449107.0
123.0 5754200.5
124.0 5236276.0
125.0 5406005.0
126.0 6051997.0
127.0 5580434.0
128.0 5387093.0
129.0 5540016.0
130.0 4462913.0
131.0 3883967.8
132.0 3400724.0
133.0 2730922.5
134.0 1912391.5
135.0 1185616.5
136.0 780453.2
137.0 984628.9
138.0 971101.75
139.0 1044806.3
140.0 922122.44
141.0 738864.25
142.0 872470.9
143.0 1062042.2
144.0 811006.8
145.0 544945.7
146.0 782850.0
147.0 834632.5
148.0 594634.56
149.0 736349.0
150.0 1071887.8
151.0 956488.2
152.0 768067.75
153.0 990237.1
154.0 1588176.8
155.0 2225093.8
156.0 3329630.5
157.0 4499587.0
158.0 6031044.5
159.0 6215773.0
160.0 6258882.5
161.0 5532903.0
162.0 4735298.0
163.0 3716434.8
164.0 3127853.5
165.0 2730579.5
166.0 2944323.5
167.0 3454789.8
168.0 3615734.5
169.0 3689777.0
170.0 3538204.8
171.0 3474368.0
172.0 3752926.5
173.0 3969969.5
174.0 3322375.2
175.0 3944632.5
176.0 4602218.0
177.0 5787980.0
178.0 7769507.0
179.0 10357438.0
180.0 11650371.0
181.0 12331790.0
182.0 12438274.0
183.0 11242780.0
184.0 10233681.0
185.0 8269557.0
186.0 6062747.5
187.0 4060736.5
188.0 3423959.0
189.0 2679690.5
190.0 2217191.8
191.0 1840682.8
192.0 1763753.2
193.0 1424222.5
194.0 1123435.2
195.0 1070915.1
196.0 841499.1
197.0 799035.3
198.0 1173157.4
199.0 1007380.06
200.0 997047.0
201.0 765135.0
202.0 777264.3
203.0 866371.6
204.0 845004.44
205.0 1089199.2
206.0 1003644.44
207.0 1352271.5
208.0 1202730.5
209.0 1359183.5
210.0 1310646.0
211.0 1404780.8
212.0 1733524.2
213.0 2301773.5
214.0 3264309.0
215.0 4126495.0
216.0 5693318.0
217.0 7760321.0
218.0 8442808.0
219.0 9553306.0
220.0 8694141.0
221.0 8066800.5
222.0 7547218.0
223.0 5411222.5
224.0 4224533.0
225.0 3343049.5
226.0 2878162.5
227.0 2834088.8
228.0 2216602.2
229.0 1996649.0
230.0 1947028.5
231.0 1512082.0
232.0 1269820.2
233.0 1159439.8
234.0 754289.4
235.0 610168.75
236.0 869916.0
237.0 796638.25
238.0 589323.0
239.0 757281.1
240.0 1226850.2
241.0 1473872.8
242.0 1101836.5
243.0 990506.9
244.0 1073199.1
245.0 1697461.0
246.0 2521159.0
247.0 3123694.5
248.0 3571562.8
249.0 5036833.5
250.0 5888276.0
251.0 5865648.0
252.0 6440062.0
253.0 6772035.5
254.0 6368840.5
255.0 4764390.5
256.0 3536305.5
257.0 2591347.2
258.0 1937265.0
259.0 1484638.8
260.0 1426525.5
261.0 1104032.0
262.0 1197610.4
263.0 1032756.1
264.0 844040.0
265.0 772429.6
266.0 1161078.1
267.0 1126327.9
268.0 829377.0
269.0 664724.1
270.0 774225.75
271.0 697586.5
272.0 732838.8
273.0 845534.3
274.0 859408.6
275.0 566420.9
276.0 464642.78
277.0 532281.4
278.0 527159.1
279.0 792328.06
280.0 850402.9
281.0 897806.75
282.0 1063695.2
283.0 828378.25
284.0 785296.3
285.0 812079.7
286.0 883157.9
287.0 584310.25
288.0 603956.3
289.0 870323.6
290.0 981709.7
291.0 1013074.75
292.0 857050.5
293.0 703723.9
294.0 826700.25
295.0 891365.75
296.0 1061248.9
297.0 1060326.6
298.0 771548.25
299.0 1138642.1
300.0 1373150.5
301.0 1044373.1
302.0 1038390.06
303.0 1227325.2
304.0 1463201.0
305.0 1649624.8
306.0 2189875.0
307.0 1765832.4
308.0 1366182.2
309.0 1156670.8
310.0 1024645.7
311.0 751812.6
312.0 951162.8
313.0 1236224.2
314.0 1363354.0
315.0 1197514.5
316.0 1269763.0
317.0 1508754.5
318.0 1805973.8
319.0 1942474.8
320.0 1982468.0
321.0 2293680.5
322.0 2367553.0
323.0 2419141.5
324.0 2180556.5
325.0 1971321.2
326.0 2402066.2
327.0 3075321.2
328.0 3605171.5
329.0 4060026.5
330.0 4135110.5
331.0 4404110.5
332.0 4645234.0
333.0 5043416.0
334.0 4566184.5
335.0 3861756.0
336.0 3148515.5
337.0 2568215.5
338.0 2087765.1
339.0 1697883.6
340.0 2001079.8
341.0 1835789.0
342.0 1352091.2
343.0 1334121.8
344.0 1143132.0
345.0 1074033.1
346.0 1032019.9
347.0 1210936.0
348.0 958700.94
349.0 1210375.2
350.0 1225902.4
351.0 1164611.0
352.0 1482199.4
353.0 1242242.0
354.0 1120146.5
355.0 941982.9
356.0 929104.94
357.0 844426.8
358.0 848598.6
359.0 1118680.4
360.0 1010551.9
361.0 1178047.2
362.0 1900869.0
363.0 1694651.1
364.0 2245787.5
365.0 2880912.0
366.0 2994232.0
367.0 3322045.0
368.0 3972225.0
369.0 3732074.0
370.0 3435511.2
371.0 2853542.8
372.0 1984701.5
373.0 1833742.4
374.0 1596858.6
375.0 1504922.0
376.0 1550978.5
377.0 1237775.1
378.0 1360136.1
379.0 1455965.1
380.0 1258009.8
381.0 1048195.4
382.0 999251.56
383.0 1172400.2
384.0 1255874.2
385.0 950169.1
386.0 1111789.0
387.0 814984.4
388.0 827756.9
389.0 830318.8
390.0 961826.3
391.0 1331313.0
392.0 1240549.2
393.0 1764482.6
394.0 1988133.1
395.0 1816729.4
396.0 2270439.5
397.0 2456129.0
398.0 2298748.5
399.0 1599672.2
400.0 1525825.2
401.0 1705485.2
402.0 1530444.8
403.0 1451480.6
404.0 1885452.8
405.0 1760836.9
406.0 1826131.1
407.0 1860567.5
408.0 2244574.0
409.0 2566981.0
410.0 2708634.5
411.0 2614033.2
412.0 2058051.4
413.0 1737989.4
414.0 1973944.2
415.0 2806659.5
416.0 3260505.0
417.0 3655359.0
418.0 3297268.0
419.0 2819947.0
420.0 2692399.0
421.0 2198962.8
422.0 1995177.5
423.0 1812531.1
424.0 1530622.0
425.0 1485819.4
426.0 1129948.6
427.0 1421886.8
428.0 1622233.6
429.0 1816744.9
430.0 1777798.0
431.0 1857529.8
432.0 1751085.6
433.0 1404026.5
434.0 1410852.6
435.0 1275865.1
436.0 1338010.5
437.0 1368674.9
438.0 1289536.5
439.0 1532799.5
440.0 1692868.2
441.0 1488425.2
442.0 1418328.0
443.0 1118450.1
444.0 1042888.6
445.0 1039169.25
446.0 1270439.1
447.0 1195157.4
448.0 1529361.0
449.0 1630936.1
450.0 1879236.0
451.0 2268202.2
452.0 2019954.5
453.0 1806232.2
454.0 1368786.0
455.0 1329059.9
456.0 1398158.9
457.0 1134728.9
458.0 1250926.5
459.0 1383641.4
460.0 1493281.9
461.0 1398616.2
462.0 1185488.5
463.0 1236894.6
464.0 1926500.2
465.0 2090684.5
466.0 1859289.9
467.0 2187211.2
468.0 2047886.1
469.0 1984695.0
470.0 1886947.8
471.0 1872153.2
472.0 1986628.8
473.0 1891183.6
474.0 1855471.5
475.0 1627610.2
476.0 1670191.9
477.0 1456661.8
478.0 1478884.4
479.0 1130861.5
480.0 923095.0
481.0 1089111.0
482.0 969889.25
483.0 870574.3
484.0 1185545.8
485.0 970010.06
486.0 918032.5
487.0 851527.6
488.0 924912.25
489.0 980542.0
490.0 1216716.0
491.0 1169596.0
492.0 1023566.8
493.0 1164354.6
494.0 943199.5
495.0 756951.75
496.0 899904.6
497.0 886867.8
498.0 1384242.8
499.0 1376043.6
500.0 1227686.9
501.0 1485237.5
502.0 1611242.6
503.0 1446782.6
504.0 1727793.0
505.0 1884889.2
506.0 1574235.5
507.0 1527176.0
508.0 1927506.1
509.0 1886621.9
510.0 1561312.0
511.0 1294170.6
512.0 1310624.1
513.0 1221792.2
514.0 1070409.5
515.0 1262809.1
516.0 1529263.6
517.0 1760499.4
518.0 1615863.1
519.0 1074020.9
520.0 889671.25
521.0 1073563.8
522.0 917529.6
523.0 825000.06
524.0 1105817.2
525.0 1341677.0
526.0 1018668.8
527.0 1023986.4
528.0 1016619.75
529.0 1282537.6
530.0 1182486.1
531.0 1525117.5
532.0 1503233.2
533.0 1672470.1
534.0 1935553.2
535.0 1868690.0
536.0 2137714.0
537.0 2562763.0
538.0 2798713.5
539.0 2509618.5
540.0 2178569.0
541.0 1820577.2
542.0 1660064.8
543.0 1194384.8
544.0 1009083.06
545.0 1194789.2
546.0 1253306.8
547.0 1084205.0
548.0 1138036.0
549.0 895141.2
550.0 1187041.5
551.0 966095.25
552.0 1115425.1
553.0 1211979.2
554.0 1263178.6
555.0 1419569.0
556.0 1237368.0
557.0 1409261.1
558.0 1763676.8
559.0 1504995.1
560.0 1412291.2
561.0 1528038.1
562.0 1505265.5
563.0 1287153.6
564.0 1400223.9
565.0 1158310.1
566.0 1162810.8
567.0 1111221.5
568.0 1202483.2
569.0 1267601.1
570.0 1482505.8
571.0 1294820.5
572.0 1024996.56
573.0 960011.25
574.0 965715.9
575.0 977939.44
576.0 1191122.2
577.0 1315959.8
578.0 1011686.6
579.0 1235840.6
580.0 1545978.9
581.0 1379344.0
582.0 1212292.0
583.0 1081069.5
584.0 1091325.5
585.0 1295257.0
586.0 1326286.9
587.0 1293997.4
588.0 1267164.9
589.0 1215439.5
590.0 1345556.2
591.0 1205794.6
592.0 1156411.8
593.0 1101450.1
594.0 1141029.0
595.0 1215229.8
596.0 903624.6
597.0 1150866.9
598.0 1319904.0
599.0 1425226.8
600.0 1228551.0
601.0 1385679.4
602.0 1286241.1
603.0 1144407.9
604.0 935745.25
605.0 859039.3
606.0 1000058.9
607.0 1234548.6
608.0 1213472.6
609.0 1147685.8
610.0 1079509.6
611.0 1300279.8
612.0 1146366.4
613.0 1289302.9
614.0 876636.56
615.0 834198.75
616.0 1197963.0
617.0 1453766.9
618.0 1287876.5
619.0 957901.8
620.0 598481.2
621.0 625963.8
622.0 852294.9
623.0 1131036.5
624.0 1166061.9
625.0 1323858.9
626.0 1216940.0
627.0 1308988.1
628.0 1383871.4
629.0 1472356.2
630.0 1265636.5
631.0 852704.0
632.0 1221820.5
633.0 1009780.25
634.0 1047305.6
635.0 1067678.2
636.0 681301.6
637.0 805009.3
638.0 1076655.0
639.0 1229985.5
640.0 1284890.9
641.0 1100605.5
642.0 1523925.1
643.0 1472565.8
644.0 1278177.6
645.0 1009677.0
646.0 1057108.0
647.0 1143896.5
648.0 1073253.8
649.0 1046269.75
650.0 897248.06
651.0 965577.0
652.0 1023842.9
653.0 1086870.5
654.0 1212026.4
655.0 1314906.1
656.0 1137719.5
657.0 1314402.8
658.0 1183630.9
659.0 995541.1
660.0 937182.9
661.0 993460.06
662.0 1077978.6
663.0 1198665.9
664.0 1497696.0
665.0 1241070.4
666.0 1154515.1
667.0 1155418.8
668.0 1307905.9
669.0 1292250.8
670.0 1464807.6
671.0 1424889.9
672.0 1641694.4
673.0 1476560.8
674.0 1152497.5
675.0 1339519.8
676.0 1389021.1
677.0 1656259.5
678.0 1506974.5
679.0 1098913.8
680.0 1173077.8
681.0 1152383.2
682.0 1021255.1
683.0 1085843.2
684.0 1215662.2
685.0 929962.44
686.0 1091582.9
687.0 1208396.6
688.0 1354576.1
689.0 1510704.5
690.0 1016421.6
691.0 1185971.8
692.0 1216143.9
693.0 1280691.4
694.0 988529.7
695.0 1116075.9
696.0 1299613.5
697.0 971272.0
698.0 976704.4
699.0 1240310.8
700.0 1183265.0
701.0 1229047.6
702.0 1106494.5
703.0 1058416.6
704.0 1307155.8
705.0 1233224.8
706.0 1207599.9
707.0 1284423.4
708.0 1389158.9
709.0 988337.75
710.0 907757.75
711.0 1010057.56
712.0 877440.94
713.0 942551.8
714.0 910991.8
715.0 931650.0
716.0 1093589.8
717.0 1206241.5
718.0 1075808.2
719.0 1045583.9
720.0 1284356.8
721.0 1130953.0
722.0 1100165.6
723.0 1233168.8
724.0 950540.3
725.0 1010305.3
726.0 972918.7
727.0 971168.6
728.0 1031081.1
729.0 855113.5
730.0 914543.2
731.0 932471.2
732.0 1067113.5
733.0 1141640.0
734.0 887909.75
735.0 965406.5
736.0 964275.94
737.0 1005149.4
738.0 1090785.6
739.0 824164.6
740.0 1099977.4
741.0 1004728.5
742.0 1136745.8
743.0 1206238.9
744.0 1468618.6
745.0 1576475.2
746.0 1259800.8
747.0 1150834.0
748.0 1031113.7
749.0 920093.8
750.0 909852.2
751.0 1156752.1
752.0 1329523.1
753.0 1219584.8
754.0 1106733.8
755.0 1251309.9
756.0 1066251.4
757.0 1027118.1
758.0 892809.4
759.0 1064316.0
760.0 1203539.5
761.0 1069539.0
762.0 1063953.9
763.0 796272.8
764.0 958120.0
765.0 932407.4
766.0 864286.6
767.0 932560.4
768.0 1032809.3
769.0 984905.6
770.0 982790.9
771.0 1062064.2
772.0 1017893.0
773.0 1264789.0
774.0 1476600.2
775.0 1243000.1
776.0 1132762.5
777.0 926977.25
778.0 1017456.6
779.0 944986.0
780.0 947298.0
781.0 1048655.4
782.0 868135.5
783.0 919624.6
784.0 1230068.5
785.0 1209401.0
786.0 886633.0
787.0 1179710.2
788.0 1291935.8
789.0 1045064.25
790.0 1091065.9
791.0 941787.6
792.0 1215073.2
793.0 1414126.2
794.0 1402733.1
795.0 1495184.5
796.0 1576422.6
797.0 1917923.6
798.0 1774318.2
799.0 1590559.4
800.0 1635062.0
801.0 1358822.2
802.0 1219105.5
803.0 1271684.8
804.0 1570807.4
805.0 1526950.8
806.0 1173405.5
807.0 975017.1
808.0 799321.1
809.0 870987.2
810.0 1084353.2
811.0 1322099.0
812.0 1091182.2
813.0 1142578.6
814.0 1257883.2
815.0 1050310.8
816.0 1014408.8
817.0 1071142.6
818.0 1274976.8
819.0 1178566.0
820.0 1406613.8
821.0 1341209.8
822.0 997662.5
823.0 1132644.9
824.0 1400073.8
825.0 1444354.4
826.0 1352899.4
827.0 1310287.0
828.0 1493032.2
829.0 1348034.8
830.0 1207491.1
831.0 854299.4
832.0 1107761.2
833.0 1124207.6
834.0 1052576.5
835.0 1019799.0
836.0 1051205.8
837.0 1361018.2
838.0 1191229.4
839.0 1038986.6
840.0 1204227.6
841.0 1015596.4
842.0 1207943.4
843.0 1209758.2
844.0 906750.4
845.0 1052925.2
846.0 1281538.4
847.0 1233007.8
848.0 1037151.4
849.0 1233808.4
850.0 1085788.4
851.0 1021781.4
852.0 883767.25
853.0 979373.25
854.0 1014724.5
855.0 1021932.9
856.0 1064516.1
857.0 1020124.06
858.0 1396195.8
859.0 1106711.0
860.0 1144312.6
861.0 1106048.2
862.0 1183891.2
863.0 1438488.5
864.0 1329417.2
865.0 1322975.6
866.0 1197246.2
867.0 1108356.4
868.0 1151461.4
869.0 1132663.0
870.0 1147759.8
871.0 1360721.0
872.0 1337161.9
873.0 1447923.1
874.0 1427099.5
875.0 1389327.6
876.0 1137987.1
877.0 1251857.6
878.0 1369824.8
879.0 1598746.1
880.0 1694894.5
881.0 1518264.9
882.0 1656839.5
883.0 1573053.9
884.0 1556114.9
885.0 1548143.1
886.0 1410156.2
887.0 1193651.4
888.0 1350463.9
889.0 1580825.2
890.0 1266761.9
891.0 1437381.5
892.0 1346621.8
893.0 1205286.6
894.0 1282785.8
895.0 1526614.8
896.0 1643831.2
897.0 1556673.5
898.0 1771785.5
899.0 1859149.5
900.0 1933984.4
901.0 2001987.2
902.0 1634808.9
903.0 1500350.6
904.0 1610443.5
905.0 1837412.5
906.0 1984421.0
907.0 1801609.4
908.0 1376382.4
909.0 1634899.5
910.0 2182373.2
911.0 2243547.5
912.0 2142866.2
913.0 1946476.9
914.0 2184451.0
915.0 2080777.4
916.0 2281088.5
917.0 1921013.1
918.0 2012343.5
919.0 2129989.2
920.0 2210990.8
921.0 1845131.2
922.0 2067890.6
923.0 2492759.0
924.0 2482996.5
925.0 2256024.5
926.0 2410157.2
927.0 2187220.5
928.0 2264075.2
929.0 2615234.5
930.0 2617477.2
931.0 2315025.2
932.0 2246079.0
933.0 2546341.5
934.0 2483090.0
935.0 3124575.2
936.0 3059041.2
937.0 2961131.0
938.0 2482598.5
939.0 2172911.8
940.0 2167564.8
941.0 2283189.5
942.0 2345514.0
943.0 2275683.0
944.0 2236702.0
945.0 2801303.5
946.0 2759252.0
947.0 2358535.5
948.0 2274971.8
949.0 2484846.5
950.0 2596549.2
951.0 2571650.8
952.0 2689238.5
953.0 3023687.5
954.0 3066326.0
955.0 2586710.2
956.0 2316548.8
957.0 2385457.0
958.0 2741545.5
959.0 2755573.0
960.0 2656261.5
961.0 2707857.2
962.0 3095583.8
963.0 3082078.0
964.0 3221400.2
965.0 3238199.0
966.0 3280514.8
967.0 3328976.5
968.0 3166865.2
969.0 3244851.0
970.0 3555578.5
971.0 3826983.8
972.0 3791750.0
973.0 4065975.5
974.0 4211915.5
975.0 4567579.5
976.0 4541652.5
977.0 4339327.0
978.0 4259324.5
979.0 4037367.5
980.0 4087424.8
981.0 4097792.8
982.0 4154405.2
983.0 4845878.5
984.0 6132529.0
985.0 6617959.0
986.0 7564059.5
987.0 9380624.0
988.0 10784484.0
989.0 10874506.0
990.0 10413732.0
991.0 10428559.0
992.0 10123389.0
993.0 9086583.0
994.0 7845644.5
995.0 8011683.0
996.0 8358958.0
997.0 8073236.0
998.0 7997343.0
999.0 9063994.0
1000.0 9237127.0
1001.0 9081730.0
1002.0 9614504.0
1003.0 10132819.0
1004.0 10021511.0
1005.0 10899326.0
1006.0 11709470.0
1007.0 10903852.0
1008.0 10478472.0
1009.0 10821549.0
1010.0 10282105.0
1011.0 9193266.0
1012.0 8967806.0
1013.0 9244188.0
1014.0 8165886.0
1015.0 6868262.5
1016.0 5827664.0
1017.0 5114770.0
1018.0 4963508.5
1019.0 4793602.5
1020.0 4465052.0
1021.0 4157702.2
1022.0 3997489.0
1023.0 3878125.0
1024.0 3862512.0
1025.0 3765120.5
1026.0 3968025.0
1027.0 4048748.5
1028.0 4408547.0
1029.0 4851594.5
1030.0 5680913.0
1031.0 6515616.0
1032.0 6928317.0
1033.0 7713705.0
1034.0 9408147.0
1035.0 11124240.0
1036.0 11684922.0
1037.0 12480214.0
1038.0 13268681.0
1039.0 13154191.0
1040.0 13532620.0
1041.0 12752354.0
1042.0 11308048.0
1043.0 10825659.0
1044.0 11205872.0
1045.0 11175444.0
1046.0 10719278.0
1047.0 11416874.0
1048.0 13118640.0
1049.0 14570876.0
1050.0 15065128.0
1051.0 15342068.0
1052.0 15976231.0
1053.0 16088980.0
1054.0 16462768.0
1055.0 17205120.0
1056.0 19309516.0
1057.0 23005840.0
1058.0 31075918.0
1059.0 42547690.0
1060.0 56905204.0
1061.0 74799736.0
1062.0 94178110.0
1063.0 110019200.0
1064.0 121101870.0
1065.0 124861260.0
1066.0 113988860.0
1067.0 92998270.0
1068.0 67497850.0
1069.0 44788936.0
1070.0 30646808.0
1071.0 23843970.0
1072.0 18097970.0
1073.0 15498936.0
1074.0 14197302.0
1075.0 11822856.0
1076.0 9803071.0
1077.0 7827543.0
1078.0 6891508.0
1079.0 6198634.5
1080.0 5604255.0
1081.0 5143876.0
1082.0 4935148.0
1083.0 5082588.5
1084.0 5038004.0
1085.0 5119229.0
1086.0 5288482.5
1087.0 5938432.0
1088.0 6526649.0
1089.0 7394754.0
1090.0 8227946.0
1091.0 8303732.0
1092.0 7798814.0
1093.0 7413729.5
1094.0 7403790.0
1095.0 6682547.5
1096.0 6486100.0
1097.0 6532259.0
1098.0 6573209.5
1099.0 7386987.0
1100.0 8440451.0
1101.0 9649683.0
1102.0 11850109.0
1103.0 15698555.0
1104.0 21132030.0
1105.0 28644082.0
1106.0 39796984.0
1107.0 55738136.0
1108.0 71183780.0
1109.0 88494020.0
1110.0 102264780.0
1111.0 107938360.0
1112.0 104222550.0
1113.0 91808500.0
1114.0 70800090.0
1115.0 49789240.0
1116.0 34405180.0
1117.0 24408572.0
1118.0 18747596.0
1119.0 14510455.0
1120.0 12000909.0
1121.0 10058516.0
1122.0 8559368.0
1123.0 7003713.0
1124.0 6173512.5
1125.0 5378366.0
1126.0 4332508.0
1127.0 3402776.5
1128.0 2619906.8
1129.0 2403949.0
1130.0 2449620.2
1131.0 2388084.8
1132.0 2257069.8
1133.0 2587436.5
1134.0 3267359.8
1135.0 3858342.8
1136.0 3796757.8
1137.0 3850909.5
1138.0 4033298.5
1139.0 3710683.8
1140.0 3211737.8
1141.0 3137056.0
1142.0 3117677.8
1143.0 2575599.5
1144.0 2544752.8
1145.0 2265875.5
1146.0 2040958.1
1147.0 2045037.6
1148.0 1976722.0
1149.0 1602632.2
1150.0 1750168.6
1151.0 2075283.9
1152.0 1728528.2
1153.0 1640233.5
1154.0 2096031.9
1155.0 2143438.5
1156.0 2302524.5
1157.0 2096387.0
1158.0 2210750.2
1159.0 1852701.8
1160.0 1818778.2
1161.0 1818550.2
1162.0 1833954.0
1163.0 1888748.8
1164.0 2280687.8
1165.0 2466003.5
1166.0 2664080.2
1167.0 2880673.8
1168.0 2640307.0
1169.0 2417993.0
1170.0 2282616.5
1171.0 2695757.5
1172.0 2731137.2
1173.0 2680770.5
1174.0 2271024.8
1175.0 2270336.2
1176.0 2601716.0
1177.0 2692319.8
1178.0 2375492.2
1179.0 2565554.8
1180.0 2547504.0
1181.0 3019599.8
1182.0 3241240.2
1183.0 3421323.0
1184.0 3440020.5
1185.0 3503591.0
1186.0 4246023.0
1187.0 4197043.5
1188.0 4183737.0
1189.0 4219838.5
1190.0 4845265.5
1191.0 5078334.0
1192.0 5245629.5
1193.0 5095712.0
1194.0 4650962.5
1195.0 3927127.8
1196.0 3873296.0
1197.0 3861137.2
1198.0 3538668.5
1199.0 3764361.2
1200.0 3325932.2
1201.0 3608629.0
1202.0 3915098.0
1203.0 3970867.5
1204.0 3625280.5
1205.0 3748300.2
1206.0 3676378.5
1207.0 3364164.8
1208.0 3432310.2
1209.0 3829906.0
1210.0 4280049.5
1211.0 5246943.0
1212.0 6314640.5
1213.0 6724996.0
1214.0 6691467.5
1215.0 6566025.0
1216.0 6345305.0
1217.0 6089573.0
1218.0 6070614.5
1219.0 5336396.0
1220.0 4573055.5
1221.0 4158267.0
1222.0 4418705.5
1223.0 4764850.0
1224.0 5271562.5
1225.0 4911929.5
1226.0 4524106.5
1227.0 4984054.0
1228.0 5639215.0
1229.0 6152744.5
1230.0 7056929.5
1231.0 7280514.0
1232.0 7609361.0
1233.0 8188244.5
1234.0 8881348.0
1235.0 10020377.0
1236.0 11652480.0
1237.0 14001666.0
1238.0 15977840.0
1239.0 18545664.0
1240.0 20326182.0
1241.0 21417280.0
1242.0 22895692.0
1243.0 22262688.0
1244.0 19935318.0
1245.0 16380981.0
1246.0 12689775.0
1247.0 9821950.0
1248.0 8519662.0
1249.0 7130612.0
1250.0 6458629.0
1251.0 6407306.0
1252.0 6059980.0
1253.0 5914365.0
1254.0 5826421.0
1255.0 5593382.5
1256.0 5884322.0
1257.0 6216799.0
1258.0 6480910.5
1259.0 7589641.0
1260.0 9340149.0
1261.0 10726326.0
1262.0 11582155.0
1263.0 13050985.0
1264.0 14823694.0
1265.0 16599964.0
1266.0 18283088.0
1267.0 18119114.0
1268.0 17850934.0
1269.0 17497298.0
1270.0 16486620.0
1271.0 15376486.0
1272.0 15072871.0
1273.0 16360295.0
1274.0 16251280.0
1275.0 15591132.0
1276.0 14868148.0
1277.0 13679735.0
1278.0 12107860.0
1279.0 10997755.0
1280.0 11464672.0
1281.0 13065706.0
1282.0 14137504.0
1283.0 14075121.0
1284.0 14020496.0
1285.0 14461884.0
1286.0 14308142.0
1287.0 14156490.0
1288.0 13639548.0
1289.0 12888594.0
1290.0 12661744.0
1291.0 12733069.0
1292.0 13246726.0
1293.0 13597809.0
1294.0 13594856.0
1295.0 14511910.0
1296.0 15561108.0
1297.0 16376782.0
1298.0 16733370.0
1299.0 16605554.0
1300.0 17218436.0
1301.0 17952024.0
1302.0 18450296.0
1303.0 20227394.0
1304.0 23312178.0
1305.0 25945390.0
1306.0 28423720.0
1307.0 30325870.0
1308.0 31070564.0
1309.0 32948822.0
1310.0 32886750.0
1311.0 31769096.0
1312.0 30781540.0
1313.0 31032124.0
1314.0 31089740.0
1315.0 31386128.0
1316.0 31625978.0
1317.0 31681322.0
1318.0 31933492.0
1319.0 33986950.0
1320.0 34550224.0
1321.0 34250024.0
1322.0 36779304.0
1323.0 39366612.0
1324.0 40292420.0
1325.0 41778940.0
1326.0 46621820.0
1327.0 50155344.0
1328.0 54498056.0
1329.0 58558284.0
1330.0 61496256.0
1331.0 63854084.0
1332.0 63678784.0
1333.0 62415510.0
1334.0 62353100.0
1335.0 64093196.0
1336.0 64999604.0
1337.0 66428964.0
1338.0 68560696.0
1339.0 66866530.0
1340.0 63474944.0
1341.0 60966776.0
1342.0 59026016.0
1343.0 56740730.0
1344.0 53485824.0
1345.0 51653900.0
1346.0 51249156.0
1347.0 50965800.0
1348.0 50446704.0
1349.0 52105900.0
1350.0 52892880.0
1351.0 53670190.0
1352.0 56299730.0
1353.0 57988544.0
1354.0 61038576.0
1355.0 61486544.0
1356.0 59921290.0
1357.0 59473410.0
1358.0 60007676.0
1359.0 61518980.0
1360.0 62779104.0
1361.0 68322870.0
1362.0 73724550.0
1363.0 81225900.0
1364.0 93414360.0
1365.0 107974050.0
1366.0 123945060.0
1367.0 144079980.0
1368.0 164488600.0
1369.0 183497470.0
1370.0 200206080.0
1371.0 216706800.0
1372.0 225266960.0
1373.0 227138140.0
1374.0 223773100.0
1375.0 206286530.0
1376.0 183055800.0
1377.0 163543440.0
1378.0 148652600.0
1379.0 134525380.0
1380.0 124401470.0
1381.0 114715880.0
1382.0 106734330.0
1383.0 102616170.0
1384.0 96262340.0
1385.0 90421830.0
1386.0 82843070.0
1387.0 79000660.0
1388.0 72078810.0
1389.0 63544590.0
1390.0 55892836.0
1391.0 48938656.0
1392.0 43994876.0
1393.0 40736508.0
1394.0 40547664.0
1395.0 39854004.0
1396.0 40714396.0
1397.0 43601724.0
1398.0 46513580.0
1399.0 51373824.0
1400.0 57309900.0
1401.0 63456736.0
1402.0 69057576.0
1403.0 78008410.0
1404.0 89796610.0
1405.0 104063590.0
1406.0 117259600.0
1407.0 133900670.0
1408.0 156520540.0
1409.0 178037980.0
1410.0 198388880.0
1411.0 222093040.0
1412.0 249245800.0
1413.0 269061380.0
1414.0 282119840.0
1415.0 286810200.0
1416.0 280454100.0
1417.0 253655060.0
1418.0 216177570.0
1419.0 171470240.0
1420.0 129696390.0
1421.0 94538730.0
1422.0 68289860.0
1423.0 52388230.0
1424.0 41961160.0
1425.0 35748572.0
1426.0 29890942.0
1427.0 25223902.0
1428.0 21614478.0
1429.0 17531056.0
1430.0 15157642.0
1431.0 13396012.0
1432.0 11532160.0
1433.0 10023988.0
1434.0 9190876.0
1435.0 8767842.0
1436.0 8537159.0
1437.0 8049687.0
1438.0 8039675.5
1439.0 7777917.5
1440.0 8474889.0
1441.0 9880036.0
1442.0 10057108.0
1443.0 9560936.0
1444.0 9383644.0
1445.0 9361707.0
1446.0 9986905.0
1447.0 10688248.0
1448.0 11115088.0
1449.0 11900171.0
1450.0 12702769.0
1451.0 13837055.0
1452.0 14229881.0
1453.0 13820914.0
1454.0 14819136.0
1455.0 16768004.0
1456.0 17100478.0
1457.0 17099768.0
1458.0 18316584.0
1459.0 18624286.0
1460.0 18777324.0
1461.0 19473488.0
1462.0 20022984.0
1463.0 19726578.0
1464.0 18610394.0
1465.0 17711718.0
1466.0 17489328.0
1467.0 18200528.0
1468.0 19026634.0
1469.0 18572482.0
1470.0 18836482.0
1471.0 19452656.0
1472.0 20183078.0
1473.0 19951708.0
1474.0 19407558.0
1475.0 18861456.0
1476.0 19037956.0
1477.0 18765580.0
1478.0 19179108.0
1479.0 18604456.0
1480.0 19210076.0
1481.0 20134252.0
1482.0 21358678.0
1483.0 24078836.0
1484.0 26127696.0
1485.0 29760872.0
1486.0 34309536.0
1487.0 37807270.0
1488.0 40442430.0
1489.0 45202450.0
1490.0 48324316.0
1491.0 49811700.0
1492.0 52639560.0
1493.0 55659770.0
1494.0 56150490.0
1495.0 55151096.0
1496.0 55265324.0
1497.0 53907760.0
1498.0 50875724.0
1499.0 49874450.0
1500.0 47536620.0
1501.0 42953860.0
1502.0 37947436.0
1503.0 34187812.0
1504.0 31235596.0
1505.0 27614116.0
1506.0 25421844.0
1507.0 25147140.0
1508.0 26506370.0
1509.0 28811362.0
1510.0 29357030.0
1511.0 29382578.0
1512.0 30912288.0
1513.0 33329690.0
1514.0 35757220.0
1515.0 39335404.0
1516.0 41335824.0
1517.0 43524410.0
1518.0 46705300.0
1519.0 49366836.0
1520.0 50935920.0
1521.0 54840864.0
1522.0 59112416.0
1523.0 62541860.0
1524.0 66624716.0
1525.0 69538810.0
1526.0 72114820.0
1527.0 75357740.0
1528.0 76433230.0
1529.0 76513304.0
1530.0 73350320.0
1531.0 68728520.0
1532.0 62962496.0
1533.0 55703280.0
1534.0 48005916.0
1535.0 42032810.0
1536.0 35953210.0
1537.0 28758456.0
1538.0 23939504.0
1539.0 21794712.0
1540.0 21884940.0
1541.0 22654240.0
1542.0 25498562.0
1543.0 27003508.0
1544.0 28778436.0
1545.0 31455920.0
1546.0 33355122.0
1547.0 36857076.0
1548.0 42131216.0
1549.0 47636090.0
1550.0 50933244.0
1551.0 55187270.0
1552.0 59814440.0
1553.0 62794880.0
1554.0 65679640.0
1555.0 69928060.0
1556.0 72767280.0
1557.0 77490664.0
1558.0 81268220.0
1559.0 81799370.0
1560.0 77954730.0
1561.0 71093140.0
1562.0 60638256.0
1563.0 50950750.0
1564.0 44379804.0
1565.0 43254800.0
1566.0 42910696.0
1567.0 40905916.0
1568.0 41000936.0
1569.0 41249284.0
1570.0 40982390.0
1571.0 40059900.0
1572.0 39361376.0
1573.0 36745428.0
1574.0 34905924.0
1575.0 32724508.0
1576.0 28650496.0
1577.0 24246998.0
1578.0 19999942.0
1579.0 17525902.0
1580.0 16397026.0
1581.0 15324192.0
1582.0 14677348.0
1583.0 15793206.0
1584.0 15776040.0
1585.0 15664756.0
1586.0 15530570.0
1587.0 15560331.0
1588.0 17031648.0
1589.0 18281396.0
1590.0 18934636.0
1591.0 18091072.0
1592.0 17571458.0
1593.0 16347504.0
1594.0 16731541.0
1595.0 16153155.0
1596.0 16312800.0
1597.0 16022541.0
1598.0 15343759.0
1599.0 15235778.0
1600.0 14815009.0
1601.0 14476030.0
1602.0 15329584.0
1603.0 16356900.0
1604.0 17939054.0
1605.0 19109652.0
1606.0 20049998.0
1607.0 20526162.0
1608.0 21536932.0
1609.0 23980058.0
1610.0 27045496.0
1611.0 30291122.0
1612.0 33777004.0
1613.0 36451756.0
1614.0 38177736.0
1615.0 40391416.0
1616.0 43016936.0
1617.0 46346904.0
1618.0 47780690.0
1619.0 50015710.0
1620.0 52677220.0
1621.0 54547624.0
1622.0 59262940.0
1623.0 64208820.0
1624.0 67881260.0
1625.0 70816870.0
1626.0 72823230.0
1627.0 72690900.0
1628.0 68213550.0
1629.0 58744290.0
1630.0 49531880.0
1631.0 38375744.0
1632.0 29534564.0
1633.0 22746538.0
1634.0 19206458.0
1635.0 17600028.0
1636.0 15402155.0
1637.0 13422692.0
1638.0 11861620.0
1639.0 11599380.0
1640.0 11195742.0
1641.0 11967209.0
1642.0 11819426.0
1643.0 11757284.0
1644.0 11665248.0
1645.0 10745102.0
1646.0 11187786.0
1647.0 12007429.0
1648.0 11767654.0
1649.0 10884568.0
1650.0 10182454.0
1651.0 10223714.0
1652.0 9677414.0
1653.0 10684891.0
1654.0 10687489.0
1655.0 10511925.0
1656.0 9563301.0
1657.0 9457817.0
1658.0 9207961.0
1659.0 9153629.0
1660.0 9448247.0
1661.0 9349499.0
1662.0 8944232.0
1663.0 7704474.0
1664.0 7773171.0
1665.0 8638761.0
1666.0 8652321.0
1667.0 8952139.0
1668.0 9258171.0
1669.0 9372531.0
1670.0 10025934.0
1671.0 10752629.0
1672.0 10742339.0
1673.0 11333934.0
1674.0 11391466.0
1675.0 11755086.0
1676.0 12646446.0
1677.0 12996172.0
1678.0 13749818.0
1679.0 14423801.0
1680.0 15605248.0
1681.0 15676549.0
1682.0 14899729.0
1683.0 14453828.0
1684.0 13983885.0
1685.0 13448984.0
1686.0 13261234.0
1687.0 12698558.0
1688.0 12171498.0
1689.0 12211745.0
1690.0 12577856.0
1691.0 12838656.0
1692.0 13464735.0
1693.0 13453316.0
1694.0 13597949.0
1695.0 14026010.0
1696.0 15002185.0
1697.0 15942765.0
1698.0 17578816.0
1699.0 19078944.0
1700.0 19273178.0
1701.0 18755664.0
1702.0 19650170.0
1703.0 19208000.0
1704.0 18577840.0
1705.0 16876152.0
1706.0 15278856.0
1707.0 14389445.0
1708.0 13930940.0
1709.0 14141382.0
1710.0 15721788.0
1711.0 15247140.0
1712.0 14156309.0
1713.0 13455832.0
1714.0 13464369.0
1715.0 13356200.0
1716.0 11775734.0
1717.0 10787982.0
1718.0 11409319.0
1719.0 11856261.0
1720.0 10610331.0
1721.0 8244310.5
1722.0 5995907.0
1723.0 5188266.0
1724.0 3716585.0
1725.0 3084716.2
1726.0 3256810.0
1727.0 3076407.2
1728.0 3069834.5
1729.0 2758926.2
1730.0 2897063.0
1731.0 3472174.8
1732.0 3715852.8
1733.0 3347722.2
1734.0 3518274.8
1735.0 3663646.0
1736.0 3960053.5
1737.0 3891196.0
1738.0 4060183.8
1739.0 4167750.0
1740.0 3934205.5
1741.0 4314859.5
1742.0 5343814.5
1743.0 5538784.0
1744.0 4928033.5
1745.0 4771445.5
1746.0 4842665.5
1747.0 5170613.0
1748.0 5553405.5
1749.0 5073670.5
1750.0 4350919.0
1751.0 3735338.8
1752.0 3599874.5
1753.0 3650629.8
1754.0 3412866.5
1755.0 3568960.2
1756.0 3633122.5
1757.0 3254528.8
1758.0 3558608.5
1759.0 4314712.0
1760.0 4538265.5
1761.0 4301147.0
1762.0 4497658.0
1763.0 4855235.5
1764.0 5422076.0
1765.0 5719580.5
1766.0 7040547.5
1767.0 6875997.0
1768.0 6520047.0
1769.0 5798539.0
1770.0 5647817.0
1771.0 5932504.0
1772.0 6039177.5
1773.0 5961467.5
1774.0 5483320.5
1775.0 6130568.0
1776.0 6315350.5
1777.0 5581124.0
1778.0 5767957.0
1779.0 5332145.5
1780.0 5165677.0
1781.0 5014664.0
1782.0 4555462.5
1783.0 4004171.5
1784.0 3988564.0
1785.0 4449633.5
1786.0 4949154.5
1787.0 5103044.0
1788.0 4956914.5
1789.0 4311457.5
1790.0 4693031.0
1791.0 4806865.0
1792.0 4367565.5
1793.0 3946094.8
1794.0 4468769.0
1795.0 5303681.0
1796.0 5208524.0
1797.0 5258974.0
1798.0 5612477.0
1799.0 6415305.5
1800.0 6995555.5
1801.0 6262139.5
1802.0 6677619.0
1803.0 6054725.5
1804.0 6703931.0
1805.0 6075789.5
1806.0 5225979.0
1807.0 5300257.0
1808.0 5262847.5
1809.0 4639447.0
1810.0 4020003.5
1811.0 4106092.8
1812.0 4024502.2
1813.0 3378502.2
1814.0 3114400.0
1815.0 3158575.2
1816.0 3108516.5
1817.0 3161882.8
1818.0 3517918.8
1819.0 3492396.5
1820.0 3735706.0
1821.0 3548072.0
1822.0 3789756.2
1823.0 4300893.5
1824.0 4249529.5
1825.0 4972784.5
1826.0 5258001.0
1827.0 5683130.5
1828.0 5476381.0
1829.0 5616596.0
1830.0 6169210.0
1831.0 6769463.0
1832.0 7357847.0
1833.0 7349458.0
1834.0 7295162.0
1835.0 7670497.0
1836.0 7548359.0
1837.0 7627633.0
1838.0 6260065.5
1839.0 5495977.5
1840.0 5757798.0
1841.0 5978556.0
1842.0 6600649.5
1843.0 6631325.0
1844.0 7111640.5
1845.0 7437839.0
1846.0 7813177.5
1847.0 8854820.0
1848.0 9258149.0
1849.0 8587088.0
1850.0 8422913.0
1851.0 9370378.0
1852.0 10996479.0
1853.0 11594979.0
1854.0 11184841.0
1855.0 11636015.0
1856.0 11410879.0
1857.0 11421130.0
1858.0 10445902.0
1859.0 10251209.0
1860.0 9842289.0
1861.0 9446014.0
1862.0 8961088.0
1863.0 9438782.0
1864.0 8784926.0
1865.0 8414775.0
1866.0 7489674.5
1867.0 6527647.0
1868.0 6426787.0
1869.0 6733242.5
1870.0 6428336.0
1871.0 6293705.0
1872.0 6545999.5
1873.0 6105020.5
1874.0 6905426.0
1875.0 7808780.0
1876.0 8641426.0
1877.0 9249682.0
1878.0 8713136.0
1879.0 9641216.0
1880.0 10149684.0
1881.0 9513969.0
1882.0 8723728.0
1883.0 7965521.0
1884.0 7770145.5
1885.0 7931767.5
1886.0 7640998.0
1887.0 7100309.5
1888.0 6804342.0
1889.0 6598284.5
1890.0 5351480.5
1891.0 4783830.5
1892.0 5403410.0
1893.0 5577180.5
1894.0 4782121.0
1895.0 4435183.0
1896.0 4778810.5
1897.0 5093447.5
1898.0 5839685.0
1899.0 6192842.0
1900.0 6664175.5
1901.0 8365495.5
1902.0 10241756.0
1903.0 11829138.0
1904.0 12299545.0
1905.0 13774359.0
1906.0 14477990.0
1907.0 16484239.0
1908.0 16802064.0
1909.0 17490376.0
1910.0 18747602.0
1911.0 19897388.0
1912.0 20279864.0
1913.0 19766694.0
1914.0 18506778.0
1915.0 16723741.0
1916.0 14362894.0
1917.0 10891960.0
1918.0 8025048.0
1919.0 6409369.0
1920.0 5523777.0
1921.0 5468862.0
1922.0 6280985.5
1923.0 5707128.0
1924.0 6129004.0
1925.0 6714941.0
1926.0 6744085.5
1927.0 7471717.0
1928.0 8401856.0
1929.0 9823928.0
1930.0 10387196.0
1931.0 10413212.0
1932.0 11994758.0
1933.0 12965780.0
1934.0 13287062.0
1935.0 14149608.0
1936.0 17018962.0
1937.0 18434608.0
1938.0 17055584.0
1939.0 17780850.0
1940.0 16582591.0
1941.0 14119044.0
1942.0 10197655.0
1943.0 7613640.5
1944.0 5461492.0
1945.0 4329386.5
1946.0 3699975.0
1947.0 3343777.8
1948.0 2943450.0
1949.0 2484682.2
1950.0 2064824.4
1951.0 1914182.0
1952.0 1456751.1
1953.0 1464211.8
1954.0 1486202.6
1955.0 1374458.6
1956.0 1125092.6
1957.0 1248280.2
1958.0 1294540.8
1959.0 1175020.2
1960.0 1214482.1
1961.0 1101260.5
1962.0 1376814.0
1963.0 1337770.0
1964.0 1173530.8
1965.0 1134496.8
1966.0 1011988.0
1967.0 1085709.5
1968.0 1295363.5
1969.0 1798377.4
1970.0 1394879.4
1971.0 876322.9
1972.0 909353.6
1973.0 925934.1
1974.0 1155591.8
1975.0 1345532.4
1976.0 1384095.2
1977.0 1634054.0
1978.0 1426364.4
1979.0 1164340.4
1980.0 962582.9
1981.0 1537014.8
1982.0 1415366.2
1983.0 1263510.1
1984.0 1575877.5
1985.0 1436921.5
1986.0 1372962.8
1987.0 876260.56
1988.0 969434.25
1989.0 889604.44
1990.0 1093467.0
1991.0 1044655.4
1992.0 1302426.8
1993.0 1765451.8
1994.0 1607229.0
1995.0 1692021.1
1996.0 1608461.5
1997.0 1642456.4
1998.0 1516961.0
1999.0 1393809.0
2000.0 1166378.4
2001.0 1084949.5
2002.0 1108970.5
2003.0 1436586.4
2004.0 1539250.0
2005.0 1819405.6
2006.0 1770082.6
2007.0 1958997.2
2008.0 1681589.5
2009.0 1872643.1
2010.0 1814273.6
2011.0 1658525.0
2012.0 1590846.0
2013.0 1847341.4
2014.0 2023485.1
2015.0 2268199.2
2016.0 2179973.0
2017.0 823236.4
2018.0 -798660.56
2019.0 -2211578.5
2020.0 -4410515.5
2021.0 -5918067.0
2022.0 -7173603.0
2023.0 -9375350.0
2024.0 -11499611.0
2025.0 -13025876.0
2026.0 -14559991.0
2027.0 -16532259.0
2028.0 -18407652.0
2029.0 -20508446.0
2030.0 -22598932.0
2031.0 -24535878.0
2032.0 -26322604.0
2033.0 -28438450.0
2034.0 -30100404.0
2035.0 0.0
2036.0 0.0
2037.0 0.0
2038.0 0.0
2039.0 0.0
2040.0 0.0
2041.0 0.0
2042.0 0.0
2043.0 0.0
2044.0 0.0
2045.0 0.0
2046.0 0.0
2047.0 0.0
