string
0.0 1375339.2
1.0 1397497.8
2.0 1493226.1
3.0 1756970.8
4.0 1553038.0
5.0 1652952.2
6.0 1843750.5
7.0 2135125.5
8.0 2034925.1
9.0 2423938.0
10.0 2413762.0
11.0 2024397.8
12.0 1790449.0
13.0 1727750.2
14.0 1763250.8
15.0 1985066.4
16.0 2079066.0
17.0 2227749.0
18.0 2038107.2
19.0 2192173.0
20.0 1993289.5
21.0 2410259.0
22.0 2359430.2
23.0 1762494.8
24.0 1699842.4
25.0 2010178.0
26.0 1756116.9
27.0 1754537.0
28.0 1896758.0
29.0 1769858.2
30.0 1823773.8
31.0 1874526.9
32.0 1764475.2
33.0 1980040.5
34.0 2220048.5
35.0 2172135.2
36.0 1729011.1
37.0 1851113.5
38.0 2406984.5
39.0 2599231.0
40.0 2770689.0
41.0 2368916.2
42.0 2042837.0
43.0 2203213.0
44.0 2387845.2
45.0 2398267.5
46.0 2458406.2
47.0 2152366.2
48.0 1878123.1
49.0 1364932.8
50.0 1454592.2
51.0 1607098.6
52.0 1627132.8
53.0 1509692.8
54.0 1538501.9
55.0 1711202.6
56.0 1668342.0
57.0 1899782.5
58.0 1801625.1
59.0 1691263.5
60.0 2310008.0
61.0 3241177.8
62.0 3369518.8
63.0 3084726.5
64.0 2788606.5
65.0 2401412.2
66.0 2330915.2
67.0 2391112.0
68.0 2179142.0
69.0 1984989.4
70.0 2081763.0
71.0 2145987.8
72.0 2823184.8
73.0 3099812.5
74.0 2997947.0
75.0 3122397.5
76.0 3313383.8
77.0 3274151.5
78.0 3400720.0
79.0 3686992.0
80.0 3730738.8
81.0 3950941.0
82.0 3734893.5
83.0 3914638.8
84.0 4188301.2
85.0 3738717.0
86.0 3015427.2
87.0 2968456.2
88.0 3319991.2
89.0 3407509.0
90.0 3721070.2
91.0 3558865.2
92.0 3330157.2
93.0 3080336.0
94.0 3363157.2
95.0 4325007.5
96.0 6361665.0
97.0 7281034.0
98.0 6419089.5
99.0 5832917.5
100.0 3930410.5
101.0 2407665.5
102.0 1717113.1
103.0 1257394.5
104.0 849310.56
105.0 1349110.6
106.0 1606546.5
107.0 1470065.1
108.0 1690115.6
109.0 1749504.9
110.0 1514523.1
111.0 1372797.0
112.0 1584433.9
113.0 1520353.8
114.0 1556886.1
115.0 1816830.2
116.0 2220528.5
117.0 2518561.5
118.0 2825850.5
119.0 3019743.8
120.0 3319017.2
121.0 3598037.5
122.0 4954375.5
123.0 6385222.5
124.0 6414011.0
125.0 6037450.5
126.0 5682109.0
127.0 5031466.0
128.0 5482208.0
129.0 6654814.5
130.0 6981216.0
131.0 5159603.5
132.0 3880062.0
133.0 2398177.8
134.0 1333184.0
135.0 1177411.5
136.0 1443558.1
137.0 1072562.4
138.0 652000.6
139.0 765024.06
140.0 970492.25
141.0 863950.94
142.0 816097.2
143.0 584241.4
144.0 767023.44
145.0 685988.9
146.0 679449.75
147.0 602085.6
148.0 514317.38
149.0 501621.9
150.0 470254.44
151.0 464819.62
152.0 512894.1
153.0 612207.7
154.0 781299.44
155.0 1318541.8
156.0 2415142.8
157.0 3945596.2
158.0 4907662.0
159.0 6800214.5
160.0 7303320.0
161.0 6555929.5
162.0 5313097.0
163.0 3128344.0
164.0 3242186.5
165.0 2714743.5
166.0 2325847.8
167.0 2637872.0
168.0 2962779.5
169.0 3847952.5
170.0 4217276.5
171.0 4397323.0
172.0 3940859.5
173.0 3500286.0
174.0 2822512.2
175.0 3016342.0
176.0 3298198.0
177.0 3868367.2
178.0 4931272.0
179.0 7663300.0
180.0 10988062.0
181.0 14320465.0
182.0 17045440.0
183.0 16127148.0
184.0 12603896.0
185.0 8515220.0
186.0 5328746.0
187.0 3610647.2
188.0 2994393.5
189.0 2677098.5
190.0 2217483.2
191.0 2057669.0
192.0 1349523.0
193.0 1458484.5
194.0 1448722.0
195.0 1151588.6
196.0 970168.9
197.0 1016066.1
198.0 834976.5
199.0 678257.4
200.0 660213.44
201.0 718780.7
202.0 855385.0
203.0 947324.4
204.0 821139.6
205.0 787352.25
206.0 731297.75
207.0 1094049.8
208.0 968567.1
209.0 966067.75
210.0 897400.7
211.0 1215432.0
212.0 1281130.4
213.0 1395044.8
214.0 1745599.5
215.0 2760945.5
216.0 4383797.0
217.0 6482285.5
218.0 8780223.0
219.0 10276286.0
220.0 12019020.0
221.0 10309059.0
222.0 7408316.0
223.0 5700295.0
224.0 4125287.5
225.0 3240910.5
226.0 1729023.9
227.0 1603479.8
228.0 1796877.0
229.0 1457016.2
230.0 1426998.0
231.0 1305608.8
232.0 1209436.9
233.0 1056887.4
234.0 936789.4
235.0 800536.8
236.0 837076.6
237.0 760883.9
238.0 569472.44
239.0 612939.8
240.0 698000.56
241.0 862249.0
242.0 806223.75
243.0 726457.8
244.0 731185.7
245.0 931323.75
246.0 1574272.5
247.0 2752771.2
248.0 3490619.0
249.0 3990521.2
250.0 4592855.5
251.0 6036736.0
252.0 6927584.5
253.0 7261617.5
254.0 6038100.5
255.0 4397761.5
256.0 2481289.0
257.0 1995355.1
258.0 1837810.1
259.0 1767495.0
260.0 1435302.4
261.0 1238659.6
262.0 1251652.2
263.0 1192325.8
264.0 793276.2
265.0 682200.06
266.0 533813.7
267.0 755552.44
268.0 511296.0
269.0 630572.75
270.0 781180.4
271.0 896188.5
272.0 705941.56
273.0 626152.75
274.0 589965.25
275.0 690430.25
276.0 708431.6
277.0 804384.5
278.0 627883.44
279.0 517432.22
280.0 608746.44
281.0 837796.9
282.0 1212015.5
283.0 923777.8
284.0 1012116.3
285.0 749452.25
286.0 647135.3
287.0 782557.0
288.0 651797.0
289.0 581582.9
290.0 479375.97
291.0 544787.06
292.0 630771.6
293.0 886754.06
294.0 986689.06
295.0 998131.9
296.0 1068955.5
297.0 1150018.9
298.0 1135081.6
299.0 888027.1
300.0 740244.6
301.0 1002247.0
302.0 1205963.9
303.0 974563.0
304.0 1179609.8
305.0 1280558.6
306.0 1333441.5
307.0 1131491.4
308.0 1253903.1
309.0 1232476.4
310.0 941191.1
311.0 930274.1
312.0 631525.9
313.0 1008109.0
314.0 1385885.0
315.0 1165749.5
316.0 1284585.1
317.0 1545007.8
318.0 1626056.5
319.0 2233531.0
320.0 3054512.5
321.0 3760439.8
322.0 4000411.2
323.0 4190741.0
324.0 3980519.0
325.0 3580112.5
326.0 2912111.0
327.0 2943345.0
328.0 3285073.8
329.0 3991622.2
330.0 5127979.0
331.0 5418771.0
332.0 5518489.0
333.0 6393781.0
334.0 6150609.5
335.0 4497926.0
336.0 3050449.5
337.0 2406031.0
338.0 2027393.1
339.0 1629747.4
340.0 1342580.1
341.0 1180451.0
342.0 1142321.0
343.0 1337694.4
344.0 1426754.0
345.0 1277825.2
346.0 1111072.2
347.0 955146.3
348.0 870469.9
349.0 683758.0
350.0 690673.4
351.0 727195.75
352.0 691084.94
353.0 761068.8
354.0 811575.0
355.0 847840.94
356.0 789725.1
357.0 965838.0
358.0 1096941.1
359.0 1165877.8
360.0 1293951.8
361.0 1586430.1
362.0 1817533.8
363.0 1640259.5
364.0 1488570.8
365.0 1943059.8
366.0 2782020.0
367.0 3618352.2
368.0 3899627.2
369.0 3650841.0
370.0 2975647.0
371.0 2464762.8
372.0 2295196.0
373.0 2340990.2
374.0 2189177.0
375.0 1454846.2
376.0 1502320.5
377.0 1682731.8
378.0 1123761.4
379.0 1071416.4
380.0 1136182.0
381.0 1211104.8
382.0 1169641.6
383.0 1416499.5
384.0 1078005.8
385.0 1103452.2
386.0 816721.9
387.0 955743.44
388.0 819851.56
389.0 792579.3
390.0 649277.2
391.0 1307560.4
392.0 1432774.5
393.0 1667400.6
394.0 1597393.5
395.0 1579551.2
396.0 1701301.1
397.0 2445766.2
398.0 2979014.8
399.0 2231370.8
400.0 1680624.2
401.0 1560840.0
402.0 1576608.2
403.0 1726872.0
404.0 1726869.5
405.0 1538151.1
406.0 1872942.6
407.0 1748643.1
408.0 2316119.5
409.0 2984556.0
410.0 2538801.5
411.0 2197028.5
412.0 2093273.0
413.0 1806918.8
414.0 1803475.0
415.0 2460137.0
416.0 3349595.5
417.0 4004313.0
418.0 3684689.5
419.0 3074060.5
420.0 2856153.0
421.0 2229396.8
422.0 1643080.1
423.0 1286867.5
424.0 851166.75
425.0 1093373.0
426.0 1187195.9
427.0 1524116.1
428.0 1555375.0
429.0 1909443.2
430.0 2071147.8
431.0 2150956.5
432.0 2029685.0
433.0 1654737.4
434.0 1534133.2
435.0 1479790.8
436.0 1528878.6
437.0 1652158.8
438.0 1662455.1
439.0 2062795.5
440.0 1965755.1
441.0 1413965.2
442.0 965523.9
443.0 1030969.9
444.0 1051694.1
445.0 1023129.25
446.0 1256350.0
447.0 1558903.6
448.0 1189453.8
449.0 1529730.5
450.0 1744162.2
451.0 1921205.0
452.0 1906846.8
453.0 1984207.0
454.0 1621289.9
455.0 1584918.2
456.0 1414820.2
457.0 1061546.5
458.0 1031770.7
459.0 1168461.4
460.0 1147392.0
461.0 1487692.2
462.0 1482283.1
463.0 1915089.9
464.0 2315460.8
465.0 2160255.8
466.0 1902214.2
467.0 1892830.1
468.0 1803631.2
469.0 1944076.4
470.0 2088981.0
471.0 2148368.5
472.0 2112939.8
473.0 1633796.0
474.0 1488333.1
475.0 1545062.5
476.0 1940885.6
477.0 1535583.9
478.0 1137271.8
479.0 988492.4
480.0 1137989.5
481.0 901434.1
482.0 1417566.2
483.0 1203364.2
484.0 813658.2
485.0 797168.1
486.0 720314.0
487.0 858262.1
488.0 857931.6
489.0 736800.94
490.0 529299.5
491.0 586067.6
492.0 724856.75
493.0 782786.3
494.0 816858.6
495.0 894948.9
496.0 994292.44
497.0 920334.44
498.0 897392.25
499.0 1057781.4
500.0 1061306.4
501.0 1265129.8
502.0 1149673.2
503.0 1353550.6
504.0 1439844.4
505.0 1731981.5
506.0 1683696.4
507.0 1922385.5
508.0 1828156.9
509.0 1572235.6
510.0 1202054.6
511.0 957246.3
512.0 971286.1
513.0 935925.4
514.0 1215499.9
515.0 1317062.6
516.0 1029821.56
517.0 1179768.2
518.0 894067.2
519.0 736976.3
520.0 728984.1
521.0 913058.9
522.0 1183128.2
523.0 1439018.9
524.0 1185919.2
525.0 1105747.5
526.0 1613380.2
527.0 1646975.1
528.0 1319944.8
529.0 1284530.2
530.0 1781115.0
531.0 1416110.8
532.0 1351260.2
533.0 1538431.5
534.0 1698336.5
535.0 2018443.2
536.0 2005853.9
537.0 2154729.8
538.0 2642340.2
539.0 2573338.5
540.0 1722287.0
541.0 1355960.6
542.0 1434602.2
543.0 1624341.0
544.0 1660624.2
545.0 1283916.1
546.0 852436.6
547.0 1060802.9
548.0 1207218.2
549.0 1523720.1
550.0 1414850.5
551.0 1338052.0
552.0 1417716.2
553.0 1370712.2
554.0 1466381.5
555.0 1526257.6
556.0 1744288.5
557.0 1850449.0
558.0 1705849.9
559.0 1717468.0
560.0 1745682.2
561.0 1472586.0
562.0 1136846.1
563.0 1199008.8
564.0 1344533.9
565.0 1226162.0
566.0 1263326.9
567.0 1029405.0
568.0 958303.5
569.0 1079656.8
570.0 818417.9
571.0 634278.6
572.0 908669.75
573.0 1328229.8
574.0 1109143.0
575.0 1015289.75
576.0 1115334.9
577.0 1435674.9
578.0 1207031.4
579.0 1319830.1
580.0 1387404.0
581.0 1218423.5
582.0 1139309.5
583.0 974972.25
584.0 1006542.8
585.0 1188559.5
586.0 1185399.8
587.0 1264757.6
588.0 1165389.6
589.0 1198921.1
590.0 814455.94
591.0 921747.9
592.0 1301886.4
593.0 1339895.0
594.0 848559.6
595.0 1053434.5
596.0 1081499.0
597.0 1019667.6
598.0 809031.75
599.0 854947.2
600.0 937077.75
601.0 775841.75
602.0 609447.9
603.0 714443.2
604.0 874497.6
605.0 884973.44
606.0 1187677.9
607.0 1412455.5
608.0 1419867.4
609.0 1372656.5
610.0 1376148.0
611.0 1396895.1
612.0 1363095.5
613.0 1429434.9
614.0 1330257.4
615.0 1199222.8
616.0 1049455.0
617.0 1022307.44
618.0 1026101.4
619.0 983124.25
620.0 1017611.3
621.0 1161363.6
622.0 1093520.5
623.0 870546.9
624.0 1043497.6
625.0 1261447.0
626.0 1037246.6
627.0 919750.0
628.0 1062358.0
629.0 1064776.1
630.0 935165.25
631.0 1063500.6
632.0 1074177.0
633.0 1047046.3
634.0 899293.0
635.0 1120805.9
636.0 1195940.8
637.0 1266832.9
638.0 863729.7
639.0 717888.1
640.0 1079786.4
641.0 915320.0
642.0 1064311.5
643.0 741497.4
644.0 1083851.1
645.0 1331280.2
646.0 987473.6
647.0 709856.5
648.0 544245.25
649.0 1072572.2
650.0 1249930.1
651.0 1098492.8
652.0 987688.06
653.0 1288232.1
654.0 1160850.2
655.0 1169728.5
656.0 1087618.9
657.0 938227.0
658.0 799118.25
659.0 805646.94
660.0 958480.3
661.0 957483.0
662.0 1138811.0
663.0 1206076.9
664.0 944503.8
665.0 1076347.2
666.0 871781.9
667.0 719478.0
668.0 1013521.5
669.0 1086213.6
670.0 1421615.6
671.0 1338869.0
672.0 1252682.2
673.0 1584548.0
674.0 1481732.4
675.0 1839123.1
676.0 1539281.8
677.0 1098683.0
678.0 946654.0
679.0 724224.25
680.0 1027325.1
681.0 710991.94
682.0 1177329.4
683.0 1041464.7
684.0 700490.6
685.0 737361.6
686.0 813096.56
687.0 813829.4
688.0 782943.2
689.0 1013059.1
690.0 1010187.6
691.0 891158.06
692.0 1048976.8
693.0 1186564.2
694.0 931012.4
695.0 687695.9
696.0 951163.8
697.0 1088915.2
698.0 1188953.5
699.0 1310763.6
700.0 1285613.8
701.0 1282400.9
702.0 1176902.2
703.0 1131424.2
704.0 1271270.1
705.0 1245040.1
706.0 988943.5
707.0 902873.8
708.0 719160.0
709.0 1090766.5
710.0 1116446.9
711.0 1046443.2
712.0 1234104.6
713.0 1087264.0
714.0 1019741.6
715.0 843669.6
716.0 1045876.0
717.0 1063822.6
718.0 1041451.4
719.0 1021931.2
720.0 1028531.4
721.0 1144732.9
722.0 1383162.6
723.0 1207549.4
724.0 686464.44
725.0 1046876.56
726.0 1101164.9
727.0 752852.44
728.0 782248.25
729.0 677314.7
730.0 1035198.44
731.0 1037929.25
732.0 898686.3
733.0 1470883.0
734.0 1257482.6
735.0 900428.6
736.0 759287.9
737.0 630656.2
738.0 851165.4
739.0 948259.5
740.0 797667.44
741.0 1074598.5
742.0 1332055.1
743.0 1442161.0
744.0 1298639.9
745.0 1518431.9
746.0 1261591.1
747.0 1428996.2
748.0 1419240.5
749.0 1536332.6
750.0 1735902.8
751.0 1499827.8
752.0 1470929.5
753.0 1464511.9
754.0 1405155.6
755.0 1051146.4
756.0 1141078.5
757.0 1165571.8
758.0 972006.5
759.0 919830.4
760.0 651745.44
761.0 824740.94
762.0 1067494.8
763.0 669471.5
764.0 737196.3
765.0 822523.1
766.0 668282.0
767.0 1015589.1
768.0 984374.6
769.0 900014.1
770.0 763093.6
771.0 923517.5
772.0 1274152.0
773.0 1416284.4
774.0 1152853.0
775.0 1096947.8
776.0 1247295.2
777.0 1039001.8
778.0 1115167.9
779.0 1198382.1
780.0 1060749.4
781.0 1115091.4
782.0 902926.8
783.0 771055.9
784.0 807723.9
785.0 729891.75
786.0 855233.9
787.0 805655.4
788.0 969914.6
789.0 1163599.5
790.0 1128026.2
791.0 1007323.06
792.0 1274150.9
793.0 1553226.5
794.0 1440491.4
795.0 1522883.1
796.0 1591395.8
797.0 1894635.2
798.0 1863630.8
799.0 1951513.1
800.0 2130935.5
801.0 1971875.2
802.0 1667962.6
803.0 1557938.1
804.0 1593399.0
805.0 1600787.6
806.0 1514258.6
807.0 1478696.5
808.0 1439455.2
809.0 1158335.0
810.0 1211873.9
811.0 1039150.94
812.0 962590.7
813.0 878741.75
814.0 843762.75
815.0 564592.8
816.0 872563.75
817.0 960575.6
818.0 1263806.9
819.0 1439828.1
820.0 1084406.9
821.0 1175693.2
822.0 1439408.1
823.0 1250679.6
824.0 1224378.0
825.0 1251324.2
826.0 1449145.8
827.0 1073585.2
828.0 760046.6
829.0 804711.25
830.0 1145707.8
831.0 1170638.0
832.0 992873.9
833.0 1023191.2
834.0 1000031.3
835.0 1069452.4
836.0 704820.25
837.0 952858.5
838.0 1025605.6
839.0 1229734.6
840.0 1205179.0
841.0 1055688.0
842.0 1061385.2
843.0 1075693.1
844.0 915156.9
845.0 1073647.4
846.0 722903.1
847.0 876287.5
848.0 1147237.8
849.0 1105057.2
850.0 1423558.0
851.0 1358559.4
852.0 1183264.5
853.0 1148709.4
854.0 1112049.5
855.0 1124306.8
856.0 1152182.8
857.0 953924.1
858.0 1021506.8
859.0 1122121.4
860.0 1051602.4
861.0 1112120.1
862.0 1168626.5
863.0 1216884.2
864.0 1104779.1
865.0 1165156.1
866.0 1033659.06
867.0 1170450.4
868.0 1263724.8
869.0 1041843.44
870.0 999661.3
871.0 1075308.5
872.0 1354313.9
873.0 1399347.0
874.0 1522390.5
875.0 1501938.0
876.0 1308234.8
877.0 1207398.9
878.0 1194343.5
879.0 752518.4
880.0 848118.0
881.0 1069927.1
882.0 958072.9
883.0 1242301.8
884.0 1467068.5
885.0 1270255.2
886.0 1107651.1
887.0 1517146.2
888.0 1689226.2
889.0 1589171.9
890.0 1325904.5
891.0 1211771.8
892.0 1451069.0
893.0 1276074.9
894.0 1039291.5
895.0 1110234.8
896.0 1393262.8
897.0 1529006.0
898.0 1757409.4
899.0 1547131.0
900.0 1317416.2
901.0 1267800.1
902.0 1351989.8
903.0 1560745.8
904.0 1344496.8
905.0 1504746.2
906.0 1420612.0
907.0 1276205.8
908.0 1348672.6
909.0 1544278.0
910.0 1957605.1
911.0 2006810.1
912.0 1812786.8
913.0 1936817.8
914.0 2176835.5
915.0 2236325.5
916.0 2032346.4
917.0 2288621.0
918.0 2158039.0
919.0 1900507.2
920.0 1712313.6
921.0 2084651.0
922.0 2088065.6
923.0 2276337.5
924.0 2278185.0
925.0 2361434.5
926.0 2330942.2
927.0 2214176.2
928.0 2444324.5
929.0 2238849.5
930.0 2425829.0
931.0 2542581.5
932.0 2327254.8
933.0 2711703.5
934.0 2485975.5
935.0 2378065.5
936.0 2606629.8
937.0 2599334.8
938.0 2456100.2
939.0 2570753.0
940.0 3124647.5
941.0 2911291.2
942.0 2451061.0
943.0 2388479.5
944.0 2477206.0
945.0 2973297.2
946.0 3098332.8
947.0 2722252.2
948.0 2932758.8
949.0 2572683.5
950.0 2249311.0
951.0 2346575.0
952.0 2752656.2
953.0 2962913.5
954.0 2971838.0
955.0 2792787.0
956.0 2729347.0
957.0 2812032.2
958.0 2813642.0
959.0 2521565.2
960.0 2620106.0
961.0 2464981.0
962.0 2530805.5
963.0 3183506.5
964.0 2933859.5
965.0 2899374.0
966.0 3185982.5
967.0 3099697.5
968.0 3022179.8
969.0 3494697.8
970.0 3636503.8
971.0 3768447.2
972.0 3752855.0
973.0 3912667.8
974.0 4141023.0
975.0 4116345.2
976.0 4366912.0
977.0 4413574.5
978.0 4154167.8
979.0 4202468.0
980.0 4050640.0
981.0 4308090.5
982.0 4237009.0
983.0 4507474.5
984.0 5491650.0
985.0 6398354.0
986.0 7273824.0
987.0 9102884.0
988.0 10748368.0
989.0 11569088.0
990.0 11685232.0
991.0 11662525.0
992.0 10069909.0
993.0 8810424.0
994.0 8698182.0
995.0 8440874.0
996.0 8808561.0
997.0 8811294.0
998.0 8974148.0
999.0 9087562.0
1000.0 8926249.0
1001.0 8454034.0
1002.0 8166555.0
1003.0 8861981.0
1004.0 9780513.0
1005.0 10791762.0
1006.0 11039924.0
1007.0 11180301.0
1008.0 11157680.0
1009.0 10393078.0
1010.0 9595906.0
1011.0 9582702.0
1012.0 9438881.0
1013.0 8862434.0
1014.0 7878594.5
1015.0 7271518.0
1016.0 6455267.0
1017.0 5742174.5
1018.0 5257364.0
1019.0 4881224.5
1020.0 4246554.0
1021.0 3839919.5
1022.0 3496231.5
1023.0 3344903.0
1024.0 3275539.0
1025.0 3717904.8
1026.0 3998559.5
1027.0 3963643.5
1028.0 3508911.2
1029.0 3984866.2
1030.0 4659265.5
1031.0 6013280.5
1032.0 6818303.0
1033.0 7906294.0
1034.0 9226148.0
1035.0 10858698.0
1036.0 13133575.0
1037.0 13884939.0
1038.0 14410151.0
1039.0 13949354.0
1040.0 13087942.0
1041.0 12557698.0
1042.0 11944141.0
1043.0 11093342.0
1044.0 11245709.0
1045.0 11317999.0
1046.0 11489441.0
1047.0 11311764.0
1048.0 11603420.0
1049.0 11675155.0
1050.0 13441924.0
1051.0 14686718.0
1052.0 15722955.0
1053.0 16700902.0
1054.0 15800915.0
1055.0 15678286.0
1056.0 16458176.0
1057.0 19661024.0
1058.0 25438452.0
1059.0 34505610.0
1060.0 50142996.0
1061.0 72408380.0
1062.0 98112180.0
1063.0 121732550.0
1064.0 137669020.0
1065.0 139793140.0
1066.0 126680700.0
1067.0 100496120.0
1068.0 68452950.0
1069.0 44092444.0
1070.0 30412876.0
1071.0 22324610.0
1072.0 17791432.0
1073.0 14696532.0
1074.0 12532575.0
1075.0 10796700.0
1076.0 9127786.0
1077.0 7934822.5
1078.0 6642537.5
1079.0 5598144.0
1080.0 4808936.0
1081.0 4846875.5
1082.0 4547657.0
1083.0 4492989.0
1084.0 4654983.0
1085.0 4663760.5
1086.0 5045748.5
1087.0 5438184.0
1088.0 5732957.5
1089.0 6253065.5
1090.0 7164217.0
1091.0 8459695.0
1092.0 8096529.5
1093.0 7515967.0
1094.0 6820025.5
1095.0 6513003.0
1096.0 6323596.0
1097.0 6563850.5
1098.0 6832055.0
1099.0 7325445.5
1100.0 7586381.0
1101.0 7960409.5
1102.0 9165316.0
1103.0 11513632.0
1104.0 15682940.0
1105.0 23422370.0
1106.0 33721430.0
1107.0 49183240.0
1108.0 70115940.0
1109.0 90356540.0
1110.0 108069240.0
1111.0 120856120.0
1112.0 121168900.0
1113.0 103312110.0
1114.0 76442810.0
1115.0 51065100.0
1116.0 33657452.0
1117.0 22706882.0
1118.0 17004498.0
1119.0 13861360.0
1120.0 11430335.0
1121.0 9001362.0
1122.0 7570236.0
1123.0 5711502.0
1124.0 4980672.5
1125.0 4496213.0
1126.0 3449045.2
1127.0 2559733.0
1128.0 2345697.8
1129.0 2283913.0
1130.0 2012049.5
1131.0 2009019.2
1132.0 1968376.8
1133.0 2098271.8
1134.0 2710726.5
1135.0 2826085.2
1136.0 2935923.0
1137.0 3639025.2
1138.0 4324562.5
1139.0 4659469.0
1140.0 4486240.5
1141.0 3619243.8
1142.0 2912597.5
1143.0 2766393.8
1144.0 2445787.2
1145.0 2293772.2
1146.0 2062900.5
1147.0 1890485.5
1148.0 1884642.0
1149.0 1930543.9
1150.0 1769740.6
1151.0 1641880.1
1152.0 1621692.2
1153.0 1789518.0
1154.0 1717520.6
1155.0 1761629.0
1156.0 2216144.5
1157.0 1940536.9
1158.0 2035847.5
1159.0 1940850.6
1160.0 1611478.1
1161.0 1625507.2
1162.0 1584363.2
1163.0 1640315.1
1164.0 1591070.1
1165.0 1929175.1
1166.0 2020993.0
1167.0 2450588.2
1168.0 1996002.6
1169.0 1755890.2
1170.0 2045077.8
1171.0 2447507.0
1172.0 2631553.5
1173.0 2389869.5
1174.0 2193716.2
1175.0 2047294.2
1176.0 2017656.2
1177.0 2562373.5
1178.0 2409345.5
1179.0 2499227.8
1180.0 2630187.2
1181.0 2761442.5
1182.0 2973967.0
1183.0 3026076.0
1184.0 3249044.8
1185.0 3556926.2
1186.0 3515390.2
1187.0 3597205.2
1188.0 3828532.2
1189.0 4129393.5
1190.0 4365697.5
1191.0 5163609.0
1192.0 4802339.5
1193.0 4516109.5
1194.0 4665065.5
1195.0 4055321.5
1196.0 3926647.2
1197.0 3950544.8
1198.0 4007827.5
1199.0 3865614.5
1200.0 3865792.8
1201.0 3862843.0
1202.0 3869438.8
1203.0 3702640.2
1204.0 3494703.0
1205.0 3382998.5
1206.0 3434707.2
1207.0 3027576.0
1208.0 3214381.0
1209.0 3204245.5
1210.0 4095908.8
1211.0 4680253.5
1212.0 5380064.0
1213.0 6271069.5
1214.0 6797289.0
1215.0 7187722.0
1216.0 7473958.0
1217.0 7107234.0
1218.0 5732294.0
1219.0 4738758.0
1220.0 3926687.2
1221.0 3557662.2
1222.0 4059342.8
1223.0 4511602.0
1224.0 4795232.0
1225.0 5482499.0
1226.0 5407289.0
1227.0 5160851.0
1228.0 5669582.5
1229.0 6347797.0
1230.0 6777763.0
1231.0 7512542.5
1232.0 7341359.0
1233.0 7249460.0
1234.0 7689788.0
1235.0 8617455.0
1236.0 10240266.0
1237.0 12459469.0
1238.0 15179825.0
1239.0 18984602.0
1240.0 21936670.0
1241.0 24168108.0
1242.0 24809972.0
1243.0 23632064.0
1244.0 21989002.0
1245.0 19086558.0
1246.0 14104521.0
1247.0 10008137.0
1248.0 7405607.5
1249.0 6180082.5
1250.0 6240356.0
1251.0 6016627.5
1252.0 5773637.0
1253.0 5818935.5
1254.0 5746932.0
1255.0 6180732.0
1256.0 6789264.0
1257.0 6703869.0
1258.0 6920967.5
1259.0 7573072.0
1260.0 8303734.0
1261.0 9460810.0
1262.0 11727232.0
1263.0 13795684.0
1264.0 15597015.0
1265.0 16878668.0
1266.0 18669132.0
1267.0 20580822.0
1268.0 20348320.0
1269.0 17761444.0
1270.0 15348380.0
1271.0 14094171.0
1272.0 14361552.0
1273.0 15745742.0
1274.0 17491698.0
1275.0 17740396.0
1276.0 15587331.0
1277.0 12874622.0
1278.0 10839464.0
1279.0 10138348.0
1280.0 10060620.0
1281.0 10839589.0
1282.0 12881038.0
1283.0 14059811.0
1284.0 14581929.0
1285.0 14736248.0
1286.0 15091469.0
1287.0 14392591.0
1288.0 13008248.0
1289.0 12001658.0
1290.0 12152328.0
1291.0 12680740.0
1292.0 13834676.0
1293.0 13679402.0
1294.0 14669195.0
1295.0 15457014.0
1296.0 15267399.0
1297.0 15464621.0
1298.0 14991788.0
1299.0 15183649.0
1300.0 16168506.0
1301.0 17133574.0
1302.0 18598774.0
1303.0 20217760.0
1304.0 21774664.0
1305.0 23397636.0
1306.0 26659460.0
1307.0 30513158.0
1308.0 32766718.0
1309.0 34813056.0
1310.0 34168520.0
1311.0 32537484.0
1312.0 30886556.0
1313.0 29664884.0
1314.0 29159992.0
1315.0 29993436.0
1316.0 31029118.0
1317.0 32233898.0
1318.0 33324420.0
1319.0 34233590.0
1320.0 34661284.0
1321.0 35268550.0
1322.0 36344304.0
1323.0 37406230.0
1324.0 40963464.0
1325.0 44299736.0
1326.0 46595820.0
1327.0 49083876.0
1328.0 53070300.0
1329.0 57575504.0
1330.0 60137744.0
1331.0 62631540.0
1332.0 64493540.0
1333.0 65691776.0
1334.0 66341536.0
1335.0 65308400.0
1336.0 66553060.0
1337.0 68508870.0
1338.0 69334456.0
1339.0 68774010.0
1340.0 68241910.0
1341.0 63802256.0
1342.0 59268650.0
1343.0 54555984.0
1344.0 52143020.0
1345.0 49681264.0
1346.0 50703944.0
1347.0 50779240.0
1348.0 51147924.0
1349.0 51911640.0
1350.0 51771276.0
1351.0 53291370.0
1352.0 56968564.0
1353.0 58396050.0
1354.0 60497284.0
1355.0 62666560.0
1356.0 63760660.0
1357.0 64011450.0
1358.0 62299836.0
1359.0 61953550.0
1360.0 61289776.0
1361.0 63588276.0
1362.0 70268900.0
1363.0 77386530.0
1364.0 87986900.0
1365.0 101322350.0
1366.0 121216410.0
1367.0 142788350.0
1368.0 164280480.0
1369.0 184254430.0
1370.0 201024510.0
1371.0 214355520.0
1372.0 227414100.0
1373.0 233855100.0
1374.0 229006020.0
1375.0 211202180.0
1376.0 182920500.0
1377.0 159185470.0
1378.0 145785420.0
1379.0 135838600.0
1380.0 125151760.0
1381.0 116016870.0
1382.0 109002680.0
1383.0 103067630.0
1384.0 98318350.0
1385.0 93123860.0
1386.0 85263750.0
1387.0 79645550.0
1388.0 72914690.0
1389.0 66253336.0
1390.0 57845300.0
1391.0 50774070.0
1392.0 45309500.0
1393.0 42046210.0
1394.0 38065612.0
1395.0 36302124.0
1396.0 37616400.0
1397.0 40143210.0
1398.0 43784044.0
1399.0 49178044.0
1400.0 54834430.0
1401.0 61417850.0
1402.0 67649896.0
1403.0 75031220.0
1404.0 83630290.0
1405.0 95349140.0
1406.0 111242700.0
1407.0 127568070.0
1408.0 148027250.0
1409.0 170331540.0
1410.0 195142740.0
1411.0 221609150.0
1412.0 251511000.0
1413.0 274942800.0
1414.0 289308450.0
1415.0 292854530.0
1416.0 289973250.0
1417.0 266355260.0
1418.0 223625440.0
1419.0 173182320.0
1420.0 124336820.0
1421.0 89874350.0
1422.0 66101470.0
1423.0 48984450.0
1424.0 37776820.0
1425.0 31573616.0
1426.0 27318336.0
1427.0 23886652.0
1428.0 20837714.0
1429.0 18294488.0
1430.0 16228988.0
1431.0 14079294.0
1432.0 12123369.0
1433.0 10447308.0
1434.0 9598180.0
1435.0 9570704.0
1436.0 9444034.0
1437.0 9340368.0
1438.0 8612765.0
1439.0 8791294.0
1440.0 9175927.0
1441.0 9131303.0
1442.0 8576670.0
1443.0 8079304.0
1444.0 8551972.0
1445.0 8500431.0
1446.0 9437436.0
1447.0 9423931.0
1448.0 10318758.0
1449.0 11685941.0
1450.0 12444109.0
1451.0 13074366.0
1452.0 13729584.0
1453.0 14571681.0
1454.0 15103968.0
1455.0 15969295.0
1456.0 16389594.0
1457.0 16924902.0
1458.0 16625058.0
1459.0 18524144.0
1460.0 19678912.0
1461.0 19878986.0
1462.0 20138442.0
1463.0 19245512.0
1464.0 19086938.0
1465.0 18628362.0
1466.0 18324062.0
1467.0 18103856.0
1468.0 18463478.0
1469.0 19722692.0
1470.0 20669338.0
1471.0 20734538.0
1472.0 19363036.0
1473.0 19599024.0
1474.0 19302492.0
1475.0 17762260.0
1476.0 17047056.0
1477.0 16702671.0
1478.0 18293918.0
1479.0 19656224.0
1480.0 18999830.0
1481.0 18304354.0
1482.0 18929558.0
1483.0 22182816.0
1484.0 24665622.0
1485.0 27736390.0
1486.0 32254050.0
1487.0 36562984.0
1488.0 40613812.0
1489.0 43688030.0
1490.0 45954470.0
1491.0 49961844.0
1492.0 52820596.0
1493.0 56037340.0
1494.0 56867160.0
1495.0 54084150.0
1496.0 53201596.0
1497.0 52576460.0
1498.0 52326716.0
1499.0 51085396.0
1500.0 48439210.0
1501.0 46151624.0
1502.0 40381510.0
1503.0 32081050.0
1504.0 27065444.0
1505.0 25804650.0
1506.0 24763912.0
1507.0 24779370.0
1508.0 25386952.0
1509.0 26368484.0
1510.0 27863690.0
1511.0 30436876.0
1512.0 32426458.0
1513.0 35147076.0
1514.0 37247490.0
1515.0 37541532.0
1516.0 40590964.0
1517.0 42735050.0
1518.0 44100810.0
1519.0 46647636.0
1520.0 49893290.0
1521.0 55389396.0
1522.0 60197740.0
1523.0 63089000.0
1524.0 66015944.0
1525.0 67981820.0
1526.0 71521530.0
1527.0 74502184.0
1528.0 74026250.0
1529.0 75868310.0
1530.0 75689660.0
1531.0 70427336.0
1532.0 65846390.0
1533.0 58427250.0
1534.0 49085000.0
1535.0 39707950.0
1536.0 31947272.0
1537.0 27380490.0
1538.0 23814970.0
1539.0 20671356.0
1540.0 20306994.0
1541.0 21255362.0
1542.0 24413318.0
1543.0 25879870.0
1544.0 26890802.0
1545.0 28713428.0
1546.0 31410088.0
1547.0 34507704.0
1548.0 38933336.0
1549.0 46510660.0
1550.0 50790550.0
1551.0 54201764.0
1552.0 57453630.0
1553.0 60013710.0
1554.0 62157784.0
1555.0 65988460.0
1556.0 69580650.0
1557.0 73318970.0
1558.0 77847310.0
1559.0 79602776.0
1560.0 78030920.0
1561.0 72068630.0
1562.0 62076660.0
1563.0 50687776.0
1564.0 43069180.0
1565.0 39353708.0
1566.0 38003944.0
1567.0 40071744.0
1568.0 42440920.0
1569.0 43504120.0
1570.0 42692444.0
1571.0 39615464.0
1572.0 37087510.0
1573.0 35717944.0
1574.0 35292724.0
1575.0 32712398.0
1576.0 27720118.0
1577.0 22547420.0
1578.0 18992614.0
1579.0 17007018.0
1580.0 15368608.0
1581.0 14173259.0
1582.0 14270268.0
1583.0 15183988.0
1584.0 15807789.0
1585.0 16855494.0
1586.0 16973142.0
1587.0 17513114.0
1588.0 17422708.0
1589.0 17312072.0
1590.0 17894398.0
1591.0 19222624.0
1592.0 19221076.0
1593.0 18128232.0
1594.0 18388284.0
1595.0 17915410.0
1596.0 16468238.0
1597.0 14833931.0
1598.0 14958214.0
1599.0 14819362.0
1600.0 13829255.0
1601.0 14434571.0
1602.0 14786606.0
1603.0 16022889.0
1604.0 17264778.0
1605.0 18533332.0
1606.0 19172616.0
1607.0 20604166.0
1608.0 23176780.0
1609.0 24913704.0
1610.0 27066508.0
1611.0 30220912.0
1612.0 32336752.0
1613.0 34018284.0
1614.0 37507676.0
1615.0 42576830.0
1616.0 45231470.0
1617.0 47507320.0
1618.0 49180770.0
1619.0 50928436.0
1620.0 54209656.0
1621.0 55851040.0
1622.0 59731744.0
1623.0 63963796.0
1624.0 69968024.0
1625.0 75409510.0
1626.0 75466090.0
1627.0 74883510.0
1628.0 71240350.0
1629.0 63989720.0
1630.0 52906580.0
1631.0 39235256.0
1632.0 28364390.0
1633.0 21917858.0
1634.0 18350406.0
1635.0 16546809.0
1636.0 14098779.0
1637.0 12516189.0
1638.0 11676698.0
1639.0 10720758.0
1640.0 10864169.0
1641.0 10548018.0
1642.0 10835104.0
1643.0 10953568.0
1644.0 10437348.0
1645.0 10001506.0
1646.0 10333674.0
1647.0 11082282.0
1648.0 11511910.0
1649.0 11516461.0
1650.0 11238222.0
1651.0 10958421.0
1652.0 11133300.0
1653.0 10535048.0
1654.0 9963173.0
1655.0 9674972.0
1656.0 9930953.0
1657.0 10367723.0
1658.0 9893432.0
1659.0 9434754.0
1660.0 9386719.0
1661.0 9032774.0
1662.0 8586609.0
1663.0 8634364.0
1664.0 8167237.0
1665.0 8552822.0
1666.0 8423238.0
1667.0 8176570.0
1668.0 8870047.0
1669.0 9157789.0
1670.0 9596977.0
1671.0 10291586.0
1672.0 11196132.0
1673.0 12436641.0
1674.0 12548165.0
1675.0 12805855.0
1676.0 13409279.0
1677.0 12837728.0
1678.0 13435664.0
1679.0 13606379.0
1680.0 13712792.0
1681.0 14068378.0
1682.0 14204208.0
1683.0 14353916.0
1684.0 13840848.0
1685.0 12849364.0
1686.0 11835100.0
1687.0 11459282.0
1688.0 11583181.0
1689.0 11727775.0
1690.0 12488748.0
1691.0 13669770.0
1692.0 14372870.0
1693.0 15068994.0
1694.0 14882585.0
1695.0 14185860.0
1696.0 13759914.0
1697.0 14014288.0
1698.0 15743948.0
1699.0 17089914.0
1700.0 18030476.0
1701.0 18322148.0
1702.0 18002432.0
1703.0 18563978.0
1704.0 18129136.0
1705.0 17633128.0
1706.0 16031869.0
1707.0 14544650.0
1708.0 13619164.0
1709.0 13927281.0
1710.0 14531419.0
1711.0 14106501.0
1712.0 13116300.0
1713.0 12732622.0
1714.0 12715728.0
1715.0 12690100.0
1716.0 11929348.0
1717.0 11562386.0
1718.0 11482014.0
1719.0 10844445.0
1720.0 9370022.0
1721.0 8315641.0
1722.0 6376462.5
1723.0 4427117.0
1724.0 3551853.0
1725.0 2938109.5
1726.0 3038823.8
1727.0 2481171.2
1728.0 2485574.8
1729.0 2668550.0
1730.0 2719852.5
1731.0 3002723.0
1732.0 2637583.8
1733.0 3075018.8
1734.0 3662202.0
1735.0 3784404.0
1736.0 4003807.8
1737.0 3914906.0
1738.0 4037233.5
1739.0 4259076.5
1740.0 4681777.5
1741.0 5093969.0
1742.0 4704875.5
1743.0 3965247.5
1744.0 4174894.5
1745.0 4294006.0
1746.0 4504806.0
1747.0 4564911.0
1748.0 4144641.5
1749.0 3694465.5
1750.0 4107318.0
1751.0 4515051.0
1752.0 3971792.2
1753.0 3415272.2
1754.0 3189055.2
1755.0 3585917.0
1756.0 3862966.5
1757.0 3630372.2
1758.0 3719468.8
1759.0 3507449.0
1760.0 3172531.0
1761.0 3865656.0
1762.0 4435722.0
1763.0 4546229.0
1764.0 5074473.0
1765.0 5840595.0
1766.0 6017482.0
1767.0 5997294.5
1768.0 5461532.0
1769.0 5391667.5
1770.0 5545195.5
1771.0 5528392.5
1772.0 5623505.5
1773.0 5837779.5
1774.0 5592416.0
1775.0 5698695.0
1776.0 5711328.0
1777.0 5826809.0
1778.0 5577275.5
1779.0 4546987.0
1780.0 3904718.0
1781.0 3989602.2
1782.0 4115371.0
1783.0 4244156.5
1784.0 4270020.5
1785.0 3964854.8
1786.0 3737149.5
1787.0 3894319.5
1788.0 3978264.5
1789.0 4245780.5
1790.0 4502821.0
1791.0 4067937.2
1792.0 4414631.0
1793.0 5011879.5
1794.0 5021839.5
1795.0 5160214.5
1796.0 5185417.0
1797.0 5713211.0
1798.0 5696660.0
1799.0 5165411.0
1800.0 5432699.5
1801.0 5518473.0
1802.0 5517235.5
1803.0 5648005.5
1804.0 5364238.0
1805.0 6229758.0
1806.0 5756806.0
1807.0 5786602.0
1808.0 5041513.0
1809.0 4375876.0
1810.0 3836206.5
1811.0 3810178.0
1812.0 3540595.5
1813.0 3658816.5
1814.0 3580381.0
1815.0 3529597.8
1816.0 3360783.8
1817.0 3028623.8
1818.0 3279900.2
1819.0 3247269.0
1820.0 3261974.8
1821.0 3667903.8
1822.0 4300092.0
1823.0 4065782.5
1824.0 4655989.0
1825.0 5302914.0
1826.0 5302424.0
1827.0 5211848.5
1828.0 5593053.0
1829.0 5545995.5
1830.0 5987759.0
1831.0 6446123.0
1832.0 7118634.0
1833.0 7785834.5
1834.0 8443825.0
1835.0 8898585.0
1836.0 9148506.0
1837.0 8178409.5
1838.0 7609100.5
1839.0 6935944.0
1840.0 6469714.0
1841.0 6104025.5
1842.0 6409629.0
1843.0 6452972.0
1844.0 6739037.5
1845.0 8007949.0
1846.0 8038042.0
1847.0 8122901.0
1848.0 9261531.0
1849.0 10872166.0
1850.0 11611080.0
1851.0 11592126.0
1852.0 11709821.0
1853.0 12399004.0
1854.0 12440434.0
1855.0 11776514.0
1856.0 10688886.0
1857.0 10677370.0
1858.0 11242572.0
1859.0 10278147.0
1860.0 9723968.0
1861.0 9938426.0
1862.0 9875026.0
1863.0 8858599.0
1864.0 8192360.0
1865.0 8114680.0
1866.0 8045792.0
1867.0 7147260.5
1868.0 6754302.5
1869.0 6012720.5
1870.0 6657324.5
1871.0 6642400.5
1872.0 6476457.5
1873.0 6805952.0
1874.0 7378528.0
1875.0 8671564.0
1876.0 9793528.0
1877.0 9082598.0
1878.0 8927735.0
1879.0 9318394.0
1880.0 9634662.0
1881.0 9855524.0
1882.0 9562367.0
1883.0 9124401.0
1884.0 9233459.0
1885.0 8436172.0
1886.0 7471890.5
1887.0 6755831.0
1888.0 7085932.5
1889.0 6584662.5
1890.0 6025267.0
1891.0 5757530.0
1892.0 5007440.5
1893.0 4592234.0
1894.0 4433568.0
1895.0 4334328.0
1896.0 5336244.5
1897.0 5319129.0
1898.0 6126670.5
1899.0 7303680.0
1900.0 8717801.0
1901.0 10180591.0
1902.0 11303928.0
1903.0 12441050.0
1904.0 13401599.0
1905.0 13971454.0
1906.0 15249660.0
1907.0 17578708.0
1908.0 19057588.0
1909.0 18687730.0
1910.0 19910308.0
1911.0 20250364.0
1912.0 21513830.0
1913.0 21008368.0
1914.0 18508520.0
1915.0 16167686.0
1916.0 12638014.0
1917.0 9475771.0
1918.0 7055465.5
1919.0 5844263.0
1920.0 5093423.5
1921.0 4800962.0
1922.0 4960244.0
1923.0 5391572.0
1924.0 5480540.0
1925.0 6415484.5
1926.0 7172307.0
1927.0 8264321.0
1928.0 8550581.0
1929.0 9799971.0
1930.0 11341216.0
1931.0 11312068.0
1932.0 10962569.0
1933.0 11855571.0
1934.0 13531804.0
1935.0 15355514.0
1936.0 16730369.0
1937.0 16877564.0
1938.0 17378386.0
1939.0 17325380.0
1940.0 15837421.0
1941.0 12804686.0
1942.0 10315993.0
1943.0 7230503.0
1944.0 5256217.5
1945.0 4189027.5
1946.0 3547103.0
1947.0 2571069.8
1948.0 2132276.0
1949.0 2185765.0
1950.0 2049827.0
1951.0 1659537.4
1952.0 1816286.8
1953.0 1687038.2
1954.0 1392710.5
1955.0 1215783.1
1956.0 1050330.1
1957.0 1032484.3
1958.0 1132943.9
1959.0 1042434.7
1960.0 1188310.8
1961.0 1311869.4
1962.0 1307561.5
1963.0 916358.06
1964.0 629512.8
1965.0 1033680.4
1966.0 1022784.1
1967.0 1214901.0
1968.0 1008175.5
1969.0 1076480.2
1970.0 947903.5
1971.0 1332361.8
1972.0 1596787.8
1973.0 1362481.2
1974.0 1030141.0
1975.0 1035193.5
1976.0 981031.1
1977.0 819980.94
1978.0 878855.9
1979.0 1219774.0
1980.0 1361463.1
1981.0 1391386.0
1982.0 1373711.4
1983.0 1110306.2
1984.0 1385361.9
1985.0 1591850.6
1986.0 1625480.6
1987.0 1414610.2
1988.0 1424650.1
1989.0 1741123.9
1990.0 1498153.2
1991.0 1687544.0
1992.0 1798881.4
1993.0 1956345.6
1994.0 1884898.8
1995.0 1768447.6
1996.0 2015546.9
1997.0 1845781.8
1998.0 1728066.0
1999.0 1649103.1
2000.0 1724456.1
2001.0 1704570.2
2002.0 1846132.0
2003.0 1760520.5
2004.0 1629637.2
2005.0 1835630.1
2006.0 1681087.5
2007.0 1448721.0
2008.0 1664039.8
2009.0 1484597.5
2010.0 1905568.6
2011.0 1832763.5
2012.0 1621032.5
2013.0 1559925.5
2014.0 1820889.2
2015.0 2138903.0
2016.0 2451339.5
2017.0 2055357.8
2018.0 1968252.2
2019.0 2039162.8
2020.0 1956699.4
2021.0 1766511.9
2022.0 245287.36
2023.0 -1132224.5
2024.0 -2440250.0
2025.0 -4161880.2
2026.0 -5599674.0
2027.0 -7275007.5
2028.0 -9281111.0
2029.0 -10849606.0
2030.0 -12387641.0
2031.0 -14018322.0
2032.0 -15953906.0
2033.0 -17740798.0
2034.0 -20102396.0
2035.0 -22106482.0
2036.0 -24157272.0
2037.0 -26154200.0
2038.0 -28449496.0
2039.0 -30106340.0
2040.0 0.0
2041.0 0.0
2042.0 0.0
2043.0 0.0
2044.0 0.0
2045.0 0.0
2046.0 0.0
2047.0 0.0
