string
0.0 2107979.2
1.0 1751518.6
2.0 1520795.2
3.0 1536344.5
4.0 1481485.8
5.0 1371912.6
6.0 1467285.0
7.0 2034968.2
8.0 2195859.2
9.0 2466680.5
10.0 2137648.0
11.0 1863890.0
12.0 1693501.8
13.0 1935700.2
14.0 2016543.0
15.0 1857805.2
16.0 1796683.8
17.0 1867033.1
18.0 2230257.0
19.0 2132600.5
20.0 2070897.4
21.0 1827108.9
22.0 2124602.0
23.0 2404101.5
24.0 1664418.2
25.0 1742108.8
26.0 1706794.4
27.0 1982703.8
28.0 1951554.0
29.0 1987525.6
30.0 1902227.2
31.0 1901228.9
32.0 2090119.8
33.0 1892210.0
34.0 1589947.6
35.0 1824494.4
36.0 1846614.5
37.0 2251059.5
38.0 2398479.5
39.0 2164416.5
40.0 2408444.5
41.0 2190392.0
42.0 2269387.0
43.0 2373598.0
44.0 2398555.0
45.0 1982062.0
46.0 1882754.0
47.0 2202368.5
48.0 2031047.6
49.0 1885558.0
50.0 1761273.5
51.0 1646014.8
52.0 1840250.6
53.0 1645058.9
54.0 1875036.0
55.0 1839217.4
56.0 1494114.5
57.0 1634183.1
58.0 1977563.9
59.0 2345516.2
60.0 2500308.0
61.0 2846126.0
62.0 2779464.5
63.0 3385112.0
64.0 3231703.0
65.0 2994676.5
66.0 2880193.5
67.0 2462998.2
68.0 2228748.2
69.0 2118302.0
70.0 2053042.6
71.0 2485460.2
72.0 2626327.5
73.0 2907220.5
74.0 2885557.0
75.0 3007320.5
76.0 3262722.2
77.0 3184805.0
78.0 3090163.8
79.0 3246311.2
80.0 3447052.8
81.0 3925455.0
82.0 3721847.0
83.0 3410285.2
84.0 3373541.2
85.0 3678348.5
86.0 3620078.0
87.0 3230117.2
88.0 3000133.0
89.0 2850640.5
90.0 2730815.0
91.0 2766242.2
92.0 2741320.5
93.0 3500484.8
94.0 3480635.5
95.0 3562091.0
96.0 4200039.5
97.0 4827562.5
98.0 5985838.0
99.0 6445137.0
100.0 5989680.5
101.0 4658424.5
102.0 3257760.2
103.0 1969251.1
104.0 1532452.8
105.0 1381255.8
106.0 1259348.5
107.0 1424687.5
108.0 1573940.2
109.0 1607920.2
110.0 1701122.2
111.0 1562627.2
112.0 1845557.4
113.0 1857787.0
114.0 2094763.2
115.0 2098334.8
116.0 2307934.8
117.0 2631532.2
118.0 2946996.2
119.0 2817907.0
120.0 3622475.0
121.0 3920115.2
122.0 3868481.2
123.0 4523036.5
124.0 5098094.0
125.0 5688630.5
126.0 6247598.0
127.0 5586904.5
128.0 5312058.0
129.0 4898013.0
130.0 5056414.0
131.0 5224927.0
132.0 4717215.5
133.0 3719125.0
134.0 2986033.0
135.0 2118518.8
136.0 1353771.4
137.0 1402388.1
138.0 1371716.0
139.0 1122950.8
140.0 1018112.6
141.0 1149230.8
142.0 1074437.4
143.0 970281.94
144.0 828748.9
145.0 583042.1
146.0 621086.94
147.0 461152.66
148.0 637214.25
149.0 787051.3
150.0 517852.44
151.0 343195.9
152.0 868695.7
153.0 1345468.6
154.0 1368672.6
155.0 1810984.5
156.0 2170758.0
157.0 2739418.5
158.0 3476737.5
159.0 4022357.8
160.0 4412778.0
161.0 4677708.5
162.0 5008463.5
163.0 5008134.5
164.0 4083560.5
165.0 3145602.5
166.0 2637462.5
167.0 2793132.8
168.0 2718395.2
169.0 2977616.5
170.0 3319083.5
171.0 3636972.8
172.0 3944938.8
173.0 3876984.8
174.0 3437798.5
175.0 3493324.5
176.0 3927676.2
177.0 4804444.5
178.0 5870798.0
179.0 6616474.0
180.0 8416191.0
181.0 9721244.0
182.0 10489056.0
183.0 10946004.0
184.0 11577434.0
185.0 10145794.0
186.0 8521531.0
187.0 6940869.0
188.0 5126443.0
189.0 3848958.8
190.0 2634188.0
191.0 2254944.5
192.0 1710276.8
193.0 1610966.5
194.0 1512975.0
195.0 1332474.8
196.0 1106542.5
197.0 1217081.4
198.0 989802.5
199.0 1081463.5
200.0 1208973.9
201.0 1011545.0
202.0 863157.4
203.0 887749.1
204.0 997344.75
205.0 1038738.25
206.0 1077539.6
207.0 1031987.4
208.0 1017464.5
209.0 1224253.4
210.0 1205312.6
211.0 1245554.0
212.0 1035669.6
213.0 1709874.4
214.0 2741751.2
215.0 3274548.5
216.0 4022783.0
217.0 4712165.5
218.0 6687564.5
219.0 7968600.0
220.0 8459192.0
221.0 8794068.0
222.0 8349893.0
223.0 6861109.0
224.0 4936901.0
225.0 3234359.5
226.0 2456415.5
227.0 2369073.5
228.0 2070453.8
229.0 1988609.0
230.0 1848993.2
231.0 1636172.5
232.0 1594119.5
233.0 1314680.0
234.0 1039908.6
235.0 915351.1
236.0 651140.75
237.0 716629.6
238.0 724249.44
239.0 829259.7
240.0 1003009.94
241.0 930679.4
242.0 1050918.6
243.0 1438205.0
244.0 1428018.8
245.0 1691882.5
246.0 1801770.1
247.0 1724890.5
248.0 2596613.5
249.0 3498457.2
250.0 4249779.5
251.0 4586522.0
252.0 5261562.0
253.0 6235072.5
254.0 7095989.5
255.0 6156232.5
256.0 4446352.0
257.0 3902379.5
258.0 2567954.2
259.0 1733158.1
260.0 1687331.2
261.0 1604730.0
262.0 1285291.4
263.0 1230012.6
264.0 941155.06
265.0 1045383.7
266.0 1301838.5
267.0 1017276.56
268.0 934812.9
269.0 1141140.0
270.0 1038007.0
271.0 673820.3
272.0 696749.44
273.0 936097.4
274.0 928358.0
275.0 643067.0
276.0 425764.44
277.0 727745.3
278.0 552056.7
279.0 501039.0
280.0 572495.06
281.0 599968.2
282.0 805101.25
283.0 924982.5
284.0 920151.1
285.0 859779.0
286.0 1028598.2
287.0 1129263.0
288.0 1358017.4
289.0 1546335.6
290.0 1392070.1
291.0 943386.2
292.0 881979.25
293.0 1288737.6
294.0 1059100.4
295.0 767566.0
296.0 795993.9
297.0 1142259.5
298.0 1449615.8
299.0 1228730.2
300.0 936423.9
301.0 886950.06
302.0 880095.5
303.0 1090858.9
304.0 1018057.1
305.0 1318547.2
306.0 1506181.1
307.0 1471000.8
308.0 1365722.8
309.0 1420040.5
310.0 1244835.5
311.0 1184990.8
312.0 818704.25
313.0 1219655.8
314.0 1342622.0
315.0 1123091.4
316.0 1265370.5
317.0 1876427.5
318.0 2041521.8
319.0 2024822.5
320.0 1807154.5
321.0 2125733.8
322.0 2166654.0
323.0 1926593.8
324.0 2222614.8
325.0 1990184.0
326.0 2389365.5
327.0 2801418.5
328.0 2831720.5
329.0 3759022.8
330.0 4508501.5
331.0 5086237.0
332.0 5008209.5
333.0 5103720.5
334.0 5588592.0
335.0 5341497.0
336.0 4698196.0
337.0 3479530.5
338.0 2615307.8
339.0 2094014.0
340.0 1614242.4
341.0 1875492.4
342.0 1702457.5
343.0 1867401.8
344.0 1576398.0
345.0 1395635.5
346.0 1144764.8
347.0 986438.25
348.0 992150.0
349.0 986412.2
350.0 1071691.5
351.0 1097041.5
352.0 1123843.9
353.0 987210.75
354.0 1175206.1
355.0 1111600.1
356.0 1137083.6
357.0 1028571.5
358.0 1263201.1
359.0 1434339.4
360.0 1396892.4
361.0 1298436.5
362.0 1405193.8
363.0 1465204.0
364.0 1879388.0
365.0 1714867.4
366.0 2035880.5
367.0 2844741.5
368.0 3175014.5
369.0 3484518.0
370.0 3428952.0
371.0 3345655.5
372.0 2648430.0
373.0 2215180.0
374.0 1875196.8
375.0 1816118.1
376.0 1569654.8
377.0 1243917.8
378.0 1255594.9
379.0 1262121.5
380.0 1297614.2
381.0 1488438.2
382.0 1274061.2
383.0 1621178.5
384.0 1204055.1
385.0 1129926.0
386.0 1295085.8
387.0 1736259.8
388.0 1218125.2
389.0 1050791.1
390.0 1063639.8
391.0 1197935.2
392.0 1483089.9
393.0 1481729.5
394.0 1652583.5
395.0 1870917.2
396.0 2159320.0
397.0 1892783.8
398.0 2120913.0
399.0 2320137.8
400.0 2080523.6
401.0 1632063.1
402.0 1415500.0
403.0 1274940.5
404.0 998276.9
405.0 1265938.6
406.0 1770442.8
407.0 1826394.8
408.0 2179635.0
409.0 2099195.2
410.0 2505520.2
411.0 2083683.1
412.0 2002017.2
413.0 2327262.2
414.0 2559826.0
415.0 2581004.5
416.0 2568362.8
417.0 3045272.5
418.0 2782084.8
419.0 2868587.5
420.0 2999077.0
421.0 2872791.0
422.0 2531721.2
423.0 1719676.0
424.0 1409847.5
425.0 1515558.1
426.0 1285012.0
427.0 1514579.4
428.0 1336203.8
429.0 1368657.8
430.0 1593390.5
431.0 1839421.8
432.0 1989881.0
433.0 1999468.5
434.0 1854617.6
435.0 1681674.2
436.0 1175895.9
437.0 1085538.0
438.0 1443790.2
439.0 1448475.2
440.0 1544756.0
441.0 1423921.8
442.0 1302925.1
443.0 1101339.4
444.0 1251915.5
445.0 1162825.8
446.0 1132871.8
447.0 933808.7
448.0 1001325.7
449.0 1337068.2
450.0 1443040.1
451.0 1725268.1
452.0 2173571.0
453.0 2371448.2
454.0 2388946.0
455.0 2157231.2
456.0 1729365.5
457.0 1666456.2
458.0 1755622.6
459.0 1413252.4
460.0 866341.0
461.0 1185335.8
462.0 1370020.5
463.0 1749148.0
464.0 1860958.5
465.0 1941686.1
466.0 2109160.8
467.0 2102631.5
468.0 2353184.5
469.0 2177498.2
470.0 2093514.4
471.0 1732360.0
472.0 1801275.8
473.0 1799689.9
474.0 1989521.2
475.0 1975615.5
476.0 1978504.8
477.0 1813798.1
478.0 1218804.5
479.0 1103619.5
480.0 1274373.2
481.0 1131889.9
482.0 1140919.4
483.0 1133362.2
484.0 1117442.0
485.0 1381474.4
486.0 1266431.9
487.0 1287745.1
488.0 970040.94
489.0 1067368.6
490.0 880894.1
491.0 897795.0
492.0 808889.75
493.0 668421.9
494.0 641148.1
495.0 841342.44
496.0 978701.9
497.0 1314856.2
498.0 1104886.6
499.0 1204576.5
500.0 1328494.5
501.0 1274990.2
502.0 1087941.8
503.0 1167895.5
504.0 1197037.6
505.0 1724632.2
506.0 1652093.2
507.0 1530706.4
508.0 1749338.1
509.0 1553102.6
510.0 1531252.4
511.0 1494693.0
512.0 1471759.9
513.0 1363275.1
514.0 1524746.2
515.0 1482585.8
516.0 1365734.0
517.0 1347012.0
518.0 1396141.2
519.0 1356154.4
520.0 889363.7
521.0 964039.6
522.0 1166979.1
523.0 1080654.9
524.0 726499.4
525.0 1101363.0
526.0 910541.2
527.0 1210132.2
528.0 1342483.5
529.0 1426920.0
530.0 1215050.5
531.0 1217487.2
532.0 1324667.4
533.0 1270408.9
534.0 1655796.5
535.0 1529120.0
536.0 1668367.6
537.0 1917126.9
538.0 2439708.8
539.0 2262574.5
540.0 1966710.8
541.0 2174563.0
542.0 2000610.0
543.0 1564114.0
544.0 1293954.2
545.0 1502568.6
546.0 1424369.9
547.0 1405808.6
548.0 1030197.0
549.0 1207444.2
550.0 1132144.9
551.0 1187132.2
552.0 1480549.0
553.0 1339415.8
554.0 1267645.0
555.0 1667955.0
556.0 1374030.6
557.0 1311242.2
558.0 1504354.8
559.0 1447824.4
560.0 1631070.0
561.0 1713449.9
562.0 1344949.4
563.0 1342878.6
564.0 1209292.0
565.0 1227936.4
566.0 1351035.5
567.0 1208691.1
568.0 1491608.1
569.0 1263795.8
570.0 1105344.0
571.0 1162404.0
572.0 1328200.6
573.0 1350500.6
574.0 1531051.4
575.0 1629244.0
576.0 1211411.8
577.0 1206246.1
578.0 1320869.9
579.0 1155977.0
580.0 854861.56
581.0 1069316.1
582.0 1349908.5
583.0 1394253.2
584.0 1711361.2
585.0 1770637.6
586.0 1437401.4
587.0 1321309.9
588.0 1383034.0
589.0 1079551.0
590.0 1155239.2
591.0 1295346.1
592.0 980047.9
593.0 940145.94
594.0 873217.2
595.0 942886.2
596.0 1031149.9
597.0 1214056.1
598.0 1168014.6
599.0 1129701.8
600.0 1260110.4
601.0 1301559.2
602.0 1465460.0
603.0 1132325.1
604.0 1308536.2
605.0 1248214.1
606.0 1209746.5
607.0 1181311.4
608.0 1265518.5
609.0 1338101.1
610.0 1563826.4
611.0 1318555.6
612.0 1429677.8
613.0 1287967.8
614.0 1132908.2
615.0 1382853.1
616.0 1373495.8
617.0 1045919.75
618.0 1153899.6
619.0 1150166.4
620.0 1031663.5
621.0 938816.4
622.0 827568.9
623.0 1041022.8
624.0 1062866.2
625.0 1326376.2
626.0 1586321.1
627.0 1431591.9
628.0 1294894.5
629.0 1177805.2
630.0 1151956.9
631.0 1441941.0
632.0 1323628.6
633.0 1002949.25
634.0 1121738.2
635.0 1199661.9
636.0 1221177.2
637.0 1192026.9
638.0 852904.1
639.0 895469.6
640.0 1023610.06
641.0 1284656.9
642.0 1352447.5
643.0 890801.8
644.0 935909.3
645.0 1145545.2
646.0 968534.75
647.0 1243781.2
648.0 1164506.0
649.0 1170644.9
650.0 1121496.8
651.0 949388.44
652.0 851577.8
653.0 885518.0
654.0 979506.56
655.0 860873.9
656.0 961829.6
657.0 1088248.2
658.0 977716.9
659.0 1178993.1
660.0 1184371.0
661.0 1188576.0
662.0 1134075.8
663.0 906358.8
664.0 883043.7
665.0 1134340.2
666.0 1404482.6
667.0 1278013.2
668.0 1246350.8
669.0 1118838.6
670.0 1026764.94
671.0 1200526.8
672.0 1189630.1
673.0 1263995.2
674.0 1470018.5
675.0 1367436.8
676.0 1444361.8
677.0 1563987.4
678.0 1294020.1
679.0 1077054.5
680.0 1118062.0
681.0 1107587.4
682.0 1240280.1
683.0 1421330.8
684.0 1496490.1
685.0 1139023.9
686.0 1075273.8
687.0 1160047.6
688.0 1227793.5
689.0 1353045.6
690.0 1219063.9
691.0 1151411.5
692.0 1191222.9
693.0 1115473.2
694.0 1320816.9
695.0 1318235.8
696.0 1410133.9
697.0 1070311.8
698.0 1411403.2
699.0 1172023.4
700.0 1011990.75
701.0 930480.0
702.0 976986.94
703.0 896474.06
704.0 909181.75
705.0 1066084.8
706.0 1164040.1
707.0 812044.5
708.0 749717.1
709.0 897464.7
710.0 1040236.5
711.0 948395.7
712.0 983894.06
713.0 1198689.5
714.0 1208503.0
715.0 1337239.2
716.0 1141817.9
717.0 909258.06
718.0 1113698.4
719.0 1021951.1
720.0 1108811.6
721.0 1052401.5
722.0 1190640.9
723.0 1298679.4
724.0 1530131.2
725.0 1344678.9
726.0 922364.06
727.0 1144376.8
728.0 1373233.2
729.0 1395764.8
730.0 1411418.9
731.0 1255150.8
732.0 1110975.0
733.0 1207238.9
734.0 1184618.9
735.0 1427881.1
736.0 1162113.4
737.0 1061063.9
738.0 1047011.2
739.0 1359814.9
740.0 1490110.0
741.0 1370669.5
742.0 1045236.5
743.0 1155805.8
744.0 1259009.0
745.0 1356806.5
746.0 1390384.5
747.0 1679126.2
748.0 1362408.5
749.0 1418484.5
750.0 1485528.6
751.0 1580818.9
752.0 1484515.5
753.0 1494160.6
754.0 1535533.5
755.0 1457463.8
756.0 1095263.5
757.0 1233082.2
758.0 1307091.9
759.0 1074052.2
760.0 948704.9
761.0 1004334.4
762.0 1016708.5
763.0 1100071.0
764.0 1167307.5
765.0 983519.06
766.0 839566.1
767.0 854508.7
768.0 766229.06
769.0 1227493.9
770.0 1432433.1
771.0 1244720.2
772.0 1014977.6
773.0 1030406.6
774.0 1002140.4
775.0 1043418.7
776.0 1016885.75
777.0 1183601.1
778.0 973974.3
779.0 974933.0
780.0 1247678.8
781.0 1473849.8
782.0 907530.9
783.0 922022.5
784.0 867427.25
785.0 865756.8
786.0 986656.2
787.0 908318.0
788.0 1072165.4
789.0 1243755.4
790.0 1390044.0
791.0 1555848.2
792.0 1589143.6
793.0 1353862.4
794.0 1329600.5
795.0 1524945.2
796.0 1548035.6
797.0 1721176.8
798.0 1763717.6
799.0 1644551.4
800.0 1820776.0
801.0 1880023.8
802.0 1912245.1
803.0 1799341.8
804.0 1426584.5
805.0 1460278.6
806.0 1465429.4
807.0 1582222.5
808.0 1326482.0
809.0 1098375.8
810.0 1267714.0
811.0 1438387.6
812.0 1368530.8
813.0 1114045.4
814.0 1252587.2
815.0 1102781.4
816.0 1099257.8
817.0 949773.4
818.0 1179379.9
819.0 1405762.8
820.0 1414468.8
821.0 1452994.0
822.0 1427620.1
823.0 1371638.8
824.0 1423403.9
825.0 1771896.4
826.0 1746996.8
827.0 1842833.5
828.0 1922039.0
829.0 1495730.8
830.0 1101644.9
831.0 1024405.4
832.0 1199664.2
833.0 1037409.44
834.0 974656.56
835.0 1309192.1
836.0 1055177.0
837.0 1174690.4
838.0 969689.4
839.0 1159831.4
840.0 1521478.2
841.0 1462846.4
842.0 1501199.9
843.0 1386984.8
844.0 1272217.6
845.0 1186069.2
846.0 1171966.6
847.0 1285706.8
848.0 1071046.5
849.0 1343343.0
850.0 1549718.2
851.0 1208220.9
852.0 1434535.1
853.0 1437928.1
854.0 1523267.6
855.0 1500540.6
856.0 1508039.2
857.0 1316218.9
858.0 1514682.5
859.0 1406246.4
860.0 1378553.0
861.0 1533495.8
862.0 1631222.0
863.0 1676087.6
864.0 1121484.2
865.0 1143714.9
866.0 1332781.2
867.0 1736043.6
868.0 1590600.0
869.0 1591182.0
870.0 1743087.5
871.0 1530897.2
872.0 1580846.0
873.0 1362016.5
874.0 1584676.0
875.0 1459171.1
876.0 1515054.4
877.0 1183209.8
878.0 1484520.2
879.0 1519201.2
880.0 1697373.1
881.0 1629698.9
882.0 1662937.6
883.0 1576378.5
884.0 1408437.8
885.0 1222804.6
886.0 1468046.1
887.0 1792653.9
888.0 2035094.9
889.0 1994159.5
890.0 1562213.9
891.0 1692625.1
892.0 1677911.5
893.0 2043066.2
894.0 2027492.8
895.0 1595015.1
896.0 1544985.0
897.0 1620411.5
898.0 1811571.5
899.0 1683921.8
900.0 1496496.5
901.0 1592985.0
902.0 1598504.4
903.0 1533131.0
904.0 1514773.1
905.0 1737986.1
906.0 1856679.2
907.0 2001204.0
908.0 1772377.2
909.0 1537619.5
910.0 1709391.2
911.0 1926464.0
912.0 2081122.8
913.0 2184331.2
914.0 2337548.8
915.0 2379239.8
916.0 2237459.2
917.0 2356353.2
918.0 2123747.2
919.0 2168356.5
920.0 2199887.2
921.0 2466081.2
922.0 2790159.0
923.0 2130847.8
924.0 2002263.5
925.0 2245773.8
926.0 2581139.5
927.0 2845759.0
928.0 2654372.0
929.0 2695431.5
930.0 2514688.5
931.0 2533557.5
932.0 2679042.8
933.0 2782865.2
934.0 2531320.5
935.0 3050057.2
936.0 3015275.5
937.0 2858207.8
938.0 2598295.2
939.0 2512889.0
940.0 2959420.0
941.0 2863329.8
942.0 2753954.8
943.0 2577842.8
944.0 2639851.5
945.0 2889879.8
946.0 2833090.2
947.0 2691395.2
948.0 2707761.5
949.0 2611023.5
950.0 2604632.2
951.0 2379502.5
952.0 2380992.8
953.0 2496102.8
954.0 2310225.5
955.0 2545841.0
956.0 3000185.0
957.0 2750418.8
958.0 2573360.8
959.0 2815369.8
960.0 2887327.5
961.0 3078185.2
962.0 2818821.0
963.0 2802348.5
964.0 2753815.2
965.0 2927784.5
966.0 2905924.5
967.0 2999120.2
968.0 3495718.5
969.0 3634494.5
970.0 3817955.5
971.0 4038329.0
972.0 3812388.5
973.0 3845266.0
974.0 4001337.2
975.0 3965274.0
976.0 3654424.8
977.0 3858246.0
978.0 4198024.0
979.0 4290470.5
980.0 3987815.5
981.0 4277155.5
982.0 4760951.0
983.0 5506620.0
984.0 5823064.5
985.0 5901612.5
986.0 6654734.5
987.0 8123310.0
988.0 8928002.0
989.0 9810504.0
990.0 10417974.0
991.0 11480119.0
992.0 10922476.0
993.0 9669401.0
994.0 8351227.0
995.0 7687169.0
996.0 7767298.0
997.0 7868375.0
998.0 8267874.5
999.0 8264708.0
1000.0 8315615.0
1001.0 8543884.0
1002.0 8820472.0
1003.0 8569977.0
1004.0 9012096.0
1005.0 9593782.0
1006.0 9981495.0
1007.0 9997307.0
1008.0 10590518.0
1009.0 10386954.0
1010.0 10230854.0
1011.0 9681852.0
1012.0 8961694.0
1013.0 8498328.0
1014.0 8196855.5
1015.0 7726569.5
1016.0 6900505.5
1017.0 5863914.5
1018.0 4932492.0
1019.0 4266690.0
1020.0 3805091.5
1021.0 3914970.0
1022.0 3627483.8
1023.0 3585302.8
1024.0 3618190.5
1025.0 3524516.5
1026.0 3612888.8
1027.0 3932411.5
1028.0 3993942.8
1029.0 4616229.0
1030.0 5110085.0
1031.0 5791042.5
1032.0 6180063.0
1033.0 7810940.5
1034.0 8808009.0
1035.0 9287476.0
1036.0 10220118.0
1037.0 11238065.0
1038.0 12423365.0
1039.0 13082928.0
1040.0 12797954.0
1041.0 12494685.0
1042.0 12287499.0
1043.0 11250856.0
1044.0 11302266.0
1045.0 11269392.0
1046.0 11466472.0
1047.0 12056981.0
1048.0 13254065.0
1049.0 13480842.0
1050.0 13317031.0
1051.0 14140059.0
1052.0 14936384.0
1053.0 15521232.0
1054.0 16139558.0
1055.0 17192348.0
1056.0 18795824.0
1057.0 21202190.0
1058.0 26390188.0
1059.0 35566004.0
1060.0 45686276.0
1061.0 60152150.0
1062.0 77914260.0
1063.0 94968670.0
1064.0 108685660.0
1065.0 117832430.0
1066.0 117364850.0
1067.0 108770560.0
1068.0 92453770.0
1069.0 66796256.0
1070.0 43338604.0
1071.0 28707948.0
1072.0 21562108.0
1073.0 18219446.0
1074.0 16032541.0
1075.0 13866002.0
1076.0 10850191.0
1077.0 8291274.5
1078.0 6635785.0
1079.0 4950684.5
1080.0 4628784.0
1081.0 4622993.0
1082.0 4442979.0
1083.0 4362649.5
1084.0 4372009.5
1085.0 4284913.5
1086.0 4262903.0
1087.0 5073290.0
1088.0 6297185.5
1089.0 6885700.5
1090.0 7262229.0
1091.0 7439620.5
1092.0 6954205.5
1093.0 7021798.0
1094.0 7485385.5
1095.0 7015660.5
1096.0 6674025.0
1097.0 6205904.0
1098.0 5955390.0
1099.0 6526756.0
1100.0 7109379.0
1101.0 8122360.0
1102.0 9705609.0
1103.0 12800654.0
1104.0 17131612.0
1105.0 23192900.0
1106.0 32217528.0
1107.0 43199364.0
1108.0 54570010.0
1109.0 68493260.0
1110.0 83465860.0
1111.0 94909420.0
1112.0 99630540.0
1113.0 97841820.0
1114.0 88313930.0
1115.0 71035510.0
1116.0 50792180.0
1117.0 33900244.0
1118.0 23373142.0
1119.0 17975472.0
1120.0 14256030.0
1121.0 10740082.0
1122.0 8719973.0
1123.0 6996319.0
1124.0 5242319.0
1125.0 3942425.5
1126.0 2918541.2
1127.0 2783725.2
1128.0 2733576.5
1129.0 2581511.0
1130.0 2307867.2
1131.0 2236683.8
1132.0 2125313.0
1133.0 2323557.8
1134.0 2518588.5
1135.0 2649895.0
1136.0 3119262.2
1137.0 3605099.0
1138.0 3722723.5
1139.0 3770958.0
1140.0 4012266.0
1141.0 3947307.8
1142.0 3156181.5
1143.0 2741270.2
1144.0 2634021.0
1145.0 2786176.0
1146.0 2341224.5
1147.0 2123386.5
1148.0 2039425.5
1149.0 2154187.0
1150.0 1937648.2
1151.0 1948502.8
1152.0 1806245.0
1153.0 1948367.8
1154.0 1775817.0
1155.0 1928502.6
1156.0 1652951.5
1157.0 1278619.5
1158.0 1709483.2
1159.0 1833447.6
1160.0 2001763.8
1161.0 2411512.0
1162.0 2327887.5
1163.0 2048314.2
1164.0 1865677.6
1165.0 1936549.4
1166.0 1969081.8
1167.0 2345718.0
1168.0 2552668.8
1169.0 2670252.8
1170.0 2270659.5
1171.0 2479417.8
1172.0 2462733.5
1173.0 2796720.2
1174.0 3119753.8
1175.0 2644797.8
1176.0 2344683.0
1177.0 2004666.9
1178.0 2362579.0
1179.0 2830947.2
1180.0 2763160.5
1181.0 2694176.2
1182.0 2586716.2
1183.0 2777777.5
1184.0 3317260.2
1185.0 3540414.5
1186.0 3385804.0
1187.0 3652532.5
1188.0 3868221.5
1189.0 4445426.5
1190.0 4725354.0
1191.0 4942219.0
1192.0 4867779.5
1193.0 4698104.5
1194.0 4416471.5
1195.0 4554427.0
1196.0 4435078.0
1197.0 3854165.2
1198.0 4124313.5
1199.0 3967939.8
1200.0 3700920.5
1201.0 3306103.8
1202.0 3294449.0
1203.0 3496934.8
1204.0 3575906.5
1205.0 3829239.0
1206.0 3875542.0
1207.0 3374011.5
1208.0 3595407.8
1209.0 3252590.0
1210.0 4231257.0
1211.0 5004420.5
1212.0 5119919.0
1213.0 5473572.5
1214.0 6071300.5
1215.0 6145027.5
1216.0 5627365.5
1217.0 5882133.0
1218.0 6136980.5
1219.0 5463271.0
1220.0 4529765.5
1221.0 4582245.5
1222.0 4247289.0
1223.0 3870652.8
1224.0 4004957.0
1225.0 4228223.0
1226.0 4754320.5
1227.0 5425751.0
1228.0 6198747.0
1229.0 5827225.0
1230.0 5879780.0
1231.0 6309391.0
1232.0 7411137.5
1233.0 7662051.0
1234.0 7551212.5
1235.0 8260154.0
1236.0 9565489.0
1237.0 11405204.0
1238.0 12991334.0
1239.0 15561351.0
1240.0 17840412.0
1241.0 19053572.0
1242.0 20096112.0
1243.0 20180284.0
1244.0 19738434.0
1245.0 18028062.0
1246.0 15501595.0
1247.0 13079351.0
1248.0 10334194.0
1249.0 7944846.0
1250.0 6653905.0
1251.0 5749281.0
1252.0 5765228.0
1253.0 5900480.5
1254.0 5759553.0
1255.0 6091959.0
1256.0 5934314.5
1257.0 6155677.5
1258.0 6397796.0
1259.0 7114660.0
1260.0 8475565.0
1261.0 10053316.0
1262.0 11013915.0
1263.0 11115366.0
1264.0 12579189.0
1265.0 15235550.0
1266.0 16605722.0
1267.0 17116596.0
1268.0 17558460.0
1269.0 17622328.0
1270.0 16866116.0
1271.0 14968998.0
1272.0 13549649.0
1273.0 13960890.0
1274.0 14636948.0
1275.0 15441540.0
1276.0 15508132.0
1277.0 14495762.0
1278.0 13198636.0
1279.0 11413120.0
1280.0 10510276.0
1281.0 11293851.0
1282.0 12737382.0
1283.0 13169705.0
1284.0 13395734.0
1285.0 14426446.0
1286.0 14139636.0
1287.0 13767916.0
1288.0 13445228.0
1289.0 13006314.0
1290.0 13181091.0
1291.0 12947328.0
1292.0 12376032.0
1293.0 11943935.0
1294.0 12550389.0
1295.0 13820942.0
1296.0 14073752.0
1297.0 14925720.0
1298.0 15930946.0
1299.0 16185805.0
1300.0 16363081.0
1301.0 16726494.0
1302.0 18032258.0
1303.0 19350860.0
1304.0 20784044.0
1305.0 22862410.0
1306.0 23878920.0
1307.0 25382642.0
1308.0 27682740.0
1309.0 29944550.0
1310.0 30664098.0
1311.0 32110518.0
1312.0 32171502.0
1313.0 32384192.0
1314.0 32456972.0
1315.0 31276856.0
1316.0 31681238.0
1317.0 32517344.0
1318.0 33458196.0
1319.0 34620710.0
1320.0 35230492.0
1321.0 34966720.0
1322.0 36679524.0
1323.0 38011390.0
1324.0 38289530.0
1325.0 39115716.0
1326.0 43196756.0
1327.0 48306120.0
1328.0 52293304.0
1329.0 53779996.0
1330.0 57732264.0
1331.0 60121604.0
1332.0 62427404.0
1333.0 63618520.0
1334.0 61802710.0
1335.0 61173244.0
1336.0 62595870.0
1337.0 65001196.0
1338.0 65783870.0
1339.0 64596144.0
1340.0 64049116.0
1341.0 63389124.0
1342.0 61278984.0
1343.0 58543020.0
1344.0 56212840.0
1345.0 53165896.0
1346.0 51261116.0
1347.0 51682930.0
1348.0 49735816.0
1349.0 50033664.0
1350.0 51265350.0
1351.0 52513390.0
1352.0 56486024.0
1353.0 57986190.0
1354.0 57142536.0
1355.0 58242390.0
1356.0 60659290.0
1357.0 60337784.0
1358.0 61223364.0
1359.0 62097076.0
1360.0 62504070.0
1361.0 65063224.0
1362.0 70572770.0
1363.0 76749780.0
1364.0 86007360.0
1365.0 98558590.0
1366.0 112713260.0
1367.0 131375660.0
1368.0 150710600.0
1369.0 171105140.0
1370.0 187975060.0
1371.0 204247280.0
1372.0 214872450.0
1373.0 222505630.0
1374.0 224144320.0
1375.0 217295000.0
1376.0 198016600.0
1377.0 174787700.0
1378.0 155905380.0
1379.0 140213460.0
1380.0 127081300.0
1381.0 117923530.0
1382.0 107186230.0
1383.0 102613660.0
1384.0 96290460.0
1385.0 89678060.0
1386.0 82856300.0
1387.0 76107620.0
1388.0 69158620.0
1389.0 64359744.0
1390.0 58980796.0
1391.0 53438724.0
1392.0 47781196.0
1393.0 43783704.0
1394.0 39308676.0
1395.0 36926540.0
1396.0 37669076.0
1397.0 40527164.0
1398.0 42833056.0
1399.0 46861664.0
1400.0 52129690.0
1401.0 58118516.0
1402.0 63689916.0
1403.0 69283976.0
1404.0 77839930.0
1405.0 90154370.0
1406.0 104525170.0
1407.0 122877050.0
1408.0 140059620.0
1409.0 159332100.0
1410.0 180318780.0
1411.0 201599280.0
1412.0 228186060.0
1413.0 249740560.0
1414.0 262990340.0
1415.0 271425730.0
1416.0 270441760.0
1417.0 261387700.0
1418.0 242436900.0
1419.0 205944000.0
1420.0 163015860.0
1421.0 120387280.0
1422.0 84923050.0
1423.0 61181360.0
1424.0 46053140.0
1425.0 37390424.0
1426.0 30984040.0
1427.0 25400562.0
1428.0 20489238.0
1429.0 16589249.0
1430.0 13592396.0
1431.0 11051296.0
1432.0 10262079.0
1433.0 9618283.0
1434.0 8870431.0
1435.0 8663920.0
1436.0 8834124.0
1437.0 9093645.0
1438.0 8074450.5
1439.0 7461446.0
1440.0 7647342.0
1441.0 8154693.0
1442.0 8128784.5
1443.0 8227652.0
1444.0 8747529.0
1445.0 9391836.0
1446.0 8745658.0
1447.0 9387678.0
1448.0 10020552.0
1449.0 10205542.0
1450.0 9893496.0
1451.0 10360871.0
1452.0 11883099.0
1453.0 13042636.0
1454.0 14170701.0
1455.0 15208421.0
1456.0 16082132.0
1457.0 16437720.0
1458.0 16832578.0
1459.0 16750370.0
1460.0 17446230.0
1461.0 18267684.0
1462.0 18449186.0
1463.0 18086362.0
1464.0 17600498.0
1465.0 17369742.0
1466.0 17663636.0
1467.0 18690142.0
1468.0 18739462.0
1469.0 19101204.0
1470.0 19577816.0
1471.0 18965954.0
1472.0 18875698.0
1473.0 18953770.0
1474.0 18359962.0
1475.0 18660964.0
1476.0 18363106.0
1477.0 17492986.0
1478.0 16133920.0
1479.0 16473638.0
1480.0 17670908.0
1481.0 19037528.0
1482.0 20531832.0
1483.0 21223760.0
1484.0 23257032.0
1485.0 26897780.0
1486.0 30502760.0
1487.0 33999436.0
1488.0 36444304.0
1489.0 38336930.0
1490.0 42269524.0
1491.0 45861176.0
1492.0 46951644.0
1493.0 47037656.0
1494.0 49854184.0
1495.0 50386080.0
1496.0 49523850.0
1497.0 49237900.0
1498.0 48562930.0
1499.0 46095020.0
1500.0 44530164.0
1501.0 41873676.0
1502.0 38326270.0
1503.0 34290330.0
1504.0 30155582.0
1505.0 26797422.0
1506.0 24500302.0
1507.0 23458432.0
1508.0 23211082.0
1509.0 23857124.0
1510.0 25275220.0
1511.0 27429040.0
1512.0 28944308.0
1513.0 30727862.0
1514.0 33401176.0
1515.0 35168370.0
1516.0 35912344.0
1517.0 36766584.0
1518.0 40230330.0
1519.0 44094844.0
1520.0 47181704.0
1521.0 50837116.0
1522.0 54554656.0
1523.0 58182516.0
1524.0 59740876.0
1525.0 62044804.0
1526.0 64501584.0
1527.0 66620336.0
1528.0 67695090.0
1529.0 68400030.0
1530.0 68596550.0
1531.0 67519730.0
1532.0 63384470.0
1533.0 55041356.0
1534.0 46733576.0
1535.0 40476890.0
1536.0 36020204.0
1537.0 30805090.0
1538.0 26735210.0
1539.0 24022776.0
1540.0 21972828.0
1541.0 21656836.0
1542.0 21661808.0
1543.0 23123632.0
1544.0 27432264.0
1545.0 29838240.0
1546.0 30648140.0
1547.0 32560420.0
1548.0 35838956.0
1549.0 40129788.0
1550.0 44061110.0
1551.0 48049116.0
1552.0 52950820.0
1553.0 59284556.0
1554.0 62139140.0
1555.0 63777356.0
1556.0 64009016.0
1557.0 66955684.0
1558.0 70407800.0
1559.0 71760344.0
1560.0 70284290.0
1561.0 68508150.0
1562.0 63069364.0
1563.0 55671860.0
1564.0 47019230.0
1565.0 41309544.0
1566.0 37655844.0
1567.0 36372090.0
1568.0 36707024.0
1569.0 36453332.0
1570.0 38087840.0
1571.0 38422670.0
1572.0 35026490.0
1573.0 33471164.0
1574.0 32461322.0
1575.0 29889640.0
1576.0 28165948.0
1577.0 25990200.0
1578.0 22969416.0
1579.0 17890830.0
1580.0 15245934.0
1581.0 14381672.0
1582.0 13781265.0
1583.0 14467625.0
1584.0 14945915.0
1585.0 14457068.0
1586.0 15229066.0
1587.0 16395724.0
1588.0 17069124.0
1589.0 16893462.0
1590.0 16872162.0
1591.0 18016298.0
1592.0 17196762.0
1593.0 16799528.0
1594.0 16260676.0
1595.0 15166590.0
1596.0 14177874.0
1597.0 14103694.0
1598.0 14403974.0
1599.0 13944321.0
1600.0 13714521.0
1601.0 13783081.0
1602.0 14427399.0
1603.0 15246774.0
1604.0 15541446.0
1605.0 16714618.0
1606.0 17922994.0
1607.0 19447244.0
1608.0 21020230.0
1609.0 21804904.0
1610.0 22971888.0
1611.0 25338020.0
1612.0 28897598.0
1613.0 32867668.0
1614.0 35635324.0
1615.0 36966508.0
1616.0 40789370.0
1617.0 46107404.0
1618.0 48884650.0
1619.0 49289396.0
1620.0 50246636.0
1621.0 50977176.0
1622.0 53431236.0
1623.0 58593784.0
1624.0 63781776.0
1625.0 66849364.0
1626.0 71649230.0
1627.0 71481950.0
1628.0 67080764.0
1629.0 63790584.0
1630.0 57523820.0
1631.0 46363360.0
1632.0 36014690.0
1633.0 26326018.0
1634.0 18660868.0
1635.0 15351258.0
1636.0 13852592.0
1637.0 12816908.0
1638.0 11532971.0
1639.0 11042692.0
1640.0 10472281.0
1641.0 10225186.0
1642.0 10449112.0
1643.0 9603537.0
1644.0 9452261.0
1645.0 10049219.0
1646.0 10275789.0
1647.0 9914456.0
1648.0 9474787.0
1649.0 9755192.0
1650.0 10000864.0
1651.0 9903402.0
1652.0 10277021.0
1653.0 10019654.0
1654.0 9253800.0
1655.0 9713958.0
1656.0 9357827.0
1657.0 8497023.0
1658.0 8000712.5
1659.0 7851490.5
1660.0 7511902.5
1661.0 7775642.5
1662.0 8099437.0
1663.0 8367550.0
1664.0 7913986.0
1665.0 6977750.0
1666.0 7351644.5
1667.0 7292804.0
1668.0 7354469.5
1669.0 7172065.5
1670.0 7712954.5
1671.0 8153699.5
1672.0 9424669.0
1673.0 9964740.0
1674.0 10962389.0
1675.0 11068821.0
1676.0 10411551.0
1677.0 10432771.0
1678.0 12176201.0
1679.0 12804349.0
1680.0 12850501.0
1681.0 12854625.0
1682.0 13361908.0
1683.0 13241342.0
1684.0 13699485.0
1685.0 12538649.0
1686.0 10700164.0
1687.0 10698905.0
1688.0 10786598.0
1689.0 10750382.0
1690.0 11649595.0
1691.0 12796388.0
1692.0 12978132.0
1693.0 13454234.0
1694.0 13079844.0
1695.0 12076544.0
1696.0 12482365.0
1697.0 14367548.0
1698.0 15441975.0
1699.0 15618452.0
1700.0 15342661.0
1701.0 16149031.0
1702.0 16415269.0
1703.0 16317759.0
1704.0 16491789.0
1705.0 16050434.0
1706.0 16099201.0
1707.0 15425850.0
1708.0 14051035.0
1709.0 13843535.0
1710.0 13797828.0
1711.0 13769111.0
1712.0 14063952.0
1713.0 14097664.0
1714.0 14139248.0
1715.0 12973550.0
1716.0 11415185.0
1717.0 10610201.0
1718.0 9622578.0
1719.0 8556822.0
1720.0 8260678.0
1721.0 7428779.0
1722.0 6517037.5
1723.0 5092098.5
1724.0 3824719.0
1725.0 3025426.5
1726.0 2746540.0
1727.0 2603958.0
1728.0 2799749.8
1729.0 2604879.8
1730.0 2827086.2
1731.0 3563845.0
1732.0 3339567.0
1733.0 3281430.5
1734.0 3176428.5
1735.0 3034095.0
1736.0 3476526.5
1737.0 3661999.5
1738.0 3989043.5
1739.0 4251465.5
1740.0 4286001.0
1741.0 3866514.8
1742.0 4575486.0
1743.0 4578451.5
1744.0 4599584.5
1745.0 4591933.0
1746.0 4551781.0
1747.0 4024705.0
1748.0 4100609.8
1749.0 4209785.5
1750.0 3676656.2
1751.0 3439701.0
1752.0 3556706.2
1753.0 3665985.2
1754.0 4009423.0
1755.0 3750696.2
1756.0 3368286.5
1757.0 3356817.0
1758.0 3215940.5
1759.0 3499994.5
1760.0 3918430.2
1761.0 3875256.5
1762.0 4011610.2
1763.0 4203991.0
1764.0 4428298.0
1765.0 4881979.0
1766.0 5078712.0
1767.0 5353014.0
1768.0 5266261.0
1769.0 5448054.0
1770.0 5699146.0
1771.0 5139959.0
1772.0 4574981.0
1773.0 4541034.0
1774.0 5013918.5
1775.0 5351777.5
1776.0 5351178.0
1777.0 5259790.5
1778.0 5168808.5
1779.0 5141938.0
1780.0 4808363.0
1781.0 4450077.5
1782.0 4111585.2
1783.0 3820518.8
1784.0 3620994.5
1785.0 3262385.5
1786.0 3547916.0
1787.0 4066465.5
1788.0 4037897.0
1789.0 4606693.0
1790.0 4603992.0
1791.0 4520994.5
1792.0 4749592.0
1793.0 4662694.0
1794.0 4636944.0
1795.0 4682794.5
1796.0 4755587.5
1797.0 5367331.0
1798.0 6208300.0
1799.0 6170851.0
1800.0 5682815.5
1801.0 5155639.0
1802.0 5406204.5
1803.0 5492462.5
1804.0 5831943.0
1805.0 5989226.0
1806.0 5483850.0
1807.0 5542039.5
1808.0 4770051.0
1809.0 3940104.0
1810.0 3343176.2
1811.0 3776732.5
1812.0 3481970.5
1813.0 3851857.2
1814.0 3188163.8
1815.0 3027398.0
1816.0 2905326.2
1817.0 3287813.5
1818.0 3303692.2
1819.0 3000401.5
1820.0 3016191.0
1821.0 3545720.0
1822.0 4002932.2
1823.0 4174037.2
1824.0 4170531.0
1825.0 4174926.2
1826.0 4803489.0
1827.0 4909515.5
1828.0 4738602.0
1829.0 5140336.0
1830.0 6250643.0
1831.0 6488577.5
1832.0 6519533.0
1833.0 6775890.5
1834.0 6905284.0
1835.0 6280809.5
1836.0 6305175.0
1837.0 6617978.0
1838.0 7046223.0
1839.0 7185055.5
1840.0 7125739.5
1841.0 6602874.5
1842.0 6259890.5
1843.0 5972473.0
1844.0 6204444.0
1845.0 6249967.5
1846.0 6655389.5
1847.0 7302270.5
1848.0 8048058.0
1849.0 9437721.0
1850.0 9468418.0
1851.0 9491716.0
1852.0 10470140.0
1853.0 11138310.0
1854.0 11001104.0
1855.0 11143928.0
1856.0 10540979.0
1857.0 9509124.0
1858.0 9779317.0
1859.0 9488335.0
1860.0 9906821.0
1861.0 9702256.0
1862.0 9643136.0
1863.0 9723806.0
1864.0 8777274.0
1865.0 7243612.5
1866.0 7457120.0
1867.0 7827010.0
1868.0 7529623.0
1869.0 6940311.0
1870.0 6909333.0
1871.0 6294747.5
1872.0 5953045.5
1873.0 5923724.5
1874.0 6838116.0
1875.0 7143996.0
1876.0 8006940.5
1877.0 8105816.0
1878.0 8664925.0
1879.0 9010378.0
1880.0 8239570.5
1881.0 8080814.5
1882.0 8766282.0
1883.0 8624206.0
1884.0 7539934.5
1885.0 7918813.0
1886.0 8371185.5
1887.0 7894355.0
1888.0 6926372.5
1889.0 6489357.5
1890.0 5339585.0
1891.0 5042541.5
1892.0 5071979.5
1893.0 4906560.5
1894.0 5249789.5
1895.0 4360880.5
1896.0 4421492.0
1897.0 5289401.0
1898.0 5552179.0
1899.0 5892559.5
1900.0 7069013.0
1901.0 8768002.0
1902.0 10241338.0
1903.0 10792562.0
1904.0 11610289.0
1905.0 13093496.0
1906.0 13832134.0
1907.0 14709579.0
1908.0 16529355.0
1909.0 17159596.0
1910.0 17713772.0
1911.0 18596632.0
1912.0 18083638.0
1913.0 18943052.0
1914.0 18967550.0
1915.0 17004218.0
1916.0 14501194.0
1917.0 13016941.0
1918.0 10289749.0
1919.0 7230437.5
1920.0 5953463.0
1921.0 5722302.5
1922.0 5444519.0
1923.0 5499614.5
1924.0 5141549.0
1925.0 5290967.0
1926.0 6628492.0
1927.0 7837367.0
1928.0 8721807.0
1929.0 9233589.0
1930.0 9586415.0
1931.0 9998993.0
1932.0 9911483.0
1933.0 11572528.0
1934.0 13091395.0
1935.0 12895761.0
1936.0 13208080.0
1937.0 14696954.0
1938.0 16361350.0
1939.0 16696342.0
1940.0 16288449.0
1941.0 14000251.0
1942.0 12030679.0
1943.0 9383453.0
1944.0 6882884.0
1945.0 4137955.2
1946.0 3712651.0
1947.0 3554130.2
1948.0 3002335.5
1949.0 2423888.0
1950.0 2129152.0
1951.0 2114113.0
1952.0 2003435.0
1953.0 1742376.8
1954.0 1732390.1
1955.0 1144980.5
1956.0 1065333.1
1957.0 1075213.5
1958.0 1256936.5
1959.0 1098542.6
1960.0 1140781.4
1961.0 915852.4
1962.0 1177578.6
1963.0 1078812.8
1964.0 1097889.9
1965.0 1208500.8
1966.0 876320.4
1967.0 1041082.1
1968.0 1031970.56
1969.0 1420083.8
1970.0 1296720.1
1971.0 1323550.6
1972.0 1303487.1
1973.0 1303488.0
1974.0 1329679.2
1975.0 1109603.6
1976.0 1254807.0
1977.0 1315089.0
1978.0 1408852.5
1979.0 1391132.0
1980.0 1318633.1
1981.0 1490002.5
1982.0 1342512.0
1983.0 1256595.0
1984.0 1385663.8
1985.0 1668984.4
1986.0 1647601.4
1987.0 1716292.2
1988.0 1610934.8
1989.0 1253265.1
1990.0 1224540.1
1991.0 1441807.8
1992.0 1223061.0
1993.0 1366312.5
1994.0 1436260.0
1995.0 1744762.6
1996.0 1488883.2
1997.0 1642577.0
1998.0 1432433.0
1999.0 1318796.8
2000.0 1432231.1
2001.0 1683659.8
2002.0 1654921.4
2003.0 1460831.9
2004.0 1638196.4
2005.0 1443561.2
2006.0 1439199.8
2007.0 1634029.4
2008.0 1692832.0
2009.0 1596790.2
2010.0 1672196.1
2011.0 1673309.8
2012.0 1857496.0
2013.0 1857092.4
2014.0 1762127.2
2015.0 1549289.5
2016.0 1698283.5
2017.0 1896674.2
2018.0 2062835.0
2019.0 1651366.5
2020.0 1689541.4
2021.0 1740974.5
2022.0 1761449.5
2023.0 1773343.1
2024.0 547797.3
2025.0 -1037591.0
2026.0 -2430209.0
2027.0 -4291775.5
2028.0 -5994477.0
2029.0 -7602002.5
2030.0 -9343300.0
2031.0 -10869269.0
2032.0 -12382415.0
2033.0 -14447275.0
2034.0 -16585970.0
2035.0 -18367552.0
2036.0 -20203926.0
2037.0 -22073302.0
2038.0 -24085592.0
2039.0 -26163540.0
2040.0 -28389078.0
2041.0 -30100404.0
2042.0 0.0
2043.0 0.0
2044.0 0.0
2045.0 0.0
2046.0 0.0
2047.0 0.0
