string
0.0 1852476.0
1.0 1750614.2
2.0 1649466.1
3.0 1585203.0
4.0 1768284.8
5.0 2256287.8
6.0 2425869.8
7.0 2680088.8
8.0 2072898.1
9.0 1629070.0
10.0 1802242.0
11.0 2070150.0
12.0 2200413.5
13.0 1921415.6
14.0 1786973.8
15.0 1974443.5
16.0 1866385.1
17.0 1702021.1
18.0 1706498.0
19.0 1842889.2
20.0 2041900.8
21.0 2236691.2
22.0 2048768.6
23.0 1994238.1
24.0 1540384.8
25.0 1707863.5
26.0 1873784.0
27.0 1747756.0
28.0 1719187.2
29.0 1817648.6
30.0 1918999.4
31.0 2219831.0
32.0 2140389.2
33.0 1720663.8
34.0 1465924.5
35.0 1950519.8
36.0 1660978.2
37.0 2041984.8
38.0 2869364.5
39.0 2332323.2
40.0 2221047.0
41.0 2841387.8
42.0 3003477.2
43.0 2725219.8
44.0 2285356.2
45.0 2316467.2
46.0 2451068.8
47.0 1867557.4
48.0 1739794.0
49.0 1809314.8
50.0 2239840.0
51.0 1760978.9
52.0 2152126.5
53.0 2203869.0
54.0 1711294.2
55.0 1814901.9
56.0 1829083.6
57.0 1599746.1
58.0 1932360.0
59.0 2325436.0
60.0 2357323.0
61.0 2725232.0
62.0 2716084.5
63.0 3006367.2
64.0 2807432.8
65.0 2828667.5
66.0 2314708.2
67.0 2362102.0
68.0 2426573.0
69.0 2294251.0
70.0 2244877.2
71.0 2650212.0
72.0 2660288.8
73.0 2799841.2
74.0 3176982.8
75.0 3607603.8
76.0 4355265.0
77.0 4379212.0
78.0 3891402.8
79.0 4336775.5
80.0 4365478.0
81.0 4293075.5
82.0 3871422.0
83.0 3454778.5
84.0 3349287.5
85.0 3251896.5
86.0 3438875.0
87.0 3170830.5
88.0 3041354.5
89.0 3549051.5
90.0 3876161.2
91.0 3399904.8
92.0 3281605.5
93.0 3137920.2
94.0 3384389.5
95.0 4263292.0
96.0 6190278.0
97.0 6569866.0
98.0 6351763.0
99.0 5638830.5
100.0 4147999.8
101.0 2434296.2
102.0 1790803.1
103.0 1368935.8
104.0 1151538.6
105.0 889017.56
106.0 928361.5
107.0 936401.1
108.0 1038521.94
109.0 1018657.4
110.0 1252317.0
111.0 1259706.9
112.0 1549913.9
113.0 1530785.0
114.0 1715955.5
115.0 1936662.5
116.0 2521165.8
117.0 3391966.2
118.0 3603776.2
119.0 3952654.0
120.0 4399951.0
121.0 4634816.0
122.0 5802131.0
123.0 5747770.5
124.0 6031487.0
125.0 5804624.0
126.0 5124777.5
127.0 4921866.0
128.0 4868371.0
129.0 5626309.0
130.0 5074345.0
131.0 4526055.5
132.0 4070412.5
133.0 3178340.0
134.0 2158612.8
135.0 1422538.1
136.0 904446.94
137.0 818871.75
138.0 847441.1
139.0 1151980.8
140.0 1221866.9
141.0 754873.06
142.0 1010288.9
143.0 1134351.8
144.0 916226.94
145.0 681932.8
146.0 893824.25
147.0 1140411.2
148.0 976862.4
149.0 901667.25
150.0 762825.7
151.0 855609.9
152.0 854432.2
153.0 1006504.25
154.0 1314787.6
155.0 2241546.5
156.0 2758918.0
157.0 3282177.2
158.0 4484056.0
159.0 5917251.0
160.0 5658294.5
161.0 5762176.0
162.0 5308430.5
163.0 4262120.5
164.0 3424842.5
165.0 2817212.2
166.0 3006966.5
167.0 2865187.2
168.0 3341983.5
169.0 3600141.5
170.0 3867479.5
171.0 4055972.8
172.0 4264356.0
173.0 4160964.5
174.0 3850506.2
175.0 4034194.8
176.0 4068788.8
177.0 5128798.0
178.0 7372870.5
179.0 9494633.0
180.0 12517281.0
181.0 14822405.0
182.0 15867691.0
183.0 14980718.0
184.0 11824795.0
185.0 8443291.0
186.0 6508756.0
187.0 4857857.0
188.0 3279247.5
189.0 2703865.2
190.0 2397184.5
191.0 1934336.2
192.0 1444375.6
193.0 1549234.8
194.0 851671.3
195.0 896641.4
196.0 879872.9
197.0 928733.8
198.0 1091283.6
199.0 1214324.9
200.0 870517.4
201.0 824429.1
202.0 1045534.5
203.0 1020838.1
204.0 742029.6
205.0 1093327.4
206.0 1514385.1
207.0 1505582.6
208.0 1343431.9
209.0 1297154.2
210.0 1297969.0
211.0 1527754.8
212.0 2276150.5
213.0 2466839.8
214.0 3440395.0
215.0 4274987.0
216.0 5335525.5
217.0 6980377.0
218.0 7880932.5
219.0 9425096.0
220.0 9779056.0
221.0 8856159.0
222.0 8482952.0
223.0 6280099.0
224.0 4223035.5
225.0 2813531.5
226.0 2138913.5
227.0 2123778.5
228.0 2000602.6
229.0 2022062.2
230.0 1765229.2
231.0 1140309.9
232.0 1051079.0
233.0 878581.25
234.0 667990.5
235.0 753959.75
236.0 940329.75
237.0 1172300.5
238.0 927569.5
239.0 1006868.6
240.0 1213577.2
241.0 1203315.2
242.0 1109778.0
243.0 1258542.9
244.0 1674000.1
245.0 2582494.8
246.0 2921543.5
247.0 3692627.2
248.0 4479718.0
249.0 5238101.0
250.0 5799613.0
251.0 6087784.5
252.0 6124318.0
253.0 6293362.5
254.0 6317967.0
255.0 5163429.5
256.0 3746762.5
257.0 2207448.0
258.0 1535861.5
259.0 1176600.2
260.0 1211811.0
261.0 1322572.2
262.0 1036075.6
263.0 1062202.8
264.0 1062018.2
265.0 940637.56
266.0 851083.06
267.0 1123139.4
268.0 909586.75
269.0 887370.1
270.0 945229.4
271.0 885527.8
272.0 849328.0
273.0 1019176.9
274.0 778544.44
275.0 973546.25
276.0 796976.5
277.0 716998.5
278.0 883514.6
279.0 991188.25
280.0 950371.1
281.0 1292395.8
282.0 1483600.8
283.0 1295388.9
284.0 1151088.0
285.0 1127623.2
286.0 1069176.8
287.0 1090435.1
288.0 1044680.06
289.0 880216.2
290.0 659369.25
291.0 758597.75
292.0 943509.94
293.0 1043076.25
294.0 844053.75
295.0 837009.3
296.0 1129155.0
297.0 1433710.1
298.0 1446703.9
299.0 1566820.1
300.0 1474875.5
301.0 1704988.6
302.0 1620647.5
303.0 1627087.2
304.0 1397910.8
305.0 1378430.8
306.0 1580312.8
307.0 1628219.5
308.0 1127255.6
309.0 1132681.1
310.0 898604.5
311.0 1171606.8
312.0 1221712.2
313.0 1310902.2
314.0 1721130.8
315.0 2006947.5
316.0 2256732.2
317.0 2274631.5
318.0 2217974.0
319.0 2462103.0
320.0 3227923.8
321.0 3640730.0
322.0 3561761.5
323.0 3830464.0
324.0 4585844.5
325.0 4372048.0
326.0 3930449.5
327.0 4306364.0
328.0 4843481.0
329.0 5632637.5
330.0 5622180.0
331.0 5562098.0
332.0 5825472.0
333.0 6264324.5
334.0 5968827.5
335.0 4631540.5
336.0 3495469.5
337.0 2991959.5
338.0 2332063.8
339.0 1691312.4
340.0 1353317.8
341.0 1185562.6
342.0 982328.7
343.0 1057284.4
344.0 1282525.1
345.0 1268899.4
346.0 1451838.5
347.0 1000021.9
348.0 974691.75
349.0 875031.1
350.0 807783.1
351.0 888080.5
352.0 1165686.0
353.0 1072970.5
354.0 1159933.6
355.0 1343142.6
356.0 1509371.8
357.0 1622929.0
358.0 1298112.4
359.0 1244247.0
360.0 1285962.8
361.0 1323023.8
362.0 1575787.4
363.0 1874547.6
364.0 1900040.5
365.0 2625990.2
366.0 3333353.8
367.0 4059068.8
368.0 4379462.0
369.0 4548365.0
370.0 3764722.5
371.0 2402680.2
372.0 1930937.0
373.0 1544547.5
374.0 1516034.4
375.0 1767697.4
376.0 1329785.1
377.0 1178912.4
378.0 1117231.8
379.0 1127018.1
380.0 1363471.8
381.0 1345858.5
382.0 1374135.0
383.0 1360365.8
384.0 939404.7
385.0 977948.1
386.0 944465.3
387.0 1073971.1
388.0 1319409.9
389.0 1623634.8
390.0 1889620.1
391.0 1610929.2
392.0 1300223.9
393.0 1465096.9
394.0 1973300.0
395.0 2151053.8
396.0 2069673.2
397.0 2025888.9
398.0 2484672.8
399.0 2400730.2
400.0 1996028.5
401.0 1288459.9
402.0 1565526.5
403.0 1807458.0
404.0 1749512.8
405.0 1869454.8
406.0 2767606.2
407.0 2906426.0
408.0 2670701.2
409.0 2176492.5
410.0 2137056.5
411.0 2211951.5
412.0 2469566.0
413.0 2574924.5
414.0 2755323.5
415.0 3015922.5
416.0 3355496.0
417.0 3270907.5
418.0 3508157.5
419.0 3052181.0
420.0 2482773.2
421.0 2162316.2
422.0 1971096.9
423.0 1328859.0
424.0 1052963.0
425.0 1676589.0
426.0 1686883.8
427.0 1953336.2
428.0 1560160.8
429.0 1316651.8
430.0 2006910.2
431.0 1778477.8
432.0 1804537.4
433.0 1680643.9
434.0 1551595.5
435.0 1487288.2
436.0 1551450.6
437.0 1654214.8
438.0 1269237.0
439.0 1306202.4
440.0 1528085.2
441.0 1515410.1
442.0 1137525.5
443.0 1055245.6
444.0 1227130.8
445.0 1264647.6
446.0 1136086.1
447.0 1337358.6
448.0 1336790.1
449.0 1650578.5
450.0 1553541.8
451.0 1551718.2
452.0 1645036.5
453.0 1591991.2
454.0 1068925.1
455.0 1378625.6
456.0 1664132.0
457.0 1899994.5
458.0 2094521.2
459.0 1719596.5
460.0 1707811.1
461.0 1845478.2
462.0 1848078.5
463.0 1978035.8
464.0 2376450.8
465.0 2493351.5
466.0 2664373.0
467.0 2383037.5
468.0 2135885.0
469.0 2106170.2
470.0 1955644.9
471.0 1995790.1
472.0 2233421.5
473.0 2254605.2
474.0 2107425.0
475.0 1697988.1
476.0 1351513.6
477.0 1031128.5
478.0 1335373.6
479.0 1413501.2
480.0 1236269.0
481.0 1084422.1
482.0 1235881.8
483.0 1511714.4
484.0 1181512.1
485.0 1040345.1
486.0 788670.94
487.0 923178.6
488.0 716293.2
489.0 720655.1
490.0 744360.25
491.0 740422.2
492.0 772018.6
493.0 729812.44
494.0 852142.2
495.0 1248796.2
496.0 1070456.8
497.0 1548977.0
498.0 1629595.8
499.0 1683520.6
500.0 1602733.5
501.0 1500454.2
502.0 1450607.6
503.0 1807202.2
504.0 1953833.9
505.0 2141456.8
506.0 2545707.2
507.0 2202302.8
508.0 1650102.4
509.0 1538083.2
510.0 1824499.2
511.0 1952285.1
512.0 1678535.2
513.0 1516975.8
514.0 1631421.9
515.0 1506582.0
516.0 1310841.5
517.0 1219285.0
518.0 1240272.2
519.0 1170800.1
520.0 1112349.9
521.0 1124795.1
522.0 1302879.0
523.0 1558133.1
524.0 1217570.8
525.0 1209682.5
526.0 1280853.9
527.0 1139848.9
528.0 1172850.9
529.0 1451397.6
530.0 1594947.6
531.0 1440567.6
532.0 1640546.0
533.0 1417100.2
534.0 1796357.4
535.0 1799996.0
536.0 1700707.8
537.0 2210464.8
538.0 2559732.2
539.0 2716342.0
540.0 2060680.0
541.0 1644923.5
542.0 1643484.4
543.0 1601408.2
544.0 1369869.9
545.0 1308909.0
546.0 1251297.4
547.0 1245164.5
548.0 995064.6
549.0 1129163.1
550.0 1569529.0
551.0 1518536.8
552.0 1166005.1
553.0 1062725.6
554.0 1172860.9
555.0 1460311.5
556.0 1535645.6
557.0 1584504.0
558.0 1593280.0
559.0 1576569.5
560.0 1880319.4
561.0 1793008.9
562.0 1554631.8
563.0 1591556.1
564.0 1388605.1
565.0 1354791.2
566.0 1613237.8
567.0 1553474.9
568.0 1220752.8
569.0 1386534.2
570.0 1175960.2
571.0 1081419.8
572.0 1148040.8
573.0 1243813.5
574.0 1200582.4
575.0 1154645.4
576.0 1324580.8
577.0 1210486.8
578.0 1276092.5
579.0 1271955.5
580.0 1216318.6
581.0 943783.0
582.0 1133329.9
583.0 1402136.8
584.0 1379611.8
585.0 1114579.8
586.0 1117124.5
587.0 1240561.5
588.0 1072729.2
589.0 1111415.6
590.0 1271397.9
591.0 1367296.2
592.0 1452267.0
593.0 1260194.6
594.0 1133039.4
595.0 1178886.6
596.0 1365974.2
597.0 1197931.5
598.0 1282170.1
599.0 1048048.4
600.0 1198109.0
601.0 827294.75
602.0 1096356.5
603.0 945743.75
604.0 800456.1
605.0 1140902.0
606.0 1493110.0
607.0 1123801.2
608.0 1495167.6
609.0 1577056.9
610.0 1313609.0
611.0 1243417.6
612.0 983628.06
613.0 1009742.2
614.0 1356925.1
615.0 1286898.6
616.0 1121849.1
617.0 1344186.0
618.0 1286633.2
619.0 1404326.8
620.0 1562468.9
621.0 1340993.2
622.0 1466886.5
623.0 1332806.0
624.0 1036651.8
625.0 1305851.6
626.0 1427403.6
627.0 1187305.5
628.0 1354437.6
629.0 1406981.2
630.0 1289438.5
631.0 1126069.5
632.0 1221958.2
633.0 1207351.9
634.0 1211547.2
635.0 1201596.5
636.0 1112404.8
637.0 1529869.2
638.0 1228250.4
639.0 1045495.94
640.0 1369858.1
641.0 1650311.2
642.0 1659870.0
643.0 1521244.5
644.0 1564035.1
645.0 1433641.1
646.0 1075325.8
647.0 1246774.8
648.0 1060537.4
649.0 1018798.25
650.0 999637.0
651.0 1140848.2
652.0 1497567.0
653.0 1376863.9
654.0 1339869.2
655.0 1466956.9
656.0 1763465.1
657.0 1810473.1
658.0 1279721.0
659.0 1167676.4
660.0 1193077.0
661.0 1311829.5
662.0 1148203.2
663.0 1187700.5
664.0 1340011.4
665.0 1211092.9
666.0 1423670.5
667.0 1437339.2
668.0 1112114.9
669.0 1485685.6
670.0 1283050.1
671.0 1572135.2
672.0 1694439.0
673.0 1691596.1
674.0 1374331.8
675.0 1563907.0
676.0 1485860.5
677.0 1408875.2
678.0 1202851.5
679.0 1278597.6
680.0 1686679.8
681.0 1449190.5
682.0 1393520.5
683.0 1145063.9
684.0 1208053.9
685.0 1168627.6
686.0 1198604.0
687.0 1212505.2
688.0 953662.75
689.0 1017721.6
690.0 1004792.44
691.0 1199983.6
692.0 1617567.2
693.0 1428586.1
694.0 1363653.6
695.0 894912.1
696.0 1292612.8
697.0 1374694.4
698.0 1112390.5
699.0 1171279.1
700.0 1128136.0
701.0 1195784.0
702.0 1034112.0
703.0 1043714.06
704.0 977049.94
705.0 1019714.7
706.0 1111037.1
707.0 1277964.0
708.0 1079996.1
709.0 1174305.2
710.0 1281374.5
711.0 950718.8
712.0 973763.0
713.0 1068829.9
714.0 898967.75
715.0 789277.56
716.0 717947.25
717.0 511281.3
718.0 604091.8
719.0 810671.5
720.0 1260360.8
721.0 1489740.2
722.0 1496611.5
723.0 1231599.0
724.0 768404.7
725.0 807186.8
726.0 943293.75
727.0 831145.1
728.0 990140.0
729.0 1083480.2
730.0 1071975.2
731.0 1090868.9
732.0 874208.75
733.0 861221.56
734.0 837313.4
735.0 963793.7
736.0 692401.2
737.0 920383.6
738.0 1231050.2
739.0 1212499.5
740.0 1102516.6
741.0 1272496.5
742.0 1505429.2
743.0 1763446.5
744.0 1520684.5
745.0 1850747.2
746.0 1972838.8
747.0 1881984.9
748.0 1807970.5
749.0 1968190.1
750.0 1733246.0
751.0 1583430.6
752.0 1583144.4
753.0 1625403.5
754.0 1429873.8
755.0 1228371.6
756.0 1269731.6
757.0 1420352.8
758.0 1051145.2
759.0 1079924.0
760.0 1070159.0
761.0 1010001.2
762.0 1178677.8
763.0 1187309.2
764.0 1136056.4
765.0 1197888.8
766.0 1116799.0
767.0 1396982.6
768.0 1437783.5
769.0 1327430.1
770.0 1169097.5
771.0 995956.8
772.0 1067660.2
773.0 1069658.6
774.0 1154795.8
775.0 1268520.6
776.0 1577192.6
777.0 1374093.9
778.0 1021059.7
779.0 966109.4
780.0 761370.9
781.0 930422.5
782.0 980127.25
783.0 827926.8
784.0 995966.3
785.0 974688.0
786.0 1280415.2
787.0 1239515.8
788.0 1286194.1
789.0 1234648.5
790.0 1468333.0
791.0 1526702.4
792.0 1696679.2
793.0 1733125.6
794.0 1623865.2
795.0 1626117.0
796.0 1664297.6
797.0 2152352.2
798.0 2351115.2
799.0 2517203.5
800.0 2517985.5
801.0 2337861.5
802.0 2530123.0
803.0 2362598.0
804.0 2005619.8
805.0 1789262.4
806.0 1786993.6
807.0 1525314.9
808.0 1911634.2
809.0 1677647.4
810.0 1353230.8
811.0 1077945.1
812.0 1073886.6
813.0 907671.1
814.0 867427.6
815.0 1021553.8
816.0 1409349.8
817.0 1225662.4
818.0 1237318.8
819.0 1365893.8
820.0 1265101.2
821.0 1324108.8
822.0 1470033.9
823.0 1316466.1
824.0 1312225.8
825.0 1384503.8
826.0 1445860.0
827.0 1296251.5
828.0 1304384.8
829.0 1139504.6
830.0 1246155.4
831.0 1319370.0
832.0 1270907.0
833.0 1392221.9
834.0 1292455.2
835.0 1118600.2
836.0 808609.5
837.0 920251.75
838.0 1149057.4
839.0 1411806.5
840.0 1549199.9
841.0 1520763.8
842.0 1280357.6
843.0 1336620.0
844.0 1305266.8
845.0 1238297.4
846.0 1127826.5
847.0 1353402.8
848.0 1505388.2
849.0 1509440.0
850.0 1524195.1
851.0 1639237.5
852.0 1614207.4
853.0 1450381.2
854.0 1353659.2
855.0 1196168.2
856.0 1205541.8
857.0 1189136.4
858.0 1224323.5
859.0 1057874.2
860.0 1225752.9
861.0 1346307.0
862.0 1215354.4
863.0 999525.06
864.0 954700.75
865.0 1219992.6
866.0 1284408.6
867.0 1352801.8
868.0 1433488.8
869.0 1270357.2
870.0 1493976.2
871.0 1591107.6
872.0 1774886.2
873.0 1490591.1
874.0 1459664.0
875.0 1310109.5
876.0 1299380.6
877.0 1433131.0
878.0 1559093.1
879.0 1549619.2
880.0 1534756.8
881.0 1520158.8
882.0 1631367.8
883.0 1463955.2
884.0 1315046.0
885.0 1370473.5
886.0 1553575.5
887.0 1616110.8
888.0 1321503.9
889.0 1442905.5
890.0 1445793.1
891.0 1367906.5
892.0 1556892.2
893.0 1321724.0
894.0 1152375.8
895.0 1108091.8
896.0 1296991.9
897.0 1371021.4
898.0 1519796.5
899.0 1523905.2
900.0 1609344.8
901.0 1461541.2
902.0 1417253.5
903.0 1916935.8
904.0 1841569.5
905.0 2059014.0
906.0 2273207.2
907.0 2061388.0
908.0 1955311.5
909.0 2104934.0
910.0 2051163.1
911.0 2001551.5
912.0 1807899.0
913.0 1898260.8
914.0 2200259.2
915.0 2277633.2
916.0 2330647.8
917.0 2458916.5
918.0 2649127.5
919.0 2620431.5
920.0 2569378.2
921.0 2387369.0
922.0 2165843.8
923.0 2563554.0
924.0 2647719.8
925.0 2314670.8
926.0 2160392.0
927.0 2205470.5
928.0 2539288.2
929.0 2488516.5
930.0 2427654.8
931.0 2412797.2
932.0 2327681.2
933.0 2572215.5
934.0 2785406.2
935.0 2929346.5
936.0 2926334.0
937.0 2654561.0
938.0 2630091.2
939.0 2529370.2
940.0 2545052.8
941.0 2678501.2
942.0 2850042.2
943.0 2596137.5
944.0 2360751.8
945.0 2829726.0
946.0 3026309.8
947.0 2613273.0
948.0 2776604.0
949.0 2806613.0
950.0 3067962.2
951.0 3250243.0
952.0 3162377.2
953.0 2987630.2
954.0 2802937.0
955.0 2805419.5
956.0 2567040.8
957.0 2774799.8
958.0 3210218.8
959.0 3247246.5
960.0 2976482.2
961.0 3206050.0
962.0 3196925.2
963.0 3301915.0
964.0 3157174.5
965.0 3134910.2
966.0 3189479.0
967.0 3584344.5
968.0 3599526.2
969.0 3823589.0
970.0 4244068.5
971.0 4258206.0
972.0 4149527.2
973.0 4338755.5
974.0 4184393.5
975.0 3924096.5
976.0 4113774.5
977.0 3879900.0
978.0 3664205.5
979.0 4197025.5
980.0 4452889.0
981.0 4947673.0
982.0 5611291.0
983.0 6005263.0
984.0 6973125.0
985.0 7671250.0
986.0 8142110.0
987.0 9030515.0
988.0 10149765.0
989.0 10941428.0
990.0 10848416.0
991.0 11128968.0
992.0 10308416.0
993.0 9461248.0
994.0 8762487.0
995.0 8779234.0
996.0 9013168.0
997.0 8894147.0
998.0 8112325.0
999.0 8081094.0
1000.0 8286152.0
1001.0 8297558.0
1002.0 8710087.0
1003.0 9788682.0
1004.0 10295624.0
1005.0 10952519.0
1006.0 11913791.0
1007.0 11505420.0
1008.0 10763274.0
1009.0 10093572.0
1010.0 10049776.0
1011.0 10850211.0
1012.0 9870165.0
1013.0 8502669.0
1014.0 7789525.0
1015.0 7470247.5
1016.0 6339515.0
1017.0 5462377.0
1018.0 5224769.5
1019.0 4322460.5
1020.0 4195194.0
1021.0 4019612.2
1022.0 3705660.0
1023.0 3612426.5
1024.0 3329877.5
1025.0 3099742.2
1026.0 3091500.2
1027.0 3914620.2
1028.0 4670214.5
1029.0 5916262.0
1030.0 6228543.0
1031.0 6809711.0
1032.0 7399212.0
1033.0 8323458.0
1034.0 9696718.0
1035.0 11133985.0
1036.0 12614406.0
1037.0 13627038.0
1038.0 13826506.0
1039.0 13866320.0
1040.0 13939325.0
1041.0 12383956.0
1042.0 11902861.0
1043.0 12079485.0
1044.0 12300596.0
1045.0 12266401.0
1046.0 11859454.0
1047.0 12142092.0
1048.0 12864662.0
1049.0 13553129.0
1050.0 13522491.0
1051.0 15171850.0
1052.0 16609711.0
1053.0 16818804.0
1054.0 17900338.0
1055.0 19031632.0
1056.0 21807622.0
1057.0 26823972.0
1058.0 35480070.0
1059.0 48686424.0
1060.0 66557750.0
1061.0 86228750.0
1062.0 103784330.0
1063.0 117968120.0
1064.0 128640630.0
1065.0 129955680.0
1066.0 117609670.0
1067.0 96266750.0
1068.0 68990460.0
1069.0 44169370.0
1070.0 28785342.0
1071.0 20273002.0
1072.0 17081316.0
1073.0 14733014.0
1074.0 11668786.0
1075.0 9305944.0
1076.0 7374612.0
1077.0 6489704.5
1078.0 5619101.0
1079.0 5253393.0
1080.0 5144359.0
1081.0 4630280.5
1082.0 4602039.5
1083.0 4621854.0
1084.0 5061413.0
1085.0 5326672.0
1086.0 5618427.5
1087.0 5852952.0
1088.0 6990269.5
1089.0 7568449.5
1090.0 7759024.0
1091.0 8485656.0
1092.0 8236840.0
1093.0 7263514.5
1094.0 7121337.0
1095.0 6831697.5
1096.0 6512810.5
1097.0 6423537.5
1098.0 6435918.0
1099.0 7279040.0
1100.0 8945439.0
1101.0 10816288.0
1102.0 13935904.0
1103.0 18289228.0
1104.0 24412692.0
1105.0 33189296.0
1106.0 45214216.0
1107.0 61046484.0
1108.0 78542450.0
1109.0 94609030.0
1110.0 105666880.0
1111.0 108502910.0
1112.0 107305700.0
1113.0 97596000.0
1114.0 75956660.0
1115.0 51625824.0
1116.0 33093218.0
1117.0 22454880.0
1118.0 16590294.0
1119.0 12544722.0
1120.0 9883904.0
1121.0 7603162.5
1122.0 6149657.0
1123.0 5090978.0
1124.0 4403272.0
1125.0 3724317.2
1126.0 3557129.8
1127.0 2995747.2
1128.0 2380377.8
1129.0 2252093.5
1130.0 2398032.8
1131.0 2675246.2
1132.0 2840767.8
1133.0 3004488.0
1134.0 3161482.8
1135.0 3565380.2
1136.0 3898764.0
1137.0 3911658.8
1138.0 3729426.5
1139.0 3804248.5
1140.0 3595022.2
1141.0 3301607.2
1142.0 2893889.5
1143.0 3053977.2
1144.0 2252035.2
1145.0 2159996.0
1146.0 2058615.5
1147.0 2024657.6
1148.0 1947518.6
1149.0 2316522.8
1150.0 2203406.0
1151.0 1886118.5
1152.0 1889207.6
1153.0 2072753.0
1154.0 2022451.5
1155.0 1886068.6
1156.0 2042393.6
1157.0 1843127.6
1158.0 1812433.5
1159.0 1922281.0
1160.0 1798617.5
1161.0 2082014.5
1162.0 2012017.4
1163.0 2152411.0
1164.0 2157811.0
1165.0 2266268.2
1166.0 2439029.0
1167.0 2502263.8
1168.0 2436529.0
1169.0 2565107.2
1170.0 2422884.2
1171.0 2542219.8
1172.0 2945283.8
1173.0 2720487.8
1174.0 2939022.2
1175.0 2987257.2
1176.0 2907416.2
1177.0 2945007.8
1178.0 3133010.0
1179.0 2976497.5
1180.0 2831056.2
1181.0 2963025.5
1182.0 3515541.5
1183.0 3418284.5
1184.0 3497703.5
1185.0 3829252.5
1186.0 3719621.5
1187.0 3922117.8
1188.0 4161983.8
1189.0 4408509.5
1190.0 4630580.5
1191.0 5002464.0
1192.0 5115228.5
1193.0 4923557.0
1194.0 4490248.0
1195.0 3989834.8
1196.0 3881476.0
1197.0 3944519.8
1198.0 3762620.5
1199.0 3395683.0
1200.0 3618649.8
1201.0 3733465.2
1202.0 3647307.8
1203.0 3528009.0
1204.0 3805642.0
1205.0 3926322.8
1206.0 4288249.0
1207.0 4065588.8
1208.0 4318307.5
1209.0 4956750.0
1210.0 5334293.0
1211.0 5744045.0
1212.0 6051390.5
1213.0 6299097.0
1214.0 6566255.0
1215.0 6081985.0
1216.0 6085240.0
1217.0 6337403.0
1218.0 5693570.5
1219.0 4667105.5
1220.0 4421579.0
1221.0 4913484.0
1222.0 4926099.5
1223.0 4458193.0
1224.0 4376600.5
1225.0 4878366.0
1226.0 5736558.0
1227.0 5755585.0
1228.0 6063750.0
1229.0 6129260.5
1230.0 6334769.0
1231.0 6994270.0
1232.0 7382473.0
1233.0 7524705.0
1234.0 8530482.0
1235.0 10561122.0
1236.0 12261998.0
1237.0 14366948.0
1238.0 17191656.0
1239.0 18619154.0
1240.0 20347838.0
1241.0 22270998.0
1242.0 23148928.0
1243.0 21528368.0
1244.0 18813080.0
1245.0 16697066.0
1246.0 13273180.0
1247.0 9883148.0
1248.0 7562339.0
1249.0 6887417.5
1250.0 6736567.5
1251.0 6646405.5
1252.0 5918527.0
1253.0 5968337.5
1254.0 6031722.0
1255.0 5688414.5
1256.0 5526647.0
1257.0 6121973.0
1258.0 7298424.0
1259.0 8616676.0
1260.0 9313003.0
1261.0 10374026.0
1262.0 11519042.0
1263.0 13312894.0
1264.0 15792135.0
1265.0 17376206.0
1266.0 18336818.0
1267.0 19291048.0
1268.0 18864064.0
1269.0 17873858.0
1270.0 15860171.0
1271.0 14928811.0
1272.0 15568419.0
1273.0 15934978.0
1274.0 16459789.0
1275.0 15192122.0
1276.0 13724826.0
1277.0 12809079.0
1278.0 11981878.0
1279.0 12033232.0
1280.0 12657801.0
1281.0 13129928.0
1282.0 13840522.0
1283.0 13937939.0
1284.0 14056739.0
1285.0 14956829.0
1286.0 14830916.0
1287.0 14954279.0
1288.0 14598762.0
1289.0 14139265.0
1290.0 13599486.0
1291.0 13487826.0
1292.0 13258681.0
1293.0 13988475.0
1294.0 14536911.0
1295.0 14133430.0
1296.0 14702335.0
1297.0 15060368.0
1298.0 16152911.0
1299.0 16671161.0
1300.0 17327080.0
1301.0 18253968.0
1302.0 19229356.0
1303.0 21269004.0
1304.0 23420408.0
1305.0 25305242.0
1306.0 26973942.0
1307.0 29546684.0
1308.0 32019242.0
1309.0 32998338.0
1310.0 33948630.0
1311.0 33312600.0
1312.0 31760624.0
1313.0 30919228.0
1314.0 32304016.0
1315.0 32517376.0
1316.0 33434488.0
1317.0 35307404.0
1318.0 36639016.0
1319.0 36628200.0
1320.0 36529830.0
1321.0 37371500.0
1322.0 38653904.0
1323.0 38904224.0
1324.0 41591692.0
1325.0 45084356.0
1326.0 48325540.0
1327.0 50772104.0
1328.0 54693936.0
1329.0 58321164.0
1330.0 62536444.0
1331.0 65043900.0
1332.0 65331140.0
1333.0 66404816.0
1334.0 68393620.0
1335.0 68613430.0
1336.0 67733816.0
1337.0 67796250.0
1338.0 68256770.0
1339.0 69057960.0
1340.0 66839616.0
1341.0 64107344.0
1342.0 60959236.0
1343.0 57442284.0
1344.0 53814730.0
1345.0 52825570.0
1346.0 49957704.0
1347.0 49252060.0
1348.0 49478380.0
1349.0 51464984.0
1350.0 53923530.0
1351.0 54722904.0
1352.0 55346170.0
1353.0 57453684.0
1354.0 60556970.0
1355.0 62277570.0
1356.0 62927256.0
1357.0 61607400.0
1358.0 62817036.0
1359.0 62602036.0
1360.0 64217250.0
1361.0 68650970.0
1362.0 75761280.0
1363.0 87495360.0
1364.0 99397210.0
1365.0 113937340.0
1366.0 133289530.0
1367.0 154188900.0
1368.0 175389180.0
1369.0 193759760.0
1370.0 209149460.0
1371.0 220064980.0
1372.0 222266080.0
1373.0 220794000.0
1374.0 214603680.0
1375.0 200751600.0
1376.0 180380420.0
1377.0 159089060.0
1378.0 140504860.0
1379.0 128718100.0
1380.0 122036130.0
1381.0 112400100.0
1382.0 103694800.0
1383.0 98014240.0
1384.0 90833520.0
1385.0 84512480.0
1386.0 80792690.0
1387.0 75155460.0
1388.0 68172210.0
1389.0 61598830.0
1390.0 55315796.0
1391.0 48983900.0
1392.0 43455516.0
1393.0 39646684.0
1394.0 38574470.0
1395.0 37757756.0
1396.0 38670090.0
1397.0 42778300.0
1398.0 48013850.0
1399.0 53145004.0
1400.0 59822360.0
1401.0 66773124.0
1402.0 73832830.0
1403.0 83214280.0
1404.0 94439640.0
1405.0 109303160.0
1406.0 128444800.0
1407.0 147998740.0
1408.0 172303120.0
1409.0 194160460.0
1410.0 220376820.0
1411.0 240082580.0
1412.0 259346860.0
1413.0 277330700.0
1414.0 287246880.0
1415.0 286190430.0
1416.0 272296060.0
1417.0 245228240.0
1418.0 206194320.0
1419.0 161532000.0
1420.0 119434240.0
1421.0 84369690.0
1422.0 60625644.0
1423.0 45881384.0
1424.0 35822604.0
1425.0 28589540.0
1426.0 23259848.0
1427.0 19916402.0
1428.0 17854942.0
1429.0 15561804.0
1430.0 13984286.0
1431.0 12907678.0
1432.0 11128571.0
1433.0 9635209.0
1434.0 9372814.0
1435.0 8415571.0
1436.0 7859151.0
1437.0 8584319.0
1438.0 9243814.0
1439.0 9523216.0
1440.0 8851903.0
1441.0 8901730.0
1442.0 9147927.0
1443.0 9246725.0
1444.0 8816558.0
1445.0 8547469.0
1446.0 9087988.0
1447.0 10679908.0
1448.0 12641766.0
1449.0 13114001.0
1450.0 12784765.0
1451.0 12834246.0
1452.0 13323049.0
1453.0 15264271.0
1454.0 17263596.0
1455.0 18158960.0
1456.0 17547076.0
1457.0 17928028.0
1458.0 19492172.0
1459.0 19034024.0
1460.0 18877234.0
1461.0 19210352.0
1462.0 19925682.0
1463.0 19611244.0
1464.0 18890738.0
1465.0 18482454.0
1466.0 18483984.0
1467.0 17979446.0
1468.0 18312410.0
1469.0 19271674.0
1470.0 20485958.0
1471.0 20563942.0
1472.0 19574810.0
1473.0 19610514.0
1474.0 19357978.0
1475.0 19051128.0
1476.0 18722502.0
1477.0 18169110.0
1478.0 18688242.0
1479.0 19071284.0
1480.0 19029112.0
1481.0 19560982.0
1482.0 21966032.0
1483.0 24236722.0
1484.0 26682542.0
1485.0 30592178.0
1486.0 34571040.0
1487.0 38718396.0
1488.0 42170820.0
1489.0 46278670.0
1490.0 48675716.0
1491.0 52574770.0
1492.0 56188904.0
1493.0 57769216.0
1494.0 56716260.0
1495.0 54337576.0
1496.0 52684104.0
1497.0 51298836.0
1498.0 50892544.0
1499.0 48963664.0
1500.0 43880116.0
1501.0 41581930.0
1502.0 39593310.0
1503.0 34544524.0
1504.0 28428102.0
1505.0 25377984.0
1506.0 25632168.0
1507.0 26631160.0
1508.0 28519270.0
1509.0 29636540.0
1510.0 30746644.0
1511.0 33368610.0
1512.0 34499964.0
1513.0 34260196.0
1514.0 36664936.0
1515.0 39899184.0
1516.0 43353116.0
1517.0 45638470.0
1518.0 47179090.0
1519.0 50062300.0
1520.0 54792936.0
1521.0 57732616.0
1522.0 61850070.0
1523.0 65220660.0
1524.0 66684624.0
1525.0 70604590.0
1526.0 73105040.0
1527.0 73093170.0
1528.0 73535400.0
1529.0 75176930.0
1530.0 73339720.0
1531.0 67493390.0
1532.0 60364640.0
1533.0 54973350.0
1534.0 46362510.0
1535.0 37873260.0
1536.0 30959222.0
1537.0 25530016.0
1538.0 21950188.0
1539.0 20535524.0
1540.0 20888476.0
1541.0 22277082.0
1542.0 24998592.0
1543.0 27237096.0
1544.0 29363962.0
1545.0 31494048.0
1546.0 33806780.0
1547.0 37188636.0
1548.0 43761756.0
1549.0 50042570.0
1550.0 52892376.0
1551.0 56989560.0
1552.0 61403510.0
1553.0 62802630.0
1554.0 65618700.0
1555.0 69860856.0
1556.0 71251336.0
1557.0 74756420.0
1558.0 75243750.0
1559.0 76600590.0
1560.0 74033270.0
1561.0 70197770.0
1562.0 61004380.0
1563.0 50759816.0
1564.0 42958180.0
1565.0 40068732.0
1566.0 39308068.0
1567.0 39564400.0
1568.0 40228736.0
1569.0 40609650.0
1570.0 41310884.0
1571.0 41718684.0
1572.0 39307850.0
1573.0 35124844.0
1574.0 32658348.0
1575.0 30085836.0
1576.0 26107888.0
1577.0 22479570.0
1578.0 19228086.0
1579.0 16824484.0
1580.0 15462200.0
1581.0 15316614.0
1582.0 15111839.0
1583.0 14741809.0
1584.0 15316348.0
1585.0 14934462.0
1586.0 15516122.0
1587.0 16693660.0
1588.0 16692325.0
1589.0 17821894.0
1590.0 18631204.0
1591.0 19003860.0
1592.0 18446604.0
1593.0 18451532.0
1594.0 18128184.0
1595.0 17037116.0
1596.0 16121875.0
1597.0 15246361.0
1598.0 15000444.0
1599.0 15214741.0
1600.0 14928478.0
1601.0 15575094.0
1602.0 15939652.0
1603.0 17648978.0
1604.0 19044384.0
1605.0 20279472.0
1606.0 21189604.0
1607.0 21838348.0
1608.0 23968522.0
1609.0 26321732.0
1610.0 29086890.0
1611.0 32262878.0
1612.0 35240140.0
1613.0 38026770.0
1614.0 41268660.0
1615.0 44444384.0
1616.0 47165104.0
1617.0 48909476.0
1618.0 51891244.0
1619.0 51909280.0
1620.0 53146056.0
1621.0 55725184.0
1622.0 60364476.0
1623.0 63211196.0
1624.0 64617910.0
1625.0 67281570.0
1626.0 67878920.0
1627.0 69083040.0
1628.0 65865384.0
1629.0 59484864.0
1630.0 47030680.0
1631.0 35402824.0
1632.0 25617016.0
1633.0 18907758.0
1634.0 16353101.0
1635.0 15806171.0
1636.0 13961562.0
1637.0 12225690.0
1638.0 11009690.0
1639.0 10279836.0
1640.0 9908812.0
1641.0 10050949.0
1642.0 10553945.0
1643.0 10615672.0
1644.0 10911195.0
1645.0 10802399.0
1646.0 11639298.0
1647.0 11953766.0
1648.0 11906780.0
1649.0 11675054.0
1650.0 11075611.0
1651.0 10265174.0
1652.0 9753159.0
1653.0 9180736.0
1654.0 9078488.0
1655.0 9673172.0
1656.0 9372614.0
1657.0 8444658.0
1658.0 8063461.0
1659.0 8110732.0
1660.0 9003382.0
1661.0 8220630.0
1662.0 8153325.5
1663.0 8752622.0
1664.0 8644030.0
1665.0 8189305.0
1666.0 7934022.0
1667.0 8188434.0
1668.0 8882884.0
1669.0 8536961.0
1670.0 9404270.0
1671.0 10040252.0
1672.0 10227259.0
1673.0 11014401.0
1674.0 11498535.0
1675.0 11356125.0
1676.0 12076499.0
1677.0 12531054.0
1678.0 12992654.0
1679.0 13262056.0
1680.0 13537191.0
1681.0 14476825.0
1682.0 14549758.0
1683.0 13881460.0
1684.0 13627772.0
1685.0 12565945.0
1686.0 12650101.0
1687.0 13139615.0
1688.0 12439215.0
1689.0 12440648.0
1690.0 12361224.0
1691.0 12594594.0
1692.0 12864114.0
1693.0 13927211.0
1694.0 15241825.0
1695.0 15523938.0
1696.0 15735501.0
1697.0 14934968.0
1698.0 16108828.0
1699.0 17200812.0
1700.0 17707576.0
1701.0 18178952.0
1702.0 18671004.0
1703.0 18007246.0
1704.0 16743636.0
1705.0 16081465.0
1706.0 15644630.0
1707.0 15585919.0
1708.0 15274816.0
1709.0 15093470.0
1710.0 15324944.0
1711.0 14885855.0
1712.0 14409646.0
1713.0 13595171.0
1714.0 13564242.0
1715.0 12631106.0
1716.0 11343936.0
1717.0 10498269.0
1718.0 10214980.0
1719.0 9469972.0
1720.0 7970521.0
1721.0 6830482.5
1722.0 5966455.0
1723.0 4617987.0
1724.0 3193113.8
1725.0 2699909.8
1726.0 2508707.2
1727.0 2417759.8
1728.0 2678897.5
1729.0 2811378.0
1730.0 2875929.5
1731.0 3134690.5
1732.0 3291587.2
1733.0 3263103.8
1734.0 2897406.5
1735.0 3319421.2
1736.0 3918874.0
1737.0 4005934.8
1738.0 4014521.5
1739.0 4309494.0
1740.0 4812066.5
1741.0 4598342.0
1742.0 4498425.5
1743.0 4236324.0
1744.0 4845561.0
1745.0 5302177.5
1746.0 4839390.5
1747.0 4371607.5
1748.0 3743705.5
1749.0 3949892.2
1750.0 4076314.5
1751.0 3858906.0
1752.0 3916082.5
1753.0 3828987.0
1754.0 3831057.2
1755.0 3855637.5
1756.0 3828868.8
1757.0 4084554.5
1758.0 4424719.0
1759.0 4221528.0
1760.0 4075840.2
1761.0 4242002.5
1762.0 4560348.0
1763.0 5367686.0
1764.0 5427102.5
1765.0 5810352.5
1766.0 6057077.5
1767.0 5765852.5
1768.0 5985646.0
1769.0 5898745.0
1770.0 5279251.0
1771.0 5010554.5
1772.0 4900238.0
1773.0 5101115.5
1774.0 5383767.5
1775.0 5386560.0
1776.0 5614120.0
1777.0 5383609.5
1778.0 4913163.0
1779.0 4697788.0
1780.0 4767495.5
1781.0 4754730.0
1782.0 3943803.0
1783.0 3924547.0
1784.0 3838124.8
1785.0 3938666.2
1786.0 3729887.0
1787.0 4078233.0
1788.0 4302491.0
1789.0 4196243.5
1790.0 3218101.0
1791.0 3751682.2
1792.0 4153465.5
1793.0 4809874.5
1794.0 4564657.5
1795.0 4153960.2
1796.0 4436295.5
1797.0 5174665.5
1798.0 5155025.5
1799.0 5419800.5
1800.0 5946294.5
1801.0 6507775.0
1802.0 5975893.0
1803.0 6276219.0
1804.0 6401638.0
1805.0 6433617.0
1806.0 5686829.5
1807.0 5549888.0
1808.0 4897157.0
1809.0 4154094.5
1810.0 3898210.5
1811.0 3685807.8
1812.0 3607544.5
1813.0 3503367.0
1814.0 3462917.0
1815.0 3530202.8
1816.0 3137301.5
1817.0 3152791.5
1818.0 3619272.8
1819.0 3686530.5
1820.0 3595464.8
1821.0 3620607.2
1822.0 4311153.5
1823.0 4884538.0
1824.0 5376461.0
1825.0 5363544.0
1826.0 5061682.5
1827.0 5456076.0
1828.0 6435264.0
1829.0 6615434.0
1830.0 6484133.0
1831.0 6496650.5
1832.0 7513304.0
1833.0 8281904.0
1834.0 7738888.0
1835.0 7950849.0
1836.0 8021559.5
1837.0 7907659.0
1838.0 7161106.0
1839.0 6548013.0
1840.0 6134380.5
1841.0 6491572.5
1842.0 6335865.0
1843.0 6550586.0
1844.0 7473867.5
1845.0 8283739.0
1846.0 8664548.0
1847.0 9457791.0
1848.0 10114107.0
1849.0 10900475.0
1850.0 10826874.0
1851.0 11606631.0
1852.0 11893131.0
1853.0 11839085.0
1854.0 11184301.0
1855.0 10768805.0
1856.0 10923658.0
1857.0 10141296.0
1858.0 10248551.0
1859.0 10188685.0
1860.0 9554256.0
1861.0 9218358.0
1862.0 9019832.0
1863.0 8910832.0
1864.0 8068389.5
1865.0 8238897.0
1866.0 8219864.0
1867.0 6803800.5
1868.0 6538204.5
1869.0 5765505.5
1870.0 5764305.0
1871.0 6352145.0
1872.0 6776047.5
1873.0 7624320.0
1874.0 8639108.0
1875.0 8516516.0
1876.0 8760774.0
1877.0 8951799.0
1878.0 8699061.0
1879.0 9276514.0
1880.0 9402871.0
1881.0 10071316.0
1882.0 9231312.0
1883.0 8958034.0
1884.0 8967177.0
1885.0 8593485.0
1886.0 8254559.5
1887.0 7458577.0
1888.0 6956283.0
1889.0 6173309.5
1890.0 5566234.0
1891.0 5036320.5
1892.0 5039573.0
1893.0 4355469.5
1894.0 4578052.0
1895.0 5209309.5
1896.0 5318372.0
1897.0 6087659.5
1898.0 7952176.0
1899.0 8884161.0
1900.0 10056299.0
1901.0 10267155.0
1902.0 10400662.0
1903.0 11805919.0
1904.0 12532285.0
1905.0 13682744.0
1906.0 15532561.0
1907.0 16628656.0
1908.0 17907862.0
1909.0 18528782.0
1910.0 18366780.0
1911.0 18509564.0
1912.0 19606204.0
1913.0 20629122.0
1914.0 17411024.0
1915.0 13829059.0
1916.0 11149938.0
1917.0 8553438.0
1918.0 6645368.0
1919.0 5588044.0
1920.0 4869512.0
1921.0 4805799.5
1922.0 4991518.0
1923.0 4906775.0
1924.0 5241208.0
1925.0 6258986.0
1926.0 7136889.0
1927.0 8254510.0
1928.0 9286455.0
1929.0 10264254.0
1930.0 10805326.0
1931.0 11409418.0
1932.0 13143944.0
1933.0 14012918.0
1934.0 13893352.0
1935.0 14213581.0
1936.0 14896639.0
1937.0 16346718.0
1938.0 17041960.0
1939.0 15828622.0
1940.0 14504538.0
1941.0 13461644.0
1942.0 10632958.0
1943.0 6761637.0
1944.0 4100001.5
1945.0 2930550.2
1946.0 3075125.0
1947.0 2738346.2
1948.0 2323431.2
1949.0 2015272.5
1950.0 1746535.2
1951.0 1500566.1
1952.0 1672681.4
1953.0 1931889.2
1954.0 1679404.9
1955.0 1564405.2
1956.0 1596780.5
1957.0 1059622.4
1958.0 848941.5
1959.0 764122.2
1960.0 1022118.4
1961.0 1108742.6
1962.0 1075650.1
1963.0 933460.7
1964.0 1196170.2
1965.0 1547412.8
1966.0 1085510.1
1967.0 1184143.6
1968.0 1053839.8
1969.0 1028390.4
1970.0 990336.8
1971.0 1028647.8
1972.0 878899.7
1973.0 1012623.44
1974.0 1168237.0
1975.0 1394669.0
1976.0 1569012.5
1977.0 1609592.6
1978.0 1467403.1
1979.0 1352543.0
1980.0 1628392.6
1981.0 1844876.2
1982.0 1723554.0
1983.0 1424684.4
1984.0 1216400.4
1985.0 1141862.6
1986.0 1572774.8
1987.0 1542576.9
1988.0 1533478.2
1989.0 1836438.1
1990.0 1543261.5
1991.0 1554522.2
1992.0 1482329.8
1993.0 1973642.0
1994.0 1950103.2
1995.0 1908367.6
1996.0 1698593.9
1997.0 1580617.4
1998.0 1580231.8
1999.0 1437049.0
2000.0 1536541.1
2001.0 1403091.9
2002.0 1651416.1
2003.0 1609491.0
2004.0 1756520.0
2005.0 1748079.4
2006.0 1611061.8
2007.0 1476840.0
2008.0 1619376.1
2009.0 1542180.2
2010.0 1541736.2
2011.0 1585823.0
2012.0 1430627.5
2013.0 1586399.2
2014.0 2195452.2
2015.0 2093164.5
2016.0 2043324.4
2017.0 2082136.5
2018.0 2173711.5
2019.0 1860984.9
2020.0 1860629.2
2021.0 2399723.0
2022.0 1446094.5
2023.0 -581790.5
2024.0 -2502709.0
2025.0 -4460494.5
2026.0 -5956817.0
2027.0 -7120812.5
2028.0 -9217750.0
2029.0 -11144111.0
2030.0 -12611304.0
2031.0 -14446835.0
2032.0 -16219469.0
2033.0 -18301324.0
2034.0 -20184276.0
2035.0 -22009496.0
2036.0 -23805540.0
2037.0 -25704702.0
2038.0 -28116500.0
2039.0 -30100404.0
2040.0 0.0
2041.0 0.0
2042.0 0.0
2043.0 0.0
2044.0 0.0
2045.0 0.0
2046.0 0.0
2047.0 0.0
