string
0.0 1497530.1
1.0 1470718.9
2.0 1622356.0
3.0 1671584.5
4.0 1906036.4
5.0 1911412.4
6.0 1661755.2
7.0 1738068.9
8.0 2205099.2
9.0 2327989.8
10.0 1999377.5
11.0 1986869.8
12.0 1938642.0
13.0 2005490.2
14.0 2050433.0
15.0 1504296.0
16.0 1543623.8
17.0 2034503.5
18.0 2056105.5
19.0 1842170.8
20.0 2374157.0
21.0 2154521.2
22.0 1749430.8
23.0 1676386.2
24.0 1493998.2
25.0 1521818.8
26.0 1567994.4
27.0 1828643.5
28.0 1961044.0
29.0 1866945.6
30.0 2317479.8
31.0 2018048.9
32.0 1742279.8
33.0 1713480.0
34.0 1861047.6
35.0 2150724.5
36.0 2191524.2
37.0 2493150.8
38.0 2786616.2
39.0 2467076.5
40.0 2360195.0
41.0 2110074.2
42.0 2460686.5
43.0 2834858.5
44.0 2860837.2
45.0 2561729.0
46.0 2454466.2
47.0 2412686.5
48.0 1909658.0
49.0 1611737.6
50.0 1771753.5
51.0 1194554.8
52.0 1363991.2
53.0 1304538.9
54.0 1533716.2
55.0 1684027.0
56.0 1675684.2
57.0 1627903.1
58.0 1465883.0
59.0 1800686.4
60.0 2345239.5
61.0 2710306.5
62.0 2958193.8
63.0 2930441.2
64.0 3024793.8
65.0 2977337.2
66.0 2545442.8
67.0 3025878.8
68.0 2665457.0
69.0 1986832.2
70.0 1546143.0
71.0 2139549.8
72.0 2649637.0
73.0 2722922.0
74.0 3275128.0
75.0 2981280.0
76.0 2711991.0
77.0 2983817.0
78.0 3950473.8
79.0 4227032.5
80.0 3426462.2
81.0 3774458.0
82.0 4154336.2
83.0 4092025.2
84.0 3808962.5
85.0 3287868.5
86.0 2621867.5
87.0 2416938.8
88.0 2505732.2
89.0 2399561.0
90.0 2402464.0
91.0 2480342.8
92.0 2483220.0
93.0 2568356.8
94.0 3703335.0
95.0 4432601.0
96.0 5242309.0
97.0 6292494.5
98.0 6838337.0
99.0 6252208.0
100.0 4322294.0
101.0 2656324.0
102.0 1714326.9
103.0 1739230.8
104.0 1591112.8
105.0 1312495.8
106.0 1479909.2
107.0 1399707.5
108.0 1397821.0
109.0 1361960.0
110.0 1287832.2
111.0 1334167.8
112.0 1737847.6
113.0 1870367.0
114.0 2266446.5
115.0 1699744.8
116.0 1983984.5
117.0 2581191.8
118.0 3188068.0
119.0 3434796.2
120.0 3892385.5
121.0 4546297.0
122.0 4875645.5
123.0 5890656.0
124.0 6057725.0
125.0 5500940.0
126.0 4448895.5
127.0 3985972.0
128.0 5021316.0
129.0 5472527.5
130.0 4482400.0
131.0 4685407.5
132.0 4358626.0
133.0 3139855.0
134.0 2383621.5
135.0 1786879.0
136.0 1042631.94
137.0 770418.44
138.0 944506.4
139.0 961651.1
140.0 716590.3
141.0 644340.5
142.0 698046.5
143.0 366152.34
144.0 637988.56
145.0 397362.16
146.0 652926.8
147.0 590193.06
148.0 851063.9
149.0 802531.3
150.0 822842.56
151.0 970796.3
152.0 968587.75
153.0 1114628.2
154.0 1582812.6
155.0 2310544.0
156.0 2804458.8
157.0 3771287.2
158.0 4490399.0
159.0 5770806.0
160.0 6082050.5
161.0 5997480.5
162.0 5268104.0
163.0 3972481.2
164.0 2804667.0
165.0 2349723.0
166.0 2002354.4
167.0 2777292.8
168.0 3485636.0
169.0 3410707.2
170.0 3483914.8
171.0 3924404.0
172.0 3371408.0
173.0 3321863.5
174.0 3521088.5
175.0 3589824.5
176.0 3757406.2
177.0 4757595.5
178.0 5843265.5
179.0 8671985.0
180.0 10956590.0
181.0 11954300.0
182.0 13130649.0
183.0 12506436.0
184.0 10877028.0
185.0 9054969.0
186.0 6163670.5
187.0 4396821.5
188.0 3666498.0
189.0 3345008.0
190.0 2652830.0
191.0 1968387.0
192.0 1515246.8
193.0 1488426.0
194.0 988413.6
195.0 1099234.0
196.0 1195022.8
197.0 1243611.4
198.0 852532.9
199.0 1047803.2
200.0 872554.1
201.0 996905.5
202.0 792177.2
203.0 655988.8
204.0 797815.0
205.0 771588.9
206.0 643289.75
207.0 775246.9
208.0 687975.1
209.0 923224.25
210.0 1197372.0
211.0 1400633.5
212.0 1370359.0
213.0 1792054.8
214.0 2781892.0
215.0 3271668.5
216.0 4278954.0
217.0 6439456.0
218.0 8314675.0
219.0 9230265.0
220.0 9612272.0
221.0 8809478.0
222.0 7681774.0
223.0 5170155.0
224.0 3949341.5
225.0 3017039.5
226.0 2307624.8
227.0 2084920.5
228.0 1559533.5
229.0 1935738.8
230.0 1668932.4
231.0 1545292.5
232.0 1088341.2
233.0 1095640.5
234.0 1176778.6
235.0 715961.4
236.0 598620.75
237.0 1008400.06
238.0 881879.44
239.0 904469.9
240.0 848159.5
241.0 798959.25
242.0 1142067.6
243.0 1326945.0
244.0 1700728.5
245.0 1633372.8
246.0 1937440.1
247.0 2383813.2
248.0 3072324.8
249.0 4451807.0
250.0 4785089.5
251.0 5380159.5
252.0 6017630.0
253.0 6440474.5
254.0 6513825.5
255.0 5073105.5
256.0 3380242.0
257.0 2585659.5
258.0 1707262.2
259.0 1192097.6
260.0 1112262.0
261.0 1046510.75
262.0 1140330.6
263.0 1178362.6
264.0 1111755.8
265.0 1120953.0
266.0 1272528.9
267.0 1049646.5
268.0 539312.94
269.0 687539.9
270.0 1013906.75
271.0 1011070.3
272.0 709340.06
273.0 405097.38
274.0 609458.0
275.0 866517.0
276.0 626264.3
277.0 735175.94
278.0 711126.8
279.0 774948.8
280.0 911815.25
281.0 847268.44
282.0 828750.94
283.0 833653.0
284.0 1142300.2
285.0 1085498.9
286.0 1325318.6
287.0 1209463.2
288.0 1144725.5
289.0 1449665.6
290.0 1013349.4
291.0 748336.0
292.0 784789.4
293.0 874848.06
294.0 829789.75
295.0 850466.2
296.0 642753.6
297.0 663629.44
298.0 793513.8
299.0 894400.6
300.0 1129964.0
301.0 1126470.1
302.0 1099616.4
303.0 1013428.5
304.0 1000697.1
305.0 874608.0
306.0 1049402.6
307.0 1247510.6
308.0 1380452.5
309.0 1431910.1
310.0 967705.5
311.0 1015891.3
312.0 957464.6
313.0 1179686.1
314.0 1107683.1
315.0 1232741.4
316.0 1529280.8
317.0 1462926.9
318.0 1783771.8
319.0 1600442.8
320.0 1680244.2
321.0 1770053.8
322.0 1865793.9
323.0 1490942.5
324.0 1486054.2
325.0 1656114.0
326.0 2110764.5
327.0 2498528.8
328.0 2972870.0
329.0 3983292.8
330.0 4671700.5
331.0 4932165.0
332.0 5348459.5
333.0 5670647.0
334.0 5078180.5
335.0 4544551.0
336.0 3253146.5
337.0 2235557.8
338.0 1938079.5
339.0 1799114.0
340.0 1769222.6
341.0 1839992.4
342.0 1362477.5
343.0 1173462.4
344.0 1235738.0
345.0 1360955.5
346.0 1019345.06
347.0 598938.44
348.0 769870.1
349.0 646422.44
350.0 971141.56
351.0 893000.94
352.0 749373.1
353.0 626250.9
354.0 1017665.7
355.0 1452449.4
356.0 1195683.4
357.0 1049631.9
358.0 1253980.8
359.0 1424529.8
360.0 1534692.6
361.0 1622987.2
362.0 1491993.8
363.0 1694013.8
364.0 2055868.0
365.0 2755038.0
366.0 2731370.5
367.0 3236072.8
368.0 3473705.0
369.0 3854748.0
370.0 3443532.0
371.0 2860335.0
372.0 2099061.5
373.0 1552730.2
374.0 1402657.4
375.0 1126218.2
376.0 1052304.8
377.0 1204557.5
378.0 1493745.1
379.0 1707622.2
380.0 1495473.2
381.0 1051198.4
382.0 906910.0
383.0 1204677.8
384.0 1061615.2
385.0 1054186.2
386.0 1055474.2
387.0 1279698.9
388.0 1069235.6
389.0 1297789.4
390.0 1052859.4
391.0 1230734.6
392.0 1294800.5
393.0 1570549.2
394.0 2247902.8
395.0 2174977.2
396.0 1934670.0
397.0 1804973.5
398.0 2160172.2
399.0 2275398.0
400.0 2123843.5
401.0 1746943.1
402.0 1556489.4
403.0 1604170.8
404.0 1714517.2
405.0 2134267.8
406.0 2045452.2
407.0 1827574.8
408.0 2413595.5
409.0 2492775.2
410.0 2653380.5
411.0 2112233.0
412.0 2083506.9
413.0 2015230.8
414.0 2105337.5
415.0 2188883.0
416.0 2404213.0
417.0 2736882.5
418.0 2538625.2
419.0 2871288.0
420.0 2473228.5
421.0 2060373.2
422.0 1951222.8
423.0 1604646.0
424.0 1441757.2
425.0 1439289.0
426.0 1051193.0
427.0 1153620.1
428.0 1006773.25
429.0 1460347.5
430.0 1143750.1
431.0 1175062.2
432.0 1852379.4
433.0 1865328.5
434.0 1788637.4
435.0 1710443.6
436.0 1419815.1
437.0 1106108.1
438.0 1289730.6
439.0 1298695.2
440.0 1606185.2
441.0 1700242.0
442.0 1337446.2
443.0 1068459.5
444.0 1309885.2
445.0 1246186.1
446.0 1213180.9
447.0 1047578.5
448.0 1028614.3
449.0 1507198.2
450.0 1679120.1
451.0 1651738.1
452.0 2038970.8
453.0 1988659.2
454.0 1574166.9
455.0 1284531.0
456.0 1087325.1
457.0 1155484.4
458.0 1405722.0
459.0 1334893.5
460.0 1157281.8
461.0 1267986.4
462.0 1306760.5
463.0 1278937.6
464.0 1586408.1
465.0 1987265.5
466.0 2167670.5
467.0 2268051.5
468.0 2027895.0
469.0 1730308.2
470.0 1951874.0
471.0 1890630.6
472.0 1712315.1
473.0 1853710.5
474.0 1747581.2
475.0 1402045.5
476.0 1260066.2
477.0 1586757.8
478.0 1767303.2
479.0 1470509.8
480.0 1286794.1
481.0 1337191.2
482.0 1231999.0
483.0 1151442.4
484.0 922651.94
485.0 1248394.2
486.0 1092361.0
487.0 1115944.2
488.0 666310.5
489.0 648268.75
490.0 728713.2
491.0 719565.1
492.0 510530.0
493.0 599971.8
494.0 927338.0
495.0 1095682.0
496.0 1029391.75
497.0 1207406.0
498.0 1256145.5
499.0 1222326.2
500.0 1238734.0
501.0 1520980.0
502.0 1197962.0
503.0 1465894.2
504.0 1349248.0
505.0 1575752.2
506.0 1993044.5
507.0 2260427.0
508.0 1943198.1
509.0 1447622.4
510.0 1020612.44
511.0 1183352.8
512.0 1290620.5
513.0 1130515.5
514.0 1153465.9
515.0 1181276.9
516.0 1044174.5
517.0 934202.8
518.0 861680.1
519.0 949454.7
520.0 797363.4
521.0 609130.0
522.0 792119.44
523.0 1167514.9
524.0 1208089.0
525.0 1516953.1
526.0 1212161.6
527.0 895430.94
528.0 1119054.4
529.0 1322488.5
530.0 1326880.8
531.0 1549967.4
532.0 1210087.2
533.0 1506098.9
534.0 1859426.0
535.0 1465279.4
536.0 1845797.6
537.0 2107236.5
538.0 1927258.1
539.0 2108114.5
540.0 2138491.5
541.0 2081563.6
542.0 1432319.8
543.0 1324284.0
544.0 1136234.2
545.0 1149979.8
546.0 1112711.5
547.0 1258638.6
548.0 991447.0
549.0 1204864.2
550.0 1481614.8
551.0 1574740.8
552.0 1564239.0
553.0 1585217.0
554.0 1311844.8
555.0 1375655.2
556.0 1334380.6
557.0 1224971.5
558.0 1112505.2
559.0 1347884.8
560.0 1450489.8
561.0 1507719.2
562.0 1434629.8
563.0 1118118.9
564.0 764409.9
565.0 1038017.5
566.0 1112555.2
567.0 1187441.1
568.0 1405928.1
569.0 1305875.8
570.0 852163.44
571.0 970984.3
572.0 1173610.0
573.0 1070259.5
574.0 1560051.4
575.0 1780184.0
576.0 1444321.0
577.0 1113645.1
578.0 1307100.5
579.0 1423897.0
580.0 1208661.8
581.0 1475935.1
582.0 1624858.5
583.0 1598153.6
584.0 1307191.0
585.0 1410436.8
586.0 1512502.0
587.0 1608219.2
588.0 1447543.5
589.0 1219311.5
590.0 1188048.9
591.0 1405186.1
592.0 1043977.9
593.0 851815.94
594.0 1052707.2
595.0 1248234.8
596.0 923600.0
597.0 939518.0
598.0 944394.5
599.0 1039372.44
600.0 1232830.1
601.0 947068.4
602.0 859388.44
603.0 904694.75
604.0 949196.75
605.0 1077064.0
606.0 1071966.0
607.0 1210731.0
608.0 1248119.0
609.0 1112811.4
610.0 1047177.25
611.0 1280305.6
612.0 1286328.8
613.0 1289027.4
614.0 1165258.5
615.0 1091742.6
616.0 1155315.5
617.0 947959.6
618.0 984619.1
619.0 1183755.6
620.0 1360062.5
621.0 1502946.4
622.0 1394219.2
623.0 1313103.6
624.0 1354956.9
625.0 1089227.0
626.0 1230491.1
627.0 1248332.0
628.0 1398714.2
629.0 1217075.1
630.0 1102476.6
631.0 1129081.9
632.0 1112278.8
633.0 959329.06
634.0 951528.5
635.0 1030351.25
636.0 1204867.5
637.0 1071566.0
638.0 839474.1
639.0 1179940.4
640.0 1036439.94
641.0 837106.25
642.0 1279017.8
643.0 1074721.6
644.0 1170340.2
645.0 1085004.9
646.0 942314.75
647.0 1182170.8
648.0 720334.7
649.0 809085.1
650.0 714177.9
651.0 705187.8
652.0 719327.8
653.0 805647.8
654.0 919116.56
655.0 862584.06
656.0 932889.3
657.0 1166397.6
658.0 1304215.5
659.0 1260442.8
660.0 1288770.6
661.0 1150896.4
662.0 1047735.6
663.0 850419.0
664.0 980673.4
665.0 1260299.9
666.0 1307941.6
667.0 1381753.1
668.0 1135249.5
669.0 1216818.9
670.0 1190355.9
671.0 1220666.8
672.0 1200400.8
673.0 1058965.2
674.0 1215798.6
675.0 1244186.0
676.0 1182661.4
677.0 1380637.4
678.0 1368590.8
679.0 1274794.6
680.0 983321.75
681.0 784717.8
682.0 987119.75
683.0 1007820.5
684.0 1131879.8
685.0 945123.8
686.0 1017403.75
687.0 1100307.6
688.0 1345283.6
689.0 1264485.4
690.0 1127823.2
691.0 1229702.4
692.0 936992.56
693.0 700493.5
694.0 731606.75
695.0 764357.1
696.0 1013334.25
697.0 869012.1
698.0 1198142.0
699.0 971943.5
700.0 882070.94
701.0 734039.9
702.0 1019875.9
703.0 1090474.0
704.0 1059262.4
705.0 1182464.0
706.0 1094560.1
707.0 1109244.4
708.0 1017656.6
709.0 847854.4
710.0 910465.56
711.0 1011155.9
712.0 1055104.0
713.0 1072268.9
714.0 1063743.0
715.0 994939.75
716.0 853517.44
717.0 714778.06
718.0 916837.9
719.0 1020701.1
720.0 980301.94
721.0 904041.6
722.0 831090.5
723.0 935369.5
724.0 1063931.0
725.0 1244098.5
726.0 988663.44
727.0 1054046.8
728.0 1274463.8
729.0 1250224.8
730.0 1205819.4
731.0 1114070.0
732.0 926235.0
733.0 1079618.9
734.0 1216709.0
735.0 1111951.0
736.0 977773.4
737.0 1476973.6
738.0 1338381.2
739.0 1092223.6
740.0 1156959.9
741.0 776170.06
742.0 909956.6
743.0 1103335.8
744.0 1256509.0
745.0 1233935.2
746.0 1055025.1
747.0 1523136.9
748.0 1626978.5
749.0 1527104.5
750.0 1334268.6
751.0 1490900.0
752.0 1413805.5
753.0 1252571.0
754.0 1506743.8
755.0 1358313.8
756.0 952323.8
757.0 915962.2
758.0 1189801.9
759.0 1385493.1
760.0 1063375.2
761.0 958854.5
762.0 885888.7
763.0 796481.3
764.0 1005357.6
765.0 907009.4
766.0 899346.56
767.0 968929.0
768.0 875759.06
769.0 908764.25
770.0 921963.25
771.0 877339.7
772.0 726508.0
773.0 813736.5
774.0 1195469.9
775.0 1099818.9
776.0 1021875.75
777.0 1095381.1
778.0 957714.1
779.0 975412.8
780.0 1093989.5
781.0 1215329.5
782.0 809040.9
783.0 901572.6
784.0 862226.94
785.0 855666.6
786.0 1104726.8
787.0 1184627.8
788.0 1221295.6
789.0 1046625.6
790.0 906704.3
791.0 1124788.9
792.0 1105531.1
793.0 990212.6
794.0 1139720.1
795.0 1508995.0
796.0 1476344.8
797.0 1448486.8
798.0 1393248.0
799.0 1418031.9
800.0 1265835.8
801.0 1269373.5
802.0 1231775.2
803.0 1004701.6
804.0 1061265.6
805.0 1022617.25
806.0 1222410.4
807.0 1106012.8
808.0 1128611.9
809.0 1174345.8
810.0 1136134.8
811.0 1154926.8
812.0 1220071.4
813.0 1331694.8
814.0 1510466.4
815.0 970771.25
816.0 984257.2
817.0 902073.4
818.0 1253460.0
819.0 1100972.4
820.0 1201848.9
821.0 1330524.0
822.0 1118800.6
823.0 1329438.8
824.0 1436233.6
825.0 1380566.1
826.0 1549535.8
827.0 1578653.5
828.0 1276281.1
829.0 968772.4
830.0 983485.0
831.0 1015995.06
832.0 1139654.6
833.0 1256939.8
834.0 1123047.0
835.0 1172143.0
836.0 1126017.0
837.0 1305530.4
838.0 966939.06
839.0 908601.56
840.0 1118067.6
841.0 1160366.8
842.0 1148369.6
843.0 1101675.5
844.0 1261167.6
845.0 1406840.0
846.0 1350486.2
847.0 1201657.6
848.0 1137246.4
849.0 1027053.2
850.0 1043068.4
851.0 983990.56
852.0 1302674.9
853.0 1339718.8
854.0 980378.1
855.0 1072251.4
856.0 1534229.5
857.0 1620119.2
858.0 1388572.5
859.0 1034116.6
860.0 1202403.6
861.0 1106104.0
862.0 1026943.06
863.0 1208096.6
864.0 1093804.2
865.0 1071024.8
866.0 985780.94
867.0 1509532.6
868.0 1147058.0
869.0 1165611.1
870.0 1338438.8
871.0 1440267.2
872.0 1285836.1
873.0 1371076.4
874.0 1574956.0
875.0 1318951.5
876.0 1317154.4
877.0 1191799.8
878.0 1233370.8
879.0 1233051.8
880.0 1359993.1
881.0 1339919.5
882.0 1610747.4
883.0 1425107.2
884.0 1514168.1
885.0 1289045.2
886.0 1276776.0
887.0 1286383.6
888.0 1156775.2
889.0 1318770.1
890.0 1352704.5
891.0 1476905.1
892.0 1551332.8
893.0 1910766.0
894.0 1754522.5
895.0 1277583.6
896.0 1185445.8
897.0 1353961.5
898.0 1477901.2
899.0 1561202.4
900.0 1711117.2
901.0 1825175.2
902.0 1704074.8
903.0 1713271.0
904.0 1717663.1
905.0 1681545.5
906.0 1519118.0
907.0 1912433.5
908.0 2043836.9
909.0 1855628.0
910.0 1520900.6
911.0 1596653.5
912.0 1671432.5
913.0 1689310.0
914.0 1912989.0
915.0 2045010.1
916.0 2078388.6
917.0 1941322.6
918.0 1554806.9
919.0 1833896.9
920.0 1912546.2
921.0 2067850.6
922.0 2289107.8
923.0 2074848.2
924.0 1916183.1
925.0 1969813.5
926.0 2353199.0
927.0 2554760.5
928.0 2491951.2
929.0 2204070.5
930.0 2050178.0
931.0 2015336.2
932.0 2400404.8
933.0 2796637.2
934.0 2583930.5
935.0 2803886.0
936.0 2913455.0
937.0 2572226.8
938.0 2390314.8
939.0 2194428.8
940.0 2299311.5
941.0 2315740.0
942.0 2371412.8
943.0 2238292.8
944.0 2442432.8
945.0 2664887.8
946.0 2323571.5
947.0 2152345.5
948.0 2175709.5
949.0 2211963.5
950.0 2390732.8
951.0 2418762.5
952.0 2463963.0
953.0 2816313.8
954.0 2786866.5
955.0 3000461.0
956.0 2993825.2
957.0 2704539.8
958.0 2601440.8
959.0 2785669.8
960.0 2844927.0
961.0 2494227.2
962.0 2369410.2
963.0 2405909.5
964.0 2763266.0
965.0 3183664.5
966.0 3045594.5
967.0 3054670.2
968.0 3213708.5
969.0 3431634.5
970.0 3279177.0
971.0 3658511.0
972.0 3932588.5
973.0 4026236.0
974.0 4199057.0
975.0 3929613.5
976.0 4190114.0
977.0 4416385.5
978.0 4410754.5
979.0 4480810.5
980.0 3900855.0
981.0 4416375.0
982.0 5081320.5
983.0 5406699.0
984.0 6084702.5
985.0 7059190.0
986.0 8036027.5
987.0 8342273.0
988.0 9092983.0
989.0 9602564.0
990.0 9973304.0
991.0 10031496.0
992.0 9382670.0
993.0 8150610.0
994.0 7704163.0
995.0 7787251.0
996.0 8040346.0
997.0 8784434.0
998.0 8194087.5
999.0 7780218.0
1000.0 7505214.5
1001.0 7729433.0
1002.0 8521142.0
1003.0 9440827.0
1004.0 10370038.0
1005.0 10982221.0
1006.0 10499614.0
1007.0 9911857.0
1008.0 9811038.0
1009.0 10303634.0
1010.0 9748391.0
1011.0 8898291.0
1012.0 8507873.0
1013.0 8339028.0
1014.0 7317655.5
1015.0 6218359.5
1016.0 5704476.0
1017.0 5386767.0
1018.0 4964812.0
1019.0 4822569.5
1020.0 4436599.0
1021.0 4092579.5
1022.0 3778064.5
1023.0 3127354.8
1024.0 3155578.0
1025.0 3033516.0
1026.0 2872837.5
1027.0 3330992.2
1028.0 3705711.0
1029.0 4189499.8
1030.0 4904904.5
1031.0 6017301.0
1032.0 6959925.5
1033.0 8576421.0
1034.0 9866968.0
1035.0 10446145.0
1036.0 11204328.0
1037.0 11951638.0
1038.0 13187982.0
1039.0 13641170.0
1040.0 12385194.0
1041.0 11217835.0
1042.0 10746752.0
1043.0 10434634.0
1044.0 10545149.0
1045.0 10998836.0
1046.0 10991635.0
1047.0 11524432.0
1048.0 11408009.0
1049.0 12494061.0
1050.0 12804124.0
1051.0 13193506.0
1052.0 13738528.0
1053.0 14257485.0
1054.0 14905268.0
1055.0 16483831.0
1056.0 19794584.0
1057.0 24405632.0
1058.0 31315280.0
1059.0 41634756.0
1060.0 56565070.0
1061.0 73528060.0
1062.0 91196660.0
1063.0 106583400.0
1064.0 114212210.0
1065.0 113940990.0
1066.0 103733850.0
1067.0 84798200.0
1068.0 63020920.0
1069.0 41444410.0
1070.0 27310370.0
1071.0 19978348.0
1072.0 16288166.0
1073.0 14191055.0
1074.0 12297522.0
1075.0 9923498.0
1076.0 7651598.0
1077.0 5840729.0
1078.0 5024728.0
1079.0 4415335.5
1080.0 4164274.0
1081.0 4351823.0
1082.0 3852178.8
1083.0 3999720.0
1084.0 4784179.0
1085.0 4938524.5
1086.0 5364441.0
1087.0 5391773.0
1088.0 5740565.0
1089.0 6293000.5
1090.0 7352539.5
1091.0 7405460.0
1092.0 6806275.0
1093.0 7051367.5
1094.0 6827377.0
1095.0 6038238.0
1096.0 5570366.0
1097.0 6097775.0
1098.0 6190810.5
1099.0 6736059.5
1100.0 7667109.0
1101.0 9428671.0
1102.0 11524614.0
1103.0 15313879.0
1104.0 20932580.0
1105.0 29058616.0
1106.0 39618716.0
1107.0 51607096.0
1108.0 65733676.0
1109.0 79963560.0
1110.0 91279110.0
1111.0 98432810.0
1112.0 97009120.0
1113.0 87266430.0
1114.0 66818016.0
1115.0 45128480.0
1116.0 28642812.0
1117.0 20208736.0
1118.0 15121949.0
1119.0 12632246.0
1120.0 10796550.0
1121.0 8578009.0
1122.0 6151147.0
1123.0 5566236.0
1124.0 4656797.5
1125.0 3983705.5
1126.0 3437742.2
1127.0 2897764.0
1128.0 2662177.8
1129.0 2469981.0
1130.0 2394327.2
1131.0 2157033.8
1132.0 2424713.0
1133.0 2751497.5
1134.0 2869227.8
1135.0 3178287.5
1136.0 3389293.5
1137.0 3959081.5
1138.0 4455334.5
1139.0 4035349.5
1140.0 3809347.8
1141.0 2983639.0
1142.0 2766621.0
1143.0 2463601.8
1144.0 2206400.2
1145.0 2302826.5
1146.0 2195416.0
1147.0 2044526.2
1148.0 1919015.5
1149.0 1796187.6
1150.0 1650348.2
1151.0 1686792.8
1152.0 1886636.0
1153.0 1859768.5
1154.0 1625206.8
1155.0 1657792.6
1156.0 1942871.9
1157.0 2240558.5
1158.0 2417773.5
1159.0 1807647.6
1160.0 1922933.1
1161.0 2049300.6
1162.0 1941638.8
1163.0 2215994.5
1164.0 2264187.2
1165.0 2348830.5
1166.0 2257931.0
1167.0 2410428.0
1168.0 2228980.0
1169.0 2239683.8
1170.0 2038048.5
1171.0 2487027.5
1172.0 2467873.0
1173.0 2617540.2
1174.0 2747952.5
1175.0 2630327.0
1176.0 2788091.5
1177.0 2803637.2
1178.0 2815678.0
1179.0 2844687.2
1180.0 3046430.0
1181.0 2847406.2
1182.0 2751106.2
1183.0 3209457.0
1184.0 3328571.0
1185.0 3651674.5
1186.0 3995234.0
1187.0 4309072.5
1188.0 4068689.8
1189.0 4005187.2
1190.0 4518224.0
1191.0 4694419.5
1192.0 4524029.5
1193.0 4282073.5
1194.0 4435282.0
1195.0 4360978.0
1196.0 3691006.5
1197.0 3439412.2
1198.0 3576554.8
1199.0 3395749.8
1200.0 3504430.5
1201.0 3341873.0
1202.0 3359398.5
1203.0 3478855.2
1204.0 3399787.2
1205.0 3190699.0
1206.0 3470480.5
1207.0 3531281.5
1208.0 4252369.0
1209.0 4730658.0
1210.0 4684677.5
1211.0 4836870.5
1212.0 5237078.5
1213.0 5592424.5
1214.0 5818990.5
1215.0 6009418.0
1216.0 5894795.0
1217.0 6056074.5
1218.0 5300254.0
1219.0 4368869.0
1220.0 4106936.5
1221.0 4422375.5
1222.0 4385969.0
1223.0 4452314.5
1224.0 5100789.0
1225.0 4847564.0
1226.0 4804780.5
1227.0 5159366.5
1228.0 5517387.5
1229.0 6127174.0
1230.0 6688341.0
1231.0 6919372.0
1232.0 7580087.5
1233.0 7467141.0
1234.0 8170042.5
1235.0 9223655.0
1236.0 10959034.0
1237.0 13356361.0
1238.0 15726179.0
1239.0 17551042.0
1240.0 19120082.0
1241.0 20803244.0
1242.0 21201372.0
1243.0 20343902.0
1244.0 17261696.0
1245.0 14928148.0
1246.0 12097178.0
1247.0 9157421.0
1248.0 7123999.0
1249.0 6191185.0
1250.0 5298396.0
1251.0 5048699.0
1252.0 5517006.0
1253.0 5934291.0
1254.0 5605393.0
1255.0 6163737.5
1256.0 7003342.5
1257.0 6834449.5
1258.0 6499165.5
1259.0 7852120.0
1260.0 9349494.0
1261.0 10225956.0
1262.0 11546359.0
1263.0 12984650.0
1264.0 14114584.0
1265.0 15504974.0
1266.0 17035964.0
1267.0 17684472.0
1268.0 17336964.0
1269.0 15881209.0
1270.0 15622264.0
1271.0 15084168.0
1272.0 14228768.0
1273.0 14359630.0
1274.0 14398949.0
1275.0 14754775.0
1276.0 13361420.0
1277.0 11778614.0
1278.0 10816989.0
1279.0 10879944.0
1280.0 11811916.0
1281.0 12392306.0
1282.0 12536402.0
1283.0 12775628.0
1284.0 13904504.0
1285.0 14167269.0
1286.0 14296218.0
1287.0 14782370.0
1288.0 14031558.0
1289.0 12925966.0
1290.0 12280520.0
1291.0 11939129.0
1292.0 11562554.0
1293.0 11549846.0
1294.0 12811090.0
1295.0 14431725.0
1296.0 14796342.0
1297.0 14614830.0
1298.0 14548306.0
1299.0 14953675.0
1300.0 16284762.0
1301.0 17649752.0
1302.0 18735062.0
1303.0 20687420.0
1304.0 22310972.0
1305.0 24223532.0
1306.0 26369960.0
1307.0 27747490.0
1308.0 28205082.0
1309.0 28687528.0
1310.0 30405742.0
1311.0 31005700.0
1312.0 30394364.0
1313.0 30025410.0
1314.0 29415496.0
1315.0 28280392.0
1316.0 28111040.0
1317.0 29226998.0
1318.0 30439078.0
1319.0 30678672.0
1320.0 32112958.0
1321.0 33807612.0
1322.0 34535816.0
1323.0 36671110.0
1324.0 39478430.0
1325.0 42557276.0
1326.0 45177030.0
1327.0 46812804.0
1328.0 49527430.0
1329.0 53606204.0
1330.0 56337560.0
1331.0 57137444.0
1332.0 58652956.0
1333.0 61079150.0
1334.0 61342490.0
1335.0 59845750.0
1336.0 58952084.0
1337.0 61032104.0
1338.0 63361790.0
1339.0 63502200.0
1340.0 62541916.0
1341.0 59562890.0
1342.0 56202396.0
1343.0 51671570.0
1344.0 49701320.0
1345.0 50235284.0
1346.0 49681064.0
1347.0 48224416.0
1348.0 48003350.0
1349.0 49165900.0
1350.0 49766156.0
1351.0 50329940.0
1352.0 52007470.0
1353.0 54984484.0
1354.0 56227620.0
1355.0 56328244.0
1356.0 57143500.0
1357.0 57470620.0
1358.0 57666310.0
1359.0 58220844.0
1360.0 59928340.0
1361.0 64050684.0
1362.0 70007250.0
1363.0 77882250.0
1364.0 89376070.0
1365.0 105006340.0
1366.0 121609690.0
1367.0 139395060.0
1368.0 157939120.0
1369.0 173863120.0
1370.0 185651330.0
1371.0 199653630.0
1372.0 204864290.0
1373.0 204723820.0
1374.0 200500940.0
1375.0 187473800.0
1376.0 167354460.0
1377.0 147900320.0
1378.0 132357580.0
1379.0 120685440.0
1380.0 113478170.0
1381.0 105566440.0
1382.0 99211470.0
1383.0 93192790.0
1384.0 87883110.0
1385.0 83669480.0
1386.0 78174180.0
1387.0 69817670.0
1388.0 64162256.0
1389.0 59384350.0
1390.0 53429144.0
1391.0 48432424.0
1392.0 43425236.0
1393.0 39281056.0
1394.0 36456330.0
1395.0 36293436.0
1396.0 38202156.0
1397.0 41650620.0
1398.0 44567340.0
1399.0 49346960.0
1400.0 54446740.0
1401.0 60638740.0
1402.0 68253800.0
1403.0 77717810.0
1404.0 89812480.0
1405.0 103708230.0
1406.0 119349250.0
1407.0 136392820.0
1408.0 154673700.0
1409.0 176341040.0
1410.0 194387040.0
1411.0 213600080.0
1412.0 232176130.0
1413.0 248684220.0
1414.0 259737150.0
1415.0 259667420.0
1416.0 248302400.0
1417.0 225301180.0
1418.0 193169630.0
1419.0 151693220.0
1420.0 108507410.0
1421.0 77201580.0
1422.0 57292264.0
1423.0 43292896.0
1424.0 35427964.0
1425.0 30981470.0
1426.0 26584750.0
1427.0 21474160.0
1428.0 17009404.0
1429.0 14517196.0
1430.0 12759414.0
1431.0 11445976.0
1432.0 10520294.0
1433.0 9378494.0
1434.0 8492281.0
1435.0 8133350.0
1436.0 8333175.0
1437.0 7903529.0
1438.0 7742762.0
1439.0 7756757.0
1440.0 7908541.0
1441.0 7896005.0
1442.0 8453534.0
1443.0 8588590.0
1444.0 7992045.0
1445.0 8274475.5
1446.0 8967477.0
1447.0 9411126.0
1448.0 10537776.0
1449.0 10816581.0
1450.0 11405865.0
1451.0 12219615.0
1452.0 13284274.0
1453.0 14238126.0
1454.0 14551964.0
1455.0 15159891.0
1456.0 15509728.0
1457.0 15991420.0
1458.0 17132578.0
1459.0 18191448.0
1460.0 17988836.0
1461.0 17984264.0
1462.0 17827036.0
1463.0 18243944.0
1464.0 18365658.0
1465.0 18021692.0
1466.0 16977844.0
1467.0 18121700.0
1468.0 18506304.0
1469.0 18759598.0
1470.0 19059036.0
1471.0 19630474.0
1472.0 20890158.0
1473.0 20636054.0
1474.0 18260272.0
1475.0 16986142.0
1476.0 17444378.0
1477.0 18104190.0
1478.0 17894532.0
1479.0 17606820.0
1480.0 18032888.0
1481.0 18969712.0
1482.0 21336718.0
1483.0 23445930.0
1484.0 25950764.0
1485.0 29277064.0
1486.0 32264488.0
1487.0 36421012.0
1488.0 39947396.0
1489.0 44028876.0
1490.0 46574696.0
1491.0 48652056.0
1492.0 49241604.0
1493.0 49486716.0
1494.0 50049530.0
1495.0 49889040.0
1496.0 49509930.0
1497.0 47663900.0
1498.0 46229404.0
1499.0 44790524.0
1500.0 42492784.0
1501.0 39408256.0
1502.0 34917576.0
1503.0 31007640.0
1504.0 25480488.0
1505.0 22677630.0
1506.0 22485952.0
1507.0 25708304.0
1508.0 27581302.0
1509.0 27777450.0
1510.0 29248512.0
1511.0 29264160.0
1512.0 30307492.0
1513.0 32642770.0
1514.0 34775010.0
1515.0 35914996.0
1516.0 38285692.0
1517.0 40962260.0
1518.0 44127536.0
1519.0 47585890.0
1520.0 51697640.0
1521.0 54998064.0
1522.0 58877790.0
1523.0 61661840.0
1524.0 63867290.0
1525.0 64790464.0
1526.0 65927504.0
1527.0 66273944.0
1528.0 66422140.0
1529.0 66825070.0
1530.0 67045210.0
1531.0 62376780.0
1532.0 57325670.0
1533.0 49986596.0
1534.0 41899836.0
1535.0 35428756.0
1536.0 30227336.0
1537.0 25899782.0
1538.0 22032304.0
1539.0 20929464.0
1540.0 22659678.0
1541.0 23753740.0
1542.0 24141800.0
1543.0 25121210.0
1544.0 26406120.0
1545.0 28756284.0
1546.0 31868396.0
1547.0 35807190.0
1548.0 40285616.0
1549.0 45393464.0
1550.0 51229300.0
1551.0 54406956.0
1552.0 57119840.0
1553.0 59253960.0
1554.0 61441896.0
1555.0 65195544.0
1556.0 68024460.0
1557.0 68997496.0
1558.0 69781070.0
1559.0 70365990.0
1560.0 69606520.0
1561.0 65530104.0
1562.0 56567424.0
1563.0 48383576.0
1564.0 41222710.0
1565.0 36684304.0
1566.0 34679916.0
1567.0 36814444.0
1568.0 37539776.0
1569.0 37270256.0
1570.0 35517908.0
1571.0 36349332.0
1572.0 35652850.0
1573.0 33484608.0
1574.0 30879098.0
1575.0 28647050.0
1576.0 24780284.0
1577.0 20949288.0
1578.0 17752970.0
1579.0 15424362.0
1580.0 14134420.0
1581.0 14331102.0
1582.0 15603241.0
1583.0 14993494.0
1584.0 14099466.0
1585.0 14459058.0
1586.0 15223348.0
1587.0 15540222.0
1588.0 16432752.0
1589.0 17051292.0
1590.0 17544452.0
1591.0 17203244.0
1592.0 15599892.0
1593.0 15672015.0
1594.0 15965171.0
1595.0 14850030.0
1596.0 14808616.0
1597.0 13643682.0
1598.0 13035904.0
1599.0 13814264.0
1600.0 13887530.0
1601.0 14207082.0
1602.0 14174758.0
1603.0 15065212.0
1604.0 17227412.0
1605.0 18438258.0
1606.0 20097124.0
1607.0 20588512.0
1608.0 21554744.0
1609.0 23665198.0
1610.0 25618420.0
1611.0 27371518.0
1612.0 30574940.0
1613.0 34161356.0
1614.0 37219030.0
1615.0 40969090.0
1616.0 44991000.0
1617.0 45968404.0
1618.0 46581564.0
1619.0 47194136.0
1620.0 50015960.0
1621.0 53040180.0
1622.0 54931420.0
1623.0 56816520.0
1624.0 60531470.0
1625.0 62218320.0
1626.0 64524164.0
1627.0 64459104.0
1628.0 59092450.0
1629.0 52652900.0
1630.0 44255856.0
1631.0 34220424.0
1632.0 24853212.0
1633.0 18670018.0
1634.0 15669766.0
1635.0 13832132.0
1636.0 12500538.0
1637.0 12113731.0
1638.0 11894071.0
1639.0 11372622.0
1640.0 10060302.0
1641.0 9432066.0
1642.0 9254101.0
1643.0 9316528.0
1644.0 10508875.0
1645.0 11310826.0
1646.0 11115106.0
1647.0 11085142.0
1648.0 11321641.0
1649.0 10274381.0
1650.0 9714014.0
1651.0 9532902.0
1652.0 9405770.0
1653.0 9717546.0
1654.0 9474229.0
1655.0 9052438.0
1656.0 9231798.0
1657.0 9066953.0
1658.0 8730516.0
1659.0 8893827.0
1660.0 8756681.0
1661.0 8248530.5
1662.0 7808867.0
1663.0 7723346.0
1664.0 8070515.0
1665.0 8504102.0
1666.0 8199500.5
1667.0 8165384.0
1668.0 8431199.0
1669.0 8949853.0
1670.0 9109703.0
1671.0 9691512.0
1672.0 11400815.0
1673.0 11804534.0
1674.0 12079614.0
1675.0 11328850.0
1676.0 11458928.0
1677.0 12897786.0
1678.0 13525059.0
1679.0 13497726.0
1680.0 12754632.0
1681.0 13537951.0
1682.0 13837512.0
1683.0 13939516.0
1684.0 13652305.0
1685.0 12563569.0
1686.0 11576292.0
1687.0 11019115.0
1688.0 10788088.0
1689.0 11573296.0
1690.0 12621815.0
1691.0 13654806.0
1692.0 13583012.0
1693.0 13773255.0
1694.0 14526631.0
1695.0 14984388.0
1696.0 14267115.0
1697.0 13978450.0
1698.0 14646656.0
1699.0 15756062.0
1700.0 17423864.0
1701.0 17566072.0
1702.0 17374486.0
1703.0 16871512.0
1704.0 15334138.0
1705.0 14074268.0
1706.0 13854752.0
1707.0 14390801.0
1708.0 13843271.0
1709.0 13709274.0
1710.0 12923468.0
1711.0 12302214.0
1712.0 11926964.0
1713.0 12885314.0
1714.0 12600219.0
1715.0 12002046.0
1716.0 11111795.0
1717.0 10021464.0
1718.0 9955309.0
1719.0 9890271.0
1720.0 8505129.0
1721.0 7171812.0
1722.0 5615620.5
1723.0 4287019.0
1724.0 3337290.2
1725.0 3093645.5
1726.0 2784850.0
1727.0 2725679.0
1728.0 2777020.0
1729.0 2439259.8
1730.0 2795897.5
1731.0 3284316.2
1732.0 3253208.0
1733.0 3426760.5
1734.0 3556616.5
1735.0 3827594.5
1736.0 3518506.5
1737.0 3695149.5
1738.0 4161233.5
1739.0 3984464.8
1740.0 4113201.0
1741.0 4920454.5
1742.0 5434070.0
1743.0 5481231.0
1744.0 4750574.5
1745.0 4304602.5
1746.0 3613720.0
1747.0 3693585.0
1748.0 3993809.8
1749.0 4193886.2
1750.0 3935117.0
1751.0 3250721.5
1752.0 3111985.0
1753.0 3051057.2
1754.0 3149913.0
1755.0 3302757.0
1756.0 3346777.8
1757.0 3417764.5
1758.0 3440689.5
1759.0 3795305.0
1760.0 3924170.2
1761.0 4180937.8
1762.0 4699761.0
1763.0 5206463.0
1764.0 5264374.0
1765.0 5795814.5
1766.0 5134772.0
1767.0 5017445.0
1768.0 5719239.5
1769.0 5569083.0
1770.0 4585255.5
1771.0 4973607.0
1772.0 4951871.0
1773.0 5266144.5
1774.0 5757645.5
1775.0 5750928.0
1776.0 5332569.0
1777.0 5089697.0
1778.0 5032928.5
1779.0 4874989.0
1780.0 4685722.0
1781.0 4450908.0
1782.0 4163676.0
1783.0 4294559.5
1784.0 3547913.0
1785.0 3571586.2
1786.0 3627545.2
1787.0 3428694.5
1788.0 3427155.5
1789.0 3743802.0
1790.0 3963002.2
1791.0 4118974.0
1792.0 4097263.5
1793.0 4591524.0
1794.0 4833764.0
1795.0 4826544.5
1796.0 4792827.5
1797.0 5421461.0
1798.0 6655101.0
1799.0 6473097.5
1800.0 6393035.0
1801.0 5975900.5
1802.0 5578924.5
1803.0 5916585.0
1804.0 5714494.5
1805.0 5640137.5
1806.0 4630972.0
1807.0 4710889.5
1808.0 4983971.5
1809.0 4464124.5
1810.0 3370386.2
1811.0 3625482.5
1812.0 3381861.2
1813.0 3043786.5
1814.0 3002345.5
1815.0 3145967.5
1816.0 2998267.0
1817.0 3227402.8
1818.0 3591062.2
1819.0 3367422.2
1820.0 2978680.2
1821.0 3190869.5
1822.0 3594943.5
1823.0 4305326.5
1824.0 4794854.0
1825.0 4723149.0
1826.0 4902029.5
1827.0 5385352.5
1828.0 5757887.5
1829.0 6057507.0
1830.0 6303752.5
1831.0 6171946.0
1832.0 6381532.0
1833.0 6648180.0
1834.0 7593333.0
1835.0 7414672.5
1836.0 7508566.0
1837.0 7759618.0
1838.0 6959014.5
1839.0 5919395.5
1840.0 6277860.5
1841.0 6173714.0
1842.0 6425710.0
1843.0 7335541.0
1844.0 7741772.5
1845.0 7762988.0
1846.0 8830647.0
1847.0 9041570.0
1848.0 9279689.0
1849.0 10239712.0
1850.0 10214728.0
1851.0 9799274.0
1852.0 9785998.0
1853.0 10338099.0
1854.0 10020721.0
1855.0 10484299.0
1856.0 10157450.0
1857.0 9334582.0
1858.0 9501139.0
1859.0 9427405.0
1860.0 9690689.0
1861.0 9078136.0
1862.0 8838175.0
1863.0 8461088.0
1864.0 7709113.0
1865.0 7197523.0
1866.0 6963089.0
1867.0 6797201.0
1868.0 6855694.5
1869.0 6597394.0
1870.0 5334893.0
1871.0 5020798.0
1872.0 5981202.5
1873.0 6447284.0
1874.0 6599376.0
1875.0 8312959.5
1876.0 8973489.0
1877.0 8492625.0
1878.0 8579754.0
1879.0 8829548.0
1880.0 9733424.0
1881.0 9575854.0
1882.0 9340372.0
1883.0 8992205.0
1884.0 7860584.5
1885.0 7793714.5
1886.0 7752067.0
1887.0 6854829.5
1888.0 6264349.5
1889.0 5240378.0
1890.0 4854898.0
1891.0 4765700.5
1892.0 4197569.5
1893.0 4477171.0
1894.0 4493843.0
1895.0 4560699.0
1896.0 4571621.5
1897.0 5178068.0
1898.0 6231687.5
1899.0 7239722.0
1900.0 8400806.0
1901.0 9787112.0
1902.0 10327559.0
1903.0 11667044.0
1904.0 12438370.0
1905.0 13519954.0
1906.0 14233585.0
1907.0 14842676.0
1908.0 16038365.0
1909.0 15963500.0
1910.0 16274266.0
1911.0 17073502.0
1912.0 17869290.0
1913.0 18152352.0
1914.0 17372274.0
1915.0 15066875.0
1916.0 11853032.0
1917.0 8408708.0
1918.0 5851437.5
1919.0 4965164.0
1920.0 5015327.5
1921.0 4640767.5
1922.0 4256782.5
1923.0 4915799.5
1924.0 5863128.0
1925.0 6412517.0
1926.0 7266088.0
1927.0 7753846.0
1928.0 7900954.5
1929.0 9530148.0
1930.0 10622334.0
1931.0 11276238.0
1932.0 12322210.0
1933.0 12957672.0
1934.0 13241689.0
1935.0 13470010.0
1936.0 14361194.0
1937.0 15179695.0
1938.0 15044949.0
1939.0 14420811.0
1940.0 12717845.0
1941.0 10972371.0
1942.0 8814689.0
1943.0 5855122.0
1944.0 4167315.2
1945.0 2792092.8
1946.0 2378212.5
1947.0 2157017.8
1948.0 2452188.0
1949.0 2290148.0
1950.0 1883931.9
1951.0 1525513.5
1952.0 1225224.1
1953.0 1468946.4
1954.0 1462210.1
1955.0 1396418.9
1956.0 1368124.5
1957.0 1200673.5
1958.0 1248027.0
1959.0 1031292.4
1960.0 979491.3
1961.0 929642.5
1962.0 1211228.5
1963.0 1323691.8
1964.0 1174959.9
1965.0 912160.9
1966.0 703770.25
1967.0 874502.56
1968.0 786390.25
1969.0 1341613.1
1970.0 1134380.1
1971.0 975550.4
1972.0 1250136.8
1973.0 1470288.5
1974.0 1444120.1
1975.0 1247863.2
1976.0 1218337.0
1977.0 1445599.0
1978.0 1484871.9
1979.0 1343962.4
1980.0 1306783.5
1981.0 1218361.4
1982.0 1284531.8
1983.0 1068505.0
1984.0 1237954.0
1985.0 1629534.4
1986.0 1615431.4
1987.0 1357782.5
1988.0 1682264.8
1989.0 1621897.2
1990.0 1640399.2
1991.0 1699588.1
1992.0 1351851.0
1993.0 1458642.2
1994.0 1297200.2
1995.0 1700362.6
1996.0 1521603.2
1997.0 1765897.0
1998.0 1913913.6
1999.0 2164208.5
2000.0 1756162.6
2001.0 1551669.0
2002.0 1581861.4
2003.0 1673751.9
2004.0 1640906.4
2005.0 1290681.5
2006.0 1171089.8
2007.0 1532639.8
2008.0 1801222.6
2009.0 1569190.0
2010.0 1724917.0
2011.0 1526010.0
2012.0 1754925.6
2013.0 1637452.6
2014.0 1563337.5
2015.0 1321819.9
2016.0 1525283.1
2017.0 1557764.9
2018.0 1895025.0
2019.0 2215057.0
2020.0 2433051.5
2021.0 2403944.8
2022.0 2450599.2
2023.0 2356823.0
2024.0 847876.4
2025.0 -699680.6
2026.0 -2215528.0
2027.0 -3952175.2
2028.0 -5289507.0
2029.0 -6702842.5
2030.0 -8446548.0
2031.0 -10742568.0
2032.0 -12603054.0
2033.0 -14216355.0
2034.0 -16293439.0
2035.0 -17708782.0
2036.0 -20166666.0
2037.0 -22351572.0
2038.0 -24251496.0
2039.0 -25968538.0
2040.0 -28200380.0
2041.0 -30100404.0
2042.0 0.0
2043.0 0.0
2044.0 0.0
2045.0 0.0
2046.0 0.0
2047.0 0.0
