string
0.0 1659368.8
1.0 1894999.9
2.0 2212369.5
3.0 2353546.8
4.0 2140350.5
5.0 1879180.0
6.0 2069992.6
7.0 1946125.2
8.0 1973463.5
9.0 1859083.8
10.0 1848554.9
11.0 2124041.0
12.0 1918456.8
13.0 1760279.2
14.0 1890770.8
15.0 2028806.2
16.0 2195698.0
17.0 1929149.4
18.0 2071825.0
19.0 2831383.8
20.0 2677528.5
21.0 2282016.5
22.0 2026057.5
23.0 2147300.5
24.0 2302909.2
25.0 1947069.8
26.0 2236959.8
27.0 2373154.2
28.0 1934343.9
29.0 2061999.4
30.0 2271068.5
31.0 2236247.8
32.0 1914267.2
33.0 1822314.5
34.0 1850735.2
35.0 2020080.0
36.0 2577045.8
37.0 2716509.8
38.0 2852448.0
39.0 3143237.5
40.0 2989788.5
41.0 3064781.5
42.0 3029269.5
43.0 2827723.0
44.0 3120623.8
45.0 2599147.8
46.0 2589374.5
47.0 2199139.8
48.0 1785923.9
49.0 1802272.8
50.0 1911513.6
51.0 1795776.1
52.0 1799620.2
53.0 1971274.5
54.0 1828193.1
55.0 1799482.0
56.0 2036565.2
57.0 2137058.5
58.0 2200602.2
59.0 2528518.2
60.0 2431738.2
61.0 3157342.0
62.0 3119862.8
63.0 3356581.0
64.0 3376600.5
65.0 2909110.0
66.0 2532917.0
67.0 2239450.8
68.0 2631351.0
69.0 2546096.0
70.0 2761553.8
71.0 3171661.2
72.0 3361172.8
73.0 4042667.5
74.0 3647587.0
75.0 3740036.5
76.0 3846153.0
77.0 3509189.8
78.0 3472368.0
79.0 4043456.0
80.0 4398687.0
81.0 4169940.0
82.0 4551272.5
83.0 4774461.0
84.0 3718651.2
85.0 3513554.8
86.0 3638905.5
87.0 3401401.0
88.0 3234158.8
89.0 3199182.5
90.0 3247704.0
91.0 3519369.5
92.0 3964861.2
93.0 4047265.2
94.0 4104217.8
95.0 4457215.0
96.0 5566112.5
97.0 6057177.5
98.0 6437014.5
99.0 6216092.5
100.0 4692886.5
101.0 2777809.5
102.0 1971772.2
103.0 1328717.5
104.0 1384517.6
105.0 1464976.4
106.0 1348464.2
107.0 839986.25
108.0 1485705.1
109.0 1658913.1
110.0 1704506.1
111.0 1621303.9
112.0 1747013.9
113.0 1875264.2
114.0 1415512.2
115.0 1831313.0
116.0 2417096.2
117.0 3091989.8
118.0 3208995.2
119.0 3290723.8
120.0 3970075.5
121.0 5064693.5
122.0 6091168.0
123.0 6553209.0
124.0 6860450.5
125.0 6157617.5
126.0 5900654.5
127.0 5754371.0
128.0 5302244.0
129.0 5073605.5
130.0 5370884.5
131.0 5102633.5
132.0 4116342.0
133.0 3137399.8
134.0 2291025.5
135.0 1350013.0
136.0 985668.6
137.0 860552.8
138.0 873466.5
139.0 762723.1
140.0 869413.6
141.0 908351.0
142.0 597992.56
143.0 832836.94
144.0 1002458.4
145.0 1142338.8
146.0 1084113.0
147.0 937694.4
148.0 746919.44
149.0 817777.2
150.0 887518.5
151.0 1104058.6
152.0 732848.0
153.0 1116616.1
154.0 1691325.1
155.0 2091712.5
156.0 3457725.5
157.0 4717242.0
158.0 6152314.5
159.0 6677003.0
160.0 7160403.0
161.0 6935687.0
162.0 6220613.0
163.0 4425223.0
164.0 3044099.5
165.0 2745252.8
166.0 2285358.5
167.0 2614363.0
168.0 3193337.0
169.0 3900415.2
170.0 4391339.0
171.0 4598288.0
172.0 4220009.5
173.0 3826785.2
174.0 3592383.0
175.0 3627337.8
176.0 4670098.0
177.0 6672941.0
178.0 8233006.0
179.0 10002247.0
180.0 11901755.0
181.0 13047842.0
182.0 13626276.0
183.0 12593688.0
184.0 10450409.0
185.0 8307179.0
186.0 5902390.5
187.0 4155467.2
188.0 2679911.2
189.0 2141950.8
190.0 1932482.5
191.0 1697573.2
192.0 1717802.5
193.0 1776353.8
194.0 1450735.0
195.0 1410706.8
196.0 1308674.0
197.0 1315317.6
198.0 1095609.6
199.0 1155556.9
200.0 1247475.2
201.0 1178423.1
202.0 707391.5
203.0 1045464.44
204.0 998519.4
205.0 874253.06
206.0 1094642.0
207.0 1130380.9
208.0 1024473.6
209.0 1002966.1
210.0 1397931.4
211.0 1570654.2
212.0 1804163.1
213.0 1950690.0
214.0 2889754.5
215.0 4074141.0
216.0 5640961.0
217.0 7634287.0
218.0 9708187.0
219.0 9917452.0
220.0 9064351.0
221.0 9096187.0
222.0 7510264.0
223.0 6051214.0
224.0 4171627.0
225.0 3043453.0
226.0 2699880.0
227.0 1902162.8
228.0 1833539.0
229.0 1733757.8
230.0 1089270.4
231.0 1322060.6
232.0 1150029.8
233.0 1079138.2
234.0 775618.9
235.0 1152065.5
236.0 1311269.0
237.0 1278963.2
238.0 963740.7
239.0 792832.56
240.0 1020393.7
241.0 1201256.2
242.0 1245298.0
243.0 1231868.6
244.0 1362250.6
245.0 1831620.0
246.0 2923793.0
247.0 2997722.2
248.0 3322402.0
249.0 4550629.0
250.0 6256088.0
251.0 7712185.0
252.0 7789525.0
253.0 6636070.5
254.0 6243843.0
255.0 5349609.0
256.0 3842896.2
257.0 2457062.2
258.0 1858238.8
259.0 1738475.5
260.0 1548390.6
261.0 1454421.4
262.0 1297476.4
263.0 1195149.8
264.0 1029840.06
265.0 942228.25
266.0 885727.8
267.0 619147.0
268.0 539934.6
269.0 764915.6
270.0 938416.0
271.0 816448.5
272.0 807314.44
273.0 933718.44
274.0 814860.75
275.0 837732.6
276.0 1128301.5
277.0 759218.8
278.0 757898.2
279.0 534552.25
280.0 715016.1
281.0 910184.44
282.0 1225339.5
283.0 1561586.8
284.0 1267759.2
285.0 1118307.4
286.0 1104610.1
287.0 799436.0
288.0 830093.44
289.0 861179.6
290.0 928033.7
291.0 1017890.25
292.0 1187103.1
293.0 1226279.9
294.0 791095.3
295.0 831308.44
296.0 923926.94
297.0 734028.1
298.0 851632.9
299.0 753121.56
300.0 1118422.8
301.0 1403710.5
302.0 1288926.0
303.0 1545521.0
304.0 1449495.2
305.0 1689135.2
306.0 1339342.4
307.0 1378242.2
308.0 1384050.8
309.0 1244727.0
310.0 1533351.4
311.0 1543792.5
312.0 1437013.2
313.0 1650103.8
314.0 1762944.2
315.0 1339682.5
316.0 1558334.2
317.0 1550574.0
318.0 1548624.0
319.0 1995328.2
320.0 2452241.5
321.0 2360943.0
322.0 2344173.0
323.0 2300837.8
324.0 2321292.2
325.0 2119065.5
326.0 2273558.5
327.0 2909221.0
328.0 3385367.8
329.0 3505792.0
330.0 4350550.0
331.0 5294794.0
332.0 6030134.0
333.0 5691551.0
334.0 5361974.5
335.0 4512523.0
336.0 3616437.0
337.0 2465408.0
338.0 2237515.2
339.0 1905109.4
340.0 2272538.0
341.0 1755122.2
342.0 1738261.8
343.0 1288262.0
344.0 1142603.5
345.0 1185550.2
346.0 1199365.5
347.0 1130610.1
348.0 1395383.9
349.0 1153751.8
350.0 874831.56
351.0 1032988.5
352.0 1096021.5
353.0 1029405.56
354.0 1195113.6
355.0 1293444.2
356.0 1352467.5
357.0 1122487.8
358.0 1375350.5
359.0 1357179.4
360.0 1451856.1
361.0 1735018.5
362.0 1515131.4
363.0 1656077.2
364.0 2416932.0
365.0 3000002.5
366.0 3693355.0
367.0 4047225.0
368.0 4334523.5
369.0 4999673.0
370.0 3994214.8
371.0 3351858.8
372.0 2473944.0
373.0 2145687.8
374.0 1629651.4
375.0 1968228.8
376.0 1634405.0
377.0 1616156.1
378.0 1259635.5
379.0 1318939.4
380.0 1042645.4
381.0 1022331.56
382.0 1193929.8
383.0 1269064.6
384.0 1111290.2
385.0 1200369.8
386.0 1301673.2
387.0 1054337.5
388.0 864189.0
389.0 846676.2
390.0 1260373.0
391.0 1334189.9
392.0 1837472.4
393.0 2042893.1
394.0 2169069.8
395.0 2337728.0
396.0 2251317.8
397.0 2553667.0
398.0 2704452.8
399.0 2256365.2
400.0 1815655.2
401.0 1690184.8
402.0 1810130.2
403.0 1828542.8
404.0 1446986.9
405.0 1714741.4
406.0 2457025.5
407.0 2339475.2
408.0 2244043.8
409.0 2428563.8
410.0 2648704.8
411.0 2931687.0
412.0 3008187.5
413.0 2185063.2
414.0 2379072.8
415.0 3023595.5
416.0 2808927.8
417.0 2806027.5
418.0 2993497.5
419.0 3117362.8
420.0 2652913.8
421.0 2296177.0
422.0 1882061.1
423.0 1584901.8
424.0 1249909.8
425.0 965539.1
426.0 1143596.1
427.0 1422513.9
428.0 1179635.9
429.0 1308188.2
430.0 1813930.2
431.0 1837245.2
432.0 2251706.5
433.0 1943062.0
434.0 1569566.0
435.0 1599270.5
436.0 1877524.9
437.0 2005956.9
438.0 1638999.5
439.0 1579718.0
440.0 1389936.0
441.0 1531238.2
442.0 1245179.8
443.0 1374118.1
444.0 1267751.0
445.0 1165099.2
446.0 1402446.9
447.0 1447670.2
448.0 1335705.1
449.0 1364134.8
450.0 1803412.0
451.0 2025193.9
452.0 1786791.2
453.0 1656226.2
454.0 1822280.1
455.0 1298008.0
456.0 1100318.6
457.0 1266045.9
458.0 1427961.1
459.0 1624031.5
460.0 1811485.2
461.0 2009028.2
462.0 1838584.0
463.0 1799201.0
464.0 2122485.8
465.0 2265480.5
466.0 2430590.8
467.0 1668555.5
468.0 1583345.6
469.0 1776318.1
470.0 1955383.9
471.0 1960129.0
472.0 2373562.8
473.0 2439041.0
474.0 1556569.8
475.0 1507071.2
476.0 1455211.8
477.0 1549665.0
478.0 1184312.2
479.0 1311195.8
480.0 1203590.6
481.0 1256549.2
482.0 1330615.5
483.0 1224415.1
484.0 837059.94
485.0 744262.2
486.0 844318.0
487.0 873272.56
488.0 949372.0
489.0 1086846.1
490.0 1402345.2
491.0 1458377.0
492.0 1473034.9
493.0 1528120.0
494.0 1240992.9
495.0 1347435.1
496.0 975597.8
497.0 988602.44
498.0 783835.56
499.0 677417.5
500.0 921507.56
501.0 1053203.2
502.0 1370343.0
503.0 1549743.2
504.0 1915629.5
505.0 2036085.1
506.0 2416826.0
507.0 2407715.8
508.0 2003741.5
509.0 1418851.8
510.0 1765121.5
511.0 1432574.8
512.0 1301322.9
513.0 1492937.8
514.0 1537638.8
515.0 1371244.9
516.0 1481698.0
517.0 1610823.1
518.0 1099790.5
519.0 781050.94
520.0 907573.7
521.0 905850.06
522.0 979280.06
523.0 1161506.9
524.0 1028987.1
525.0 1093129.2
526.0 1344496.0
527.0 1126129.4
528.0 1384938.0
529.0 1545216.2
530.0 1482018.1
531.0 1365713.6
532.0 1614330.1
533.0 1582042.6
534.0 1636440.0
535.0 2307873.8
536.0 2454254.0
537.0 2974601.5
538.0 2838807.8
539.0 2870250.0
540.0 2051577.8
541.0 1866515.0
542.0 1517153.5
543.0 1108152.8
544.0 1623349.8
545.0 1536817.0
546.0 1312464.0
547.0 1037315.6
548.0 1060571.0
549.0 1367951.2
550.0 1240786.1
551.0 1297515.0
552.0 1255409.6
553.0 1090488.1
554.0 1110689.2
555.0 1232928.9
556.0 1172111.0
557.0 1165276.9
558.0 1556485.1
559.0 1899111.0
560.0 1790987.5
561.0 1697454.9
562.0 1043453.75
563.0 1152994.2
564.0 994630.1
565.0 1326140.6
566.0 1336961.1
567.0 1261873.0
568.0 1047263.0
569.0 1361565.5
570.0 1225109.5
571.0 1115506.8
572.0 1122382.0
573.0 1264795.5
574.0 1097239.6
575.0 1181412.8
576.0 1277170.1
577.0 1506947.0
578.0 1639232.0
579.0 1524849.2
580.0 1575144.0
581.0 1751381.5
582.0 1569100.5
583.0 1443995.5
584.0 1168347.9
585.0 995395.94
586.0 1265826.4
587.0 1465914.9
588.0 1408829.5
589.0 1277035.6
590.0 1094534.4
591.0 1227121.5
592.0 1204630.2
593.0 971148.2
594.0 980599.25
595.0 859924.75
596.0 1098246.6
597.0 1088643.9
598.0 833835.75
599.0 1057041.5
600.0 1505439.8
601.0 1438860.1
602.0 1689287.0
603.0 1509105.6
604.0 1363779.9
605.0 1480707.0
606.0 922018.2
607.0 903092.2
608.0 912005.94
609.0 1092729.8
610.0 1405089.9
611.0 1348525.6
612.0 1144363.2
613.0 966866.1
614.0 1235609.0
615.0 1527744.2
616.0 1403656.5
617.0 936337.1
618.0 840891.8
619.0 930421.56
620.0 1131834.0
621.0 1140634.8
622.0 1440987.6
623.0 1275921.2
624.0 1065028.5
625.0 998729.5
626.0 1367997.8
627.0 1123861.4
628.0 1358317.2
629.0 1622296.9
630.0 1234823.2
631.0 1126280.4
632.0 1080869.8
633.0 1000245.5
634.0 1121208.2
635.0 1221962.0
636.0 1278890.4
637.0 1174594.5
638.0 919584.1
639.0 1027461.0
640.0 1073955.6
641.0 1177124.9
642.0 1038577.44
643.0 1234127.4
644.0 1125797.0
645.0 1138548.2
646.0 1159886.6
647.0 1053144.0
648.0 1222060.1
649.0 1292777.2
650.0 1495225.8
651.0 1331362.2
652.0 1247781.5
653.0 1258776.4
654.0 1136306.1
655.0 1045529.1
656.0 1359952.5
657.0 1230559.9
658.0 1005720.75
659.0 1106903.4
660.0 1157530.1
661.0 1215309.0
662.0 1210995.9
663.0 1267796.8
664.0 1270410.4
665.0 1250705.2
666.0 1142868.6
667.0 1200685.8
668.0 1309311.8
669.0 1577077.0
670.0 1456730.5
671.0 1707085.0
672.0 1648011.1
673.0 1186027.6
674.0 1383809.0
675.0 1735601.1
676.0 1903519.9
677.0 1553404.9
678.0 1316684.2
679.0 1392877.8
680.0 1395803.9
681.0 1352626.0
682.0 1130232.9
683.0 1019691.8
684.0 1069652.8
685.0 1032232.9
686.0 1146477.0
687.0 1237316.8
688.0 1299894.2
689.0 1181932.2
690.0 1416663.2
691.0 1194363.6
692.0 1111530.8
693.0 1112119.8
694.0 1128386.0
695.0 1334443.5
696.0 1420401.1
697.0 1402504.8
698.0 1475100.6
699.0 1363026.0
700.0 1442527.2
701.0 1169934.0
702.0 1121986.8
703.0 1104255.8
704.0 949864.25
705.0 1313009.5
706.0 1253113.4
707.0 996249.94
708.0 908137.9
709.0 924667.75
710.0 1080148.0
711.0 796850.94
712.0 868461.94
713.0 1247282.6
714.0 1234641.1
715.0 1079909.5
716.0 1080901.0
717.0 824038.06
718.0 861324.4
719.0 1129156.6
720.0 996073.44
721.0 920235.0
722.0 1082610.0
723.0 1048190.1
724.0 1087385.6
725.0 1065718.9
726.0 941718.6
727.0 1062511.0
728.0 1217333.2
729.0 1344623.9
730.0 1066351.0
731.0 1018543.75
732.0 1402150.0
733.0 1208730.1
734.0 936846.6
735.0 1168055.8
736.0 1249509.0
737.0 1205075.8
738.0 826824.6
739.0 1096437.6
740.0 1116368.5
741.0 1361105.1
742.0 1387068.6
743.0 1467969.2
744.0 1316995.0
745.0 1338270.6
746.0 1437023.1
747.0 1359533.8
748.0 1331503.5
749.0 1639591.8
750.0 1917641.4
751.0 1695823.1
752.0 1457934.0
753.0 1358284.2
754.0 1419950.1
755.0 1195741.0
756.0 1345706.5
757.0 1027149.06
758.0 949826.25
759.0 1020568.8
760.0 988758.9
761.0 1328302.4
762.0 1220543.2
763.0 1190839.9
764.0 1302196.8
765.0 1230997.0
766.0 1296370.5
767.0 1282709.4
768.0 888425.6
769.0 919580.9
770.0 1165973.6
771.0 942993.0
772.0 1208859.5
773.0 1089439.8
774.0 929341.0
775.0 1111842.8
776.0 1009577.25
777.0 1015546.8
778.0 1079236.8
779.0 1041628.0
780.0 1295225.2
781.0 1360445.0
782.0 1603613.5
783.0 1444948.0
784.0 1073851.4
785.0 827093.0
786.0 1012470.3
787.0 1091224.4
788.0 864244.25
789.0 889045.9
790.0 791267.6
791.0 1108523.5
792.0 1282506.0
793.0 1388323.5
794.0 1502713.9
795.0 1450922.0
796.0 1310434.9
797.0 1405038.6
798.0 1709829.8
799.0 1776682.4
800.0 1747123.0
801.0 1694784.2
802.0 1339544.2
803.0 1171527.0
804.0 1402521.1
805.0 1290215.4
806.0 1391366.8
807.0 1227121.1
808.0 1318358.1
809.0 1167193.5
810.0 1571669.4
811.0 1442733.5
812.0 1176149.0
813.0 1200673.2
814.0 1103641.2
815.0 1187919.0
816.0 1346023.2
817.0 1203636.9
818.0 1220216.5
819.0 1399323.1
820.0 1383000.2
821.0 1398650.8
822.0 1401755.0
823.0 1425414.8
824.0 1685554.8
825.0 1348330.0
826.0 1199896.5
827.0 1556811.9
828.0 1376825.0
829.0 1637770.1
830.0 1182419.4
831.0 998251.4
832.0 1011637.5
833.0 822276.0
834.0 902478.8
835.0 914185.7
836.0 986318.0
837.0 997899.5
838.0 1195586.5
839.0 1386686.4
840.0 1330247.0
841.0 1218213.2
842.0 1422458.0
843.0 1246391.0
844.0 1064765.4
845.0 1085698.6
846.0 1544687.4
847.0 1500331.0
848.0 1237638.6
849.0 1077818.2
850.0 1231011.8
851.0 1111846.0
852.0 1036393.44
853.0 1201884.8
854.0 1213012.6
855.0 1310266.1
856.0 1179674.0
857.0 1346555.5
858.0 1450081.0
859.0 1520272.4
860.0 1191428.0
861.0 1035711.25
862.0 1157199.2
863.0 1029028.2
864.0 1116006.6
865.0 1376476.9
866.0 1374575.6
867.0 1103611.6
868.0 1138043.0
869.0 1106259.5
870.0 1321521.0
871.0 1395881.9
872.0 1273572.8
873.0 1088629.0
874.0 1411627.0
875.0 1258997.0
876.0 1234357.6
877.0 1348675.2
878.0 1611855.8
879.0 1349383.5
880.0 1315915.1
881.0 1597739.9
882.0 1472374.2
883.0 1353505.1
884.0 1306162.4
885.0 1513916.5
886.0 1506181.2
887.0 1476114.2
888.0 1694465.0
889.0 1577821.2
890.0 1612632.2
891.0 1511792.0
892.0 1563057.2
893.0 1629146.0
894.0 2062585.6
895.0 1735091.0
896.0 1541963.5
897.0 1733536.1
898.0 1599999.2
899.0 1851893.8
900.0 1921937.5
901.0 1647129.5
902.0 1521910.6
903.0 1839304.0
904.0 2016572.8
905.0 2047151.0
906.0 1865599.0
907.0 1810000.8
908.0 1951418.9
909.0 2142083.0
910.0 1849286.9
911.0 1787776.9
912.0 1717856.9
913.0 2125880.2
914.0 2300337.2
915.0 2378588.2
916.0 2280914.0
917.0 1990373.5
918.0 2206138.5
919.0 2368471.0
920.0 2023241.5
921.0 2144150.2
922.0 2597759.0
923.0 2562217.0
924.0 2686522.8
925.0 2630706.5
926.0 2362240.2
927.0 2817305.2
928.0 2645534.5
929.0 2989516.0
930.0 3042873.5
931.0 2788060.2
932.0 2684530.0
933.0 2597030.5
934.0 2680734.8
935.0 2748661.2
936.0 2606191.0
937.0 2425758.8
938.0 2623941.0
939.0 2334905.8
940.0 2326789.8
941.0 2415543.5
942.0 2630772.8
943.0 2504452.0
944.0 2528053.2
945.0 2788701.5
946.0 2764016.5
947.0 2705531.5
948.0 2926665.5
949.0 2979269.5
950.0 3204053.0
951.0 3425367.8
952.0 3062477.0
953.0 2911756.0
954.0 2828132.5
955.0 2793428.5
956.0 2661066.2
957.0 2758885.5
958.0 2908633.0
959.0 2797471.0
960.0 2987246.5
961.0 3267344.5
962.0 3561607.0
963.0 3579190.2
964.0 3509087.8
965.0 3417694.0
966.0 3420396.5
967.0 3523554.8
968.0 3564643.5
969.0 3776267.2
970.0 4184623.8
971.0 4077780.5
972.0 3479835.0
973.0 3714644.5
974.0 3540048.8
975.0 3923734.5
976.0 4254318.5
977.0 4064772.8
978.0 4474527.0
979.0 4588083.5
980.0 4268753.0
981.0 4236184.5
982.0 4481059.0
983.0 5098450.0
984.0 5483436.0
985.0 6465089.0
986.0 7678538.0
987.0 9485172.0
988.0 10575589.0
989.0 10998529.0
990.0 11083396.0
991.0 10738632.0
992.0 10392172.0
993.0 9825630.0
994.0 8942464.0
995.0 8553497.0
996.0 8094136.0
997.0 8375884.5
998.0 8334053.0
999.0 8418848.0
1000.0 8858309.0
1001.0 8756473.0
1002.0 8931206.0
1003.0 9813411.0
1004.0 10178934.0
1005.0 10723000.0
1006.0 11226471.0
1007.0 11256066.0
1008.0 11492838.0
1009.0 11438985.0
1010.0 11556790.0
1011.0 10787021.0
1012.0 10130699.0
1013.0 9043217.0
1014.0 7738830.0
1015.0 6854484.5
1016.0 6403895.0
1017.0 5382145.0
1018.0 4666174.0
1019.0 4650303.5
1020.0 4409672.0
1021.0 3961999.8
1022.0 3935215.5
1023.0 3808241.2
1024.0 3478390.5
1025.0 3774575.0
1026.0 3749227.8
1027.0 3638787.5
1028.0 4105176.0
1029.0 4403489.5
1030.0 5056780.5
1031.0 5977966.0
1032.0 6665203.0
1033.0 7730889.5
1034.0 9170841.0
1035.0 10710700.0
1036.0 12200031.0
1037.0 13789512.0
1038.0 13822972.0
1039.0 13619441.0
1040.0 13418360.0
1041.0 12853451.0
1042.0 12633940.0
1043.0 12184055.0
1044.0 12209396.0
1045.0 11851984.0
1046.0 11960694.0
1047.0 12343462.0
1048.0 12985182.0
1049.0 14481340.0
1050.0 14686424.0
1051.0 15207632.0
1052.0 15465490.0
1053.0 16159674.0
1054.0 16445154.0
1055.0 16575285.0
1056.0 17903544.0
1057.0 22019428.0
1058.0 29153028.0
1059.0 39574576.0
1060.0 54599830.0
1061.0 74133576.0
1062.0 94329450.0
1063.0 112730430.0
1064.0 126040800.0
1065.0 129482890.0
1066.0 122662880.0
1067.0 103577900.0
1068.0 76612430.0
1069.0 51392970.0
1070.0 33004584.0
1071.0 22101780.0
1072.0 17704568.0
1073.0 14763301.0
1074.0 12867538.0
1075.0 11196354.0
1076.0 9172153.0
1077.0 7241476.0
1078.0 6660684.5
1079.0 5828255.5
1080.0 5497995.0
1081.0 5015388.0
1082.0 4725278.5
1083.0 4482688.0
1084.0 5007089.5
1085.0 5884280.5
1086.0 5612793.0
1087.0 5717518.0
1088.0 6581124.5
1089.0 7118896.0
1090.0 7360384.5
1091.0 8106633.0
1092.0 8393131.0
1093.0 8151229.0
1094.0 7364309.5
1095.0 7057201.0
1096.0 6379749.0
1097.0 6318547.5
1098.0 6550767.5
1099.0 7356957.0
1100.0 7850201.0
1101.0 9318634.0
1102.0 11622416.0
1103.0 14269274.0
1104.0 18599682.0
1105.0 25526608.0
1106.0 34708384.0
1107.0 49480444.0
1108.0 67410860.0
1109.0 86959810.0
1110.0 103107930.0
1111.0 113806780.0
1112.0 116151810.0
1113.0 105646420.0
1114.0 83187380.0
1115.0 57421200.0
1116.0 37077650.0
1117.0 24508748.0
1118.0 17686692.0
1119.0 13672729.0
1120.0 10951840.0
1121.0 9421979.0
1122.0 7266952.5
1123.0 5946954.5
1124.0 4834523.0
1125.0 4404108.0
1126.0 4066466.0
1127.0 3752216.2
1128.0 3164432.8
1129.0 2686161.0
1130.0 2302655.0
1131.0 2280769.8
1132.0 2078476.2
1133.0 2251077.8
1134.0 2741141.5
1135.0 3568867.2
1136.0 3812360.0
1137.0 3631514.8
1138.0 3831814.5
1139.0 4086847.2
1140.0 4048524.0
1141.0 3514367.2
1142.0 2803567.2
1143.0 2495162.8
1144.0 2435595.5
1145.0 2356888.5
1146.0 2198857.8
1147.0 2415433.0
1148.0 2231742.2
1149.0 1946348.2
1150.0 2064673.0
1151.0 1632458.6
1152.0 1723514.4
1153.0 1770581.5
1154.0 1514117.2
1155.0 1763594.2
1156.0 1932907.4
1157.0 1895810.6
1158.0 1789651.4
1159.0 1947227.4
1160.0 2124299.8
1161.0 2213244.0
1162.0 1824048.5
1163.0 1876577.2
1164.0 1895613.2
1165.0 1911150.1
1166.0 2264694.0
1167.0 2347894.5
1168.0 2385303.0
1169.0 2353096.2
1170.0 2665697.5
1171.0 2714827.2
1172.0 2731610.5
1173.0 2670514.8
1174.0 2747706.2
1175.0 2926585.5
1176.0 2835989.8
1177.0 2420842.8
1178.0 2552474.5
1179.0 2645722.8
1180.0 2506299.2
1181.0 2696417.8
1182.0 2973462.0
1183.0 2953089.5
1184.0 3448470.2
1185.0 3836162.2
1186.0 3874164.0
1187.0 4197158.0
1188.0 4684928.0
1189.0 4752945.5
1190.0 4988954.0
1191.0 4489210.5
1192.0 4881191.0
1193.0 4918882.0
1194.0 4815109.5
1195.0 4753567.0
1196.0 4230046.0
1197.0 4030608.5
1198.0 4222272.5
1199.0 4091162.2
1200.0 3931529.8
1201.0 4077218.8
1202.0 4296857.0
1203.0 3852770.0
1204.0 3274969.0
1205.0 3001286.5
1206.0 3360304.8
1207.0 3946891.0
1208.0 4275885.5
1209.0 4575728.5
1210.0 4928520.0
1211.0 5629488.0
1212.0 5676440.0
1213.0 6483539.0
1214.0 6845504.0
1215.0 6615826.0
1216.0 6483462.0
1217.0 5807125.0
1218.0 5401987.0
1219.0 5288860.5
1220.0 4956390.5
1221.0 4659455.5
1222.0 4383859.5
1223.0 4499032.0
1224.0 4512790.5
1225.0 4462327.0
1226.0 5079414.0
1227.0 5611535.0
1228.0 6090794.5
1229.0 6779768.0
1230.0 6543303.0
1231.0 7089152.5
1232.0 7840704.0
1233.0 8354317.0
1234.0 8939398.0
1235.0 9934128.0
1236.0 11685255.0
1237.0 13422645.0
1238.0 16842058.0
1239.0 19656376.0
1240.0 22024284.0
1241.0 23343370.0
1242.0 24365924.0
1243.0 25044228.0
1244.0 22916962.0
1245.0 19039042.0
1246.0 14777485.0
1247.0 11825406.0
1248.0 9360369.0
1249.0 7792488.0
1250.0 7030039.5
1251.0 6407081.0
1252.0 6561425.5
1253.0 6456668.0
1254.0 6091444.0
1255.0 6290734.5
1256.0 6489207.5
1257.0 6612597.5
1258.0 7106121.0
1259.0 7853309.0
1260.0 9344925.0
1261.0 10399604.0
1262.0 11677056.0
1263.0 13627075.0
1264.0 15849590.0
1265.0 17430190.0
1266.0 19048398.0
1267.0 19692196.0
1268.0 19005708.0
1269.0 18202358.0
1270.0 17420716.0
1271.0 15966856.0
1272.0 15528429.0
1273.0 16117491.0
1274.0 17129588.0
1275.0 16611270.0
1276.0 15242042.0
1277.0 14617746.0
1278.0 12631240.0
1279.0 11833981.0
1280.0 12259772.0
1281.0 12475780.0
1282.0 12767804.0
1283.0 13297950.0
1284.0 14122108.0
1285.0 15471115.0
1286.0 15858702.0
1287.0 15401701.0
1288.0 14416684.0
1289.0 13326028.0
1290.0 13339090.0
1291.0 13440916.0
1292.0 13672238.0
1293.0 14131315.0
1294.0 14099469.0
1295.0 14231666.0
1296.0 14360225.0
1297.0 14787076.0
1298.0 15819591.0
1299.0 17019636.0
1300.0 17475464.0
1301.0 18244726.0
1302.0 18675682.0
1303.0 19880242.0
1304.0 21871808.0
1305.0 24387062.0
1306.0 26473878.0
1307.0 29567160.0
1308.0 32630380.0
1309.0 34736160.0
1310.0 36520696.0
1311.0 35858030.0
1312.0 33942884.0
1313.0 32201092.0
1314.0 31340560.0
1315.0 30859338.0
1316.0 31076038.0
1317.0 32703176.0
1318.0 33970080.0
1319.0 34792624.0
1320.0 34898964.0
1321.0 36220204.0
1322.0 36105376.0
1323.0 36559788.0
1324.0 40760896.0
1325.0 44380316.0
1326.0 46715420.0
1327.0 48522964.0
1328.0 52550244.0
1329.0 57277444.0
1330.0 60868864.0
1331.0 63973256.0
1332.0 66673550.0
1333.0 66296924.0
1334.0 66009836.0
1335.0 67328020.0
1336.0 65811624.0
1337.0 65996424.0
1338.0 68524310.0
1339.0 68886380.0
1340.0 68239700.0
1341.0 65503424.0
1342.0 61812816.0
1343.0 58243616.0
1344.0 53991550.0
1345.0 51022030.0
1346.0 50448404.0
1347.0 50711540.0
1348.0 50812696.0
1349.0 51908204.0
1350.0 52674130.0
1351.0 54361670.0
1352.0 55130080.0
1353.0 57282876.0
1354.0 61208060.0
1355.0 64411330.0
1356.0 63389596.0
1357.0 61118776.0
1358.0 61192380.0
1359.0 61770704.0
1360.0 63000796.0
1361.0 65062604.0
1362.0 68158060.0
1363.0 76795670.0
1364.0 88353620.0
1365.0 100461720.0
1366.0 117315120.0
1367.0 135910320.0
1368.0 158227660.0
1369.0 180440400.0
1370.0 199230600.0
1371.0 213150160.0
1372.0 219001580.0
1373.0 223211970.0
1374.0 225310340.0
1375.0 211201760.0
1376.0 189709150.0
1377.0 169338460.0
1378.0 149750370.0
1379.0 136251340.0
1380.0 125361350.0
1381.0 115964230.0
1382.0 107946880.0
1383.0 99913890.0
1384.0 94284870.0
1385.0 89139950.0
1386.0 85819540.0
1387.0 80733660.0
1388.0 73240280.0
1389.0 65981730.0
1390.0 58623470.0
1391.0 52088076.0
1392.0 46898230.0
1393.0 42851880.0
1394.0 39124570.0
1395.0 38890172.0
1396.0 39620132.0
1397.0 41858972.0
1398.0 46375830.0
1399.0 50832264.0
1400.0 56565890.0
1401.0 64379400.0
1402.0 70186270.0
1403.0 76458900.0
1404.0 85815270.0
1405.0 98906460.0
1406.0 114861840.0
1407.0 131346440.0
1408.0 149868500.0
1409.0 172355780.0
1410.0 197320020.0
1411.0 222130640.0
1412.0 247149100.0
1413.0 272945540.0
1414.0 291836220.0
1415.0 297588640.0
1416.0 288966400.0
1417.0 264769440.0
1418.0 230043440.0
1419.0 184071070.0
1420.0 134903220.0
1421.0 95581600.0
1422.0 69751930.0
1423.0 52983060.0
1424.0 41480756.0
1425.0 33886916.0
1426.0 28264822.0
1427.0 24174120.0
1428.0 21654976.0
1429.0 18505434.0
1430.0 16426610.0
1431.0 14358968.0
1432.0 12345705.0
1433.0 11798504.0
1434.0 10392781.0
1435.0 9892821.0
1436.0 9825668.0
1437.0 9118936.0
1438.0 9179216.0
1439.0 9399969.0
1440.0 10550676.0
1441.0 10693436.0
1442.0 10280916.0
1443.0 9665342.0
1444.0 9858226.0
1445.0 9569284.0
1446.0 8868121.0
1447.0 9013626.0
1448.0 10704716.0
1449.0 12231619.0
1450.0 13028522.0
1451.0 14153888.0
1452.0 15009415.0
1453.0 15712170.0
1454.0 16143212.0
1455.0 16851182.0
1456.0 17601708.0
1457.0 19901382.0
1458.0 20448438.0
1459.0 20072724.0
1460.0 20663296.0
1461.0 21197576.0
1462.0 22158064.0
1463.0 21274462.0
1464.0 20389228.0
1465.0 19979798.0
1466.0 18897694.0
1467.0 19107536.0
1468.0 20396018.0
1469.0 20193710.0
1470.0 20964484.0
1471.0 21896696.0
1472.0 22021638.0
1473.0 21669698.0
1474.0 20536854.0
1475.0 19741586.0
1476.0 20190830.0
1477.0 19261566.0
1478.0 19753798.0
1479.0 19783136.0
1480.0 20040468.0
1481.0 20378488.0
1482.0 22371040.0
1483.0 25135972.0
1484.0 27888256.0
1485.0 30723998.0
1486.0 33740484.0
1487.0 37963010.0
1488.0 40913156.0
1489.0 43320324.0
1490.0 47842604.0
1491.0 51932364.0
1492.0 54196130.0
1493.0 56441796.0
1494.0 57672836.0
1495.0 56859650.0
1496.0 56850536.0
1497.0 56801984.0
1498.0 54766956.0
1499.0 55056396.0
1500.0 50586030.0
1501.0 46425590.0
1502.0 42156364.0
1503.0 36412720.0
1504.0 31387760.0
1505.0 27812390.0
1506.0 25605010.0
1507.0 24971620.0
1508.0 26676576.0
1509.0 28205964.0
1510.0 29450798.0
1511.0 31714588.0
1512.0 34230110.0
1513.0 35570556.0
1514.0 37900764.0
1515.0 40633564.0
1516.0 43002736.0
1517.0 43910704.0
1518.0 46015756.0
1519.0 48862616.0
1520.0 52774124.0
1521.0 58467016.0
1522.0 61661300.0
1523.0 63817284.0
1524.0 65242256.0
1525.0 70890130.0
1526.0 75017944.0
1527.0 77518150.0
1528.0 79874090.0
1529.0 80185520.0
1530.0 78033224.0
1531.0 76021450.0
1532.0 70915230.0
1533.0 62481584.0
1534.0 52157210.0
1535.0 44480390.0
1536.0 36881404.0
1537.0 29595082.0
1538.0 25728764.0
1539.0 24390942.0
1540.0 23622304.0
1541.0 23350022.0
1542.0 25462516.0
1543.0 27181784.0
1544.0 28782736.0
1545.0 31073230.0
1546.0 34850108.0
1547.0 38836536.0
1548.0 41892544.0
1549.0 46356716.0
1550.0 52299840.0
1551.0 57685640.0
1552.0 60205200.0
1553.0 63194470.0
1554.0 65378070.0
1555.0 68734620.0
1556.0 72967140.0
1557.0 79534110.0
1558.0 83059200.0
1559.0 85308340.0
1560.0 85079390.0
1561.0 76600050.0
1562.0 66543624.0
1563.0 56459596.0
1564.0 49951896.0
1565.0 42800850.0
1566.0 41067556.0
1567.0 42450756.0
1568.0 43410140.0
1569.0 42592600.0
1570.0 41921476.0
1571.0 42855410.0
1572.0 41210268.0
1573.0 38873212.0
1574.0 37825024.0
1575.0 35670964.0
1576.0 31593428.0
1577.0 26249378.0
1578.0 21655000.0
1579.0 17867876.0
1580.0 15855581.0
1581.0 15139130.0
1582.0 15513424.0
1583.0 15482690.0
1584.0 16150682.0
1585.0 15918085.0
1586.0 15881975.0
1587.0 16514769.0
1588.0 16728902.0
1589.0 17213998.0
1590.0 17633916.0
1591.0 17876938.0
1592.0 17835854.0
1593.0 17559412.0
1594.0 17235432.0
1595.0 15757295.0
1596.0 15057750.0
1597.0 14695338.0
1598.0 14715376.0
1599.0 15868601.0
1600.0 15696591.0
1601.0 16255565.0
1602.0 16738049.0
1603.0 17202244.0
1604.0 18353436.0
1605.0 19280238.0
1606.0 19546562.0
1607.0 21094548.0
1608.0 23568968.0
1609.0 24203448.0
1610.0 26026698.0
1611.0 29264260.0
1612.0 32159558.0
1613.0 36221090.0
1614.0 39229972.0
1615.0 42136564.0
1616.0 45471076.0
1617.0 46253184.0
1618.0 48186224.0
1619.0 49688276.0
1620.0 53088984.0
1621.0 57478450.0
1622.0 60021184.0
1623.0 63671120.0
1624.0 67685900.0
1625.0 72185310.0
1626.0 74692330.0
1627.0 75952590.0
1628.0 72101590.0
1629.0 65258920.0
1630.0 54241744.0
1631.0 41702110.0
1632.0 29439660.0
1633.0 21367844.0
1634.0 19111910.0
1635.0 16806252.0
1636.0 15624922.0
1637.0 14069858.0
1638.0 13185570.0
1639.0 13438774.0
1640.0 12991850.0
1641.0 12637584.0
1642.0 11996210.0
1643.0 11902450.0
1644.0 11958370.0
1645.0 11944320.0
1646.0 12740572.0
1647.0 13306502.0
1648.0 13087058.0
1649.0 12795249.0
1650.0 12016426.0
1651.0 11970300.0
1652.0 11403624.0
1653.0 11271204.0
1654.0 11466072.0
1655.0 11030879.0
1656.0 11320671.0
1657.0 10981532.0
1658.0 10744810.0
1659.0 10501829.0
1660.0 10541268.0
1661.0 9391961.0
1662.0 8996394.0
1663.0 8626882.0
1664.0 8596139.0
1665.0 8800731.0
1666.0 8488616.0
1667.0 8429621.0
1668.0 8853241.0
1669.0 10300433.0
1670.0 11200028.0
1671.0 10877728.0
1672.0 11093116.0
1673.0 12097605.0
1674.0 12886168.0
1675.0 13423951.0
1676.0 14276318.0
1677.0 14099301.0
1678.0 13909699.0
1679.0 14003738.0
1680.0 14341289.0
1681.0 15626471.0
1682.0 15466039.0
1683.0 15769595.0
1684.0 15927195.0
1685.0 15635904.0
1686.0 14668435.0
1687.0 13716272.0
1688.0 13444668.0
1689.0 13466296.0
1690.0 14540899.0
1691.0 14778735.0
1692.0 15488632.0
1693.0 16056316.0
1694.0 15987008.0
1695.0 16413658.0
1696.0 16986676.0
1697.0 16285385.0
1698.0 17092556.0
1699.0 18779168.0
1700.0 20240468.0
1701.0 20717436.0
1702.0 21346712.0
1703.0 20649852.0
1704.0 20163398.0
1705.0 19591276.0
1706.0 17511952.0
1707.0 16066938.0
1708.0 16015078.0
1709.0 15915160.0
1710.0 16030016.0
1711.0 16198248.0
1712.0 16839670.0
1713.0 16636260.0
1714.0 15584582.0
1715.0 14323385.0
1716.0 13527185.0
1717.0 12875390.0
1718.0 12281049.0
1719.0 11622956.0
1720.0 10936280.0
1721.0 9763822.0
1722.0 8306824.5
1723.0 6502794.0
1724.0 4533607.0
1725.0 3611311.2
1726.0 3012218.5
1727.0 2784295.5
1728.0 2613496.5
1729.0 2892583.0
1730.0 3183885.2
1731.0 3304071.5
1732.0 3495402.2
1733.0 3500733.5
1734.0 3933596.5
1735.0 3962454.8
1736.0 4189715.2
1737.0 4610434.0
1738.0 4865770.5
1739.0 4368065.5
1740.0 4399489.5
1741.0 4649115.5
1742.0 4902187.0
1743.0 5036633.5
1744.0 5071847.0
1745.0 5359630.0
1746.0 5440355.5
1747.0 5192357.5
1748.0 4710918.5
1749.0 4778699.5
1750.0 4756268.0
1751.0 4606932.5
1752.0 4704518.0
1753.0 4315209.0
1754.0 3836480.2
1755.0 3523172.0
1756.0 3796047.5
1757.0 4310539.0
1758.0 4358571.0
1759.0 4245975.0
1760.0 4001367.2
1761.0 3888779.5
1762.0 4614715.0
1763.0 5386608.0
1764.0 5516693.0
1765.0 6328349.0
1766.0 6942527.0
1767.0 6947269.5
1768.0 6590999.5
1769.0 6403153.0
1770.0 6529962.0
1771.0 5769957.5
1772.0 5806199.5
1773.0 5952221.0
1774.0 5762568.0
1775.0 6324940.5
1776.0 5785559.0
1777.0 6235874.0
1778.0 6003824.5
1779.0 5611740.5
1780.0 5370415.5
1781.0 4896742.5
1782.0 4254061.5
1783.0 3599884.8
1784.0 3826712.8
1785.0 3912544.0
1786.0 4195665.0
1787.0 4301984.5
1788.0 4601738.0
1789.0 5462051.0
1790.0 5989109.5
1791.0 5768201.0
1792.0 5470645.5
1793.0 5321819.0
1794.0 5194513.5
1795.0 5129182.5
1796.0 5090849.0
1797.0 5779976.0
1798.0 6595298.0
1799.0 6740667.5
1800.0 6417519.0
1801.0 6154390.0
1802.0 5774254.0
1803.0 6101624.0
1804.0 6176987.5
1805.0 6324533.0
1806.0 6074037.0
1807.0 6272635.0
1808.0 6116635.5
1809.0 5075563.5
1810.0 4534593.0
1811.0 4399332.0
1812.0 4442471.0
1813.0 4091482.5
1814.0 3456612.8
1815.0 3392857.8
1816.0 3284191.5
1817.0 3199529.5
1818.0 3171016.5
1819.0 3084606.5
1820.0 3140751.2
1821.0 2979458.0
1822.0 3355486.0
1823.0 3323079.8
1824.0 3848563.8
1825.0 4445012.0
1826.0 5517879.5
1827.0 6079949.5
1828.0 5824505.5
1829.0 6233668.0
1830.0 6675444.5
1831.0 7474836.0
1832.0 7819846.0
1833.0 7547529.5
1834.0 8009519.5
1835.0 8419196.0
1836.0 9119222.0
1837.0 8764306.0
1838.0 7446327.0
1839.0 7162720.0
1840.0 6856357.5
1841.0 6790978.0
1842.0 6971884.5
1843.0 7185811.0
1844.0 7372460.5
1845.0 7261296.0
1846.0 7893272.5
1847.0 8702106.0
1848.0 8665579.0
1849.0 9855783.0
1850.0 10949588.0
1851.0 11098759.0
1852.0 11987296.0
1853.0 12352560.0
1854.0 11912772.0
1855.0 11011032.0
1856.0 10626892.0
1857.0 10537180.0
1858.0 10492639.0
1859.0 10073849.0
1860.0 9895844.0
1861.0 9687419.0
1862.0 8966513.0
1863.0 9230889.0
1864.0 8704572.0
1865.0 8031073.0
1866.0 8085165.5
1867.0 7580050.5
1868.0 7458059.5
1869.0 7074809.0
1870.0 6630625.5
1871.0 6535549.5
1872.0 6519379.5
1873.0 7317486.0
1874.0 7706552.5
1875.0 7817269.0
1876.0 7813175.0
1877.0 8430866.0
1878.0 9135336.0
1879.0 9181675.0
1880.0 9962889.0
1881.0 10565179.0
1882.0 9994792.0
1883.0 9748710.0
1884.0 8646388.0
1885.0 8408236.0
1886.0 8255029.5
1887.0 7905800.0
1888.0 7479375.5
1889.0 6411771.0
1890.0 5550229.0
1891.0 6098299.5
1892.0 5344169.5
1893.0 5023560.5
1894.0 5223883.0
1895.0 5330139.5
1896.0 5116957.0
1897.0 5417084.5
1898.0 5707369.0
1899.0 6765075.0
1900.0 7997548.0
1901.0 9298576.0
1902.0 10049022.0
1903.0 11095911.0
1904.0 11973462.0
1905.0 12575344.0
1906.0 14292032.0
1907.0 16376456.0
1908.0 17585146.0
1909.0 19582212.0
1910.0 19952316.0
1911.0 20473224.0
1912.0 20846436.0
1913.0 21517040.0
1914.0 19551282.0
1915.0 15949214.0
1916.0 12878315.0
1917.0 10856158.0
1918.0 8737279.0
1919.0 6828919.0
1920.0 5422423.0
1921.0 4375496.0
1922.0 4433260.0
1923.0 4971223.0
1924.0 5887409.0
1925.0 5988377.0
1926.0 6813798.0
1927.0 7668485.0
1928.0 8651368.0
1929.0 9618754.0
1930.0 9599320.0
1931.0 10312391.0
1932.0 11350591.0
1933.0 11542741.0
1934.0 12657972.0
1935.0 13744401.0
1936.0 14968114.0
1937.0 16070459.0
1938.0 18271148.0
1939.0 17778112.0
1940.0 16611084.0
1941.0 15036469.0
1942.0 12432778.0
1943.0 8552403.0
1944.0 5882909.0
1945.0 4080875.0
1946.0 3064807.2
1947.0 2681080.5
1948.0 2250243.0
1949.0 2100334.5
1950.0 1875241.8
1951.0 1620820.8
1952.0 1426101.8
1953.0 1328081.8
1954.0 1296558.2
1955.0 1217802.6
1956.0 1244860.2
1957.0 1236571.0
1958.0 1292700.4
1959.0 1191662.1
1960.0 1027650.4
1961.0 1243433.5
1962.0 1086259.5
1963.0 1113930.5
1964.0 1306757.6
1965.0 1278647.8
1966.0 1169739.8
1967.0 1249143.5
1968.0 1408166.4
1969.0 1096528.6
1970.0 919502.9
1971.0 1115873.6
1972.0 1304124.0
1973.0 1162621.9
1974.0 1131111.8
1975.0 845214.9
1976.0 1073244.0
1977.0 1172703.9
1978.0 1172520.2
1979.0 1232982.9
1980.0 1385194.8
1981.0 1238345.1
1982.0 1260530.2
1983.0 1432787.2
1984.0 1311610.6
1985.0 1432332.2
1986.0 1447839.8
1987.0 1828072.4
1988.0 1601053.6
1989.0 1418547.6
1990.0 1534253.2
1991.0 1496398.2
1992.0 1342771.4
1993.0 1127567.8
1994.0 1115082.4
1995.0 1221052.6
1996.0 1598516.1
1997.0 1779401.0
1998.0 1448649.4
1999.0 1479160.0
2000.0 1482011.8
2001.0 1573561.0
2002.0 1869407.0
2003.0 1737620.0
2004.0 1923405.6
2005.0 1835333.0
2006.0 1844997.2
2007.0 1777799.5
2008.0 1703403.5
2009.0 1659554.2
2010.0 1802315.2
2011.0 1856546.5
2012.0 1398781.1
2013.0 1414194.9
2014.0 1475828.2
2015.0 1643803.1
2016.0 855836.1
2017.0 -946811.0
2018.0 -2374478.5
2019.0 -4194605.5
2020.0 -5940967.5
2021.0 -7726912.0
2022.0 -9618101.0
2023.0 -11336121.0
2024.0 -13103235.0
2025.0 -14882550.0
2026.0 -17014142.0
2027.0 -18704852.0
2028.0 -20360384.0
2029.0 -22377116.0
2030.0 -24209636.0
2031.0 -26075810.0
2032.0 -28381498.0
2033.0 -30100404.0
2034.0 0.0
2035.0 0.0
2036.0 0.0
2037.0 0.0
2038.0 0.0
2039.0 0.0
2040.0 0.0
2041.0 0.0
2042.0 0.0
2043.0 0.0
2044.0 0.0
2045.0 0.0
2046.0 0.0
2047.0 0.0
