string
0.0 1608787.8
1.0 1740457.4
2.0 1795969.9
3.0 1584367.6
4.0 1728842.4
5.0 1661659.9
6.0 1808576.8
7.0 1729704.0
8.0 1922949.5
9.0 2091116.0
10.0 1905018.2
11.0 2156831.2
12.0 2108809.8
13.0 1985860.8
14.0 1968856.2
15.0 1925086.2
16.0 2052259.5
17.0 2516071.8
18.0 2513594.5
19.0 2454341.2
20.0 2699510.0
21.0 2082440.5
22.0 1474035.1
23.0 1402901.8
24.0 1631398.0
25.0 1694396.2
26.0 1788197.0
27.0 1950098.0
28.0 1664388.2
29.0 1896063.8
30.0 1977756.5
31.0 1993675.2
32.0 2254728.2
33.0 1891478.0
34.0 2055766.9
35.0 1821900.8
36.0 2012763.6
37.0 2327872.8
38.0 2653371.5
39.0 2560008.8
40.0 2585785.5
41.0 2814708.5
42.0 2735433.0
43.0 2937876.5
44.0 2822516.5
45.0 2431415.8
46.0 1962277.6
47.0 1519753.6
48.0 1665512.5
49.0 1738883.0
50.0 1382638.6
51.0 1228902.6
52.0 1113673.5
53.0 1501002.0
54.0 1784772.8
55.0 1684821.9
56.0 1850462.5
57.0 1617875.2
58.0 1844232.2
59.0 2720265.5
60.0 2716667.5
61.0 2856528.5
62.0 3209186.0
63.0 3045026.2
64.0 2988701.5
65.0 2194315.0
66.0 1958492.0
67.0 1957670.0
68.0 2285009.0
69.0 2141492.5
70.0 2511078.0
71.0 2323745.8
72.0 2282292.2
73.0 2559104.8
74.0 3253816.5
75.0 3620754.5
76.0 3752901.5
77.0 3895180.0
78.0 3971701.0
79.0 3746737.2
80.0 3538401.0
81.0 3556413.0
82.0 4216329.0
83.0 3909551.5
84.0 3558947.0
85.0 3120937.5
86.0 3318407.0
87.0 3158892.5
88.0 2988631.0
89.0 3085632.5
90.0 3447966.0
91.0 3571937.0
92.0 3170476.2
93.0 3448947.0
94.0 4972968.5
95.0 6541436.0
96.0 6779695.0
97.0 7047059.0
98.0 6695129.0
99.0 4849540.5
100.0 3034506.0
101.0 2154253.5
102.0 1121973.6
103.0 598349.9
104.0 855979.75
105.0 699083.7
106.0 662723.9
107.0 1201775.1
108.0 942654.75
109.0 885694.7
110.0 1091137.0
111.0 1676474.2
112.0 1686754.0
113.0 1600706.0
114.0 1743850.1
115.0 1921517.8
116.0 2729501.2
117.0 3567772.5
118.0 3652243.0
119.0 4283608.0
120.0 4757767.0
121.0 5060644.0
122.0 6349224.0
123.0 6766152.5
124.0 6296863.0
125.0 4751461.0
126.0 4800886.0
127.0 4930199.5
128.0 6043472.5
129.0 5700480.5
130.0 5006023.5
131.0 4371801.0
132.0 3114378.0
133.0 1923944.4
134.0 1102061.4
135.0 799716.56
136.0 1012291.9
137.0 482460.78
138.0 354334.4
139.0 497932.12
140.0 563621.2
141.0 784207.0
142.0 625061.2
143.0 1021913.9
144.0 918778.8
145.0 787840.06
146.0 766805.6
147.0 621827.9
148.0 451341.84
149.0 639694.0
150.0 725529.25
151.0 766075.0
152.0 777957.56
153.0 854729.5
154.0 1097641.5
155.0 2116063.5
156.0 4488406.0
157.0 6298658.0
158.0 7021042.5
159.0 8225767.0
160.0 7445339.0
161.0 5043794.5
162.0 3817633.8
163.0 3293247.5
164.0 2800683.0
165.0 2743228.0
166.0 2929403.8
167.0 3357258.5
168.0 3762462.5
169.0 3931486.5
170.0 4041603.8
171.0 4338639.0
172.0 4106526.0
173.0 3979372.5
174.0 3892983.5
175.0 3753928.0
176.0 4417258.0
177.0 5457483.0
178.0 7364230.0
179.0 9837519.0
180.0 13088469.0
181.0 14998161.0
182.0 14552372.0
183.0 11515124.0
184.0 8676990.0
185.0 5861750.0
186.0 4824179.0
187.0 4047804.5
188.0 2840478.8
189.0 2146394.0
190.0 1950519.4
191.0 1701531.4
192.0 1323074.2
193.0 926371.6
194.0 925608.25
195.0 656749.94
196.0 874577.5
197.0 731176.0
198.0 482747.53
199.0 610984.0
200.0 852270.5
201.0 916714.9
202.0 670794.44
203.0 589759.94
204.0 1246752.0
205.0 1195467.1
206.0 1261510.1
207.0 1267476.1
208.0 1081067.5
209.0 992891.3
210.0 1371711.0
211.0 2036599.0
212.0 1730064.0
213.0 1965780.2
214.0 2839365.5
215.0 3875366.2
216.0 6191587.0
217.0 8540312.0
218.0 11048548.0
219.0 11345646.0
220.0 9560936.0
221.0 7455127.5
222.0 5454984.5
223.0 3999267.2
224.0 2971310.5
225.0 2268193.8
226.0 1749619.9
227.0 1363816.9
228.0 1479636.8
229.0 1685567.4
230.0 1279608.6
231.0 1104817.0
232.0 839199.0
233.0 495230.3
234.0 650246.75
235.0 527956.25
236.0 664564.3
237.0 637282.6
238.0 503060.38
239.0 691610.56
240.0 772098.7
241.0 752323.9
242.0 899407.75
243.0 935515.06
244.0 1149053.4
245.0 1786723.1
246.0 2245031.8
247.0 3173959.0
248.0 3641021.2
249.0 4587794.5
250.0 6243917.5
251.0 7529222.5
252.0 8484138.0
253.0 7329111.0
254.0 5604866.0
255.0 4047838.0
256.0 2719606.0
257.0 1842180.2
258.0 1312495.2
259.0 1324632.0
260.0 1226570.2
261.0 886942.56
262.0 1128896.0
263.0 866286.2
264.0 774050.0
265.0 488013.4
266.0 770122.4
267.0 620746.0
268.0 518182.5
269.0 559460.94
270.0 841798.7
271.0 884321.6
272.0 896193.1
273.0 614885.6
274.0 687870.3
275.0 578882.06
276.0 517145.2
277.0 601303.44
278.0 676002.5
279.0 961726.0
280.0 1051817.2
281.0 1326685.5
282.0 1173467.4
283.0 995996.1
284.0 815712.0
285.0 746695.3
286.0 917597.0
287.0 706606.94
288.0 1184502.0
289.0 1083705.6
290.0 1316796.9
291.0 1348651.2
292.0 1135963.8
293.0 1133398.4
294.0 726861.1
295.0 750213.8
296.0 835057.44
297.0 805932.44
298.0 942497.0
299.0 971244.7
300.0 997307.6
301.0 1095063.1
302.0 1506983.9
303.0 1406869.5
304.0 1280358.6
305.0 1466131.5
306.0 1430411.2
307.0 1353823.5
308.0 1345196.9
309.0 1200582.2
310.0 1231474.9
311.0 1169505.1
312.0 1179138.6
313.0 1187993.9
314.0 1375459.2
315.0 1554755.0
316.0 1863807.6
317.0 1818276.5
318.0 2236391.0
319.0 3096583.0
320.0 3434190.5
321.0 3227511.2
322.0 3097879.8
323.0 3253231.0
324.0 2738004.0
325.0 2350273.0
326.0 2048215.0
327.0 2500432.0
328.0 3755761.5
329.0 5116122.0
330.0 5525911.0
331.0 6809989.5
332.0 7530849.5
333.0 5955999.0
334.0 4365466.0
335.0 3637441.5
336.0 3051320.5
337.0 2249623.0
338.0 2109036.8
339.0 1747380.5
340.0 1315140.1
341.0 1258191.2
342.0 1479554.2
343.0 1639774.8
344.0 1034015.3
345.0 871481.0
346.0 1069197.4
347.0 967050.1
348.0 822988.0
349.0 872613.1
350.0 847625.9
351.0 786605.25
352.0 922118.9
353.0 891635.0
354.0 813610.7
355.0 865875.06
356.0 1237569.5
357.0 1458081.4
358.0 1560717.5
359.0 1487722.0
360.0 1391570.1
361.0 1654373.9
362.0 1499209.9
363.0 1794450.0
364.0 2407827.0
365.0 3074518.5
366.0 4218391.0
367.0 4170898.5
368.0 3920409.8
369.0 3277397.8
370.0 3157843.0
371.0 2363426.5
372.0 1721137.6
373.0 1502776.2
374.0 1550956.2
375.0 1443740.1
376.0 1169011.5
377.0 1207001.0
378.0 1184365.9
379.0 1287171.8
380.0 1290605.5
381.0 1268221.5
382.0 1586079.0
383.0 1237205.4
384.0 1073631.5
385.0 1026570.9
386.0 1229014.0
387.0 1021402.75
388.0 1081999.0
389.0 1172128.0
390.0 836939.3
391.0 1026353.5
392.0 1465170.2
393.0 1743173.1
394.0 2142181.2
395.0 2306590.8
396.0 3295064.8
397.0 3572795.5
398.0 2957070.5
399.0 1682765.1
400.0 1332800.1
401.0 1096706.6
402.0 1067361.5
403.0 1100999.0
404.0 982822.1
405.0 1433082.4
406.0 1888032.6
407.0 2542381.5
408.0 2502105.8
409.0 2357852.2
410.0 1906688.8
411.0 2117563.0
412.0 1948929.4
413.0 2309595.2
414.0 2584437.2
415.0 2767747.0
416.0 3105385.5
417.0 3649640.0
418.0 3336952.8
419.0 2776844.0
420.0 2114876.8
421.0 1593670.2
422.0 1322498.2
423.0 1300324.2
424.0 1507492.5
425.0 1148386.2
426.0 1258277.0
427.0 1340783.0
428.0 1208704.9
429.0 1569618.2
430.0 1820206.0
431.0 1919665.5
432.0 1625557.5
433.0 1271832.6
434.0 1368201.0
435.0 2000358.0
436.0 1905978.9
437.0 1762714.4
438.0 1898165.2
439.0 1437994.8
440.0 895673.9
441.0 1043634.4
442.0 1141651.1
443.0 1270593.2
444.0 946099.25
445.0 975490.3
446.0 1143243.5
447.0 1131073.6
448.0 1130880.4
449.0 1484973.0
450.0 2186654.5
451.0 1895596.8
452.0 1470657.6
453.0 1242519.4
454.0 1458678.2
455.0 1733098.6
456.0 1933098.9
457.0 1438451.8
458.0 1064162.1
459.0 1286992.8
460.0 1350231.4
461.0 1351222.6
462.0 1569579.4
463.0 2336391.0
464.0 2402674.8
465.0 2499303.8
466.0 2308810.8
467.0 2021111.5
468.0 1893376.1
469.0 1668920.6
470.0 1704568.8
471.0 1768279.9
472.0 1888616.2
473.0 1969593.0
474.0 1883123.6
475.0 1825225.8
476.0 1621023.1
477.0 1827471.5
478.0 1355604.4
479.0 1290818.9
480.0 1488053.6
481.0 1197366.6
482.0 778324.25
483.0 590288.0
484.0 869488.2
485.0 897133.8
486.0 807732.2
487.0 577632.0
488.0 394080.8
489.0 569729.6
490.0 788877.44
491.0 701146.9
492.0 630046.56
493.0 760948.7
494.0 981788.9
495.0 633872.1
496.0 717184.1
497.0 971751.8
498.0 1127930.1
499.0 1327646.0
500.0 1449939.5
501.0 1043412.75
502.0 1678421.1
503.0 1510115.0
504.0 1829321.5
505.0 1527886.5
506.0 1534745.1
507.0 2078527.0
508.0 1909476.1
509.0 1798764.4
510.0 1420737.8
511.0 1197577.0
512.0 1213824.8
513.0 1081570.0
514.0 1277842.8
515.0 1071691.8
516.0 841728.6
517.0 679927.44
518.0 633386.25
519.0 899874.1
520.0 969289.06
521.0 934637.5
522.0 1229538.6
523.0 974119.25
524.0 1041837.6
525.0 941941.94
526.0 782875.9
527.0 945705.5
528.0 1400599.2
529.0 924135.94
530.0 836829.3
531.0 935960.75
532.0 1008160.1
533.0 1554737.2
534.0 1847993.9
535.0 1875173.9
536.0 2314870.5
537.0 2457700.2
538.0 2604729.0
539.0 1878647.2
540.0 1590900.2
541.0 1268292.2
542.0 1142191.5
543.0 1096493.5
544.0 1076676.8
545.0 1065344.2
546.0 1198124.5
547.0 803359.94
548.0 766750.3
549.0 1047339.44
550.0 1184302.6
551.0 1089466.0
552.0 1915431.1
553.0 1914212.4
554.0 1353557.2
555.0 1342198.1
556.0 1405609.4
557.0 1341131.4
558.0 1534648.6
559.0 1163342.0
560.0 1263245.5
561.0 1286936.9
562.0 1176788.4
563.0 1285924.5
564.0 1275222.0
565.0 1242397.0
566.0 1272224.8
567.0 1457604.2
568.0 1549905.6
569.0 1110038.0
570.0 808628.75
571.0 952819.94
572.0 1031228.8
573.0 1068512.4
574.0 1102649.6
575.0 998955.06
576.0 1007054.7
577.0 1102820.9
578.0 1250300.5
579.0 1246863.6
580.0 858833.9
581.0 1057159.2
582.0 1467723.8
583.0 1194882.2
584.0 937400.3
585.0 731768.4
586.0 678997.56
587.0 839179.3
588.0 1082462.4
589.0 1254096.1
590.0 1055217.0
591.0 1125446.8
592.0 1098776.4
593.0 898649.44
594.0 1193174.6
595.0 1100009.2
596.0 986497.9
597.0 1221732.6
598.0 996507.44
599.0 1152358.0
600.0 1097472.0
601.0 1091807.8
602.0 1038983.06
603.0 850257.25
604.0 782203.25
605.0 1169207.9
606.0 1193744.1
607.0 1257747.8
608.0 1048036.2
609.0 1193189.9
610.0 1145274.5
611.0 1302456.0
612.0 1301774.1
613.0 1273717.6
614.0 973741.9
615.0 1288562.9
616.0 1026327.5
617.0 967621.4
618.0 778843.9
619.0 893231.3
620.0 1146023.0
621.0 1059960.5
622.0 820557.56
623.0 1111217.6
624.0 995708.2
625.0 1030316.56
626.0 1388299.5
627.0 1200098.1
628.0 1145896.8
629.0 1225814.2
630.0 1141511.0
631.0 1059397.1
632.0 760506.25
633.0 554012.4
634.0 964655.9
635.0 1218490.6
636.0 1436613.0
637.0 926059.7
638.0 793128.4
639.0 1188546.4
640.0 1061100.1
641.0 1198721.1
642.0 1158578.4
643.0 1387631.0
644.0 1113261.4
645.0 776033.1
646.0 1037656.3
647.0 962056.4
648.0 1097692.1
649.0 1238500.0
650.0 1141393.2
651.0 1025278.06
652.0 984141.9
653.0 925820.5
654.0 983679.06
655.0 1034049.1
656.0 1097787.2
657.0 973558.2
658.0 876327.0
659.0 938170.3
660.0 1004423.2
661.0 847301.2
662.0 1014507.1
663.0 1206814.0
664.0 891666.8
665.0 1126652.2
666.0 1206238.0
667.0 1097391.8
668.0 1086623.2
669.0 1133954.2
670.0 1280228.9
671.0 1340132.8
672.0 1475779.0
673.0 1524813.0
674.0 1449183.1
675.0 1018770.56
676.0 1159072.5
677.0 1151154.2
678.0 1090424.1
679.0 976875.3
680.0 763942.2
681.0 938049.25
682.0 683884.44
683.0 908930.06
684.0 1089061.8
685.0 1254605.8
686.0 1342749.4
687.0 1075292.8
688.0 986629.4
689.0 1313417.5
690.0 1258668.0
691.0 1050056.8
692.0 965364.5
693.0 1045282.5
694.0 1099775.8
695.0 1421533.2
696.0 1098835.5
697.0 848713.75
698.0 898523.9
699.0 1276743.5
700.0 1198050.8
701.0 943142.2
702.0 889734.1
703.0 1019210.9
704.0 953440.6
705.0 759883.25
706.0 860264.44
707.0 984599.94
708.0 865106.3
709.0 842446.8
710.0 1225292.6
711.0 1326274.5
712.0 1125694.1
713.0 1126301.5
714.0 987579.9
715.0 1001105.4
716.0 874052.6
717.0 835361.3
718.0 901491.1
719.0 738331.94
720.0 787592.56
721.0 1080642.8
722.0 762768.8
723.0 882154.3
724.0 947536.56
725.0 996674.9
726.0 840052.2
727.0 1229338.8
728.0 1386194.8
729.0 1285627.6
730.0 984349.25
731.0 845346.2
732.0 857353.06
733.0 728974.5
734.0 824399.1
735.0 544627.9
736.0 852105.7
737.0 742775.3
738.0 673969.94
739.0 830017.4
740.0 1229558.2
741.0 1763425.2
742.0 1902910.6
743.0 1491190.0
744.0 1404972.4
745.0 1090629.8
746.0 1353956.9
747.0 1320971.8
748.0 1215782.5
749.0 929132.25
750.0 793117.44
751.0 1283389.0
752.0 1054452.4
753.0 1058655.8
754.0 1170896.2
755.0 1240378.6
756.0 1112811.8
757.0 794216.3
758.0 867480.4
759.0 1046535.0
760.0 882601.1
761.0 875664.5
762.0 844241.5
763.0 929955.6
764.0 1113222.9
765.0 868342.25
766.0 676969.44
767.0 684624.75
768.0 695674.1
769.0 848854.4
770.0 933997.2
771.0 1048343.06
772.0 1313904.4
773.0 1202172.2
774.0 1291968.8
775.0 1341065.8
776.0 756932.2
777.0 777358.1
778.0 972371.9
779.0 801329.3
780.0 876741.0
781.0 562046.8
782.0 734196.8
783.0 1046733.44
784.0 883621.75
785.0 993593.9
786.0 883005.0
787.0 890364.6
788.0 1225710.1
789.0 1177056.1
790.0 1265203.0
791.0 1290120.2
792.0 1604395.6
793.0 1478881.2
794.0 1554943.5
795.0 1713905.2
796.0 1950825.0
797.0 2002981.0
798.0 1828832.8
799.0 1656184.5
800.0 1623925.5
801.0 1711032.0
802.0 1538227.4
803.0 1483099.9
804.0 1438548.1
805.0 1349757.8
806.0 1229228.0
807.0 1283585.2
808.0 1263896.2
809.0 1214904.0
810.0 1000800.7
811.0 1032790.94
812.0 943821.5
813.0 928061.9
814.0 771653.1
815.0 964934.0
816.0 699975.94
817.0 865266.75
818.0 1110287.4
819.0 1095406.4
820.0 1310493.6
821.0 1164347.2
822.0 1179969.0
823.0 1252048.4
824.0 1216454.5
825.0 1185915.2
826.0 1056585.1
827.0 1108756.6
828.0 1248011.4
829.0 1842239.4
830.0 1356188.6
831.0 973984.1
832.0 1033981.56
833.0 944901.2
834.0 1160372.1
835.0 770780.06
836.0 957768.4
837.0 1160695.8
838.0 1075035.2
839.0 1018098.75
840.0 972477.75
841.0 949325.6
842.0 856893.1
843.0 1136526.8
844.0 1439537.0
845.0 981712.6
846.0 1141347.8
847.0 1307037.8
848.0 987417.1
849.0 1050808.0
850.0 1087308.1
851.0 943724.44
852.0 859119.5
853.0 1001539.25
854.0 939336.75
855.0 989692.8
856.0 1057994.5
857.0 1026077.0
858.0 1080291.0
859.0 1325671.5
860.0 1431929.8
861.0 1407585.6
862.0 1305534.8
863.0 1049079.0
864.0 1360144.4
865.0 1291028.4
866.0 1262429.8
867.0 1253154.5
868.0 1067823.6
869.0 1126401.0
870.0 1259399.0
871.0 1349983.1
872.0 1113927.0
873.0 1314110.0
874.0 1120026.2
875.0 1187534.2
876.0 1316529.8
877.0 1415913.8
878.0 1207587.6
879.0 1278017.5
880.0 1067987.0
881.0 1015362.5
882.0 1380872.5
883.0 1513889.0
884.0 1383775.6
885.0 1532940.6
886.0 1819466.1
887.0 1819346.2
888.0 1881692.5
889.0 1500943.8
890.0 1287231.2
891.0 1140880.2
892.0 1311224.4
893.0 1284631.5
894.0 1051224.8
895.0 1485491.9
896.0 1341965.2
897.0 1276731.0
898.0 1588511.0
899.0 1448636.8
900.0 1460751.4
901.0 1448299.5
902.0 1352114.4
903.0 1203306.4
904.0 1495817.5
905.0 1809603.5
906.0 1709286.0
907.0 1418072.4
908.0 1611198.0
909.0 1622225.0
910.0 1814280.5
911.0 1952656.8
912.0 1829437.4
913.0 2027605.5
914.0 1944265.1
915.0 2006206.4
916.0 2072911.4
917.0 1957549.2
918.0 2024217.0
919.0 2283094.0
920.0 2463972.0
921.0 2204766.0
922.0 2185517.2
923.0 2228674.5
924.0 2153054.0
925.0 1989372.4
926.0 2086577.2
927.0 2175124.0
928.0 1976419.4
929.0 2165889.5
930.0 2544321.0
931.0 2512394.8
932.0 2730173.5
933.0 2975213.8
934.0 2950115.5
935.0 3055490.0
936.0 3563121.5
937.0 3235994.0
938.0 2859914.0
939.0 2534878.5
940.0 2355782.2
941.0 2375891.5
942.0 2394419.8
943.0 2325465.5
944.0 2691398.5
945.0 2765633.8
946.0 2516565.5
947.0 2873818.5
948.0 2864752.2
949.0 2906023.5
950.0 2713175.5
951.0 2107198.0
952.0 1882301.9
953.0 2171121.0
954.0 2497515.8
955.0 2635197.0
956.0 2393400.2
957.0 2825731.2
958.0 3069405.0
959.0 2794566.2
960.0 2713590.2
961.0 2804204.5
962.0 3121945.0
963.0 3105918.0
964.0 3147791.5
965.0 3524353.5
966.0 3668768.5
967.0 3132939.5
968.0 3166257.8
969.0 3254723.0
970.0 3478737.2
971.0 3841024.5
972.0 4013798.0
973.0 4448232.5
974.0 4307505.0
975.0 4724071.0
976.0 4889525.0
977.0 4366528.0
978.0 4515916.0
979.0 4616039.5
980.0 4434150.5
981.0 4454169.0
982.0 4781464.5
983.0 5669241.0
984.0 6983853.0
985.0 7790622.5
986.0 9442754.0
987.0 10664186.0
988.0 11922695.0
989.0 11364550.0
990.0 10840834.0
991.0 10259318.0
992.0 10202946.0
993.0 9322101.0
994.0 8446634.0
995.0 8536202.0
996.0 8397514.0
997.0 8825036.0
998.0 9182792.0
999.0 8752969.0
1000.0 8934874.0
1001.0 8976134.0
1002.0 9110162.0
1003.0 10196193.0
1004.0 11098334.0
1005.0 12090016.0
1006.0 12308196.0
1007.0 11818532.0
1008.0 10781236.0
1009.0 10631894.0
1010.0 10949532.0
1011.0 10428333.0
1012.0 9503004.0
1013.0 8317145.0
1014.0 7602085.5
1015.0 7130848.0
1016.0 6044537.0
1017.0 5256194.5
1018.0 4658194.5
1019.0 4246284.0
1020.0 4194350.0
1021.0 3750192.2
1022.0 2899014.0
1023.0 2757617.5
1024.0 3313014.0
1025.0 3635200.0
1026.0 4095123.8
1027.0 4022899.8
1028.0 4110636.0
1029.0 4687135.5
1030.0 5966700.0
1031.0 6933494.5
1032.0 7726413.0
1033.0 9552829.0
1034.0 11466586.0
1035.0 13516716.0
1036.0 14250150.0
1037.0 13915371.0
1038.0 13510834.0
1039.0 13647564.0
1040.0 13224622.0
1041.0 13089854.0
1042.0 12965929.0
1043.0 11864842.0
1044.0 11605275.0
1045.0 11936591.0
1046.0 12431921.0
1047.0 13272944.0
1048.0 14577942.0
1049.0 15153842.0
1050.0 15583769.0
1051.0 15928288.0
1052.0 14669285.0
1053.0 15422595.0
1054.0 16085834.0
1055.0 16218445.0
1056.0 18789416.0
1057.0 24792388.0
1058.0 34808224.0
1059.0 49428660.0
1060.0 70944400.0
1061.0 93869730.0
1062.0 114790750.0
1063.0 129793940.0
1064.0 135295740.0
1065.0 125772820.0
1066.0 101125720.0
1067.0 74828410.0
1068.0 51612200.0
1069.0 35047260.0
1070.0 24187164.0
1071.0 18184392.0
1072.0 14134602.0
1073.0 12166682.0
1074.0 11760315.0
1075.0 10721570.0
1076.0 9265152.0
1077.0 7942649.5
1078.0 6541474.0
1079.0 5547887.5
1080.0 5172776.0
1081.0 4844034.5
1082.0 4541598.0
1083.0 4663232.0
1084.0 5011891.0
1085.0 5730120.5
1086.0 6374676.0
1087.0 7467058.0
1088.0 7403768.0
1089.0 7179917.5
1090.0 7487467.0
1091.0 7564329.5
1092.0 7428168.0
1093.0 7088774.0
1094.0 6160230.5
1095.0 5633819.5
1096.0 5471702.5
1097.0 5605954.0
1098.0 6453273.0
1099.0 6953252.0
1100.0 7962761.0
1101.0 9136846.0
1102.0 11695044.0
1103.0 15773532.0
1104.0 22137360.0
1105.0 32699610.0
1106.0 46445464.0
1107.0 64704324.0
1108.0 84083660.0
1109.0 100426290.0
1110.0 112459420.0
1111.0 114859680.0
1112.0 101208060.0
1113.0 80752890.0
1114.0 58480070.0
1115.0 40453424.0
1116.0 26829262.0
1117.0 18341566.0
1118.0 13121970.0
1119.0 9821536.0
1120.0 8633442.0
1121.0 7735575.5
1122.0 6560352.0
1123.0 5683694.0
1124.0 4583903.5
1125.0 3511455.5
1126.0 2694882.5
1127.0 2376227.5
1128.0 2154223.0
1129.0 2124519.2
1130.0 2194549.8
1131.0 2032566.8
1132.0 2289292.0
1133.0 2935576.5
1134.0 2995386.2
1135.0 3354193.8
1136.0 3665815.5
1137.0 3814893.0
1138.0 4160267.8
1139.0 4112560.5
1140.0 3640323.0
1141.0 3011477.2
1142.0 2640063.8
1143.0 2135967.2
1144.0 2066352.4
1145.0 1830040.2
1146.0 1627325.8
1147.0 1546121.5
1148.0 1809483.2
1149.0 2145931.0
1150.0 1984540.2
1151.0 1269421.1
1152.0 1147898.5
1153.0 1526451.1
1154.0 1943158.9
1155.0 2143064.5
1156.0 1821467.6
1157.0 1618916.4
1158.0 1674032.8
1159.0 1608637.5
1160.0 1762047.0
1161.0 2199293.0
1162.0 2327626.5
1163.0 1892791.0
1164.0 1798804.9
1165.0 2004771.2
1166.0 2401558.2
1167.0 2380693.8
1168.0 2315170.2
1169.0 2094398.2
1170.0 2240067.8
1171.0 2643224.8
1172.0 2423869.0
1173.0 2158766.8
1174.0 2248945.0
1175.0 2368656.5
1176.0 2320353.8
1177.0 2320465.0
1178.0 2436988.0
1179.0 2280916.0
1180.0 2522373.8
1181.0 2675367.0
1182.0 2852666.5
1183.0 3119005.0
1184.0 3355097.2
1185.0 3438060.2
1186.0 3851905.2
1187.0 3989564.8
1188.0 4713474.5
1189.0 5181937.0
1190.0 4853348.5
1191.0 4573449.5
1192.0 5055159.0
1193.0 5101075.5
1194.0 4184191.2
1195.0 4105306.0
1196.0 4195965.0
1197.0 3949997.5
1198.0 3386526.5
1199.0 3590003.0
1200.0 3626472.2
1201.0 3260868.8
1202.0 2914670.5
1203.0 3085460.5
1204.0 3147488.0
1205.0 3347947.2
1206.0 3140216.0
1207.0 3266080.5
1208.0 3437005.2
1209.0 4220649.5
1210.0 4776743.0
1211.0 4954667.0
1212.0 5376950.0
1213.0 5958319.0
1214.0 6470092.0
1215.0 6423445.5
1216.0 5983932.5
1217.0 5522830.0
1218.0 5060898.0
1219.0 4457719.5
1220.0 4007582.2
1221.0 3668323.0
1222.0 3766740.2
1223.0 3970293.0
1224.0 4326200.5
1225.0 4698047.0
1226.0 5430420.5
1227.0 5730823.0
1228.0 5566235.5
1229.0 5441457.0
1230.0 5399740.0
1231.0 6034368.0
1232.0 6636705.5
1233.0 7514718.0
1234.0 8329014.5
1235.0 10526329.0
1236.0 13308191.0
1237.0 16762215.0
1238.0 20674268.0
1239.0 22409520.0
1240.0 22529888.0
1241.0 22521852.0
1242.0 21855090.0
1243.0 20635244.0
1244.0 17774322.0
1245.0 13134230.0
1246.0 9977499.0
1247.0 8137847.5
1248.0 6677125.0
1249.0 6535645.5
1250.0 6271040.0
1251.0 6015157.5
1252.0 6011635.0
1253.0 5771571.0
1254.0 5777312.0
1255.0 5705759.0
1256.0 5678471.0
1257.0 6003837.0
1258.0 6743660.0
1259.0 8319342.5
1260.0 9629947.0
1261.0 10741926.0
1262.0 12809471.0
1263.0 15728261.0
1264.0 16719746.0
1265.0 17561058.0
1266.0 18712670.0
1267.0 18107022.0
1268.0 17368262.0
1269.0 16235765.0
1270.0 15252481.0
1271.0 15062730.0
1272.0 16126985.0
1273.0 16583308.0
1274.0 15789192.0
1275.0 14034580.0
1276.0 12370878.0
1277.0 11643805.0
1278.0 11048391.0
1279.0 11153510.0
1280.0 12256941.0
1281.0 13770021.0
1282.0 14765900.0
1283.0 14644400.0
1284.0 14509936.0
1285.0 14793270.0
1286.0 14479126.0
1287.0 13208190.0
1288.0 12364119.0
1289.0 12394526.0
1290.0 12471848.0
1291.0 12754945.0
1292.0 13617085.0
1293.0 14230422.0
1294.0 14441294.0
1295.0 15207544.0
1296.0 15780995.0
1297.0 15884338.0
1298.0 15592558.0
1299.0 16058602.0
1300.0 17464692.0
1301.0 19417082.0
1302.0 21001800.0
1303.0 22540136.0
1304.0 24061896.0
1305.0 25158960.0
1306.0 27841652.0
1307.0 31007702.0
1308.0 33834012.0
1309.0 33378856.0
1310.0 31959250.0
1311.0 31305156.0
1312.0 30364244.0
1313.0 30896978.0
1314.0 31801176.0
1315.0 32277228.0
1316.0 33414528.0
1317.0 34257840.0
1318.0 34729040.0
1319.0 35232664.0
1320.0 34987844.0
1321.0 36911364.0
1322.0 38654172.0
1323.0 40308612.0
1324.0 41593390.0
1325.0 45284636.0
1326.0 49588720.0
1327.0 53983730.0
1328.0 57193324.0
1329.0 60488516.0
1330.0 62198310.0
1331.0 64506384.0
1332.0 67113110.0
1333.0 68979010.0
1334.0 68869140.0
1335.0 68368890.0
1336.0 67961350.0
1337.0 68603176.0
1338.0 70318840.0
1339.0 68985620.0
1340.0 65683140.0
1341.0 61351730.0
1342.0 57636840.0
1343.0 54234556.0
1344.0 52907150.0
1345.0 51495770.0
1346.0 49584860.0
1347.0 49937550.0
1348.0 51078440.0
1349.0 51260600.0
1350.0 53349380.0
1351.0 56338790.0
1352.0 59759100.0
1353.0 61498340.0
1354.0 62762440.0
1355.0 63640230.0
1356.0 64129376.0
1357.0 61718880.0
1358.0 61145216.0
1359.0 62993530.0
1360.0 63924000.0
1361.0 69164350.0
1362.0 77819890.0
1363.0 86664800.0
1364.0 99060900.0
1365.0 116565450.0
1366.0 133348700.0
1367.0 153988600.0
1368.0 174745420.0
1369.0 193049500.0
1370.0 210616320.0
1371.0 222929620.0
1372.0 225400400.0
1373.0 220658860.0
1374.0 204492660.0
1375.0 183703100.0
1376.0 162657630.0
1377.0 145093140.0
1378.0 135079020.0
1379.0 127480810.0
1380.0 119573640.0
1381.0 110891170.0
1382.0 105661450.0
1383.0 101436340.0
1384.0 96596110.0
1385.0 89314210.0
1386.0 81399820.0
1387.0 73397410.0
1388.0 67277870.0
1389.0 61119460.0
1390.0 53114384.0
1391.0 47496010.0
1392.0 43665630.0
1393.0 40370944.0
1394.0 38164540.0
1395.0 37367404.0
1396.0 39642110.0
1397.0 45600604.0
1398.0 52336624.0
1399.0 56962450.0
1400.0 62158060.0
1401.0 68137850.0
1402.0 75350296.0
1403.0 83691150.0
1404.0 94469310.0
1405.0 110268350.0
1406.0 128499670.0
1407.0 144807330.0
1408.0 167803220.0
1409.0 197470340.0
1410.0 219500100.0
1411.0 243076200.0
1412.0 264733020.0
1413.0 280960500.0
1414.0 286125200.0
1415.0 283622800.0
1416.0 265006320.0
1417.0 227356300.0
1418.0 181054600.0
1419.0 136166180.0
1420.0 97624150.0
1421.0 71620370.0
1422.0 52961740.0
1423.0 40684856.0
1424.0 34086180.0
1425.0 30000036.0
1426.0 25730258.0
1427.0 21994536.0
1428.0 19936968.0
1429.0 16894168.0
1430.0 14314672.0
1431.0 12145821.0
1432.0 10777468.0
1433.0 9934491.0
1434.0 9212664.0
1435.0 9080553.0
1436.0 9700648.0
1437.0 9596578.0
1438.0 9388584.0
1439.0 9655229.0
1440.0 9447464.0
1441.0 9084147.0
1442.0 9584896.0
1443.0 9740902.0
1444.0 9389521.0
1445.0 9499316.0
1446.0 10137782.0
1447.0 10778658.0
1448.0 11354608.0
1449.0 12588609.0
1450.0 13662291.0
1451.0 14175676.0
1452.0 14770040.0
1453.0 15785085.0
1454.0 16477729.0
1455.0 17018998.0
1456.0 17560592.0
1457.0 18475234.0
1458.0 19372394.0
1459.0 20380812.0
1460.0 21146268.0
1461.0 20318094.0
1462.0 21170708.0
1463.0 20880886.0
1464.0 19457452.0
1465.0 20166640.0
1466.0 20274112.0
1467.0 20086636.0
1468.0 19523688.0
1469.0 20077316.0
1470.0 20293318.0
1471.0 20795436.0
1472.0 20908754.0
1473.0 20621114.0
1474.0 20331534.0
1475.0 19916394.0
1476.0 19319856.0
1477.0 18765964.0
1478.0 18691012.0
1479.0 19147938.0
1480.0 19373372.0
1481.0 21564758.0
1482.0 24501940.0
1483.0 26992252.0
1484.0 29915604.0
1485.0 32759150.0
1486.0 35936656.0
1487.0 38798444.0
1488.0 41599244.0
1489.0 45466670.0
1490.0 49181260.0
1491.0 52191976.0
1492.0 54564316.0
1493.0 56503600.0
1494.0 55480760.0
1495.0 54298544.0
1496.0 53332176.0
1497.0 52962810.0
1498.0 52555124.0
1499.0 50167476.0
1500.0 45642790.0
1501.0 40036600.0
1502.0 34339876.0
1503.0 29615060.0
1504.0 27720200.0
1505.0 26021742.0
1506.0 25198056.0
1507.0 25288282.0
1508.0 26499690.0
1509.0 27467416.0
1510.0 29935084.0
1511.0 33103822.0
1512.0 34867690.0
1513.0 37501216.0
1514.0 38638468.0
1515.0 40455636.0
1516.0 42382290.0
1517.0 46892810.0
1518.0 50943696.0
1519.0 53385976.0
1520.0 55260400.0
1521.0 57393576.0
1522.0 59193016.0
1523.0 62085036.0
1524.0 66395716.0
1525.0 70049950.0
1526.0 73564984.0
1527.0 75732620.0
1528.0 76925050.0
1529.0 74414530.0
1530.0 71332650.0
1531.0 63561400.0
1532.0 57369960.0
1533.0 51411230.0
1534.0 43082880.0
1535.0 33623668.0
1536.0 28703180.0
1537.0 25489540.0
1538.0 23756360.0
1539.0 22588268.0
1540.0 23126032.0
1541.0 24654922.0
1542.0 26755244.0
1543.0 28932742.0
1544.0 30379358.0
1545.0 32095488.0
1546.0 34847770.0
1547.0 40946276.0
1548.0 45737624.0
1549.0 51146860.0
1550.0 55914956.0
1551.0 58534100.0
1552.0 60892940.0
1553.0 62648176.0
1554.0 64759184.0
1555.0 70158110.0
1556.0 75658500.0
1557.0 79200700.0
1558.0 82124296.0
1559.0 79942820.0
1560.0 74112620.0
1561.0 64847430.0
1562.0 56436236.0
1563.0 49570976.0
1564.0 42603664.0
1565.0 41682404.0
1566.0 41238948.0
1567.0 42339530.0
1568.0 44167544.0
1569.0 43337040.0
1570.0 41901176.0
1571.0 39672384.0
1572.0 39068344.0
1573.0 37175480.0
1574.0 34154684.0
1575.0 29022128.0
1576.0 24453196.0
1577.0 20709394.0
1578.0 18041510.0
1579.0 16854298.0
1580.0 15075425.0
1581.0 15039528.0
1582.0 15873726.0
1583.0 16132920.0
1584.0 16371432.0
1585.0 16241484.0
1586.0 16716764.0
1587.0 17309422.0
1588.0 17876962.0
1589.0 18145006.0
1590.0 17689942.0
1591.0 17426146.0
1592.0 16381049.0
1593.0 16302756.0
1594.0 16753395.0
1595.0 16043168.0
1596.0 14985209.0
1597.0 15078374.0
1598.0 15315704.0
1599.0 14935428.0
1600.0 15073611.0
1601.0 15121205.0
1602.0 15745042.0
1603.0 17442280.0
1604.0 19053530.0
1605.0 19816996.0
1606.0 20635678.0
1607.0 22539204.0
1608.0 23918596.0
1609.0 26501452.0
1610.0 29021278.0
1611.0 30590158.0
1612.0 34434310.0
1613.0 38582900.0
1614.0 42094270.0
1615.0 44136890.0
1616.0 46016456.0
1617.0 47666690.0
1618.0 48248064.0
1619.0 50338104.0
1620.0 53027350.0
1621.0 56617176.0
1622.0 61990150.0
1623.0 65599670.0
1624.0 70031910.0
1625.0 72434180.0
1626.0 71504910.0
1627.0 67191970.0
1628.0 61817830.0
1629.0 51931490.0
1630.0 41073096.0
1631.0 31521036.0
1632.0 24202698.0
1633.0 18928918.0
1634.0 15462640.0
1635.0 13753658.0
1636.0 12861988.0
1637.0 11696845.0
1638.0 11927875.0
1639.0 12580740.0
1640.0 11996165.0
1641.0 11682129.0
1642.0 12256740.0
1643.0 11833304.0
1644.0 11746995.0
1645.0 12056284.0
1646.0 11588068.0
1647.0 11608322.0
1648.0 11491369.0
1649.0 11728041.0
1650.0 11904802.0
1651.0 10351362.0
1652.0 10265979.0
1653.0 10719106.0
1654.0 10926086.0
1655.0 10462804.0
1656.0 9970311.0
1657.0 8623053.0
1658.0 7828545.5
1659.0 8520900.0
1660.0 9191794.0
1661.0 8552898.0
1662.0 7518274.5
1663.0 8019138.0
1664.0 8806132.0
1665.0 8835278.0
1666.0 8883929.0
1667.0 8419744.0
1668.0 8355437.5
1669.0 8854305.0
1670.0 9540657.0
1671.0 10468232.0
1672.0 11624178.0
1673.0 12079886.0
1674.0 11743465.0
1675.0 11804014.0
1676.0 12038759.0
1677.0 12940444.0
1678.0 14634525.0
1679.0 15815642.0
1680.0 15856558.0
1681.0 15356685.0
1682.0 15343296.0
1683.0 15329929.0
1684.0 13902232.0
1685.0 14009276.0
1686.0 13169976.0
1687.0 12302546.0
1688.0 11786674.0
1689.0 12530086.0
1690.0 14086400.0
1691.0 15134086.0
1692.0 16205136.0
1693.0 16382094.0
1694.0 15618721.0
1695.0 14730078.0
1696.0 14232151.0
1697.0 15012606.0
1698.0 17121192.0
1699.0 18957774.0
1700.0 19780618.0
1701.0 19806592.0
1702.0 19984584.0
1703.0 19215558.0
1704.0 17241420.0
1705.0 15858831.0
1706.0 15598092.0
1707.0 15366894.0
1708.0 14394350.0
1709.0 14438586.0
1710.0 15421329.0
1711.0 15938464.0
1712.0 15271271.0
1713.0 14146041.0
1714.0 13703468.0
1715.0 12975464.0
1716.0 11517596.0
1717.0 11889786.0
1718.0 11575124.0
1719.0 9919308.0
1720.0 8212140.0
1721.0 6628002.5
1722.0 5195016.0
1723.0 3936172.8
1724.0 3512271.5
1725.0 2892152.0
1726.0 2332081.0
1727.0 2511054.2
1728.0 2965880.2
1729.0 2952443.0
1730.0 2651583.8
1731.0 2746124.0
1732.0 3137408.5
1733.0 3509951.5
1734.0 3676856.2
1735.0 3888687.5
1736.0 4053734.8
1737.0 4246943.0
1738.0 4382785.5
1739.0 4720107.0
1740.0 4830829.5
1741.0 4684025.5
1742.0 4840909.5
1743.0 5044993.5
1744.0 5214367.0
1745.0 4948516.0
1746.0 4691911.0
1747.0 4944513.0
1748.0 4520194.0
1749.0 4247547.0
1750.0 4081410.0
1751.0 3947462.2
1752.0 3931383.5
1753.0 3550764.8
1754.0 3371637.2
1755.0 3150206.0
1756.0 3091512.2
1757.0 3756439.8
1758.0 4121498.5
1759.0 3997070.2
1760.0 4563905.5
1761.0 4727591.5
1762.0 5319003.0
1763.0 5423687.5
1764.0 5254340.0
1765.0 5358403.0
1766.0 6251034.0
1767.0 6773749.5
1768.0 6189494.5
1769.0 5292135.0
1770.0 4985084.5
1771.0 5493694.5
1772.0 5546531.0
1773.0 5723149.0
1774.0 5792345.5
1775.0 5623557.0
1776.0 5702627.0
1777.0 5456225.0
1778.0 5013496.5
1779.0 4888158.5
1780.0 4672023.0
1781.0 3967839.8
1782.0 4240828.0
1783.0 4272990.5
1784.0 4342814.5
1785.0 4132830.2
1786.0 4140770.0
1787.0 4137423.5
1788.0 3827262.0
1789.0 4007912.0
1790.0 4438947.0
1791.0 4644171.5
1792.0 5423650.5
1793.0 5412648.0
1794.0 5659026.0
1795.0 5689709.0
1796.0 5300674.0
1797.0 5319590.5
1798.0 5457281.0
1799.0 6400146.0
1800.0 6231244.5
1801.0 5947782.5
1802.0 5921195.0
1803.0 6120960.5
1804.0 5660191.0
1805.0 5471272.5
1806.0 5428274.0
1807.0 5574507.0
1808.0 5281190.0
1809.0 4067836.2
1810.0 3704097.5
1811.0 4192896.0
1812.0 3827797.2
1813.0 3105801.5
1814.0 3156667.8
1815.0 2798004.5
1816.0 3309083.0
1817.0 3716649.5
1818.0 3440289.0
1819.0 3229264.8
1820.0 3596804.5
1821.0 3954361.2
1822.0 5002452.5
1823.0 5076439.0
1824.0 4731076.0
1825.0 5122693.0
1826.0 5465767.5
1827.0 6460584.0
1828.0 7072989.5
1829.0 7027798.0
1830.0 7164779.0
1831.0 7540004.5
1832.0 7503565.0
1833.0 8430728.0
1834.0 8191067.0
1835.0 7599704.0
1836.0 7347459.5
1837.0 7425071.0
1838.0 6711824.0
1839.0 6022014.5
1840.0 6026575.0
1841.0 6540019.0
1842.0 6935972.5
1843.0 6897427.0
1844.0 7956090.0
1845.0 8116831.0
1846.0 8179722.0
1847.0 8580431.0
1848.0 9513313.0
1849.0 10389161.0
1850.0 11194791.0
1851.0 11349072.0
1852.0 11367296.0
1853.0 11874245.0
1854.0 12317352.0
1855.0 11480405.0
1856.0 10137894.0
1857.0 10855511.0
1858.0 10879262.0
1859.0 10687901.0
1860.0 9820597.0
1861.0 10080016.0
1862.0 9575762.0
1863.0 8807928.0
1864.0 8599732.0
1865.0 7991062.0
1866.0 7419061.0
1867.0 7155832.5
1868.0 6730980.5
1869.0 6746330.5
1870.0 6475334.0
1871.0 6563247.0
1872.0 7238792.5
1873.0 8132451.0
1874.0 8533054.0
1875.0 9470506.0
1876.0 9580746.0
1877.0 9768706.0
1878.0 9723304.0
1879.0 9760661.0
1880.0 9268026.0
1881.0 9818987.0
1882.0 9888332.0
1883.0 9575179.0
1884.0 8782541.0
1885.0 7875509.5
1886.0 7808514.0
1887.0 7399384.0
1888.0 7247274.0
1889.0 6005987.0
1890.0 4667300.5
1891.0 4337089.5
1892.0 4448424.5
1893.0 4537627.0
1894.0 4671428.0
1895.0 5447324.0
1896.0 5562339.0
1897.0 5867909.5
1898.0 6332671.0
1899.0 7786120.5
1900.0 9393791.0
1901.0 10944484.0
1902.0 11395129.0
1903.0 12868172.0
1904.0 14260394.0
1905.0 15474620.0
1906.0 15893951.0
1907.0 17232588.0
1908.0 18917488.0
1909.0 19262856.0
1910.0 20189664.0
1911.0 21176844.0
1912.0 20386896.0
1913.0 18449650.0
1914.0 16021960.0
1915.0 13399654.0
1916.0 11175636.0
1917.0 8055624.0
1918.0 6499004.0
1919.0 5157773.0
1920.0 4778791.5
1921.0 4402202.5
1922.0 4879007.0
1923.0 5518729.5
1924.0 6206734.5
1925.0 6941287.5
1926.0 8169570.5
1927.0 8335929.5
1928.0 8227360.0
1929.0 9806344.0
1930.0 11077275.0
1931.0 11827424.0
1932.0 13119981.0
1933.0 13544815.0
1934.0 14262694.0
1935.0 14649048.0
1936.0 16719385.0
1937.0 17784356.0
1938.0 16327699.0
1939.0 15386522.0
1940.0 13908855.0
1941.0 11059534.0
1942.0 7206722.5
1943.0 5681577.0
1944.0 4215487.0
1945.0 3104332.8
1946.0 2689219.0
1947.0 2905934.5
1948.0 2483565.2
1949.0 2246887.0
1950.0 2162458.0
1951.0 2053827.2
1952.0 2112568.5
1953.0 1626629.8
1954.0 1202773.4
1955.0 1227199.8
1956.0 806224.25
1957.0 920663.7
1958.0 1126974.8
1959.0 1047890.6
1960.0 763689.9
1961.0 775312.44
1962.0 931898.7
1963.0 926942.8
1964.0 1114540.5
1965.0 912813.8
1966.0 1181211.0
1967.0 1332515.6
1968.0 1041200.4
1969.0 1156443.2
1970.0 1502261.4
1971.0 1292858.2
1972.0 1001602.9
1973.0 1103680.6
1974.0 1350965.1
1975.0 1199181.4
1976.0 875711.2
1977.0 1156095.9
1978.0 1443776.1
1979.0 1690793.9
1980.0 1379116.0
1981.0 1281822.0
1982.0 1490986.4
1983.0 1269591.8
1984.0 1199071.8
1985.0 1571400.6
1986.0 1544708.9
1987.0 1634119.5
1988.0 1699544.0
1989.0 1434302.6
1990.0 1474595.0
1991.0 1372582.8
1992.0 1737996.1
1993.0 1699098.8
1994.0 1669417.8
1995.0 1689036.8
1996.0 1947772.0
1997.0 1911576.0
1998.0 1601533.5
1999.0 1402625.6
2000.0 1337060.2
2001.0 1671842.2
2002.0 1578430.0
2003.0 1678917.2
2004.0 1435569.2
2005.0 1273057.6
2006.0 1608020.2
2007.0 1969599.2
2008.0 2119697.2
2009.0 2223108.8
2010.0 2082383.5
2011.0 2009392.5
2012.0 1757885.0
2013.0 2144239.8
2014.0 2218382.8
2015.0 2240948.8
2016.0 1931197.4
2017.0 2190830.8
2018.0 1806452.5
2019.0 1792979.4
2020.0 1774682.4
2021.0 799956.94
2022.0 -837094.75
2023.0 -2453729.8
2024.0 -4217851.0
2025.0 -5463332.5
2026.0 -7119239.0
2027.0 -8652285.0
2028.0 -10119525.0
2029.0 -12038350.0
2030.0 -14074475.0
2031.0 -16001336.0
2032.0 -17993502.0
2033.0 -20137376.0
2034.0 -22086156.0
2035.0 -24066892.0
2036.0 -26122990.0
2037.0 -28359784.0
2038.0 -30106340.0
2039.0 0.0
2040.0 0.0
2041.0 0.0
2042.0 0.0
2043.0 0.0
2044.0 0.0
2045.0 0.0
2046.0 0.0
2047.0 0.0
