string
0.0 1519931.9
1.0 1697935.0
2.0 2014663.6
3.0 2199132.0
4.0 1968256.9
5.0 2028478.9
6.0 1841688.6
7.0 2304354.8
8.0 2884032.0
9.0 2577167.8
10.0 2268764.0
11.0 2149806.0
12.0 2201150.2
13.0 2308580.2
14.0 2577059.0
15.0 2394878.5
16.0 2282495.5
17.0 2059932.0
18.0 2314999.0
19.0 2823355.2
20.0 2523923.5
21.0 2285097.0
22.0 2264993.0
23.0 2577447.0
24.0 2265330.0
25.0 1820777.4
26.0 1866349.2
27.0 1846961.1
28.0 1782896.0
29.0 2120639.8
30.0 2434996.0
31.0 2393584.8
32.0 2707634.5
33.0 2536798.2
34.0 2278817.2
35.0 1987577.2
36.0 2136280.5
37.0 2419069.5
38.0 2881192.0
39.0 3081480.0
40.0 3287983.0
41.0 3067704.5
42.0 2929988.0
43.0 2749936.2
44.0 3227237.0
45.0 3757683.0
46.0 2948810.5
47.0 2414927.2
48.0 2221587.8
49.0 1757940.8
50.0 1774502.0
51.0 1451024.0
52.0 1146938.5
53.0 1541658.9
54.0 1868277.6
55.0 1736844.0
56.0 1973944.8
57.0 2193481.0
58.0 1828898.9
59.0 2229206.0
60.0 2553270.5
61.0 3130295.5
62.0 4156434.5
63.0 4409782.0
64.0 4579722.5
65.0 3637396.2
66.0 2811196.0
67.0 2363483.0
68.0 2225693.5
69.0 2385125.8
70.0 2521055.2
71.0 2471492.2
72.0 2697077.5
73.0 2599647.2
74.0 2884261.2
75.0 3340372.8
76.0 4052960.2
77.0 3787518.8
78.0 4246619.0
79.0 4292287.5
80.0 4284742.0
81.0 4569871.5
82.0 5204448.0
83.0 5145311.0
84.0 4005142.0
85.0 3748354.0
86.0 3452557.5
87.0 3030147.5
88.0 3346756.5
89.0 3480862.0
90.0 4080868.5
91.0 4205597.5
92.0 3911206.0
93.0 3531355.5
94.0 3412899.5
95.0 3987884.5
96.0 5526153.0
97.0 8339017.5
98.0 9424721.0
99.0 8906016.0
100.0 5993562.0
101.0 3395078.8
102.0 1756576.2
103.0 1460686.9
104.0 1358021.1
105.0 1251527.1
106.0 1514412.5
107.0 1554457.8
108.0 1246099.9
109.0 1707433.1
110.0 1888455.5
111.0 1760558.6
112.0 1653517.2
113.0 1363561.0
114.0 1377390.2
115.0 1677811.5
116.0 1758527.5
117.0 2884017.2
118.0 4153407.0
119.0 4574448.5
120.0 3981716.2
121.0 4338102.0
122.0 5129533.0
123.0 7246995.5
124.0 8164815.0
125.0 8086965.0
126.0 7119268.0
127.0 5329947.5
128.0 5125146.0
129.0 6115254.5
130.0 7666900.0
131.0 8068785.0
132.0 6354821.0
133.0 3722875.5
134.0 2285295.2
135.0 1567067.0
136.0 1220557.2
137.0 1131645.9
138.0 715874.9
139.0 859052.8
140.0 728389.75
141.0 647749.56
142.0 849308.6
143.0 593757.44
144.0 502021.75
145.0 577350.7
146.0 995591.1
147.0 1081146.8
148.0 896842.9
149.0 1066289.2
150.0 762792.5
151.0 776606.8
152.0 494142.97
153.0 611424.06
154.0 871001.6
155.0 1130422.6
156.0 1433786.4
157.0 2549595.5
158.0 4854689.0
159.0 7580312.5
160.0 8909550.0
161.0 8042354.0
162.0 6569670.5
163.0 4702229.5
164.0 3667587.8
165.0 3178555.0
166.0 2829879.8
167.0 2860483.8
168.0 3175779.5
169.0 3755488.0
170.0 3906932.0
171.0 4524062.0
172.0 4977931.5
173.0 4582195.5
174.0 3638558.5
175.0 3613914.0
176.0 3178752.8
177.0 3433759.5
178.0 4488243.0
179.0 6613676.0
180.0 10364008.0
181.0 14472391.0
182.0 17945698.0
183.0 17781774.0
184.0 15462200.0
185.0 10920515.0
186.0 7044425.0
187.0 4861552.0
188.0 3249568.5
189.0 3079438.0
190.0 2819354.5
191.0 2538063.2
192.0 1827110.2
193.0 1519629.2
194.0 1435930.2
195.0 1221039.6
196.0 1276386.6
197.0 1225678.4
198.0 1400796.0
199.0 1292214.2
200.0 1051175.1
201.0 1045371.94
202.0 1361501.4
203.0 1043661.9
204.0 1043353.2
205.0 887244.06
206.0 994824.5
207.0 1434424.4
208.0 1379667.0
209.0 1273904.4
210.0 1595387.0
211.0 1486379.0
212.0 1685457.2
213.0 1474225.1
214.0 1678292.4
215.0 2158370.2
216.0 2862865.5
217.0 4957088.5
218.0 8154104.5
219.0 11008908.0
220.0 13493084.0
221.0 13359096.0
222.0 10191790.0
223.0 7185787.0
224.0 4934624.0
225.0 3796164.0
226.0 2786048.5
227.0 2572075.5
228.0 2332042.2
229.0 2177450.5
230.0 1639451.1
231.0 1269777.6
232.0 1081478.2
233.0 817492.1
234.0 909229.94
235.0 925230.06
236.0 1047003.44
237.0 982741.3
238.0 929121.0
239.0 1016638.5
240.0 925101.56
241.0 887710.75
242.0 971269.94
243.0 830899.94
244.0 1090440.5
245.0 1413689.4
246.0 1767179.4
247.0 2623547.8
248.0 3273337.8
249.0 3694018.8
250.0 4940502.0
251.0 5788073.0
252.0 7917767.5
253.0 9496040.0
254.0 9015552.0
255.0 7166097.0
256.0 4009182.5
257.0 2135301.5
258.0 1748439.8
259.0 1406946.5
260.0 1664869.5
261.0 1363513.0
262.0 1163677.8
263.0 1017462.25
264.0 925718.1
265.0 927602.0
266.0 1076071.4
267.0 1109310.5
268.0 907473.75
269.0 660854.6
270.0 751152.9
271.0 813318.4
272.0 895177.56
273.0 872883.4
274.0 911029.9
275.0 649046.94
276.0 896909.9
277.0 778319.1
278.0 900247.6
279.0 962557.44
280.0 1057526.2
281.0 956134.44
282.0 1083744.8
283.0 1015206.3
284.0 1171736.5
285.0 895184.3
286.0 798098.6
287.0 886831.1
288.0 1009984.6
289.0 1001750.9
290.0 982829.1
291.0 889868.06
292.0 756992.9
293.0 764346.75
294.0 940174.44
295.0 1374319.5
296.0 1616456.1
297.0 1418359.2
298.0 1219438.0
299.0 1470989.4
300.0 1708746.8
301.0 1648463.9
302.0 1386119.8
303.0 1347295.6
304.0 1314640.1
305.0 1248244.0
306.0 1306911.0
307.0 1403465.8
308.0 1797268.6
309.0 1543977.5
310.0 944578.0
311.0 1127832.0
312.0 1062741.1
313.0 1296242.8
314.0 1461790.8
315.0 1523994.4
316.0 1629950.6
317.0 1914515.0
318.0 2314544.5
319.0 2302411.0
320.0 2264112.8
321.0 2745582.0
322.0 2467757.2
323.0 1830502.0
324.0 1921952.8
325.0 1932223.6
326.0 1779614.4
327.0 2139893.2
328.0 2142193.0
329.0 3242013.5
330.0 4066904.0
331.0 5612239.5
332.0 6579728.0
333.0 7262660.5
334.0 6921712.0
335.0 5946750.5
336.0 3869385.5
337.0 2843544.0
338.0 2297516.2
339.0 2149018.5
340.0 1740289.4
341.0 1550775.2
342.0 1852669.0
343.0 1876110.8
344.0 1464674.4
345.0 1192382.9
346.0 1216102.6
347.0 991298.06
348.0 918992.2
349.0 1162557.4
350.0 1098574.6
351.0 973715.4
352.0 982778.44
353.0 1217528.6
354.0 1125622.4
355.0 1296472.2
356.0 1199101.6
357.0 1448383.2
358.0 1369569.9
359.0 1957695.8
360.0 2223717.8
361.0 2300935.2
362.0 1571492.6
363.0 1728321.4
364.0 2013648.1
365.0 2257283.0
366.0 2996994.5
367.0 3677501.0
368.0 4697000.5
369.0 5140729.5
370.0 4653687.5
371.0 3109502.0
372.0 2483762.0
373.0 2465673.0
374.0 2101818.8
375.0 1596701.4
376.0 1658146.9
377.0 1646091.9
378.0 1528610.2
379.0 1486937.6
380.0 1549647.8
381.0 1612224.4
382.0 1790187.0
383.0 1598534.5
384.0 1178832.1
385.0 1297792.8
386.0 1250558.6
387.0 1074641.4
388.0 1034488.44
389.0 1043025.7
390.0 1391845.8
391.0 1487185.1
392.0 1458069.8
393.0 1717143.6
394.0 1990789.0
395.0 2276727.2
396.0 3002607.5
397.0 2828878.0
398.0 3298128.0
399.0 2984145.2
400.0 2195037.2
401.0 2007399.8
402.0 1837023.5
403.0 1863242.6
404.0 1946429.2
405.0 2167213.0
406.0 2551641.5
407.0 2844658.8
408.0 3112777.2
409.0 3346705.2
410.0 3501638.8
411.0 2744772.8
412.0 2012086.2
413.0 1861515.6
414.0 2049995.0
415.0 2832290.0
416.0 3705632.5
417.0 4271087.0
418.0 4249791.0
419.0 4000113.8
420.0 3718533.0
421.0 2561573.0
422.0 1527791.5
423.0 1416631.2
424.0 1679670.5
425.0 1666269.0
426.0 945265.3
427.0 1072032.9
428.0 1136306.5
429.0 1119177.4
430.0 1853498.5
431.0 2172452.8
432.0 2354960.5
433.0 2376864.0
434.0 2118147.5
435.0 1421540.5
436.0 1467392.0
437.0 2302279.5
438.0 2738349.0
439.0 2662087.0
440.0 1951574.5
441.0 1489425.1
442.0 1306988.2
443.0 1251580.9
444.0 1153606.5
445.0 1133316.1
446.0 1248932.5
447.0 1282945.1
448.0 1490710.5
449.0 1810204.9
450.0 1959237.2
451.0 2211728.5
452.0 2333347.8
453.0 2062515.0
454.0 2170188.0
455.0 2050549.2
456.0 1468178.5
457.0 1633941.1
458.0 1727178.2
459.0 1336017.2
460.0 1310301.0
461.0 1227664.9
462.0 1543904.8
463.0 2336922.0
464.0 2607273.5
465.0 3386880.0
466.0 3676577.8
467.0 3250318.8
468.0 2456659.8
469.0 2185308.0
470.0 2442945.2
471.0 2228689.8
472.0 2339700.5
473.0 2597223.0
474.0 2424688.8
475.0 2102134.5
476.0 1919310.2
477.0 1853525.5
478.0 1378190.1
479.0 974241.3
480.0 1314335.1
481.0 1525305.2
482.0 1472238.5
483.0 1575424.2
484.0 1164029.5
485.0 926502.9
486.0 989629.4
487.0 1141999.4
488.0 1112232.0
489.0 759432.25
490.0 691954.75
491.0 751031.3
492.0 836494.4
493.0 955560.94
494.0 1123069.2
495.0 851433.5
496.0 696245.0
497.0 833019.94
498.0 895762.0
499.0 1245367.8
500.0 1235062.2
501.0 1279492.9
502.0 1431966.9
503.0 1513115.6
504.0 1749877.0
505.0 2045166.1
506.0 2147640.2
507.0 2365991.5
508.0 1889204.9
509.0 1814907.0
510.0 2043011.5
511.0 1785243.2
512.0 1548626.8
513.0 1603738.1
514.0 1422493.0
515.0 1334382.4
516.0 1246873.2
517.0 1212930.6
518.0 1403994.5
519.0 1375695.6
520.0 1117396.6
521.0 1148444.0
522.0 1507122.0
523.0 1623581.5
524.0 1156584.1
525.0 1019353.4
526.0 915459.1
527.0 1075759.2
528.0 996335.1
529.0 944079.25
530.0 1559313.1
531.0 1785412.4
532.0 1359832.5
533.0 1451913.8
534.0 1752400.2
535.0 2239583.0
536.0 2582127.2
537.0 3124937.2
538.0 3389861.5
539.0 3398167.5
540.0 2806587.0
541.0 2554520.5
542.0 2047166.9
543.0 1634048.1
544.0 1331532.6
545.0 1418960.5
546.0 1494233.2
547.0 1138660.9
548.0 1251954.5
549.0 1181024.2
550.0 1091089.6
551.0 978161.75
552.0 1308059.0
553.0 1513307.2
554.0 1377405.0
555.0 1290664.5
556.0 1334871.8
557.0 1881570.0
558.0 2114815.8
559.0 2154895.5
560.0 1871703.8
561.0 1789269.4
562.0 1883011.9
563.0 1728295.0
564.0 1469224.4
565.0 1203119.2
566.0 1025368.44
567.0 1127319.5
568.0 1361868.9
569.0 1469861.8
570.0 1576336.1
571.0 1291495.4
572.0 1090921.0
573.0 1250248.5
574.0 1392755.1
575.0 994143.75
576.0 896514.75
577.0 1032010.1
578.0 1151380.4
579.0 1283801.6
580.0 1515863.8
581.0 1877128.5
582.0 1851385.8
583.0 1515571.1
584.0 1230606.8
585.0 1272932.2
586.0 1398224.9
587.0 1532338.5
588.0 1543082.6
589.0 1675441.5
590.0 1511406.8
591.0 939680.1
592.0 938350.1
593.0 1274584.2
594.0 1107651.1
595.0 1098569.5
596.0 879065.5
597.0 810018.06
598.0 1101456.9
599.0 1384757.0
600.0 1457924.5
601.0 1292799.8
602.0 1062268.0
603.0 932314.7
604.0 1160001.4
605.0 1313700.0
606.0 1116949.0
607.0 1107619.0
608.0 935394.75
609.0 1049136.8
610.0 1241104.1
611.0 1073446.2
612.0 1165011.6
613.0 1609089.8
614.0 1799320.1
615.0 1527477.4
616.0 1196605.5
617.0 1273949.5
618.0 946068.9
619.0 985208.4
620.0 990652.5
621.0 1244455.5
622.0 932109.75
623.0 1127909.0
624.0 1333995.6
625.0 1299313.5
626.0 1575547.0
627.0 1622359.2
628.0 1470893.6
629.0 1457606.2
630.0 1376606.0
631.0 1151571.4
632.0 1078941.2
633.0 912923.6
634.0 901154.5
635.0 1106496.8
636.0 1271271.5
637.0 1387978.6
638.0 1152059.2
639.0 974628.4
640.0 1366842.2
641.0 1198386.5
642.0 1268636.5
643.0 1289603.4
644.0 1319210.1
645.0 1417100.0
646.0 1317286.0
647.0 1081128.4
648.0 1009481.6
649.0 1390991.1
650.0 1545474.2
651.0 1371005.1
652.0 968270.7
653.0 1025305.5
654.0 1109355.1
655.0 1194337.6
656.0 1417527.5
657.0 1586387.2
658.0 1284187.8
659.0 1323996.1
660.0 1546284.9
661.0 1582709.5
662.0 1634467.2
663.0 1259255.9
664.0 1194413.2
665.0 1254100.2
666.0 1353726.5
667.0 1132795.8
668.0 1474259.5
669.0 1649182.8
670.0 1491609.2
671.0 1236321.4
672.0 1293483.2
673.0 1418350.1
674.0 1739788.0
675.0 1729764.9
676.0 1746036.2
677.0 1723171.0
678.0 1249475.2
679.0 1016438.6
680.0 921565.56
681.0 1014642.0
682.0 1168548.4
683.0 1362600.5
684.0 1416734.9
685.0 1328590.1
686.0 1224058.2
687.0 1362459.0
688.0 1485630.8
689.0 1513700.1
690.0 1016953.8
691.0 1193843.9
692.0 1441017.5
693.0 1140383.2
694.0 1200765.6
695.0 1377254.8
696.0 1531131.4
697.0 1571103.1
698.0 1219983.6
699.0 1244517.0
700.0 1379716.1
701.0 1498313.6
702.0 912611.94
703.0 1198152.6
704.0 1071333.2
705.0 1526001.9
706.0 1747168.1
707.0 1586015.2
708.0 1103333.9
709.0 834232.0
710.0 827224.5
711.0 1237711.4
712.0 1486365.6
713.0 1368467.2
714.0 1272694.0
715.0 1374537.0
716.0 1348285.8
717.0 1121904.2
718.0 1068608.6
719.0 1075153.2
720.0 913789.75
721.0 872117.9
722.0 868418.06
723.0 978307.56
724.0 1013011.1
725.0 1227141.5
726.0 1366233.1
727.0 1122419.8
728.0 1187359.5
729.0 1336721.0
730.0 1185768.5
731.0 992593.75
732.0 984866.8
733.0 1123883.6
734.0 1236794.8
735.0 1219478.8
736.0 927780.0
737.0 964094.9
738.0 1143468.6
739.0 842318.75
740.0 995280.94
741.0 1528943.2
742.0 1602603.6
743.0 1413080.6
744.0 1333074.5
745.0 1426870.2
746.0 1236200.1
747.0 1209546.9
748.0 1499327.6
749.0 1717097.6
750.0 2257926.5
751.0 2081334.5
752.0 1842757.5
753.0 1497907.8
754.0 1556374.2
755.0 1105138.1
756.0 1312669.9
757.0 1142045.5
758.0 1029290.25
759.0 966863.7
760.0 1030293.5
761.0 1114634.0
762.0 1394312.0
763.0 1385371.9
764.0 1369393.5
765.0 1111624.8
766.0 1010473.9
767.0 1184578.9
768.0 1005411.2
769.0 1177407.4
770.0 1201399.5
771.0 1085346.4
772.0 1199799.2
773.0 893529.06
774.0 957524.4
775.0 977782.6
776.0 1108600.1
777.0 1041877.4
778.0 890066.94
779.0 888580.56
780.0 1134869.1
781.0 1127825.5
782.0 1290580.2
783.0 1042034.44
784.0 920622.8
785.0 1015699.4
786.0 1401179.0
787.0 1275311.0
788.0 1327354.8
789.0 1026677.44
790.0 947346.5
791.0 1149716.5
792.0 1032508.0
793.0 1024545.56
794.0 1165815.5
795.0 1450364.4
796.0 1674228.2
797.0 1623263.0
798.0 1629062.0
799.0 1681738.9
800.0 1758695.2
801.0 1366984.8
802.0 1250745.8
803.0 1173238.2
804.0 1391241.5
805.0 1528826.0
806.0 1931013.1
807.0 1683884.9
808.0 1259442.4
809.0 848514.9
810.0 795887.1
811.0 860159.3
812.0 1171132.6
813.0 880951.9
814.0 872034.94
815.0 1228114.0
816.0 1110487.0
817.0 1100171.5
818.0 1422424.9
819.0 1300307.0
820.0 1138831.1
821.0 1401177.8
822.0 1286363.0
823.0 1422940.2
824.0 1138532.9
825.0 1262909.0
826.0 1608554.0
827.0 1458779.8
828.0 1238258.1
829.0 1169152.6
830.0 1094556.8
831.0 964396.2
832.0 956653.1
833.0 1352030.2
834.0 1144232.5
835.0 1021374.9
836.0 1161515.1
837.0 1169344.6
838.0 1149919.6
839.0 1076857.4
840.0 1324122.5
841.0 1219146.0
842.0 1293960.8
843.0 1151739.2
844.0 1278631.1
845.0 1669588.2
846.0 1467776.2
847.0 1234899.6
848.0 1212095.4
849.0 1090478.1
850.0 1282860.0
851.0 1405656.2
852.0 1403216.0
853.0 1237076.5
854.0 1253912.9
855.0 1310768.2
856.0 1361769.8
857.0 1384444.9
858.0 1407907.8
859.0 1489097.0
860.0 1604231.0
861.0 1792349.2
862.0 1257988.5
863.0 1128821.8
864.0 1003386.6
865.0 1328182.6
866.0 1183314.0
867.0 1206743.0
868.0 1400457.0
869.0 1263835.1
870.0 1205624.8
871.0 1173740.5
872.0 1569512.4
873.0 1394969.8
874.0 1443742.0
875.0 1745888.1
876.0 1750826.5
877.0 1490076.0
878.0 1277216.5
879.0 1505266.0
880.0 1492400.5
881.0 1386584.4
882.0 1130299.6
883.0 1455271.5
884.0 1691431.0
885.0 1741103.5
886.0 1569918.9
887.0 1761937.6
888.0 1602208.5
889.0 1659887.5
890.0 1689463.8
891.0 1568286.8
892.0 1574823.9
893.0 1593444.9
894.0 1502420.5
895.0 1540253.0
896.0 1530295.1
897.0 1404482.5
898.0 1535366.9
899.0 1859542.8
900.0 1986004.9
901.0 1871364.4
902.0 1634721.2
903.0 1625441.9
904.0 1589102.0
905.0 2068797.8
906.0 1993295.6
907.0 1849574.8
908.0 1759971.2
909.0 1720653.8
910.0 2002356.1
911.0 2347709.8
912.0 2418624.8
913.0 2424167.2
914.0 2446096.8
915.0 2256682.5
916.0 2225943.5
917.0 2142082.5
918.0 2442040.5
919.0 2302948.8
920.0 2069970.5
921.0 2059838.9
922.0 2444233.5
923.0 2528157.5
924.0 2604676.0
925.0 2609847.0
926.0 2607592.8
927.0 2430608.5
928.0 2479878.2
929.0 2611534.5
930.0 2598924.5
931.0 2801370.2
932.0 2731710.2
933.0 2853850.5
934.0 3025460.2
935.0 3455591.5
936.0 3271577.2
937.0 2946441.0
938.0 2754676.0
939.0 2578270.5
940.0 2641984.8
941.0 2536914.0
942.0 2650196.0
943.0 2608455.2
944.0 2725550.2
945.0 2952918.8
946.0 3311159.5
947.0 3323554.8
948.0 2772911.2
949.0 2903580.2
950.0 3012088.5
951.0 2933030.2
952.0 2911646.5
953.0 2855611.0
954.0 3001580.5
955.0 2929255.2
956.0 2992732.5
957.0 2939892.2
958.0 3120443.8
959.0 3051968.5
960.0 3215541.5
961.0 3544644.5
962.0 3617341.2
963.0 3226342.5
964.0 3367657.8
965.0 3631868.0
966.0 3658756.0
967.0 3670550.2
968.0 3754799.8
969.0 3335435.2
970.0 3752305.0
971.0 3806785.5
972.0 3559780.2
973.0 4251887.0
974.0 4414345.0
975.0 4442146.0
976.0 4691658.5
977.0 4472088.0
978.0 4719306.5
979.0 4588726.5
980.0 4252954.5
981.0 4402303.5
982.0 4798983.5
983.0 5722954.0
984.0 6534862.5
985.0 6758754.5
986.0 8054276.0
987.0 9671701.0
988.0 11051584.0
989.0 12308374.0
990.0 13215452.0
991.0 12846221.0
992.0 11637848.0
993.0 10443802.0
994.0 9759574.0
995.0 9342516.0
996.0 8742696.0
997.0 8502169.0
998.0 9110579.0
999.0 8791114.0
1000.0 8935589.0
1001.0 8722247.0
1002.0 8481944.0
1003.0 9321797.0
1004.0 10788071.0
1005.0 11365900.0
1006.0 11571830.0
1007.0 12150906.0
1008.0 12381776.0
1009.0 11976304.0
1010.0 11388379.0
1011.0 11078049.0
1012.0 10072796.0
1013.0 9321019.0
1014.0 8386032.5
1015.0 7768838.0
1016.0 7405563.0
1017.0 6242779.5
1018.0 5468790.0
1019.0 4571834.0
1020.0 4348827.0
1021.0 4410114.0
1022.0 4222667.0
1023.0 3944492.0
1024.0 3905730.0
1025.0 3956529.0
1026.0 3872390.0
1027.0 4195434.0
1028.0 4898393.0
1029.0 5022250.0
1030.0 5031438.0
1031.0 6035313.0
1032.0 7660892.0
1033.0 8759091.0
1034.0 9781335.0
1035.0 11802501.0
1036.0 13488056.0
1037.0 14529330.0
1038.0 15210331.0
1039.0 15242296.0
1040.0 14419452.0
1041.0 13010011.0
1042.0 12451055.0
1043.0 12602615.0
1044.0 12414194.0
1045.0 11973749.0
1046.0 11082799.0
1047.0 11996839.0
1048.0 13215185.0
1049.0 14795759.0
1050.0 15473795.0
1051.0 15905495.0
1052.0 16892904.0
1053.0 16779488.0
1054.0 16299769.0
1055.0 16100650.0
1056.0 16910108.0
1057.0 20585434.0
1058.0 27890870.0
1059.0 38921148.0
1060.0 54579024.0
1061.0 76675610.0
1062.0 99334180.0
1063.0 121588470.0
1064.0 138316580.0
1065.0 144139140.0
1066.0 130193130.0
1067.0 102761610.0
1068.0 69163390.0
1069.0 43793380.0
1070.0 28453270.0
1071.0 21070948.0
1072.0 17910770.0
1073.0 15421569.0
1074.0 13158956.0
1075.0 11592956.0
1076.0 9769444.0
1077.0 8724991.0
1078.0 7260870.0
1079.0 6578010.5
1080.0 6280917.0
1081.0 5789333.0
1082.0 5686862.0
1083.0 5334759.5
1084.0 4997295.5
1085.0 5899042.0
1086.0 6690030.0
1087.0 6176065.0
1088.0 6069785.0
1089.0 6471596.0
1090.0 6728015.0
1091.0 7864331.0
1092.0 8758722.0
1093.0 8707814.0
1094.0 7764470.0
1095.0 7297530.0
1096.0 6459945.0
1097.0 6204855.0
1098.0 6273250.0
1099.0 5888152.5
1100.0 6778109.0
1101.0 7763775.0
1102.0 9237035.0
1103.0 11842932.0
1104.0 18048162.0
1105.0 27004850.0
1106.0 38354490.0
1107.0 53153690.0
1108.0 71444180.0
1109.0 89860190.0
1110.0 106931840.0
1111.0 120183480.0
1112.0 119512830.0
1113.0 106090920.0
1114.0 81136340.0
1115.0 53006364.0
1116.0 32236140.0
1117.0 21255964.0
1118.0 15858919.0
1119.0 12544184.0
1120.0 10513155.0
1121.0 8773111.0
1122.0 7265679.0
1123.0 6011544.0
1124.0 5521597.0
1125.0 5360010.5
1126.0 5211132.0
1127.0 4192479.5
1128.0 2942621.5
1129.0 2330443.8
1130.0 2073283.2
1131.0 2399279.0
1132.0 2574655.5
1133.0 2812645.2
1134.0 2603891.8
1135.0 3162415.5
1136.0 3737916.5
1137.0 4249221.5
1138.0 4639649.5
1139.0 4737086.0
1140.0 4260267.0
1141.0 3705414.0
1142.0 3108949.0
1143.0 2877614.8
1144.0 2431260.2
1145.0 2309166.5
1146.0 2215328.2
1147.0 2224672.2
1148.0 2127162.2
1149.0 1898230.6
1150.0 1942967.8
1151.0 2020215.0
1152.0 1708956.9
1153.0 1863634.9
1154.0 1901208.0
1155.0 1561038.6
1156.0 1700512.8
1157.0 2087886.2
1158.0 2028287.8
1159.0 1981947.4
1160.0 1942621.8
1161.0 1942511.9
1162.0 2129528.2
1163.0 2448204.8
1164.0 2550228.2
1165.0 2610963.5
1166.0 2902289.0
1167.0 2726167.0
1168.0 2840765.0
1169.0 2830150.5
1170.0 2959442.2
1171.0 2831492.5
1172.0 2500888.0
1173.0 2507668.8
1174.0 2730543.5
1175.0 2746520.5
1176.0 2856230.0
1177.0 2980736.0
1178.0 2875069.0
1179.0 3013883.8
1180.0 2692168.5
1181.0 2739341.0
1182.0 2937077.8
1183.0 3234747.5
1184.0 3685361.0
1185.0 4237979.0
1186.0 4551851.0
1187.0 4448608.0
1188.0 4706465.5
1189.0 5113529.0
1190.0 5414768.0
1191.0 5599267.0
1192.0 5604225.5
1193.0 5413467.0
1194.0 4880326.0
1195.0 4465095.0
1196.0 4464249.5
1197.0 4264530.5
1198.0 4285294.0
1199.0 3668102.8
1200.0 3865117.5
1201.0 3614226.5
1202.0 4042324.8
1203.0 3835246.0
1204.0 3615919.8
1205.0 4281580.0
1206.0 4067823.0
1207.0 3806189.8
1208.0 4281476.0
1209.0 4684485.5
1210.0 5017718.0
1211.0 6130827.5
1212.0 6923922.0
1213.0 7132360.5
1214.0 7437495.0
1215.0 7822979.0
1216.0 8033709.0
1217.0 7925401.0
1218.0 6862852.0
1219.0 5534112.0
1220.0 4870120.5
1221.0 4807828.5
1222.0 4890498.5
1223.0 4887410.5
1224.0 5138209.5
1225.0 5409609.0
1226.0 6301744.5
1227.0 6277580.5
1228.0 6553535.5
1229.0 6902912.0
1230.0 7602269.0
1231.0 8235352.5
1232.0 7866678.0
1233.0 8473889.0
1234.0 10118504.0
1235.0 11694358.0
1236.0 13511021.0
1237.0 16401084.0
1238.0 19207552.0
1239.0 21783610.0
1240.0 23226636.0
1241.0 24709724.0
1242.0 25988548.0
1243.0 25977064.0
1244.0 24343696.0
1245.0 21253250.0
1246.0 16250901.0
1247.0 10989719.0
1248.0 7831986.0
1249.0 6509405.0
1250.0 6469782.5
1251.0 6169690.0
1252.0 6321675.0
1253.0 6735187.0
1254.0 6401012.0
1255.0 5898447.0
1256.0 5739331.0
1257.0 6206338.0
1258.0 6686284.0
1259.0 7792475.5
1260.0 10004032.0
1261.0 11536894.0
1262.0 12651266.0
1263.0 14589498.0
1264.0 16294985.0
1265.0 17847196.0
1266.0 19829376.0
1267.0 22104998.0
1268.0 22785108.0
1269.0 20946796.0
1270.0 17568952.0
1271.0 15821531.0
1272.0 15696561.0
1273.0 17153872.0
1274.0 18208368.0
1275.0 18697014.0
1276.0 17004428.0
1277.0 13336899.0
1278.0 11868060.0
1279.0 13031754.0
1280.0 13466674.0
1281.0 13856518.0
1282.0 14916636.0
1283.0 15743220.0
1284.0 16624346.0
1285.0 17010388.0
1286.0 16431212.0
1287.0 15515229.0
1288.0 13869291.0
1289.0 12754098.0
1290.0 13183579.0
1291.0 13554299.0
1292.0 13517626.0
1293.0 13652456.0
1294.0 14290405.0
1295.0 15307454.0
1296.0 16183246.0
1297.0 16159756.0
1298.0 16090562.0
1299.0 16046602.0
1300.0 16046461.0
1301.0 17567924.0
1302.0 20748772.0
1303.0 22634572.0
1304.0 24568362.0
1305.0 26539350.0
1306.0 28352778.0
1307.0 30875436.0
1308.0 35343060.0
1309.0 37759480.0
1310.0 38019200.0
1311.0 36592664.0
1312.0 34423520.0
1313.0 31351152.0
1314.0 30641056.0
1315.0 31672992.0
1316.0 32774118.0
1317.0 34387484.0
1318.0 36186700.0
1319.0 37721644.0
1320.0 39963840.0
1321.0 40125656.0
1322.0 40878284.0
1323.0 41198980.0
1324.0 44250890.0
1325.0 45141300.0
1326.0 47325084.0
1327.0 51714236.0
1328.0 56731396.0
1329.0 60429720.0
1330.0 61299764.0
1331.0 63399440.0
1332.0 66031456.0
1333.0 68198820.0
1334.0 70974264.0
1335.0 71563010.0
1336.0 69865580.0
1337.0 71005416.0
1338.0 71775940.0
1339.0 69949590.0
1340.0 68024650.0
1341.0 66539044.0
1342.0 62112660.0
1343.0 56452676.0
1344.0 54391070.0
1345.0 53399270.0
1346.0 52290004.0
1347.0 51793300.0
1348.0 51377356.0
1349.0 51055836.0
1350.0 52300444.0
1351.0 55374864.0
1352.0 57993536.0
1353.0 62327880.0
1354.0 64762110.0
1355.0 65868716.0
1356.0 65167990.0
1357.0 63682120.0
1358.0 62914064.0
1359.0 64638816.0
1360.0 66476636.0
1361.0 70701030.0
1362.0 76396720.0
1363.0 83001064.0
1364.0 95513270.0
1365.0 111578430.0
1366.0 129427840.0
1367.0 147816540.0
1368.0 170372290.0
1369.0 188347580.0
1370.0 203161420.0
1371.0 216967070.0
1372.0 227626900.0
1373.0 232691820.0
1374.0 224152320.0
1375.0 208522260.0
1376.0 185947170.0
1377.0 160660400.0
1378.0 144178610.0
1379.0 135379040.0
1380.0 125009370.0
1381.0 117556930.0
1382.0 115042760.0
1383.0 106862440.0
1384.0 97632710.0
1385.0 90367780.0
1386.0 86619980.0
1387.0 82033580.0
1388.0 74806490.0
1389.0 67506460.0
1390.0 61480904.0
1391.0 54663800.0
1392.0 46786890.0
1393.0 42233510.0
1394.0 41708924.0
1395.0 41048404.0
1396.0 41371856.0
1397.0 44805324.0
1398.0 48809824.0
1399.0 55296670.0
1400.0 60186000.0
1401.0 66697680.0
1402.0 72947670.0
1403.0 80052650.0
1404.0 89294850.0
1405.0 104604640.0
1406.0 123389510.0
1407.0 143120540.0
1408.0 166869950.0
1409.0 191283330.0
1410.0 214705700.0
1411.0 237440340.0
1412.0 254798480.0
1413.0 270721060.0
1414.0 286168200.0
1415.0 295000100.0
1416.0 289020200.0
1417.0 265908640.0
1418.0 223520400.0
1419.0 171598660.0
1420.0 121056020.0
1421.0 84422370.0
1422.0 60203680.0
1423.0 46801290.0
1424.0 38237690.0
1425.0 33320488.0
1426.0 29231110.0
1427.0 25648722.0
1428.0 22377788.0
1429.0 19131358.0
1430.0 16923268.0
1431.0 14957798.0
1432.0 13304855.0
1433.0 12218505.0
1434.0 11258116.0
1435.0 10300630.0
1436.0 9980548.0
1437.0 9707649.0
1438.0 9188844.0
1439.0 9223830.0
1440.0 9835549.0
1441.0 9952814.0
1442.0 10555634.0
1443.0 11022216.0
1444.0 11204938.0
1445.0 11240311.0
1446.0 11304496.0
1447.0 12286378.0
1448.0 13222922.0
1449.0 13991162.0
1450.0 14976474.0
1451.0 15516480.0
1452.0 16308460.0
1453.0 17480692.0
1454.0 18825868.0
1455.0 18951864.0
1456.0 19674658.0
1457.0 20308382.0
1458.0 21180448.0
1459.0 21840272.0
1460.0 22798910.0
1461.0 22450918.0
1462.0 22372332.0
1463.0 23496284.0
1464.0 23204288.0
1465.0 21543192.0
1466.0 19945262.0
1467.0 20245862.0
1468.0 20895066.0
1469.0 22505710.0
1470.0 25138104.0
1471.0 25068384.0
1472.0 24199164.0
1473.0 24064036.0
1474.0 22096920.0
1475.0 20760638.0
1476.0 21351372.0
1477.0 20722636.0
1478.0 20163240.0
1479.0 20386610.0
1480.0 20868722.0
1481.0 22337948.0
1482.0 24035448.0
1483.0 27475642.0
1484.0 31897956.0
1485.0 35496204.0
1486.0 39164696.0
1487.0 43505976.0
1488.0 47800550.0
1489.0 50249756.0
1490.0 52977020.0
1491.0 58454340.0
1492.0 62439130.0
1493.0 64165376.0
1494.0 63149650.0
1495.0 59506496.0
1496.0 57325036.0
1497.0 56456980.0
1498.0 58099830.0
1499.0 57732850.0
1500.0 53338596.0
1501.0 49525936.0
1502.0 44978524.0
1503.0 36566996.0
1504.0 31148380.0
1505.0 28090210.0
1506.0 28165740.0
1507.0 28335970.0
1508.0 29449250.0
1509.0 30754890.0
1510.0 33350216.0
1511.0 36387228.0
1512.0 38335536.0
1513.0 42385760.0
1514.0 45747984.0
1515.0 46931376.0
1516.0 47802704.0
1517.0 50184960.0
1518.0 53665024.0
1519.0 55910950.0
1520.0 62107164.0
1521.0 67702310.0
1522.0 72134350.0
1523.0 73893950.0
1524.0 74238540.0
1525.0 75709580.0
1526.0 78235120.0
1527.0 82829980.0
1528.0 83405100.0
1529.0 82293380.0
1530.0 82004740.0
1531.0 76354550.0
1532.0 67171790.0
1533.0 59329904.0
1534.0 51367276.0
1535.0 42362840.0
1536.0 35380570.0
1537.0 28760556.0
1538.0 24174582.0
1539.0 22640764.0
1540.0 23514362.0
1541.0 24966364.0
1542.0 28321092.0
1543.0 31213622.0
1544.0 32404004.0
1545.0 34225424.0
1546.0 36956344.0
1547.0 41533388.0
1548.0 47820596.0
1549.0 52948970.0
1550.0 59299196.0
1551.0 65515176.0
1552.0 69212050.0
1553.0 68689580.0
1554.0 67296450.0
1555.0 72399830.0
1556.0 79049780.0
1557.0 82846040.0
1558.0 85283910.0
1559.0 90611700.0
1560.0 89945730.0
1561.0 80629860.0
1562.0 70119700.0
1563.0 59558230.0
1564.0 50368820.0
1565.0 46056920.0
1566.0 44455824.0
1567.0 45195176.0
1568.0 46281830.0
1569.0 46262436.0
1570.0 45280010.0
1571.0 42561820.0
1572.0 40957944.0
1573.0 40855410.0
1574.0 39457548.0
1575.0 36106652.0
1576.0 30546638.0
1577.0 24790228.0
1578.0 20278424.0
1579.0 17355168.0
1580.0 16473980.0
1581.0 15955149.0
1582.0 16106720.0
1583.0 16800412.0
1584.0 16547541.0
1585.0 16840008.0
1586.0 17070540.0
1587.0 17357864.0
1588.0 17890770.0
1589.0 18979334.0
1590.0 19347088.0
1591.0 19674380.0
1592.0 20223752.0
1593.0 19801624.0
1594.0 19527796.0
1595.0 19428492.0
1596.0 17756926.0
1597.0 16430342.0
1598.0 16558219.0
1599.0 17480796.0
1600.0 17462380.0
1601.0 16783292.0
1602.0 18400786.0
1603.0 19215160.0
1604.0 20482668.0
1605.0 22677880.0
1606.0 25029384.0
1607.0 25552030.0
1608.0 25836660.0
1609.0 27332598.0
1610.0 29500872.0
1611.0 31380952.0
1612.0 33782496.0
1613.0 35697252.0
1614.0 39550870.0
1615.0 44510884.0
1616.0 50161664.0
1617.0 53555690.0
1618.0 55945470.0
1619.0 55985110.0
1620.0 56014416.0
1621.0 59207136.0
1622.0 62955916.0
1623.0 65370324.0
1624.0 69355170.0
1625.0 71677850.0
1626.0 72570850.0
1627.0 72096850.0
1628.0 68914940.0
1629.0 62675750.0
1630.0 49320850.0
1631.0 35488084.0
1632.0 26714124.0
1633.0 22361596.0
1634.0 19779416.0
1635.0 17336324.0
1636.0 15902502.0
1637.0 15188475.0
1638.0 14751722.0
1639.0 14551490.0
1640.0 13847750.0
1641.0 12939409.0
1642.0 12986810.0
1643.0 13034362.0
1644.0 13985571.0
1645.0 13533914.0
1646.0 13667298.0
1647.0 13917854.0
1648.0 14253520.0
1649.0 14702354.0
1650.0 14174681.0
1651.0 13785728.0
1652.0 13126275.0
1653.0 12461719.0
1654.0 12251911.0
1655.0 12143150.0
1656.0 12584435.0
1657.0 12888382.0
1658.0 11777899.0
1659.0 10171020.0
1660.0 9897567.0
1661.0 9958946.0
1662.0 10018412.0
1663.0 10467355.0
1664.0 11028738.0
1665.0 10970562.0
1666.0 11233304.0
1667.0 12215614.0
1668.0 11458960.0
1669.0 11409354.0
1670.0 12171419.0
1671.0 12869976.0
1672.0 13531761.0
1673.0 15181435.0
1674.0 14906232.0
1675.0 15058570.0
1676.0 16067400.0
1677.0 17884452.0
1678.0 17547724.0
1679.0 17745846.0
1680.0 18122358.0
1681.0 18929982.0
1682.0 19573638.0
1683.0 19226000.0
1684.0 18569678.0
1685.0 16506088.0
1686.0 15117556.0
1687.0 15287384.0
1688.0 15335744.0
1689.0 15242536.0
1690.0 15868218.0
1691.0 16821422.0
1692.0 17675686.0
1693.0 17938980.0
1694.0 17337216.0
1695.0 17103024.0
1696.0 16999200.0
1697.0 17515946.0
1698.0 19810352.0
1699.0 21032544.0
1700.0 22224662.0
1701.0 22902178.0
1702.0 22977236.0
1703.0 21763652.0
1704.0 20868608.0
1705.0 19341720.0
1706.0 18560884.0
1707.0 17678800.0
1708.0 17127792.0
1709.0 17015478.0
1710.0 17249548.0
1711.0 17192256.0
1712.0 15647440.0
1713.0 15197439.0
1714.0 15754000.0
1715.0 13517119.0
1716.0 12591201.0
1717.0 12608580.0
1718.0 12327822.0
1719.0 11823532.0
1720.0 11211905.0
1721.0 9080848.0
1722.0 6954169.0
1723.0 5170911.0
1724.0 4312168.5
1725.0 3723841.2
1726.0 3044999.8
1727.0 2875037.8
1728.0 2993408.5
1729.0 3242611.0
1730.0 3237476.5
1731.0 3605723.0
1732.0 3944781.0
1733.0 4146288.8
1734.0 4594138.0
1735.0 4489645.0
1736.0 3869976.2
1737.0 4000936.2
1738.0 4591363.0
1739.0 4775226.5
1740.0 5014284.5
1741.0 5407667.0
1742.0 6050111.0
1743.0 5867617.0
1744.0 5488927.0
1745.0 5289467.5
1746.0 5451814.0
1747.0 5765289.5
1748.0 5992360.0
1749.0 5974689.5
1750.0 5546034.5
1751.0 5044640.5
1752.0 4878256.0
1753.0 4613070.5
1754.0 4292505.0
1755.0 4032815.5
1756.0 4344263.0
1757.0 4407145.0
1758.0 4542665.5
1759.0 4581834.0
1760.0 4930586.0
1761.0 5238470.5
1762.0 5598680.0
1763.0 5509024.5
1764.0 5801804.5
1765.0 7025517.0
1766.0 7710862.0
1767.0 7162847.0
1768.0 7112393.0
1769.0 6655112.0
1770.0 7035092.0
1771.0 7248255.0
1772.0 6730471.0
1773.0 5991047.0
1774.0 6005608.0
1775.0 7134957.0
1776.0 7296697.0
1777.0 6239679.5
1778.0 5809537.0
1779.0 5395067.5
1780.0 6052818.0
1781.0 5727428.0
1782.0 5289639.5
1783.0 4582638.5
1784.0 4681039.5
1785.0 4637223.0
1786.0 4283948.0
1787.0 4427905.5
1788.0 4397429.0
1789.0 4668663.0
1790.0 5117576.0
1791.0 5645855.0
1792.0 5435330.0
1793.0 5138316.0
1794.0 5513712.5
1795.0 5099393.0
1796.0 5009134.0
1797.0 5970295.0
1798.0 7017085.0
1799.0 7692532.5
1800.0 6685164.0
1801.0 6863832.5
1802.0 7228207.0
1803.0 6769154.0
1804.0 6540833.0
1805.0 7041002.5
1806.0 6689720.0
1807.0 5527504.0
1808.0 5272005.0
1809.0 4669128.0
1810.0 4086864.0
1811.0 4087602.5
1812.0 4355839.5
1813.0 3886601.0
1814.0 3793312.8
1815.0 3206577.5
1816.0 3133972.5
1817.0 3033012.0
1818.0 3271686.0
1819.0 3575674.5
1820.0 3433088.8
1821.0 3852796.2
1822.0 4655923.5
1823.0 4776653.5
1824.0 5162643.0
1825.0 5464424.0
1826.0 6012142.5
1827.0 6105244.0
1828.0 6639715.5
1829.0 7408474.5
1830.0 7526123.0
1831.0 6963396.0
1832.0 7201943.0
1833.0 8202010.5
1834.0 8627962.0
1835.0 9215287.0
1836.0 9302704.0
1837.0 8067121.0
1838.0 7223382.0
1839.0 7696984.5
1840.0 6863758.0
1841.0 6473180.0
1842.0 7014637.5
1843.0 7397634.0
1844.0 8041728.0
1845.0 8360376.0
1846.0 9661576.0
1847.0 10723212.0
1848.0 10888221.0
1849.0 11012355.0
1850.0 11229334.0
1851.0 11304850.0
1852.0 12794988.0
1853.0 13008256.0
1854.0 12281165.0
1855.0 11776461.0
1856.0 11418115.0
1857.0 11405914.0
1858.0 11036742.0
1859.0 10732841.0
1860.0 10289957.0
1861.0 9546558.0
1862.0 9585674.0
1863.0 9048107.0
1864.0 8681033.0
1865.0 9066259.0
1866.0 9668666.0
1867.0 8316923.0
1868.0 7121105.0
1869.0 7055365.0
1870.0 7197604.0
1871.0 7372760.5
1872.0 8106549.5
1873.0 8405674.0
1874.0 8592567.0
1875.0 9056231.0
1876.0 8634869.0
1877.0 8976961.0
1878.0 10222964.0
1879.0 11083255.0
1880.0 11003764.0
1881.0 10579595.0
1882.0 10164286.0
1883.0 10075694.0
1884.0 8997059.0
1885.0 9000901.0
1886.0 8143652.5
1887.0 7265932.5
1888.0 6570058.0
1889.0 5762897.0
1890.0 5148801.0
1891.0 4940467.0
1892.0 4794528.5
1893.0 4876292.5
1894.0 4659361.0
1895.0 4599778.0
1896.0 5652277.0
1897.0 6534626.0
1898.0 7452090.0
1899.0 9189130.0
1900.0 10405262.0
1901.0 10758629.0
1902.0 11224285.0
1903.0 11896129.0
1904.0 13903826.0
1905.0 15028938.0
1906.0 16320240.0
1907.0 17207168.0
1908.0 17723700.0
1909.0 18281304.0
1910.0 20165768.0
1911.0 20886298.0
1912.0 20709308.0
1913.0 20765876.0
1914.0 18568328.0
1915.0 14863368.0
1916.0 11948585.0
1917.0 9022148.0
1918.0 6901780.0
1919.0 5623157.0
1920.0 5500162.0
1921.0 5744560.5
1922.0 5853980.0
1923.0 6281844.5
1924.0 7172945.0
1925.0 8336330.5
1926.0 9568259.0
1927.0 10165151.0
1928.0 11210044.0
1929.0 12097450.0
1930.0 12378730.0
1931.0 11201866.0
1932.0 12214918.0
1933.0 13791024.0
1934.0 14299972.0
1935.0 14274860.0
1936.0 15569052.0
1937.0 17007948.0
1938.0 17283702.0
1939.0 17423088.0
1940.0 15737744.0
1941.0 12397611.0
1942.0 8673396.0
1943.0 5910799.0
1944.0 4192047.5
1945.0 3432527.5
1946.0 3080815.0
1947.0 2809752.2
1948.0 2031802.6
1949.0 1920772.8
1950.0 1367615.8
1951.0 1569372.8
1952.0 1702228.5
1953.0 1535828.6
1954.0 1439697.2
1955.0 1173093.9
1956.0 1270074.6
1957.0 1337024.0
1958.0 1139685.1
1959.0 1129300.9
1960.0 1298130.4
1961.0 1503854.9
1962.0 1195783.6
1963.0 1250576.6
1964.0 1071922.5
1965.0 1261601.1
1966.0 1226342.5
1967.0 1408408.2
1968.0 1282892.6
1969.0 1310380.6
1970.0 1314321.4
1971.0 846090.06
1972.0 1116992.1
1973.0 1101530.4
1974.0 1382724.4
1975.0 1551450.2
1976.0 1315330.0
1977.0 1323196.8
1978.0 1562548.1
1979.0 1393850.1
1980.0 1348422.2
1981.0 1256116.9
1982.0 1138738.8
1983.0 1254962.2
1984.0 1164553.6
1985.0 1471883.5
1986.0 1531511.5
1987.0 1681413.0
1988.0 1720096.0
1989.0 1694854.4
1990.0 1672014.8
1991.0 1649801.8
1992.0 1832903.5
1993.0 1712145.0
1994.0 1368136.5
1995.0 1415128.2
1996.0 2009698.1
1997.0 1768741.5
1998.0 1893922.8
1999.0 1834040.6
2000.0 2196443.0
2001.0 1826253.0
2002.0 1943517.4
2003.0 2006104.2
2004.0 1780058.9
2005.0 2292523.0
2006.0 1969930.0
2007.0 2210530.2
2008.0 2117843.0
2009.0 2020086.1
2010.0 1764821.0
2011.0 1806890.0
2012.0 1920919.8
2013.0 2298143.0
2014.0 2180282.2
2015.0 1965116.4
2016.0 1611469.8
2017.0 2276056.0
2018.0 2169822.2
2019.0 2327917.5
2020.0 2004180.8
2021.0 1877763.1
2022.0 1935933.9
2023.0 1866104.8
2024.0 2156206.5
2025.0 2670030.5
2026.0 2791325.5
2027.0 3240470.0
2028.0 3272472.5
2029.0 1970724.2
2030.0 317024.8
2031.0 -1444479.0
2032.0 -3904545.2
2033.0 -5305437.0
2034.0 -6515690.5
2035.0 -8482248.0
2036.0 -10260991.0
2037.0 -11753946.0
2038.0 -13467662.0
2039.0 -15695691.0
2040.0 -18023332.0
2041.0 -20075056.0
2042.0 -21960904.0
2043.0 -23613520.0
2044.0 -25986908.0
2045.0 -28300908.0
2046.0 -30100404.0
2047.0 0.0
