string
0.0 1764054.5
1.0 2010906.8
2.0 2116652.2
3.0 2330766.0
4.0 2742266.5
5.0 2478289.8
6.0 2764898.8
7.0 2687460.0
8.0 2340236.0
9.0 2215149.5
10.0 2626871.2
11.0 2983575.2
12.0 2534104.2
13.0 2424457.2
14.0 2454062.8
15.0 2143885.8
16.0 1991220.8
17.0 2368007.0
18.0 2680601.5
19.0 3045274.8
20.0 3070352.2
21.0 2906909.0
22.0 2618174.8
23.0 2159465.5
24.0 2162994.8
25.0 2310377.0
26.0 1986726.0
27.0 2068947.5
28.0 2374192.8
29.0 2643599.0
30.0 2472931.0
31.0 2537379.0
32.0 2931403.0
33.0 2729383.8
34.0 2995027.5
35.0 2782685.5
36.0 2488584.5
37.0 3054113.8
38.0 3499720.5
39.0 3265316.5
40.0 2837697.2
41.0 2895196.5
42.0 2766979.8
43.0 3098346.2
44.0 3327128.0
45.0 3172397.8
46.0 2722161.0
47.0 2436918.5
48.0 2342613.5
49.0 2340349.8
50.0 2040008.2
51.0 1957576.2
52.0 1638517.4
53.0 1691394.2
54.0 2551475.8
55.0 2707283.8
56.0 2532687.8
57.0 2378548.0
58.0 2296826.0
59.0 2628653.8
60.0 3297322.5
61.0 3666933.0
62.0 3597996.0
63.0 3652863.5
64.0 3495708.8
65.0 3138367.5
66.0 3328891.2
67.0 3245942.8
68.0 3265839.0
69.0 3541230.5
70.0 3405339.5
71.0 3601437.0
72.0 3255599.5
73.0 3396612.2
74.0 3909446.2
75.0 4110653.8
76.0 4207442.0
77.0 4931399.5
78.0 5303155.0
79.0 5310595.5
80.0 5718327.0
81.0 5557463.0
82.0 4915336.0
83.0 4442107.0
84.0 4160217.2
85.0 4103025.5
86.0 4022450.5
87.0 4056244.5
88.0 4037211.0
89.0 4510101.0
90.0 4648594.0
91.0 4465866.0
92.0 4381660.5
93.0 4430427.5
94.0 5372809.5
95.0 6822089.0
96.0 8271559.0
97.0 8857501.0
98.0 7483292.0
99.0 5843124.0
100.0 4583015.5
101.0 2790212.8
102.0 2251476.5
103.0 2048329.9
104.0 1992857.2
105.0 1790920.6
106.0 1957551.0
107.0 2021591.9
108.0 1569987.5
109.0 1929758.0
110.0 2097927.2
111.0 2180673.5
112.0 2054224.8
113.0 2321613.5
114.0 2736582.2
115.0 2799627.5
116.0 2955097.0
117.0 3743235.5
118.0 4717006.5
119.0 5144538.0
120.0 5377334.5
121.0 6170313.0
122.0 7540589.5
123.0 7816616.0
124.0 7941532.0
125.0 7766995.5
126.0 7357582.0
127.0 6405741.0
128.0 5999769.0
129.0 6648623.0
130.0 7032269.0
131.0 5965410.0
132.0 3919590.0
133.0 2546451.0
134.0 1920678.5
135.0 1554785.0
136.0 1374760.6
137.0 1510233.8
138.0 1832521.9
139.0 1771177.0
140.0 1357752.4
141.0 1274578.9
142.0 995231.1
143.0 1208406.8
144.0 1253762.0
145.0 1433932.5
146.0 1329052.4
147.0 1272252.2
148.0 968686.94
149.0 1105457.9
150.0 969978.25
151.0 865632.2
152.0 1237505.4
153.0 2023107.6
154.0 2531707.2
155.0 3247557.5
156.0 4125427.2
157.0 5899518.0
158.0 7552460.5
159.0 7944676.0
160.0 7964715.0
161.0 7110764.5
162.0 5545124.5
163.0 4326372.0
164.0 3600264.0
165.0 2671184.8
166.0 3021177.2
167.0 3277124.0
168.0 3754333.5
169.0 4360189.0
170.0 5298750.5
171.0 4906804.0
172.0 4578765.0
173.0 4951658.0
174.0 4963575.5
175.0 5010517.0
176.0 5526890.0
177.0 6925848.0
178.0 8778175.0
179.0 12657125.0
180.0 14636556.0
181.0 14945472.0
182.0 15512786.0
183.0 13901970.0
184.0 11453959.0
185.0 9206787.0
186.0 6595580.0
187.0 4792237.0
188.0 3688416.0
189.0 2790103.0
190.0 2546096.0
191.0 2680093.5
192.0 2590117.8
193.0 1849632.6
194.0 1797761.1
195.0 1514362.5
196.0 1428433.6
197.0 1321233.1
198.0 1504124.4
199.0 1345954.8
200.0 1124127.8
201.0 1147784.9
202.0 1227958.0
203.0 1141679.2
204.0 1200226.9
205.0 1022465.5
206.0 918534.25
207.0 1225192.2
208.0 1601493.1
209.0 1675948.8
210.0 1699495.0
211.0 2160691.5
212.0 3099687.8
213.0 3379453.8
214.0 3843246.5
215.0 4942034.5
216.0 7075450.0
217.0 11145755.0
218.0 11916942.0
219.0 12593905.0
220.0 12868962.0
221.0 11303442.0
222.0 9022645.0
223.0 5808986.0
224.0 4224019.5
225.0 3690493.5
226.0 3201367.0
227.0 2693390.5
228.0 2261510.5
229.0 2446457.5
230.0 2183580.2
231.0 1810228.2
232.0 1443082.8
233.0 1178190.6
234.0 1285019.1
235.0 1081950.4
236.0 1395130.6
237.0 1332569.8
238.0 906959.25
239.0 775308.9
240.0 1270725.2
241.0 1497798.5
242.0 1733093.5
243.0 2150159.5
244.0 2375414.5
245.0 2559304.0
246.0 3068927.8
247.0 3918387.5
248.0 5109011.5
249.0 5867382.5
250.0 6527873.0
251.0 7648810.0
252.0 8085520.5
253.0 7321615.0
254.0 7301313.0
255.0 6271623.0
256.0 3784258.5
257.0 2952372.0
258.0 2170470.0
259.0 1689741.5
260.0 1560432.2
261.0 1512635.0
262.0 1779204.4
263.0 1610498.8
264.0 1152896.4
265.0 951093.1
266.0 1114859.4
267.0 1266886.4
268.0 1300360.1
269.0 865179.75
270.0 899607.4
271.0 797787.8
272.0 630886.9
273.0 479104.38
274.0 858175.75
275.0 951476.0
276.0 903918.7
277.0 994374.5
278.0 1425528.8
279.0 1184420.8
280.0 1291714.8
281.0 1478001.8
282.0 1454477.5
283.0 1255798.2
284.0 1139543.0
285.0 1377624.9
286.0 1520945.2
287.0 1308189.5
288.0 990996.8
289.0 1156309.0
290.0 1390217.6
291.0 1715048.8
292.0 1372146.8
293.0 1331803.0
294.0 1564359.8
295.0 1482205.8
296.0 1580550.1
297.0 1375583.6
298.0 1308849.5
299.0 1809856.1
300.0 2130618.2
301.0 1744537.5
302.0 1958947.5
303.0 2170002.8
304.0 2374072.0
305.0 2143413.0
306.0 2096980.1
307.0 1886194.4
308.0 2019211.5
309.0 1906374.8
310.0 1975164.8
311.0 1626732.0
312.0 1433181.9
313.0 1803710.8
314.0 2335398.0
315.0 2209792.2
316.0 2294432.2
317.0 2154254.0
318.0 2739616.0
319.0 3262454.5
320.0 3702591.0
321.0 3964831.5
322.0 4029335.2
323.0 4116535.2
324.0 4237138.0
325.0 4578910.5
326.0 4717653.5
327.0 4400072.0
328.0 4226536.0
329.0 5887220.0
330.0 6398717.0
331.0 6548161.0
332.0 8275442.5
333.0 8222697.0
334.0 6094039.5
335.0 4657090.0
336.0 3633143.5
337.0 3173795.5
338.0 3158314.8
339.0 2994586.0
340.0 2667874.5
341.0 2212358.2
342.0 2230615.5
343.0 1963113.9
344.0 1708099.4
345.0 1798239.4
346.0 1444991.5
347.0 1671221.8
348.0 1639021.5
349.0 1497733.9
350.0 1266100.0
351.0 1465835.1
352.0 1156699.2
353.0 1284085.1
354.0 1296142.2
355.0 1642731.8
356.0 1908308.8
357.0 1750892.4
358.0 2129217.0
359.0 2232903.8
360.0 2038904.8
361.0 1982078.2
362.0 1856537.6
363.0 2099310.5
364.0 3105961.5
365.0 3462954.5
366.0 4094047.5
367.0 4329732.0
368.0 4838275.5
369.0 4148272.5
370.0 3614872.0
371.0 2901174.5
372.0 2217808.0
373.0 2500994.5
374.0 2328387.0
375.0 1743234.5
376.0 1630721.9
377.0 1417883.6
378.0 1738018.2
379.0 1473271.4
380.0 1737868.8
381.0 1731375.0
382.0 1653785.1
383.0 1507195.1
384.0 1501119.8
385.0 1530743.9
386.0 1440379.4
387.0 1652759.2
388.0 1919956.2
389.0 1518699.9
390.0 1641179.5
391.0 1655233.5
392.0 2254067.5
393.0 2531929.5
394.0 2603725.0
395.0 2882441.2
396.0 2904297.5
397.0 3706800.0
398.0 3043870.2
399.0 2693297.5
400.0 2195509.0
401.0 1537477.5
402.0 1724158.9
403.0 2078782.2
404.0 2114555.0
405.0 2464595.5
406.0 2328565.2
407.0 2954940.0
408.0 3522062.0
409.0 3247858.0
410.0 2655424.5
411.0 3078265.5
412.0 3095493.8
413.0 3011302.0
414.0 3365942.0
415.0 3713806.5
416.0 4277707.5
417.0 4693857.5
418.0 4292451.5
419.0 3651328.0
420.0 3065785.0
421.0 2457379.8
422.0 2250498.5
423.0 1816312.4
424.0 2197799.5
425.0 2208173.0
426.0 2092116.2
427.0 1827300.8
428.0 1790712.0
429.0 2087539.8
430.0 2228478.0
431.0 2394559.8
432.0 2218424.5
433.0 2053875.5
434.0 1950897.6
435.0 1867629.8
436.0 2015015.2
437.0 1832615.6
438.0 1974592.6
439.0 2126565.2
440.0 1814500.5
441.0 1295674.9
442.0 1173955.8
443.0 1478000.1
444.0 1772848.2
445.0 1763346.0
446.0 1554878.6
447.0 1677270.5
448.0 2042968.5
449.0 2155930.8
450.0 2310288.5
451.0 2422226.0
452.0 2208511.2
453.0 2127106.0
454.0 2275795.5
455.0 2309113.0
456.0 2018583.9
457.0 1490411.0
458.0 1209746.5
459.0 1697649.9
460.0 1987907.6
461.0 2217008.0
462.0 2306905.8
463.0 2573381.0
464.0 2689309.5
465.0 2968183.8
466.0 3187669.0
467.0 2925537.5
468.0 2453139.5
469.0 2367373.2
470.0 2553531.5
471.0 2856850.0
472.0 2569305.5
473.0 2169895.0
474.0 1965548.1
475.0 1941503.9
476.0 1859708.8
477.0 1833983.6
478.0 1726161.2
479.0 1418528.8
480.0 1309972.5
481.0 1204401.5
482.0 1350264.0
483.0 1346991.9
484.0 1403515.5
485.0 1300901.6
486.0 1366028.9
487.0 1131795.8
488.0 1179435.1
489.0 971679.75
490.0 1160943.2
491.0 1207977.9
492.0 1452491.9
493.0 1677572.5
494.0 1734167.2
495.0 1296005.2
496.0 1264836.9
497.0 1373884.5
498.0 1490830.0
499.0 1421632.8
500.0 1655675.1
501.0 1636407.4
502.0 2134722.2
503.0 2183474.2
504.0 2149496.8
505.0 2175478.5
506.0 2185622.2
507.0 2251292.8
508.0 2066172.4
509.0 2271529.0
510.0 2268345.2
511.0 2258405.5
512.0 2018166.1
513.0 1722951.9
514.0 1990540.8
515.0 1586921.5
516.0 1398254.8
517.0 1355252.6
518.0 1309789.6
519.0 1204769.1
520.0 1377404.9
521.0 1190619.2
522.0 1692543.5
523.0 1333661.4
524.0 1501252.5
525.0 1916703.1
526.0 1593619.8
527.0 1338779.9
528.0 1467567.4
529.0 1572556.1
530.0 1766737.6
531.0 1881846.2
532.0 2035901.2
533.0 1960417.4
534.0 2433495.5
535.0 2675079.0
536.0 2253634.8
537.0 2499452.8
538.0 2975022.5
539.0 2892392.0
540.0 2287154.5
541.0 1767284.0
542.0 1771668.6
543.0 1685759.9
544.0 1950798.2
545.0 1673778.1
546.0 1800035.0
547.0 1576185.0
548.0 1708301.8
549.0 2071910.2
550.0 2002506.8
551.0 1599425.6
552.0 1611165.6
553.0 1765840.6
554.0 1682921.5
555.0 2127674.8
556.0 2085214.4
557.0 2048070.0
558.0 2212499.5
559.0 2113918.8
560.0 1961928.6
561.0 1765781.4
562.0 2061895.1
563.0 2044634.9
564.0 1840881.0
565.0 1623408.5
566.0 1604475.5
567.0 1313973.0
568.0 1462073.9
569.0 1722641.0
570.0 1774701.0
571.0 1487251.1
572.0 1468083.5
573.0 1462321.0
574.0 1477785.1
575.0 1372351.1
576.0 1609376.8
577.0 1783312.2
578.0 1939334.5
579.0 2134848.8
580.0 2089983.6
581.0 1996941.5
582.0 1947138.0
583.0 1890042.0
584.0 1930699.5
585.0 1677714.0
586.0 1711751.9
587.0 1664439.9
588.0 1667655.5
589.0 1601017.5
590.0 1353816.5
591.0 1350126.8
592.0 1449845.1
593.0 1720869.2
594.0 1765906.2
595.0 1798373.2
596.0 1483900.0
597.0 1576199.8
598.0 1339509.4
599.0 1125779.0
600.0 1170205.2
601.0 1404955.6
602.0 1528983.5
603.0 1439297.6
604.0 1575191.8
605.0 1666840.0
606.0 1460000.5
607.0 1526896.4
608.0 1388555.2
609.0 1767158.1
610.0 1719666.1
611.0 1630497.6
612.0 1548342.8
613.0 1491375.8
614.0 1504458.6
615.0 1495029.5
616.0 1543486.0
617.0 1513883.5
618.0 1376806.8
619.0 1423119.4
620.0 1564814.2
621.0 1659056.5
622.0 1522476.0
623.0 1531171.1
624.0 1754332.5
625.0 1916413.9
626.0 1660006.1
627.0 1502588.0
628.0 1073101.4
629.0 1349808.6
630.0 1497290.0
631.0 1804158.8
632.0 1518352.0
633.0 1582996.0
634.0 1879846.0
635.0 1828745.6
636.0 1516580.1
637.0 1521540.2
638.0 1407286.9
639.0 1336178.1
640.0 1475331.2
641.0 1864150.2
642.0 1678735.1
643.0 1472764.5
644.0 1592481.4
645.0 1655426.0
646.0 1764666.1
647.0 1481136.1
648.0 1765037.2
649.0 1507916.9
650.0 1622707.8
651.0 1665617.0
652.0 1561974.5
653.0 1651439.2
654.0 1301378.5
655.0 1403565.8
656.0 1340292.8
657.0 1257190.9
658.0 1587596.0
659.0 1503845.2
660.0 1618588.0
661.0 1715042.8
662.0 1811598.6
663.0 1929553.0
664.0 2041551.5
665.0 1697710.5
666.0 1643828.2
667.0 1396065.5
668.0 1296476.5
669.0 1429339.8
670.0 1978634.8
671.0 2039050.6
672.0 1642526.4
673.0 1794561.8
674.0 1819047.4
675.0 1810421.4
676.0 1901135.0
677.0 1635618.9
678.0 1356708.0
679.0 1612950.2
680.0 1591970.8
681.0 1579920.1
682.0 1646964.9
683.0 1438694.9
684.0 1212328.0
685.0 1243493.5
686.0 1407896.0
687.0 1523294.8
688.0 1646111.4
689.0 1654273.8
690.0 1759413.9
691.0 1618187.5
692.0 1634116.4
693.0 1557153.6
694.0 1135092.0
695.0 1450003.0
696.0 1538934.4
697.0 1720660.8
698.0 1415368.8
699.0 1380955.0
700.0 1282624.2
701.0 1008192.0
702.0 890784.7
703.0 1250420.8
704.0 1368065.6
705.0 1505747.2
706.0 1680583.9
707.0 1637678.6
708.0 1477336.4
709.0 1181774.5
710.0 1226119.5
711.0 1435202.5
712.0 1504429.2
713.0 1354346.9
714.0 1093487.2
715.0 1110647.9
716.0 1335972.2
717.0 1479541.9
718.0 1351782.8
719.0 1224501.4
720.0 1216799.5
721.0 1515882.2
722.0 1450338.6
723.0 1464664.4
724.0 1610527.8
725.0 1544273.2
726.0 1590425.6
727.0 1472999.2
728.0 1408770.6
729.0 1453635.0
730.0 1653507.6
731.0 1357399.0
732.0 1637360.5
733.0 1671623.2
734.0 1369443.6
735.0 1341021.0
736.0 1275234.2
737.0 1470421.0
738.0 1278399.9
739.0 1298465.6
740.0 1435176.1
741.0 1772408.2
742.0 1926136.9
743.0 1767075.1
744.0 2214167.2
745.0 2358298.5
746.0 2161044.8
747.0 1857670.1
748.0 1986020.5
749.0 1573766.2
750.0 1345551.0
751.0 1843824.0
752.0 1658703.5
753.0 1479753.8
754.0 1299982.0
755.0 1433751.4
756.0 1425582.8
757.0 1453854.4
758.0 1736464.2
759.0 1880890.5
760.0 1407240.5
761.0 1339786.5
762.0 1238209.5
763.0 1307906.0
764.0 1636650.2
765.0 1481779.2
766.0 1261753.5
767.0 1280873.2
768.0 1262399.8
769.0 1553636.5
770.0 1465426.8
771.0 1563570.5
772.0 1688209.0
773.0 1554846.4
774.0 1416100.2
775.0 1540603.6
776.0 1281363.9
777.0 1417168.2
778.0 1682219.8
779.0 1664801.2
780.0 1415943.8
781.0 1246288.0
782.0 1217817.0
783.0 1095036.4
784.0 1404687.2
785.0 1708224.0
786.0 1368975.6
787.0 1102424.6
788.0 1459968.0
789.0 1710253.9
790.0 1848332.6
791.0 1768848.2
792.0 1606764.8
793.0 1745075.6
794.0 2009497.4
795.0 1882537.4
796.0 1873631.8
797.0 2266675.5
798.0 2370853.8
799.0 2286574.8
800.0 2048681.8
801.0 2227013.2
802.0 2161618.0
803.0 2004109.4
804.0 1955372.4
805.0 1849813.2
806.0 1895324.2
807.0 1987024.5
808.0 1982217.6
809.0 1993951.8
810.0 1766805.2
811.0 1580846.8
812.0 1633831.1
813.0 2118186.2
814.0 1784874.2
815.0 1919999.8
816.0 1838302.5
817.0 1933688.8
818.0 2201654.8
819.0 2074118.8
820.0 1999209.4
821.0 2043033.2
822.0 1618306.1
823.0 2056547.2
824.0 1825533.8
825.0 1757318.9
826.0 1568951.8
827.0 1733124.8
828.0 1678783.8
829.0 1790434.8
830.0 1576979.8
831.0 1439456.9
832.0 1342472.6
833.0 1542264.0
834.0 1897399.9
835.0 1312398.9
836.0 1387051.0
837.0 1642458.0
838.0 1781216.9
839.0 1580379.9
840.0 1498833.5
841.0 1331707.6
842.0 1687799.4
843.0 1815216.5
844.0 1941636.5
845.0 1672126.2
846.0 1549371.5
847.0 1674037.4
848.0 1513630.0
849.0 1894524.5
850.0 2150547.8
851.0 1813557.0
852.0 1573479.4
853.0 1622259.5
854.0 1498019.5
855.0 1776902.2
856.0 1662836.4
857.0 1715492.0
858.0 1696955.8
859.0 1718302.6
860.0 1792397.4
861.0 1744583.6
862.0 1717124.9
863.0 1652571.1
864.0 1983813.2
865.0 1805510.0
866.0 1631492.4
867.0 1774848.1
868.0 1782846.0
869.0 1706726.9
870.0 1595117.6
871.0 1653006.2
872.0 1487241.1
873.0 1906734.4
874.0 1915159.9
875.0 1854620.2
876.0 1805481.0
877.0 1869383.1
878.0 1642118.9
879.0 1873677.4
880.0 1749118.5
881.0 1800697.5
882.0 1842744.0
883.0 1763466.1
884.0 1936283.6
885.0 1879435.1
886.0 2076120.1
887.0 1729813.2
888.0 2116865.5
889.0 2055132.2
890.0 1805536.0
891.0 1882872.5
892.0 1948825.1
893.0 1933734.8
894.0 1763631.5
895.0 1894521.2
896.0 1710561.4
897.0 1964406.5
898.0 2045296.0
899.0 2236205.5
900.0 1833371.0
901.0 1792663.5
902.0 2241406.0
903.0 1986049.5
904.0 1877433.5
905.0 2023376.9
906.0 1908868.0
907.0 1944232.2
908.0 2137713.8
909.0 2122453.5
910.0 1972920.6
911.0 1987499.0
912.0 2023830.5
913.0 2449749.0
914.0 2433643.5
915.0 2356737.2
916.0 2616226.8
917.0 2987646.0
918.0 2770431.2
919.0 2600769.0
920.0 2919506.5
921.0 2861294.5
922.0 2736916.5
923.0 2784640.2
924.0 2782769.8
925.0 2607151.5
926.0 2585381.0
927.0 2983431.5
928.0 2684718.5
929.0 2810572.2
930.0 3034966.0
931.0 3194716.5
932.0 3467406.5
933.0 3455456.2
934.0 2899546.0
935.0 2759424.8
936.0 2872959.8
937.0 2894039.5
938.0 3008016.5
939.0 3484534.8
940.0 3245702.0
941.0 3031731.5
942.0 3000710.2
943.0 3054299.5
944.0 3087066.0
945.0 3506429.0
946.0 3199001.2
947.0 3105696.0
948.0 3134663.0
949.0 3015792.8
950.0 3172442.5
951.0 3332116.5
952.0 3435730.2
953.0 3501505.2
954.0 3300728.8
955.0 3226702.0
956.0 3711717.8
957.0 3685167.5
958.0 3166896.5
959.0 3105062.8
960.0 3503469.8
961.0 3562244.0
962.0 3608835.0
963.0 3597935.5
964.0 3598039.8
965.0 3903579.8
966.0 4043904.5
967.0 3925656.2
968.0 4179018.5
969.0 4642248.0
970.0 4395286.0
971.0 4432926.0
972.0 4735703.5
973.0 4987204.0
974.0 5248984.0
975.0 4797273.0
976.0 4598940.5
977.0 4657815.5
978.0 5003025.0
979.0 5454843.0
980.0 5359640.5
981.0 5271077.0
982.0 6099532.5
983.0 6911165.0
984.0 7629830.0
985.0 8666721.0
986.0 9898515.0
987.0 10890240.0
988.0 12106216.0
989.0 12353631.0
990.0 11973959.0
991.0 11392374.0
992.0 10577149.0
993.0 9772436.0
994.0 10661631.0
995.0 11443156.0
996.0 10318788.0
997.0 9961700.0
998.0 10168401.0
999.0 10395074.0
1000.0 10637056.0
1001.0 10997910.0
1002.0 11641291.0
1003.0 12385825.0
1004.0 12477878.0
1005.0 13199469.0
1006.0 13199278.0
1007.0 12347249.0
1008.0 11835125.0
1009.0 11745466.0
1010.0 11913850.0
1011.0 11270026.0
1012.0 10033361.0
1013.0 9297921.0
1014.0 8891044.0
1015.0 7556797.0
1016.0 6388133.0
1017.0 5934220.0
1018.0 5365534.0
1019.0 4832194.0
1020.0 4472391.5
1021.0 4225569.5
1022.0 3756537.2
1023.0 3644359.5
1024.0 3949192.2
1025.0 3983352.8
1026.0 4515919.5
1027.0 5008494.0
1028.0 5856892.5
1029.0 5737975.5
1030.0 6881172.5
1031.0 7942819.0
1032.0 9156418.0
1033.0 10842970.0
1034.0 12056458.0
1035.0 13321766.0
1036.0 14773568.0
1037.0 16036916.0
1038.0 16218601.0
1039.0 16240540.0
1040.0 15171865.0
1041.0 14837586.0
1042.0 14311045.0
1043.0 14555520.0
1044.0 14881121.0
1045.0 13528992.0
1046.0 13205310.0
1047.0 14622621.0
1048.0 15329129.0
1049.0 15509105.0
1050.0 15697851.0
1051.0 16614421.0
1052.0 16501081.0
1053.0 17244412.0
1054.0 18812382.0
1055.0 21157012.0
1056.0 26256050.0
1057.0 34277460.0
1058.0 45551830.0
1059.0 60712364.0
1060.0 80068790.0
1061.0 101668600.0
1062.0 124061960.0
1063.0 140697700.0
1064.0 148020350.0
1065.0 141950200.0
1066.0 122412430.0
1067.0 93472310.0
1068.0 63118710.0
1069.0 43220930.0
1070.0 30244068.0
1071.0 22310278.0
1072.0 17634864.0
1073.0 14733020.0
1074.0 12807650.0
1075.0 11199132.0
1076.0 9248343.0
1077.0 8021751.0
1078.0 7287114.5
1079.0 6480107.5
1080.0 5630937.0
1081.0 5267187.0
1082.0 5421326.0
1083.0 5179472.5
1084.0 5910765.0
1085.0 6460756.0
1086.0 6667001.0
1087.0 7064517.5
1088.0 7742221.0
1089.0 7957633.0
1090.0 8514918.0
1091.0 9807320.0
1092.0 10084691.0
1093.0 8803061.0
1094.0 7537748.0
1095.0 6697182.0
1096.0 6830577.5
1097.0 7639920.5
1098.0 8488901.0
1099.0 9294338.0
1100.0 10539820.0
1101.0 13357649.0
1102.0 16782552.0
1103.0 22129232.0
1104.0 30428858.0
1105.0 42516960.0
1106.0 59082976.0
1107.0 77959500.0
1108.0 96273590.0
1109.0 111789690.0
1110.0 123863940.0
1111.0 123581790.0
1112.0 115455480.0
1113.0 95924860.0
1114.0 70066950.0
1115.0 47121524.0
1116.0 31641222.0
1117.0 23208744.0
1118.0 16469259.0
1119.0 12438055.0
1120.0 10335625.0
1121.0 8813530.0
1122.0 7388494.5
1123.0 5753897.5
1124.0 5283010.5
1125.0 4630762.0
1126.0 3994716.0
1127.0 3501605.5
1128.0 3080784.8
1129.0 3092713.5
1130.0 2948937.0
1131.0 3015887.2
1132.0 3586028.0
1133.0 3796861.5
1134.0 4061310.2
1135.0 4574694.0
1136.0 4876049.0
1137.0 5110586.5
1138.0 5552602.0
1139.0 4829631.5
1140.0 4000056.5
1141.0 3660259.5
1142.0 3783037.8
1143.0 3098864.5
1144.0 2632556.0
1145.0 2212864.8
1146.0 2337047.2
1147.0 2536529.2
1148.0 2595732.8
1149.0 2871164.5
1150.0 2717176.5
1151.0 2520737.8
1152.0 1910332.4
1153.0 1859281.9
1154.0 2103749.0
1155.0 2390144.8
1156.0 2392447.8
1157.0 2228603.8
1158.0 2318871.5
1159.0 2179347.5
1160.0 2210294.5
1161.0 2198737.2
1162.0 2280491.2
1163.0 2327010.8
1164.0 2603968.0
1165.0 2920079.5
1166.0 3023984.8
1167.0 3119221.2
1168.0 3062010.0
1169.0 2996545.2
1170.0 3048659.0
1171.0 3285373.8
1172.0 3241257.8
1173.0 3254133.5
1174.0 2940857.8
1175.0 3046556.2
1176.0 2986367.2
1177.0 3069580.0
1178.0 3334327.5
1179.0 3614347.0
1180.0 3715077.5
1181.0 3734950.2
1182.0 3924594.5
1183.0 3862634.0
1184.0 4243651.0
1185.0 4348421.0
1186.0 4628386.0
1187.0 5549323.0
1188.0 5958979.0
1189.0 6280735.0
1190.0 6748333.0
1191.0 6570132.0
1192.0 6197737.5
1193.0 5804598.0
1194.0 5091144.5
1195.0 4784324.0
1196.0 4753049.0
1197.0 4639520.5
1198.0 4270232.0
1199.0 4214319.0
1200.0 4381036.5
1201.0 4683256.0
1202.0 4685449.0
1203.0 4534572.0
1204.0 4355193.0
1205.0 4465329.0
1206.0 4288508.0
1207.0 4932677.5
1208.0 4845120.5
1209.0 5289101.0
1210.0 5911665.5
1211.0 6672607.5
1212.0 7011417.5
1213.0 7063748.0
1214.0 7731899.0
1215.0 7857229.5
1216.0 8263992.5
1217.0 7284775.5
1218.0 6091447.5
1219.0 5626159.0
1220.0 5433986.0
1221.0 5141820.0
1222.0 5371531.0
1223.0 5270898.0
1224.0 5879883.0
1225.0 6378165.5
1226.0 6553153.0
1227.0 6738280.0
1228.0 7803202.5
1229.0 8188129.5
1230.0 8388940.0
1231.0 8823170.0
1232.0 9632165.0
1233.0 10553215.0
1234.0 12041691.0
1235.0 13663359.0
1236.0 16554142.0
1237.0 19905158.0
1238.0 22925272.0
1239.0 25528242.0
1240.0 27929260.0
1241.0 29771742.0
1242.0 29129910.0
1243.0 26080552.0
1244.0 23613724.0
1245.0 19625240.0
1246.0 14492948.0
1247.0 10995555.0
1248.0 8700117.0
1249.0 7251399.5
1250.0 6723155.5
1251.0 6719084.5
1252.0 7138819.5
1253.0 6635272.5
1254.0 7179329.5
1255.0 7690247.5
1256.0 7836167.5
1257.0 8128725.0
1258.0 8867695.0
1259.0 9800242.0
1260.0 10967548.0
1261.0 12737359.0
1262.0 15698460.0
1263.0 18619622.0
1264.0 18990468.0
1265.0 20599296.0
1266.0 21473456.0
1267.0 22529738.0
1268.0 21637480.0
1269.0 19813358.0
1270.0 18144758.0
1271.0 17390268.0
1272.0 17617156.0
1273.0 17927536.0
1274.0 18919548.0
1275.0 18170312.0
1276.0 15524609.0
1277.0 14735555.0
1278.0 14637022.0
1279.0 14756078.0
1280.0 13915796.0
1281.0 14338432.0
1282.0 15177680.0
1283.0 15820429.0
1284.0 16632671.0
1285.0 16858436.0
1286.0 17692044.0
1287.0 17550858.0
1288.0 16795574.0
1289.0 15055036.0
1290.0 13966815.0
1291.0 14684649.0
1292.0 15720452.0
1293.0 15088761.0
1294.0 14436206.0
1295.0 15786019.0
1296.0 16977066.0
1297.0 18144408.0
1298.0 18051992.0
1299.0 18011718.0
1300.0 19995832.0
1301.0 21498270.0
1302.0 22954352.0
1303.0 24894740.0
1304.0 28983370.0
1305.0 31346680.0
1306.0 33855736.0
1307.0 35962004.0
1308.0 37516336.0
1309.0 39666012.0
1310.0 39762584.0
1311.0 38926850.0
1312.0 36648824.0
1313.0 34662910.0
1314.0 35255092.0
1315.0 36747404.0
1316.0 37595510.0
1317.0 37922804.0
1318.0 38842132.0
1319.0 39783664.0
1320.0 40347776.0
1321.0 40126424.0
1322.0 43030550.0
1323.0 46324284.0
1324.0 48389076.0
1325.0 48742456.0
1326.0 53219916.0
1327.0 59083230.0
1328.0 64623416.0
1329.0 70014050.0
1330.0 73052824.0
1331.0 73554710.0
1332.0 74332710.0
1333.0 76850640.0
1334.0 77986940.0
1335.0 78744040.0
1336.0 77847180.0
1337.0 76793590.0
1338.0 76733460.0
1339.0 75451420.0
1340.0 73303190.0
1341.0 69914460.0
1342.0 66600844.0
1343.0 62217784.0
1344.0 59115004.0
1345.0 57483344.0
1346.0 58056280.0
1347.0 58287580.0
1348.0 59202144.0
1349.0 59853016.0
1350.0 60592216.0
1351.0 61411796.0
1352.0 64595516.0
1353.0 67372670.0
1354.0 67345800.0
1355.0 69001900.0
1356.0 69640610.0
1357.0 70481780.0
1358.0 68681510.0
1359.0 70320160.0
1360.0 74370850.0
1361.0 80912630.0
1362.0 91276840.0
1363.0 102590770.0
1364.0 118169580.0
1365.0 135363540.0
1366.0 158047460.0
1367.0 179569180.0
1368.0 200319520.0
1369.0 218521540.0
1370.0 234802460.0
1371.0 244142660.0
1372.0 251174180.0
1373.0 249303070.0
1374.0 240532400.0
1375.0 218813920.0
1376.0 191662220.0
1377.0 169170860.0
1378.0 151598420.0
1379.0 142300130.0
1380.0 133711050.0
1381.0 125100800.0
1382.0 116398830.0
1383.0 108694900.0
1384.0 102640910.0
1385.0 97140530.0
1386.0 90249110.0
1387.0 81568800.0
1388.0 74890936.0
1389.0 66699210.0
1390.0 58395140.0
1391.0 51308120.0
1392.0 47253620.0
1393.0 45798316.0
1394.0 45787550.0
1395.0 45132830.0
1396.0 48654396.0
1397.0 52471340.0
1398.0 57620936.0
1399.0 63404000.0
1400.0 69639530.0
1401.0 77698390.0
1402.0 87515790.0
1403.0 100487530.0
1404.0 114562690.0
1405.0 130326570.0
1406.0 150268780.0
1407.0 176949760.0
1408.0 205043230.0
1409.0 227430640.0
1410.0 250896960.0
1411.0 280212400.0
1412.0 302145600.0
1413.0 312125280.0
1414.0 323396500.0
1415.0 319483500.0
1416.0 299928060.0
1417.0 259957310.0
1418.0 214248300.0
1419.0 163140530.0
1420.0 118659110.0
1421.0 82281860.0
1422.0 61659864.0
1423.0 49482564.0
1424.0 39871084.0
1425.0 32089388.0
1426.0 28165760.0
1427.0 24567310.0
1428.0 20399888.0
1429.0 18128674.0
1430.0 15626992.0
1431.0 14183086.0
1432.0 13727261.0
1433.0 12845509.0
1434.0 11766265.0
1435.0 10974305.0
1436.0 10344888.0
1437.0 9367955.0
1438.0 9541056.0
1439.0 10638748.0
1440.0 11321085.0
1441.0 10462817.0
1442.0 10614046.0
1443.0 10846600.0
1444.0 10691156.0
1445.0 10934606.0
1446.0 11575119.0
1447.0 12943828.0
1448.0 14341422.0
1449.0 15021000.0
1450.0 16070589.0
1451.0 16847196.0
1452.0 18207864.0
1453.0 19909634.0
1454.0 20994548.0
1455.0 21836276.0
1456.0 21847142.0
1457.0 21498656.0
1458.0 21462030.0
1459.0 22673122.0
1460.0 25151232.0
1461.0 25482120.0
1462.0 25632804.0
1463.0 25229310.0
1464.0 24936838.0
1465.0 23896950.0
1466.0 23152792.0
1467.0 24803596.0
1468.0 24767750.0
1469.0 23691010.0
1470.0 25687858.0
1471.0 25420528.0
1472.0 24370642.0
1473.0 24787832.0
1474.0 24148058.0
1475.0 23387828.0
1476.0 22784858.0
1477.0 22669296.0
1478.0 22041140.0
1479.0 22144942.0
1480.0 23882996.0
1481.0 25167290.0
1482.0 28083216.0
1483.0 31470682.0
1484.0 34543830.0
1485.0 39482384.0
1486.0 44356936.0
1487.0 48071944.0
1488.0 52458030.0
1489.0 56277916.0
1490.0 58646750.0
1491.0 62302004.0
1492.0 67702630.0
1493.0 68027180.0
1494.0 65635796.0
1495.0 64150644.0
1496.0 63175284.0
1497.0 61994740.0
1498.0 60154904.0
1499.0 58740856.0
1500.0 54531256.0
1501.0 47441416.0
1502.0 42699220.0
1503.0 37728524.0
1504.0 32334220.0
1505.0 29491216.0
1506.0 28886878.0
1507.0 30940742.0
1508.0 32600692.0
1509.0 34680396.0
1510.0 37434268.0
1511.0 40494860.0
1512.0 40665668.0
1513.0 43023344.0
1514.0 46981884.0
1515.0 51217544.0
1516.0 53806516.0
1517.0 57197060.0
1518.0 59560620.0
1519.0 63179196.0
1520.0 70514830.0
1521.0 74282230.0
1522.0 76054560.0
1523.0 77308870.0
1524.0 79925860.0
1525.0 85026400.0
1526.0 87753250.0
1527.0 88875230.0
1528.0 88817260.0
1529.0 88619380.0
1530.0 85348530.0
1531.0 76534740.0
1532.0 67173440.0
1533.0 58490650.0
1534.0 49736696.0
1535.0 41952020.0
1536.0 34710184.0
1537.0 29789564.0
1538.0 26750400.0
1539.0 26371768.0
1540.0 28053440.0
1541.0 29446502.0
1542.0 30826130.0
1543.0 33142330.0
1544.0 35984176.0
1545.0 38373180.0
1546.0 43122600.0
1547.0 48286630.0
1548.0 54608856.0
1549.0 62308496.0
1550.0 66677184.0
1551.0 70017810.0
1552.0 74233680.0
1553.0 77547670.0
1554.0 80111640.0
1555.0 82165660.0
1556.0 86558640.0
1557.0 91158900.0
1558.0 94160190.0
1559.0 92520460.0
1560.0 89803340.0
1561.0 79764710.0
1562.0 69575580.0
1563.0 60336870.0
1564.0 53078000.0
1565.0 48913360.0
1566.0 47690530.0
1567.0 48783730.0
1568.0 49069964.0
1569.0 51012180.0
1570.0 51458710.0
1571.0 48711576.0
1572.0 44885384.0
1573.0 42106584.0
1574.0 40427680.0
1575.0 36006456.0
1576.0 30525398.0
1577.0 24891248.0
1578.0 20680816.0
1579.0 18351596.0
1580.0 17703098.0
1581.0 18029428.0
1582.0 18101260.0
1583.0 18893102.0
1584.0 18997766.0
1585.0 19078618.0
1586.0 19071048.0
1587.0 19287132.0
1588.0 20814854.0
1589.0 20887018.0
1590.0 20021960.0
1591.0 21047464.0
1592.0 22641902.0
1593.0 22416000.0
1594.0 20520582.0
1595.0 19410234.0
1596.0 18782318.0
1597.0 17554692.0
1598.0 17793042.0
1599.0 17622494.0
1600.0 17579222.0
1601.0 17842622.0
1602.0 18871798.0
1603.0 20390822.0
1604.0 21981982.0
1605.0 23243572.0
1606.0 24805912.0
1607.0 28096456.0
1608.0 29902882.0
1609.0 32479552.0
1610.0 35834616.0
1611.0 39291988.0
1612.0 42176190.0
1613.0 45799540.0
1614.0 48042824.0
1615.0 51504600.0
1616.0 56391204.0
1617.0 58697324.0
1618.0 58677140.0
1619.0 59358410.0
1620.0 62312476.0
1621.0 65990130.0
1622.0 70493190.0
1623.0 74922910.0
1624.0 79357650.0
1625.0 83591860.0
1626.0 82754104.0
1627.0 76255544.0
1628.0 68547060.0
1629.0 60598716.0
1630.0 49612520.0
1631.0 37027444.0
1632.0 27305242.0
1633.0 21956108.0
1634.0 18916730.0
1635.0 16910476.0
1636.0 15397415.0
1637.0 13633420.0
1638.0 13437106.0
1639.0 13924605.0
1640.0 14754410.0
1641.0 14281682.0
1642.0 13922452.0
1643.0 14391989.0
1644.0 14073692.0
1645.0 13821441.0
1646.0 13841612.0
1647.0 13916092.0
1648.0 13725575.0
1649.0 13963812.0
1650.0 13970220.0
1651.0 13946294.0
1652.0 14064322.0
1653.0 13963764.0
1654.0 12413916.0
1655.0 11509021.0
1656.0 11155804.0
1657.0 11192294.0
1658.0 11110694.0
1659.0 11477724.0
1660.0 11399139.0
1661.0 10663081.0
1662.0 10707342.0
1663.0 10488816.0
1664.0 10837588.0
1665.0 10964659.0
1666.0 10879611.0
1667.0 10598810.0
1668.0 11015335.0
1669.0 12198872.0
1670.0 13686079.0
1671.0 13820145.0
1672.0 13297478.0
1673.0 14106216.0
1674.0 14873301.0
1675.0 15200725.0
1676.0 14807688.0
1677.0 16533269.0
1678.0 17484578.0
1679.0 17034218.0
1680.0 17900000.0
1681.0 19036988.0
1682.0 18756558.0
1683.0 17993000.0
1684.0 16606475.0
1685.0 15152455.0
1686.0 14264399.0
1687.0 14627149.0
1688.0 14957002.0
1689.0 15964989.0
1690.0 16777588.0
1691.0 17430318.0
1692.0 18729418.0
1693.0 19251578.0
1694.0 18686628.0
1695.0 19076752.0
1696.0 19959950.0
1697.0 20382694.0
1698.0 20323162.0
1699.0 20831348.0
1700.0 22020900.0
1701.0 23073664.0
1702.0 22642392.0
1703.0 22605060.0
1704.0 22681984.0
1705.0 21897402.0
1706.0 20094310.0
1707.0 17830026.0
1708.0 18797858.0
1709.0 19195320.0
1710.0 19015368.0
1711.0 17976890.0
1712.0 17076242.0
1713.0 17345838.0
1714.0 16459201.0
1715.0 14761748.0
1716.0 13611575.0
1717.0 13485912.0
1718.0 13324511.0
1719.0 12631034.0
1720.0 10791539.0
1721.0 9635427.0
1722.0 7022557.0
1723.0 5013555.0
1724.0 3837880.2
1725.0 3707608.0
1726.0 3494619.0
1727.0 3508776.2
1728.0 3679705.5
1729.0 3621837.5
1730.0 3914589.5
1731.0 4425198.0
1732.0 4499175.0
1733.0 4594826.5
1734.0 4601890.0
1735.0 4830044.0
1736.0 5166896.0
1737.0 4977272.0
1738.0 5659665.5
1739.0 6391709.5
1740.0 6097459.5
1741.0 5562910.0
1742.0 4908113.0
1743.0 5304320.5
1744.0 5413087.0
1745.0 5910365.0
1746.0 5181187.5
1747.0 4972867.5
1748.0 4816683.0
1749.0 5116678.0
1750.0 5578900.0
1751.0 5097383.0
1752.0 4174296.2
1753.0 4162349.0
1754.0 4935367.5
1755.0 4557157.5
1756.0 4165284.5
1757.0 4643149.0
1758.0 5135619.0
1759.0 5422310.5
1760.0 5599320.5
1761.0 5624232.0
1762.0 5727795.0
1763.0 5412673.0
1764.0 6501342.5
1765.0 7637048.0
1766.0 7945708.0
1767.0 8009417.5
1768.0 8099705.0
1769.0 7943137.5
1770.0 7089585.5
1771.0 7063628.0
1772.0 7234140.0
1773.0 6872897.5
1774.0 7278335.0
1775.0 7118580.5
1776.0 7152800.5
1777.0 7300970.5
1778.0 7073422.5
1779.0 6943055.0
1780.0 6626852.5
1781.0 5992499.0
1782.0 6463285.0
1783.0 5907015.0
1784.0 5013277.0
1785.0 4578485.0
1786.0 5096031.0
1787.0 5409097.0
1788.0 5543753.0
1789.0 5529195.5
1790.0 5800654.5
1791.0 6037295.0
1792.0 6252181.0
1793.0 6300483.0
1794.0 6745765.0
1795.0 6408019.5
1796.0 5710834.5
1797.0 6643575.5
1798.0 7689691.0
1799.0 7838790.5
1800.0 7453247.0
1801.0 7576110.0
1802.0 7718459.0
1803.0 6806326.0
1804.0 6734084.0
1805.0 6820559.0
1806.0 6692970.0
1807.0 6088246.0
1808.0 5826252.5
1809.0 5204811.0
1810.0 4914669.0
1811.0 4809401.0
1812.0 4648135.5
1813.0 4389955.5
1814.0 4622524.0
1815.0 4371223.0
1816.0 3681681.5
1817.0 3459302.8
1818.0 3541490.0
1819.0 3710074.0
1820.0 4325738.0
1821.0 4827043.5
1822.0 5073079.0
1823.0 5999254.0
1824.0 5891622.0
1825.0 6357779.5
1826.0 6510507.5
1827.0 7303266.0
1828.0 7073083.0
1829.0 7311700.0
1830.0 8208972.0
1831.0 8699224.0
1832.0 8971306.0
1833.0 9221144.0
1834.0 10073441.0
1835.0 9632177.0
1836.0 9480436.0
1837.0 8730616.0
1838.0 8602986.0
1839.0 8330280.0
1840.0 7501159.5
1841.0 7561682.5
1842.0 8128057.0
1843.0 8518749.0
1844.0 8858010.0
1845.0 9027030.0
1846.0 9724772.0
1847.0 10350968.0
1848.0 11920178.0
1849.0 12520225.0
1850.0 12420862.0
1851.0 12912781.0
1852.0 13559295.0
1853.0 13151275.0
1854.0 12823821.0
1855.0 13871616.0
1856.0 13343059.0
1857.0 13057485.0
1858.0 12351321.0
1859.0 11715945.0
1860.0 11298568.0
1861.0 11383170.0
1862.0 10018472.0
1863.0 9642789.0
1864.0 9151519.0
1865.0 9770914.0
1866.0 9553848.0
1867.0 9010674.0
1868.0 8087779.5
1869.0 8257184.5
1870.0 8049894.5
1871.0 8686075.0
1872.0 8908778.0
1873.0 8584459.0
1874.0 8963515.0
1875.0 9886354.0
1876.0 9657470.0
1877.0 9930284.0
1878.0 10317765.0
1879.0 10645772.0
1880.0 11137771.0
1881.0 10575101.0
1882.0 11303204.0
1883.0 11310788.0
1884.0 11312581.0
1885.0 9741846.0
1886.0 8871218.0
1887.0 8532400.0
1888.0 7956926.0
1889.0 7858057.5
1890.0 7339027.0
1891.0 6759130.5
1892.0 5933331.0
1893.0 5413034.0
1894.0 5817979.0
1895.0 5680019.0
1896.0 5929717.5
1897.0 6968215.0
1898.0 7830442.5
1899.0 9120418.0
1900.0 10349754.0
1901.0 11442759.0
1902.0 13493655.0
1903.0 14580141.0
1904.0 15308565.0
1905.0 16516364.0
1906.0 17781096.0
1907.0 19198392.0
1908.0 21174252.0
1909.0 20914732.0
1910.0 21599104.0
1911.0 22331520.0
1912.0 23018816.0
1913.0 22475188.0
1914.0 21005708.0
1915.0 16488835.0
1916.0 11793959.0
1917.0 9570709.0
1918.0 8500724.0
1919.0 7012477.5
1920.0 6430825.0
1921.0 6176487.0
1922.0 6185096.0
1923.0 6836810.5
1924.0 7886157.5
1925.0 8569726.0
1926.0 9742548.0
1927.0 10608175.0
1928.0 11407958.0
1929.0 12206082.0
1930.0 13360101.0
1931.0 14191811.0
1932.0 14827298.0
1933.0 15769761.0
1934.0 16735501.0
1935.0 16863908.0
1936.0 18669488.0
1937.0 19438718.0
1938.0 18527884.0
1939.0 17532704.0
1940.0 15140556.0
1941.0 12423289.0
1942.0 9653096.0
1943.0 7313223.0
1944.0 5478392.5
1945.0 3771396.2
1946.0 3168657.0
1947.0 2696573.5
1948.0 2430402.8
1949.0 2120585.2
1950.0 1853086.8
1951.0 1581111.1
1952.0 1585269.9
1953.0 1858853.9
1954.0 1829104.8
1955.0 1635699.5
1956.0 1511460.8
1957.0 1374011.8
1958.0 1364922.0
1959.0 1543868.0
1960.0 1422670.6
1961.0 1291730.2
1962.0 1479882.4
1963.0 1326881.2
1964.0 1459102.2
1965.0 1056600.4
1966.0 1497054.0
1967.0 1659830.6
1968.0 1449260.0
1969.0 1403967.6
1970.0 1505528.5
1971.0 1692630.5
1972.0 1693161.2
1973.0 1547736.1
1974.0 1457069.4
1975.0 1201372.4
1976.0 1243943.6
1977.0 1485793.5
1978.0 1471152.8
1979.0 1749831.8
1980.0 1662816.0
1981.0 1852204.8
1982.0 1697104.0
1983.0 1753951.8
1984.0 1765702.5
1985.0 2268765.5
1986.0 1957027.2
1987.0 1888598.9
1988.0 2132299.0
1989.0 1815042.2
1990.0 1785382.5
1991.0 1698240.6
1992.0 1878722.0
1993.0 2037993.0
1994.0 1837177.6
1995.0 1813763.9
1996.0 2073318.2
1997.0 2345443.0
1998.0 2124999.8
1999.0 1921581.1
2000.0 1751611.9
2001.0 1991075.8
2002.0 2095301.2
2003.0 2233360.0
2004.0 2214400.0
2005.0 2128972.0
2006.0 1905780.6
2007.0 2256036.5
2008.0 2317810.5
2009.0 2059596.2
2010.0 1915692.4
2011.0 2520377.8
2012.0 2308890.2
2013.0 2318003.0
2014.0 2470614.5
2015.0 2461565.5
2016.0 2415656.2
2017.0 2777800.0
2018.0 3051965.5
2019.0 2763629.5
2020.0 2765082.5
2021.0 1249756.1
2022.0 -585520.75
2023.0 -2319108.8
2024.0 -4014265.2
2025.0 -5329837.0
2026.0 -6895413.0
2027.0 -8631418.0
2028.0 -10361470.0
2029.0 -12043376.0
2030.0 -14049112.0
2031.0 -15595951.0
2032.0 -17788382.0
2033.0 -20161646.0
2034.0 -22313872.0
2035.0 -24262968.0
2036.0 -25663236.0
2037.0 -28214468.0
2038.0 -30100404.0
2039.0 0.0
2040.0 0.0
2041.0 0.0
2042.0 0.0
2043.0 0.0
2044.0 0.0
2045.0 0.0
2046.0 0.0
2047.0 0.0
