string
0.0 1924538.9
1.0 1741509.4
2.0 1722439.2
3.0 1491277.5
4.0 1603439.4
5.0 2013162.4
6.0 2557389.8
7.0 2596235.2
8.0 2050395.2
9.0 2383418.5
10.0 2059203.1
11.0 2131036.0
12.0 2351150.2
13.0 2642307.5
14.0 2962221.0
15.0 2686813.5
16.0 2430401.5
17.0 2327938.2
18.0 2304116.5
19.0 2801377.0
20.0 2784934.5
21.0 2656977.8
22.0 2425488.5
23.0 2082577.8
24.0 1463388.9
25.0 1622549.8
26.0 1807660.0
27.0 2071207.4
28.0 2507212.8
29.0 2507915.5
30.0 2355390.5
31.0 1959188.2
32.0 2051524.0
33.0 2420425.0
34.0 2255772.8
35.0 2514626.2
36.0 3132067.8
37.0 2727136.0
38.0 3264649.8
39.0 3338607.0
40.0 3119117.5
41.0 3160067.8
42.0 3226622.2
43.0 3230607.5
44.0 2959943.0
45.0 3098183.0
46.0 2704698.0
47.0 2169006.2
48.0 1969727.4
49.0 1973733.9
50.0 2071362.8
51.0 1829843.6
52.0 1654236.1
53.0 1870430.0
54.0 1968424.9
55.0 2241951.8
56.0 2316134.0
57.0 2035106.0
58.0 2183756.8
59.0 3220823.5
60.0 3396078.0
61.0 3140226.2
62.0 3231870.5
63.0 3210302.8
64.0 3294011.0
65.0 3250778.8
66.0 2811630.0
67.0 2354717.0
68.0 2136232.8
69.0 2019800.8
70.0 2051507.6
71.0 2481803.8
72.0 3247241.2
73.0 3285282.8
74.0 3762717.5
75.0 3665566.2
76.0 3695676.5
77.0 4009022.5
78.0 4528748.0
79.0 4452127.5
80.0 4208166.0
81.0 4497646.0
82.0 4944358.0
83.0 5032577.5
84.0 4041901.5
85.0 3659890.5
86.0 4028814.8
87.0 4281896.0
88.0 4256000.5
89.0 3947878.8
90.0 4061690.5
91.0 4092844.8
92.0 4552860.0
93.0 4589881.0
94.0 5488162.5
95.0 6748099.0
96.0 7411625.5
97.0 8747038.0
98.0 8343597.5
99.0 6209422.0
100.0 4675009.5
101.0 3274716.5
102.0 1921771.5
103.0 1535451.9
104.0 1528656.9
105.0 1798397.6
106.0 1948846.8
107.0 2054973.2
108.0 1699964.8
109.0 1563255.1
110.0 1694321.9
111.0 2001925.8
112.0 1960113.9
113.0 2248154.5
114.0 2373352.5
115.0 2431883.0
116.0 3029986.0
117.0 3851134.5
118.0 4522339.5
119.0 4902029.0
120.0 4486082.5
121.0 4596155.5
122.0 5417966.0
123.0 5877029.5
124.0 6444070.5
125.0 7090592.0
126.0 7189287.5
127.0 6427583.0
128.0 6421420.5
129.0 6842347.0
130.0 6474556.0
131.0 6206515.5
132.0 5613560.0
133.0 3620701.2
134.0 1990481.2
135.0 1752186.4
136.0 1251602.4
137.0 1005179.5
138.0 870702.0
139.0 1061836.6
140.0 970502.1
141.0 1050762.6
142.0 997671.94
143.0 892742.44
144.0 1120626.8
145.0 1228858.2
146.0 1115428.6
147.0 943913.06
148.0 710514.5
149.0 824938.8
150.0 950217.2
151.0 950178.7
152.0 1068358.6
153.0 970857.6
154.0 1932296.4
155.0 3326093.8
156.0 4597769.0
157.0 6091717.0
158.0 7051104.0
159.0 7618714.5
160.0 8135499.0
161.0 7162264.0
162.0 5784567.5
163.0 4448485.5
164.0 3710143.5
165.0 3303788.8
166.0 3189353.5
167.0 3695409.0
168.0 3776185.0
169.0 4204126.0
170.0 4107884.8
171.0 3966478.0
172.0 4254337.0
173.0 4121879.5
174.0 4117875.2
175.0 4559023.0
176.0 4398939.0
177.0 5113399.0
178.0 7815220.0
179.0 10108692.0
180.0 12002671.0
181.0 14353159.0
182.0 15977490.0
183.0 15260746.0
184.0 12608512.0
185.0 9047600.0
186.0 5707254.5
187.0 4357446.0
188.0 3398477.8
189.0 2532700.2
190.0 2065870.8
191.0 1421002.5
192.0 1453673.9
193.0 1798882.5
194.0 1456354.0
195.0 1590614.8
196.0 1506047.0
197.0 1270414.8
198.0 1252238.0
199.0 1263499.8
200.0 1423537.5
201.0 1138064.8
202.0 1369682.6
203.0 1355971.2
204.0 985595.06
205.0 974979.6
206.0 1296564.8
207.0 1332901.2
208.0 1228850.8
209.0 1184283.2
210.0 1331386.2
211.0 1637551.1
212.0 1780074.2
213.0 2267474.2
214.0 3187068.5
215.0 4845184.5
216.0 5804367.5
217.0 7436909.5
218.0 9497567.0
219.0 10393932.0
220.0 11122339.0
221.0 9901103.0
222.0 8919566.0
223.0 6432734.0
224.0 4332323.0
225.0 3140738.8
226.0 2659563.0
227.0 2095428.2
228.0 1700252.8
229.0 1442090.0
230.0 1705358.5
231.0 1394971.8
232.0 1617789.4
233.0 1195159.4
234.0 778099.4
235.0 700359.06
236.0 978365.25
237.0 949558.9
238.0 921153.7
239.0 955030.4
240.0 951121.3
241.0 901414.94
242.0 1541106.2
243.0 1371976.2
244.0 1293759.8
245.0 2011231.5
246.0 2900879.8
247.0 3611613.0
248.0 4342711.0
249.0 5566686.0
250.0 6308446.0
251.0 6604949.5
252.0 8020327.5
253.0 8659685.0
254.0 7201602.0
255.0 4850910.5
256.0 3330836.2
257.0 2861108.0
258.0 2527523.0
259.0 1679518.8
260.0 1451315.5
261.0 1236401.6
262.0 1428661.1
263.0 1370366.4
264.0 990449.4
265.0 610979.6
266.0 697057.6
267.0 725377.8
268.0 591387.1
269.0 322254.12
270.0 589365.9
271.0 940226.5
272.0 640448.7
273.0 718155.4
274.0 786578.44
275.0 749611.1
276.0 879603.0
277.0 929090.94
278.0 691658.8
279.0 959658.0
280.0 1341132.2
281.0 986966.56
282.0 1366045.0
283.0 1354249.5
284.0 1511186.8
285.0 1449728.9
286.0 1283527.6
287.0 1212550.0
288.0 1066276.5
289.0 847313.75
290.0 1039409.6
291.0 1177175.2
292.0 1154270.5
293.0 875004.5
294.0 887750.25
295.0 745245.6
296.0 1004768.5
297.0 1087136.6
298.0 1016798.4
299.0 1114402.0
300.0 1305710.5
301.0 1725382.8
302.0 1450710.1
303.0 1331894.8
304.0 1496190.6
305.0 1533324.8
306.0 1699935.0
307.0 1414332.6
308.0 1675911.9
309.0 1758540.1
310.0 1588937.2
311.0 1341021.8
312.0 1423912.5
313.0 1409544.2
314.0 1510794.0
315.0 1652584.2
316.0 1641822.5
317.0 1974534.2
318.0 2214624.5
319.0 2122434.5
320.0 2174158.2
321.0 2375621.0
322.0 2973364.0
323.0 2377463.5
324.0 1834226.9
325.0 2031681.0
326.0 3112026.0
327.0 3965901.2
328.0 4303271.5
329.0 4537716.0
330.0 5985139.0
331.0 6367660.5
332.0 6598950.5
333.0 6718420.5
334.0 7089648.0
335.0 5503383.0
336.0 4035165.0
337.0 3044075.5
338.0 2555967.2
339.0 2419954.8
340.0 2191559.0
341.0 2213329.0
342.0 1782331.5
343.0 1654241.8
344.0 1580542.2
345.0 1455643.6
346.0 1335840.1
347.0 1260145.8
348.0 1446359.8
349.0 1120313.2
350.0 830013.25
351.0 860191.75
352.0 1024037.75
353.0 1131941.8
354.0 1358146.2
355.0 1305553.5
356.0 1246303.6
357.0 1613727.4
358.0 1776397.4
359.0 2057611.8
360.0 1842390.2
361.0 1741916.8
362.0 2063299.4
363.0 2385191.8
364.0 2963565.0
365.0 2906071.2
366.0 3028632.5
367.0 3754895.5
368.0 4385154.5
369.0 4326654.0
370.0 4300593.0
371.0 3652614.0
372.0 2789010.0
373.0 2724814.8
374.0 2410867.0
375.0 1966652.0
376.0 2055199.4
377.0 1972015.2
378.0 1945374.9
379.0 1143925.5
380.0 1574709.4
381.0 1603263.2
382.0 1530149.8
383.0 1479178.6
384.0 1213694.2
385.0 888009.0
386.0 1120529.4
387.0 844124.4
388.0 1058637.5
389.0 1330869.4
390.0 1421924.0
391.0 1678853.2
392.0 1842709.2
393.0 2101142.8
394.0 2454151.5
395.0 2606047.5
396.0 2910448.5
397.0 2593497.2
398.0 2544937.0
399.0 2170562.5
400.0 1578675.0
401.0 2273595.2
402.0 2168645.0
403.0 1970880.6
404.0 1827973.1
405.0 2185157.0
406.0 2643413.8
407.0 2944983.8
408.0 3050993.0
409.0 3094911.2
410.0 2764533.8
411.0 2835704.8
412.0 2707839.5
413.0 2630358.8
414.0 2909682.5
415.0 3253489.5
416.0 3893605.0
417.0 4170239.8
418.0 3653398.0
419.0 3305087.0
420.0 3053733.5
421.0 2044912.8
422.0 1883336.9
423.0 2023211.4
424.0 1894701.8
425.0 1540160.0
426.0 1102738.0
427.0 933587.1
428.0 1411633.2
429.0 2137425.5
430.0 2189777.8
431.0 1654580.0
432.0 1928675.6
433.0 2226706.2
434.0 1944671.8
435.0 1630835.6
436.0 1686630.1
437.0 1940395.1
438.0 1759037.2
439.0 1702639.2
440.0 1670288.0
441.0 1396086.0
442.0 1564998.2
443.0 1411510.5
444.0 1220478.2
445.0 1317791.1
446.0 1492978.2
447.0 1528546.9
448.0 1783801.2
449.0 1547295.8
450.0 1989016.0
451.0 2409042.2
452.0 2577232.2
453.0 2028311.0
454.0 1888156.2
455.0 2121639.5
456.0 1693898.6
457.0 1508228.5
458.0 1415695.8
459.0 1618291.1
460.0 1654101.5
461.0 1655846.2
462.0 2040378.2
463.0 2253804.5
464.0 2223840.2
465.0 2219995.2
466.0 2044129.9
467.0 2872890.0
468.0 2649815.2
469.0 2366956.2
470.0 2332358.8
471.0 2342803.5
472.0 2645448.8
473.0 2820742.8
474.0 2101682.0
475.0 1721699.4
476.0 1664541.5
477.0 1449432.0
478.0 1432463.8
479.0 1446482.2
480.0 1347475.1
481.0 1169991.0
482.0 1144238.6
483.0 1029084.3
484.0 1062324.9
485.0 745720.06
486.0 760251.9
487.0 815348.25
488.0 955232.25
489.0 1139312.0
490.0 1047216.25
491.0 705666.6
492.0 996146.94
493.0 1652345.5
494.0 1544110.2
495.0 1292052.6
496.0 1330474.5
497.0 1336898.0
498.0 1271792.4
499.0 1276904.8
500.0 1609126.8
501.0 1566307.8
502.0 1209722.5
503.0 1590972.6
504.0 1926272.6
505.0 2039329.2
506.0 2343765.5
507.0 1901265.6
508.0 2009226.1
509.0 1954152.2
510.0 1874451.4
511.0 1778701.5
512.0 1549235.0
513.0 1787801.8
514.0 1758236.9
515.0 1621117.8
516.0 1436824.5
517.0 1249299.5
518.0 1107643.6
519.0 988231.2
520.0 911051.25
521.0 1046903.8
522.0 1095028.6
523.0 1118230.8
524.0 866907.1
525.0 1318027.0
526.0 1289959.2
527.0 1593396.5
528.0 1795280.0
529.0 1498387.4
530.0 1227416.8
531.0 1516017.8
532.0 1806544.5
533.0 1892820.8
534.0 2121253.0
535.0 2204269.0
536.0 2747956.5
537.0 2806251.5
538.0 2525430.8
539.0 2496288.5
540.0 2620480.0
541.0 1781117.5
542.0 1682755.0
543.0 1503014.4
544.0 1377901.4
545.0 1442369.4
546.0 1557926.8
547.0 1555095.6
548.0 1643015.0
549.0 1404870.5
550.0 1163231.1
551.0 1298275.9
552.0 1592164.4
553.0 1435109.8
554.0 1729779.5
555.0 1749039.8
556.0 1931139.5
557.0 1684081.1
558.0 1592385.8
559.0 1833405.8
560.0 2479579.5
561.0 2012947.5
562.0 1442925.1
563.0 1340473.0
564.0 1164134.2
565.0 1024750.1
566.0 1165100.2
567.0 1231911.5
568.0 1286103.0
569.0 1298871.1
570.0 1501665.5
571.0 1104828.4
572.0 1076206.4
573.0 1188142.4
574.0 1321725.1
575.0 1267078.4
576.0 1535573.9
577.0 1534261.0
578.0 1458956.8
579.0 1052830.2
580.0 1188820.2
581.0 1353904.0
582.0 1829141.5
583.0 1198639.1
584.0 1066715.5
585.0 1156387.6
586.0 1246656.6
587.0 1420476.8
588.0 1402224.5
589.0 1194749.5
590.0 1253375.6
591.0 1385123.6
592.0 1276042.0
593.0 1451019.4
594.0 1383110.0
595.0 1333350.2
596.0 1172605.2
597.0 1174846.8
598.0 1109873.9
599.0 944686.1
600.0 1249091.6
601.0 1387349.0
602.0 966371.25
603.0 915177.1
604.0 1148215.5
605.0 1102989.5
606.0 1038969.4
607.0 994258.7
608.0 1147701.8
609.0 1227815.8
610.0 1085909.6
611.0 1266790.4
612.0 1619276.2
613.0 1371522.8
614.0 1146026.9
615.0 1270609.2
616.0 1257583.4
617.0 1326916.9
618.0 1243536.1
619.0 1277970.5
620.0 1063931.2
621.0 1210834.4
622.0 995694.7
623.0 1348627.6
624.0 1334731.5
625.0 1501208.2
626.0 1483900.0
627.0 1254767.8
628.0 1190511.5
629.0 1356286.9
630.0 1701556.9
631.0 1593834.0
632.0 1358530.1
633.0 1338120.6
634.0 1414636.9
635.0 1435698.1
636.0 1103531.8
637.0 1318830.8
638.0 1702264.2
639.0 1731544.9
640.0 1452381.4
641.0 1521795.6
642.0 1525795.1
643.0 1185416.9
644.0 1387537.5
645.0 1727526.2
646.0 1518808.5
647.0 1517587.0
648.0 1271274.2
649.0 1252929.5
650.0 1422386.5
651.0 1352445.8
652.0 818532.56
653.0 836530.3
654.0 1199576.4
655.0 1156966.2
656.0 1125599.1
657.0 1282502.6
658.0 1268710.1
659.0 1267451.2
660.0 1398862.5
661.0 1386559.9
662.0 1293239.2
663.0 1025704.94
664.0 1264226.5
665.0 1214720.1
666.0 1217405.2
667.0 1027698.6
668.0 1184455.9
669.0 1239070.8
670.0 1715377.0
671.0 1642830.8
672.0 1656734.4
673.0 1744739.9
674.0 1393608.2
675.0 1726630.6
676.0 2061640.5
677.0 2063469.5
678.0 1607854.9
679.0 1354043.9
680.0 1282968.5
681.0 1401183.6
682.0 1186055.2
683.0 1141213.0
684.0 1448091.8
685.0 1229783.1
686.0 1216343.6
687.0 1298066.6
688.0 936996.8
689.0 1292724.2
690.0 1258251.4
691.0 1324943.2
692.0 1508744.8
693.0 1758771.1
694.0 1439708.5
695.0 1304345.2
696.0 1214844.1
697.0 1106151.9
698.0 1258383.4
699.0 995540.06
700.0 961134.5
701.0 1167427.5
702.0 1454094.2
703.0 1486687.4
704.0 1241536.0
705.0 1126124.0
706.0 1166178.9
707.0 1108703.1
708.0 1097789.9
709.0 1104027.4
710.0 878618.06
711.0 1174418.1
712.0 1243041.2
713.0 930001.8
714.0 1082721.8
715.0 915420.6
716.0 877349.7
717.0 870120.75
718.0 1045408.06
719.0 977014.25
720.0 1015587.1
721.0 953133.75
722.0 1013215.1
723.0 1010199.7
724.0 878379.9
725.0 1033905.0
726.0 1287529.0
727.0 1347168.8
728.0 1254320.5
729.0 1256373.6
730.0 967983.2
731.0 830171.2
732.0 970013.75
733.0 973120.3
734.0 921419.75
735.0 969356.5
736.0 1146355.6
737.0 1206649.2
738.0 1206105.8
739.0 1248715.6
740.0 1456657.2
741.0 1206949.0
742.0 1254275.2
743.0 1222628.9
744.0 1406019.5
745.0 1344265.1
746.0 1277231.0
747.0 1526363.8
748.0 1624673.1
749.0 1371733.5
750.0 1703460.8
751.0 1796832.6
752.0 1654044.0
753.0 1303904.8
754.0 1356014.2
755.0 1252009.5
756.0 1068521.0
757.0 1021687.8
758.0 994779.06
759.0 1078626.5
760.0 992008.7
761.0 637568.9
762.0 1192283.9
763.0 1430813.2
764.0 1481199.0
765.0 1204426.9
766.0 965067.25
767.0 1143530.1
768.0 1054088.6
769.0 1213246.4
770.0 1181381.1
771.0 1108603.9
772.0 998782.8
773.0 1103229.4
774.0 1235129.0
775.0 1288170.8
776.0 1192322.2
777.0 1127457.4
778.0 972796.3
779.0 917626.5
780.0 988347.6
781.0 1205625.5
782.0 1269415.4
783.0 1266583.9
784.0 1295998.2
785.0 1262922.0
786.0 921972.8
787.0 876270.0
788.0 1112084.2
789.0 1066194.2
790.0 1284295.8
791.0 1154708.2
792.0 1232343.1
793.0 1333596.0
794.0 1589782.8
795.0 1808294.5
796.0 1395732.0
797.0 1332594.9
798.0 1565728.2
799.0 1920499.4
800.0 1741932.8
801.0 1418862.0
802.0 1557004.9
803.0 1262584.4
804.0 1091237.0
805.0 1288200.9
806.0 1269305.2
807.0 1340627.0
808.0 1080611.4
809.0 995447.6
810.0 857873.4
811.0 996039.4
812.0 862732.44
813.0 783398.8
814.0 1082633.5
815.0 1249591.0
816.0 1405439.0
817.0 1232872.8
818.0 1064637.4
819.0 1031346.5
820.0 1291643.5
821.0 1386050.1
822.0 1314750.1
823.0 1107595.1
824.0 1280383.6
825.0 1736585.0
826.0 1381509.8
827.0 1184426.9
828.0 1172152.9
829.0 1074056.8
830.0 1236400.5
831.0 1030369.06
832.0 1088111.2
833.0 984107.5
834.0 1103837.0
835.0 1454639.8
836.0 1549873.1
837.0 1692315.8
838.0 1394380.2
839.0 1240626.9
840.0 1466316.5
841.0 1296145.9
842.0 1734420.6
843.0 1866247.6
844.0 1519620.2
845.0 1423694.5
846.0 1413528.5
847.0 1234547.6
848.0 1132061.5
849.0 1198028.5
850.0 1022538.4
851.0 1159281.9
852.0 1074056.4
853.0 1144613.6
854.0 1182134.5
855.0 1005613.06
856.0 1155146.5
857.0 1262784.9
858.0 1420315.8
859.0 1357651.0
860.0 1538213.0
861.0 1356668.8
862.0 1486811.8
863.0 1444559.0
864.0 1381027.2
865.0 1679666.0
866.0 1784488.0
867.0 1707675.6
868.0 1522990.8
869.0 1429614.8
870.0 1096139.8
871.0 1128301.0
872.0 1315131.5
873.0 1438733.1
874.0 1307939.5
875.0 1293377.0
876.0 1279747.9
877.0 1264947.9
878.0 1179974.6
879.0 1427586.4
880.0 1810984.2
881.0 1903115.1
882.0 2157630.2
883.0 1952723.2
884.0 1624915.5
885.0 1564272.5
886.0 1541636.2
887.0 1599112.2
888.0 1611434.2
889.0 1703024.4
890.0 1688171.2
891.0 1764251.5
892.0 1963292.6
893.0 1963407.8
894.0 1987996.2
895.0 1679875.0
896.0 1553600.6
897.0 1553633.5
898.0 1852766.1
899.0 1921319.5
900.0 1852543.1
901.0 1802697.2
902.0 1893388.2
903.0 1872411.9
904.0 1812223.8
905.0 1797022.5
906.0 2002391.2
907.0 2151478.8
908.0 1877890.8
909.0 1701198.9
910.0 2006842.0
911.0 1953766.9
912.0 2060176.9
913.0 2194667.2
914.0 2198941.0
915.0 2128867.8
916.0 2021158.0
917.0 1869123.5
918.0 1952643.5
919.0 2449658.5
920.0 2322190.8
921.0 2104051.2
922.0 2025981.0
923.0 2464018.2
924.0 2384226.2
925.0 2483034.8
926.0 2749686.0
927.0 2435230.5
928.0 2702245.2
929.0 2845675.5
930.0 2846726.5
931.0 2861754.8
932.0 2576449.0
933.0 2551181.5
934.0 2549360.2
935.0 2483392.2
936.0 2266542.0
937.0 2386912.2
938.0 2688718.5
939.0 3099039.5
940.0 3176966.0
941.0 2745071.2
942.0 2356213.5
943.0 2649093.5
944.0 2649892.8
945.0 2755202.8
946.0 3183373.0
947.0 2745816.0
948.0 2748152.2
949.0 2647726.5
950.0 2579079.5
951.0 2394770.8
952.0 2567025.0
953.0 2641776.2
954.0 2393797.8
955.0 2536969.8
956.0 2838818.0
957.0 2702156.0
958.0 3402525.0
959.0 3981226.2
960.0 3379880.2
961.0 2963098.5
962.0 3376224.5
963.0 3564495.5
964.0 3424090.2
965.0 3546297.8
966.0 3453323.5
967.0 3119716.5
968.0 3420705.2
969.0 4025555.2
970.0 4400565.5
971.0 4041454.5
972.0 4187531.2
973.0 4378594.5
974.0 4808324.0
975.0 4686250.0
976.0 4451242.5
977.0 4495036.5
978.0 4275494.5
979.0 4092867.5
980.0 4572243.5
981.0 4594871.5
982.0 4364906.0
983.0 4491579.0
984.0 5232600.5
985.0 6743800.0
986.0 8640152.0
987.0 10002036.0
988.0 11041782.0
989.0 12009718.0
990.0 12619505.0
991.0 11687862.0
992.0 10785954.0
993.0 9568691.0
994.0 9190920.0
995.0 9272114.0
996.0 8834086.0
997.0 8847777.0
998.0 9232751.0
999.0 9099725.0
1000.0 8580318.0
1001.0 8707159.0
1002.0 9785182.0
1003.0 10908950.0
1004.0 11641892.0
1005.0 12193746.0
1006.0 12316760.0
1007.0 12540306.0
1008.0 12388888.0
1009.0 10949184.0
1010.0 9997506.0
1011.0 9870406.0
1012.0 10087234.0
1013.0 9597368.0
1014.0 8429245.0
1015.0 7479710.5
1016.0 6622013.0
1017.0 5581947.0
1018.0 4861868.0
1019.0 4374452.0
1020.0 3986202.8
1021.0 3707612.8
1022.0 3880979.0
1023.0 3923995.0
1024.0 4261602.0
1025.0 3640591.2
1026.0 3731754.8
1027.0 3890197.8
1028.0 4230907.0
1029.0 4807184.5
1030.0 5671604.0
1031.0 6867915.0
1032.0 7677694.5
1033.0 8588913.0
1034.0 9442878.0
1035.0 11098810.0
1036.0 13040825.0
1037.0 14669480.0
1038.0 15855915.0
1039.0 16036442.0
1040.0 14947228.0
1041.0 13614369.0
1042.0 12530981.0
1043.0 12436301.0
1044.0 12167446.0
1045.0 12723488.0
1046.0 13583280.0
1047.0 13601216.0
1048.0 13485032.0
1049.0 14211462.0
1050.0 15411528.0
1051.0 15682936.0
1052.0 16607799.0
1053.0 17461568.0
1054.0 17355798.0
1055.0 16957232.0
1056.0 19032428.0
1057.0 23788862.0
1058.0 30462072.0
1059.0 43457644.0
1060.0 60327384.0
1061.0 77956470.0
1062.0 98577800.0
1063.0 119180780.0
1064.0 134067520.0
1065.0 137860580.0
1066.0 129480780.0
1067.0 106268400.0
1068.0 74032490.0
1069.0 47264550.0
1070.0 32157924.0
1071.0 23203056.0
1072.0 18140532.0
1073.0 15461576.0
1074.0 13207872.0
1075.0 10522809.0
1076.0 8310730.5
1077.0 6980292.5
1078.0 5968657.0
1079.0 5170812.5
1080.0 5079830.0
1081.0 5023627.0
1082.0 4625626.5
1083.0 4494118.5
1084.0 5134067.0
1085.0 5774327.5
1086.0 6126730.5
1087.0 6494589.5
1088.0 6724029.5
1089.0 7227775.5
1090.0 7867466.0
1091.0 8903221.0
1092.0 9137053.0
1093.0 8816574.0
1094.0 8204837.5
1095.0 6996749.0
1096.0 6041430.5
1097.0 6081080.5
1098.0 6464787.0
1099.0 7175087.0
1100.0 8017844.0
1101.0 9283523.0
1102.0 12342039.0
1103.0 15809114.0
1104.0 20631736.0
1105.0 28359358.0
1106.0 39984190.0
1107.0 54406030.0
1108.0 72571180.0
1109.0 92979340.0
1110.0 111461230.0
1111.0 121700120.0
1112.0 120545260.0
1113.0 106321710.0
1114.0 82710220.0
1115.0 55042260.0
1116.0 33115158.0
1117.0 21104524.0
1118.0 15590276.0
1119.0 12734434.0
1120.0 10594975.0
1121.0 9444056.0
1122.0 7601837.0
1123.0 5724132.5
1124.0 4597748.5
1125.0 3743761.0
1126.0 3437798.8
1127.0 2912217.2
1128.0 2467196.5
1129.0 2461109.0
1130.0 2390909.8
1131.0 2616944.8
1132.0 2864509.5
1133.0 3056996.0
1134.0 3166561.0
1135.0 3440642.2
1136.0 3677667.8
1137.0 4094609.5
1138.0 4186988.5
1139.0 3873583.8
1140.0 4125289.8
1141.0 3789945.2
1142.0 3133607.8
1143.0 2566679.2
1144.0 2137072.2
1145.0 2250216.0
1146.0 2332698.5
1147.0 2237977.8
1148.0 2210252.0
1149.0 1810621.9
1150.0 1794538.9
1151.0 1949433.6
1152.0 1969078.0
1153.0 1873693.5
1154.0 1865061.0
1155.0 1905398.5
1156.0 2054664.2
1157.0 2062587.4
1158.0 2053771.0
1159.0 1970172.0
1160.0 2218827.8
1161.0 2355170.0
1162.0 2694024.0
1163.0 2553489.8
1164.0 2688539.8
1165.0 2574953.2
1166.0 2654830.2
1167.0 2843342.5
1168.0 2730737.8
1169.0 2529693.0
1170.0 2560317.0
1171.0 2753627.5
1172.0 2721717.2
1173.0 2584832.8
1174.0 2551724.5
1175.0 2751485.5
1176.0 2856657.0
1177.0 3059799.8
1178.0 3066352.5
1179.0 3033833.5
1180.0 3073302.5
1181.0 3212761.0
1182.0 3318199.8
1183.0 3417372.0
1184.0 3728639.5
1185.0 4051351.5
1186.0 4993094.5
1187.0 4999751.5
1188.0 5157607.5
1189.0 5562939.5
1190.0 5696356.0
1191.0 5564422.5
1192.0 5082058.5
1193.0 5454510.5
1194.0 5505733.0
1195.0 4755128.0
1196.0 4032366.0
1197.0 3842656.5
1198.0 3747959.8
1199.0 4272822.0
1200.0 4227293.0
1201.0 3908369.8
1202.0 3585838.0
1203.0 3785197.5
1204.0 3723459.5
1205.0 3862809.8
1206.0 4117209.8
1207.0 3940367.2
1208.0 4040041.5
1209.0 4240744.5
1210.0 4791719.0
1211.0 6112382.5
1212.0 7271821.0
1213.0 7978027.5
1214.0 8295838.0
1215.0 7958247.5
1216.0 7110185.0
1217.0 6483602.0
1218.0 5764457.0
1219.0 4691103.0
1220.0 4538736.5
1221.0 4795040.0
1222.0 4779595.5
1223.0 5196000.0
1224.0 5671064.5
1225.0 5512219.0
1226.0 5717470.5
1227.0 6042922.0
1228.0 5996214.5
1229.0 6429160.5
1230.0 7442840.5
1231.0 8121344.5
1232.0 7838753.0
1233.0 8508244.0
1234.0 9987459.0
1235.0 11111419.0
1236.0 12926394.0
1237.0 15449895.0
1238.0 18259718.0
1239.0 21110598.0
1240.0 25194420.0
1241.0 27279936.0
1242.0 28593704.0
1243.0 27507644.0
1244.0 24225898.0
1245.0 20912800.0
1246.0 16028162.0
1247.0 11107700.0
1248.0 7675513.0
1249.0 6852850.5
1250.0 6832050.0
1251.0 6920059.0
1252.0 6610922.0
1253.0 6135783.0
1254.0 6002910.0
1255.0 6295783.0
1256.0 6960583.0
1257.0 7249155.5
1258.0 7080987.0
1259.0 8446731.0
1260.0 9654057.0
1261.0 11302178.0
1262.0 13754154.0
1263.0 15190166.0
1264.0 17001918.0
1265.0 18745108.0
1266.0 21061472.0
1267.0 22250192.0
1268.0 21893308.0
1269.0 20395408.0
1270.0 18360902.0
1271.0 17536814.0
1272.0 17453508.0
1273.0 17776688.0
1274.0 17723562.0
1275.0 18129650.0
1276.0 17559400.0
1277.0 15402511.0
1278.0 13502902.0
1279.0 12168526.0
1280.0 12492230.0
1281.0 13451375.0
1282.0 15156122.0
1283.0 15627659.0
1284.0 15768778.0
1285.0 15560618.0
1286.0 15174465.0
1287.0 14915102.0
1288.0 13986140.0
1289.0 12979395.0
1290.0 12507689.0
1291.0 13205190.0
1292.0 13972926.0
1293.0 14085815.0
1294.0 13926592.0
1295.0 14372372.0
1296.0 15241056.0
1297.0 16077595.0
1298.0 16209700.0
1299.0 17065666.0
1300.0 17917418.0
1301.0 18550666.0
1302.0 19634238.0
1303.0 21402364.0
1304.0 23807484.0
1305.0 27695562.0
1306.0 30936060.0
1307.0 33476960.0
1308.0 35726364.0
1309.0 37188796.0
1310.0 37870784.0
1311.0 37734948.0
1312.0 34609430.0
1313.0 30604990.0
1314.0 30133418.0
1315.0 31540450.0
1316.0 33614456.0
1317.0 35583396.0
1318.0 36549076.0
1319.0 37100364.0
1320.0 38562650.0
1321.0 39027370.0
1322.0 40002244.0
1323.0 42199556.0
1324.0 43521680.0
1325.0 45242604.0
1326.0 50696636.0
1327.0 53250856.0
1328.0 56150350.0
1329.0 61752270.0
1330.0 64323996.0
1331.0 65290824.0
1332.0 67031044.0
1333.0 70764550.0
1334.0 72586500.0
1335.0 71160410.0
1336.0 71491770.0
1337.0 72052264.0
1338.0 73748040.0
1339.0 73376310.0
1340.0 70242990.0
1341.0 68195250.0
1342.0 64794896.0
1343.0 59610456.0
1344.0 55081220.0
1345.0 55039480.0
1346.0 53454576.0
1347.0 52457540.0
1348.0 54012110.0
1349.0 53950964.0
1350.0 53490950.0
1351.0 54814056.0
1352.0 58160944.0
1353.0 63035510.0
1354.0 64756564.0
1355.0 66777290.0
1356.0 67742530.0
1357.0 67343110.0
1358.0 66526760.0
1359.0 67556024.0
1360.0 67986710.0
1361.0 70734790.0
1362.0 76527180.0
1363.0 83522170.0
1364.0 94118620.0
1365.0 108071140.0
1366.0 126933290.0
1367.0 146079020.0
1368.0 169544200.0
1369.0 189719860.0
1370.0 208958080.0
1371.0 224621570.0
1372.0 233399970.0
1373.0 235642420.0
1374.0 229489860.0
1375.0 212392940.0
1376.0 191638860.0
1377.0 171052640.0
1378.0 150591980.0
1379.0 136772860.0
1380.0 126567040.0
1381.0 118537000.0
1382.0 111282040.0
1383.0 102938220.0
1384.0 97861080.0
1385.0 92770460.0
1386.0 88797070.0
1387.0 81900210.0
1388.0 75276590.0
1389.0 68956890.0
1390.0 62818630.0
1391.0 54766030.0
1392.0 48382464.0
1393.0 44284790.0
1394.0 40419316.0
1395.0 38578644.0
1396.0 39272136.0
1397.0 42142730.0
1398.0 47418250.0
1399.0 53954396.0
1400.0 60918550.0
1401.0 68200860.0
1402.0 75295030.0
1403.0 84185770.0
1404.0 93644190.0
1405.0 106368240.0
1406.0 121417390.0
1407.0 139787500.0
1408.0 159215860.0
1409.0 183377630.0
1410.0 209317360.0
1411.0 236975020.0
1412.0 261639500.0
1413.0 287912000.0
1414.0 302578660.0
1415.0 305044480.0
1416.0 295610750.0
1417.0 267331500.0
1418.0 228902180.0
1419.0 180519820.0
1420.0 131165510.0
1421.0 91401340.0
1422.0 65086924.0
1423.0 48996944.0
1424.0 39336570.0
1425.0 33294480.0
1426.0 27533750.0
1427.0 23065184.0
1428.0 19586186.0
1429.0 17213236.0
1430.0 15231482.0
1431.0 13700324.0
1432.0 12764480.0
1433.0 11407109.0
1434.0 10100498.0
1435.0 9930053.0
1436.0 10649434.0
1437.0 10404316.0
1438.0 10253946.0
1439.0 9916946.0
1440.0 10031399.0
1441.0 10694126.0
1442.0 10396949.0
1443.0 10270196.0
1444.0 9740142.0
1445.0 10341557.0
1446.0 10952670.0
1447.0 10757378.0
1448.0 12186158.0
1449.0 14087529.0
1450.0 15298192.0
1451.0 15678851.0
1452.0 16427538.0
1453.0 17333286.0
1454.0 18883476.0
1455.0 19922926.0
1456.0 21217822.0
1457.0 22050042.0
1458.0 24007224.0
1459.0 24580278.0
1460.0 23604332.0
1461.0 22750984.0
1462.0 24406570.0
1463.0 24906502.0
1464.0 24440604.0
1465.0 23510658.0
1466.0 22870552.0
1467.0 23365688.0
1468.0 23355870.0
1469.0 23527908.0
1470.0 23852198.0
1471.0 24393020.0
1472.0 24891670.0
1473.0 24723604.0
1474.0 23043622.0
1475.0 23382970.0
1476.0 23453150.0
1477.0 23291850.0
1478.0 23133550.0
1479.0 22812898.0
1480.0 23484922.0
1481.0 23127496.0
1482.0 24599000.0
1483.0 28376462.0
1484.0 31562288.0
1485.0 34895844.0
1486.0 39741076.0
1487.0 45539744.0
1488.0 50354890.0
1489.0 54347884.0
1490.0 56852836.0
1491.0 58341380.0
1492.0 60540856.0
1493.0 63594280.0
1494.0 66202284.0
1495.0 66760524.0
1496.0 65010820.0
1497.0 61227400.0
1498.0 60069160.0
1499.0 58210404.0
1500.0 55021310.0
1501.0 52348776.0
1502.0 47600316.0
1503.0 40969240.0
1504.0 33946864.0
1505.0 30390880.0
1506.0 29903492.0
1507.0 31069222.0
1508.0 31547664.0
1509.0 33185300.0
1510.0 35813444.0
1511.0 37320544.0
1512.0 39508784.0
1513.0 42940616.0
1514.0 45052696.0
1515.0 47306004.0
1516.0 50065424.0
1517.0 53168616.0
1518.0 56074930.0
1519.0 60053636.0
1520.0 63672496.0
1521.0 67688300.0
1522.0 71444930.0
1523.0 73723320.0
1524.0 76212010.0
1525.0 79032020.0
1526.0 82004170.0
1527.0 88005640.0
1528.0 93794170.0
1529.0 93294630.0
1530.0 88440710.0
1531.0 83000180.0
1532.0 75160420.0
1533.0 65337100.0
1534.0 56139724.0
1535.0 46427300.0
1536.0 38533944.0
1537.0 32786808.0
1538.0 27993940.0
1539.0 24331096.0
1540.0 24281444.0
1541.0 25071444.0
1542.0 27244068.0
1543.0 30633850.0
1544.0 33391500.0
1545.0 36576936.0
1546.0 39142704.0
1547.0 43450064.0
1548.0 49124156.0
1549.0 54983984.0
1550.0 58756404.0
1551.0 64899590.0
1552.0 70976540.0
1553.0 74261000.0
1554.0 75549760.0
1555.0 78854790.0
1556.0 83682360.0
1557.0 87042480.0
1558.0 90686290.0
1559.0 93430220.0
1560.0 91763280.0
1561.0 85073320.0
1562.0 74630344.0
1563.0 63998380.0
1564.0 53170256.0
1565.0 47996204.0
1566.0 47244136.0
1567.0 47737136.0
1568.0 47849100.0
1569.0 49383144.0
1570.0 50738320.0
1571.0 49580904.0
1572.0 45928260.0
1573.0 43333340.0
1574.0 40721760.0
1575.0 36720620.0
1576.0 32461580.0
1577.0 27251428.0
1578.0 22110918.0
1579.0 19310398.0
1580.0 17370886.0
1581.0 16717626.0
1582.0 17471602.0
1583.0 17594842.0
1584.0 17858328.0
1585.0 17859752.0
1586.0 17644856.0
1587.0 18023492.0
1588.0 18232460.0
1589.0 20138788.0
1590.0 21298578.0
1591.0 21355228.0
1592.0 21115592.0
1593.0 21088310.0
1594.0 20580528.0
1595.0 18784182.0
1596.0 17280582.0
1597.0 16527942.0
1598.0 16519296.0
1599.0 16733836.0
1600.0 16895282.0
1601.0 17169982.0
1602.0 17454384.0
1603.0 18730746.0
1604.0 20947324.0
1605.0 21549770.0
1606.0 22855868.0
1607.0 24848956.0
1608.0 27375796.0
1609.0 30305700.0
1610.0 31982680.0
1611.0 33040188.0
1612.0 34951584.0
1613.0 37741070.0
1614.0 41101824.0
1615.0 45441476.0
1616.0 48830480.0
1617.0 52007476.0
1618.0 55312916.0
1619.0 54441190.0
1620.0 55031640.0
1621.0 57518984.0
1622.0 61868136.0
1623.0 65271820.0
1624.0 70978770.0
1625.0 76026150.0
1626.0 76474630.0
1627.0 75769140.0
1628.0 74719656.0
1629.0 67201730.0
1630.0 56012736.0
1631.0 42581364.0
1632.0 31644638.0
1633.0 24329550.0
1634.0 21153118.0
1635.0 18600162.0
1636.0 16651492.0
1637.0 16051650.0
1638.0 14725808.0
1639.0 13930465.0
1640.0 14121069.0
1641.0 14531409.0
1642.0 14100492.0
1643.0 14349202.0
1644.0 14932619.0
1645.0 15086986.0
1646.0 14839298.0
1647.0 14558395.0
1648.0 15112464.0
1649.0 14610772.0
1650.0 14317534.0
1651.0 14692185.0
1652.0 14205716.0
1653.0 13706679.0
1654.0 13234131.0
1655.0 12618104.0
1656.0 11762378.0
1657.0 12827076.0
1658.0 13124290.0
1659.0 12198384.0
1660.0 11207911.0
1661.0 10860949.0
1662.0 11062756.0
1663.0 10125156.0
1664.0 10702080.0
1665.0 10751260.0
1666.0 10802639.0
1667.0 11234569.0
1668.0 12348756.0
1669.0 13419062.0
1670.0 12656071.0
1671.0 12771796.0
1672.0 13374262.0
1673.0 14274886.0
1674.0 15579145.0
1675.0 17265208.0
1676.0 17109528.0
1677.0 17224508.0
1678.0 18950398.0
1679.0 19282170.0
1680.0 18064304.0
1681.0 17653148.0
1682.0 19274222.0
1683.0 19431538.0
1684.0 18254644.0
1685.0 17725154.0
1686.0 16636472.0
1687.0 15310862.0
1688.0 15527838.0
1689.0 16143036.0
1690.0 16399106.0
1691.0 16884636.0
1692.0 17652552.0
1693.0 18271696.0
1694.0 18659844.0
1695.0 18747678.0
1696.0 18553070.0
1697.0 19684044.0
1698.0 20341076.0
1699.0 20617284.0
1700.0 21584520.0
1701.0 22688052.0
1702.0 22741870.0
1703.0 23199618.0
1704.0 23768796.0
1705.0 21806932.0
1706.0 20275824.0
1707.0 18615730.0
1708.0 16950484.0
1709.0 16878088.0
1710.0 16759861.0
1711.0 16761031.0
1712.0 17290214.0
1713.0 17874426.0
1714.0 16823302.0
1715.0 15942386.0
1716.0 15177725.0
1717.0 13882634.0
1718.0 13157346.0
1719.0 12359292.0
1720.0 11700934.0
1721.0 10071662.0
1722.0 7731491.0
1723.0 6026834.5
1724.0 4147715.5
1725.0 3086487.0
1726.0 3115710.0
1727.0 3475996.0
1728.0 3393743.8
1729.0 2942686.5
1730.0 3198020.5
1731.0 3677354.0
1732.0 3389914.8
1733.0 3677972.8
1734.0 4397794.0
1735.0 4203885.5
1736.0 4014692.8
1737.0 4093725.2
1738.0 4701914.0
1739.0 5594030.0
1740.0 5521239.0
1741.0 5821586.0
1742.0 6167508.0
1743.0 6443503.0
1744.0 5961204.5
1745.0 5748525.5
1746.0 5665250.0
1747.0 5522214.5
1748.0 5522787.0
1749.0 5732899.0
1750.0 6327738.0
1751.0 5457096.0
1752.0 4958062.5
1753.0 4204649.0
1754.0 4292168.5
1755.0 4733170.5
1756.0 4595013.0
1757.0 4531729.0
1758.0 4951438.5
1759.0 5128931.0
1760.0 5359264.5
1761.0 5997866.0
1762.0 5802039.5
1763.0 6095188.0
1764.0 6297495.0
1765.0 6201089.0
1766.0 6891536.0
1767.0 7431539.5
1768.0 7649000.0
1769.0 7518519.5
1770.0 7040704.0
1771.0 6758653.0
1772.0 6994960.0
1773.0 6937332.5
1774.0 7149412.0
1775.0 6947314.0
1776.0 7276993.0
1777.0 7421647.5
1778.0 7266342.5
1779.0 7053854.0
1780.0 6586760.5
1781.0 5839143.0
1782.0 5802330.0
1783.0 5588937.5
1784.0 5244903.0
1785.0 4652923.0
1786.0 4723494.0
1787.0 4345985.5
1788.0 5086324.5
1789.0 5664525.5
1790.0 6251834.0
1791.0 6136759.5
1792.0 5773103.0
1793.0 5993816.0
1794.0 6160840.5
1795.0 5968074.5
1796.0 6183302.5
1797.0 6578173.0
1798.0 6621159.5
1799.0 6762015.5
1800.0 7326105.0
1801.0 7153588.0
1802.0 7505329.0
1803.0 7412854.0
1804.0 8322549.5
1805.0 7933227.0
1806.0 7322711.0
1807.0 6857350.5
1808.0 6641909.5
1809.0 5585298.0
1810.0 4454323.0
1811.0 4534773.5
1812.0 4340712.0
1813.0 3924841.5
1814.0 3810220.5
1815.0 3781194.0
1816.0 3397767.2
1817.0 3257032.2
1818.0 3612737.5
1819.0 4093618.5
1820.0 3922124.8
1821.0 4426121.0
1822.0 4722747.0
1823.0 4861312.0
1824.0 4536789.5
1825.0 5163394.5
1826.0 5683030.0
1827.0 6351212.0
1828.0 6406850.0
1829.0 6777479.0
1830.0 6822467.0
1831.0 7192571.0
1832.0 7544798.0
1833.0 8199715.5
1834.0 8808019.0
1835.0 8735210.0
1836.0 8492535.0
1837.0 8322534.5
1838.0 8208114.5
1839.0 7580047.0
1840.0 6815970.0
1841.0 6413336.0
1842.0 6833909.5
1843.0 7348584.0
1844.0 8484789.0
1845.0 9404978.0
1846.0 9985139.0
1847.0 9864350.0
1848.0 10085066.0
1849.0 10329730.0
1850.0 11094155.0
1851.0 11894149.0
1852.0 12200895.0
1853.0 11879558.0
1854.0 12220930.0
1855.0 12620868.0
1856.0 12433220.0
1857.0 11782439.0
1858.0 11145476.0
1859.0 11689569.0
1860.0 11373448.0
1861.0 11547245.0
1862.0 11066614.0
1863.0 10373124.0
1864.0 9373758.0
1865.0 9292362.0
1866.0 9190802.0
1867.0 8815566.0
1868.0 8196370.0
1869.0 7535850.5
1870.0 6617749.0
1871.0 6528516.0
1872.0 6946380.0
1873.0 7408189.5
1874.0 8801913.0
1875.0 9342781.0
1876.0 8613367.0
1877.0 8532054.0
1878.0 9464767.0
1879.0 10555789.0
1880.0 11031811.0
1881.0 10655856.0
1882.0 9892369.0
1883.0 9149092.0
1884.0 8958598.0
1885.0 8723587.0
1886.0 7739935.5
1887.0 7992009.5
1888.0 8028721.0
1889.0 7357675.5
1890.0 6636839.5
1891.0 6087993.0
1892.0 5251569.0
1893.0 5148351.5
1894.0 4890599.0
1895.0 4591982.0
1896.0 5112799.0
1897.0 5078777.5
1898.0 6003415.0
1899.0 7436274.5
1900.0 8684745.0
1901.0 9495996.0
1902.0 10800915.0
1903.0 12739482.0
1904.0 13656065.0
1905.0 13778760.0
1906.0 16159641.0
1907.0 17710226.0
1908.0 18813178.0
1909.0 19566626.0
1910.0 20258752.0
1911.0 22025044.0
1912.0 22471688.0
1913.0 21199288.0
1914.0 20574350.0
1915.0 18276424.0
1916.0 15983181.0
1917.0 11904005.0
1918.0 8124210.0
1919.0 6739499.0
1920.0 5976607.5
1921.0 5712672.0
1922.0 5905997.5
1923.0 5352260.0
1924.0 5662422.0
1925.0 7005353.0
1926.0 8156097.0
1927.0 8813424.0
1928.0 9605465.0
1929.0 10049716.0
1930.0 10645141.0
1931.0 11883701.0
1932.0 12826130.0
1933.0 13955185.0
1934.0 15066564.0
1935.0 15425198.0
1936.0 16501490.0
1937.0 17849918.0
1938.0 19665052.0
1939.0 19404902.0
1940.0 18959148.0
1941.0 15870305.0
1942.0 11433748.0
1943.0 8179571.0
1944.0 5801610.5
1945.0 4339636.0
1946.0 2916885.0
1947.0 2360379.8
1948.0 2357178.5
1949.0 2414423.2
1950.0 2257824.0
1951.0 1823601.1
1952.0 1391311.1
1953.0 1475261.4
1954.0 1423022.0
1955.0 1195548.5
1956.0 1071382.8
1957.0 1424841.9
1958.0 1440112.0
1959.0 1238720.2
1960.0 1425961.9
1961.0 1226750.4
1962.0 1201493.6
1963.0 1031499.6
1964.0 1089550.5
1965.0 1086817.0
1966.0 1116287.6
1967.0 878829.5
1968.0 985053.6
1969.0 1061586.9
1970.0 1288038.8
1971.0 1293512.4
1972.0 1131673.6
1973.0 1121754.1
1974.0 1029192.0
1975.0 1257542.0
1976.0 1425685.6
1977.0 1531693.8
1978.0 1414224.0
1979.0 1324721.8
1980.0 1180872.8
1981.0 1256743.1
1982.0 1364176.5
1983.0 1744438.9
1984.0 1908447.5
1985.0 1525841.5
1986.0 1759032.2
1987.0 1858581.0
1988.0 2181663.0
1989.0 2543222.0
1990.0 2279405.8
1991.0 1581973.6
1992.0 1508288.0
1993.0 1653532.0
1994.0 1508139.4
1995.0 1411331.1
1996.0 1687301.9
1997.0 1940606.1
1998.0 1695141.5
1999.0 1524299.8
2000.0 1659359.8
2001.0 1908732.4
2002.0 1821180.6
2003.0 2067006.4
2004.0 2120579.8
2005.0 1863736.0
2006.0 1646013.0
2007.0 1842838.1
2008.0 1550360.1
2009.0 2347483.0
2010.0 2462514.5
2011.0 2328045.2
2012.0 2519226.5
2013.0 2364081.5
2014.0 1927424.9
2015.0 1855449.2
2016.0 2430273.0
2017.0 852316.1
2018.0 -911111.0
2019.0 -2348578.5
2020.0 -4096064.8
2021.0 -5753808.0
2022.0 -7747133.0
2023.0 -9571270.0
2024.0 -11285160.0
2025.0 -12759425.0
2026.0 -14570371.0
2027.0 -16326529.0
2028.0 -18413142.0
2029.0 -20004316.0
2030.0 -22311702.0
2031.0 -24103424.0
2032.0 -25884696.0
2033.0 -28156628.0
2034.0 -30100404.0
2035.0 0.0
2036.0 0.0
2037.0 0.0
2038.0 0.0
2039.0 0.0
2040.0 0.0
2041.0 0.0
2042.0 0.0
2043.0 0.0
2044.0 0.0
2045.0 0.0
2046.0 0.0
2047.0 0.0
