string
0.0 1973729.2
1.0 1651618.9
2.0 1265775.2
3.0 1368464.5
4.0 1465035.8
5.0 2214223.0
6.0 2247566.8
7.0 2252139.0
8.0 2047128.8
9.0 2168741.0
10.0 1830817.2
11.0 1802880.0
12.0 1811822.0
13.0 2088390.2
14.0 2001542.6
15.0 1710655.2
16.0 1772813.5
17.0 1698263.5
18.0 1879845.8
19.0 2208380.5
20.0 2065217.4
21.0 2193091.5
22.0 1800310.5
23.0 1668255.6
24.0 1443048.2
25.0 1869119.8
26.0 1861484.4
27.0 1857053.8
28.0 1929113.8
29.0 1831895.6
30.0 2182508.5
31.0 1833818.6
32.0 2326478.0
33.0 2247101.2
34.0 2081567.6
35.0 1726034.0
36.0 1448645.1
37.0 1987019.8
38.0 2276678.0
39.0 2164617.2
40.0 2200764.8
41.0 2020534.2
42.0 2312746.2
43.0 2432878.8
44.0 2336245.5
45.0 2160531.0
46.0 2042614.4
47.0 2082888.2
48.0 2178219.5
49.0 2128817.8
50.0 1814633.8
51.0 1443144.8
52.0 1677730.6
53.0 1303768.5
54.0 1218676.1
55.0 1638917.0
56.0 1988324.5
57.0 1835272.8
58.0 1548703.6
59.0 1607155.8
60.0 2412277.5
61.0 3283376.5
62.0 2841993.8
63.0 2972682.5
64.0 3368293.8
65.0 2896046.5
66.0 2346332.2
67.0 2352638.0
68.0 2072588.2
69.0 1855912.2
70.0 2101452.8
71.0 2872548.5
72.0 3128097.5
73.0 2872480.5
74.0 3014848.8
75.0 3459090.0
76.0 3479581.0
77.0 3566855.0
78.0 3841443.8
79.0 4193592.0
80.0 4174724.0
81.0 4395455.0
82.0 4420446.0
83.0 4023676.0
84.0 3307372.5
85.0 3423169.0
86.0 3078477.5
87.0 2958287.2
88.0 2743992.0
89.0 2774410.5
90.0 3391414.5
91.0 3787971.0
92.0 3973941.2
93.0 3436144.8
94.0 3666835.5
95.0 3841210.2
96.0 4305659.0
97.0 5171069.5
98.0 5619088.0
99.0 5676279.5
100.0 4202712.5
101.0 3124694.0
102.0 2308618.5
103.0 1715940.1
104.0 1363754.4
105.0 1025806.1
106.0 1056318.8
107.0 1428767.2
108.0 1295251.5
109.0 1110990.8
110.0 1814612.2
111.0 2003067.8
112.0 2297957.5
113.0 1787117.0
114.0 1380763.2
115.0 1562625.2
116.0 2166234.5
117.0 2821412.8
118.0 2922356.2
119.0 2927637.0
120.0 3389425.5
121.0 4085845.2
122.0 4712550.5
123.0 5232776.0
124.0 5826413.0
125.0 6298760.0
126.0 6624817.5
127.0 6218434.0
128.0 5845969.5
129.0 5528065.0
130.0 5561060.0
131.0 5474328.0
132.0 4697835.5
133.0 3734225.5
134.0 2927402.5
135.0 2203289.8
136.0 1404801.4
137.0 1152517.8
138.0 833937.44
139.0 559711.9
140.0 631020.75
141.0 1047810.75
142.0 1082696.8
143.0 617632.8
144.0 552588.56
145.0 649212.44
146.0 876066.8
147.0 630282.8
148.0 709054.4
149.0 688601.2
150.0 625172.56
151.0 741036.94
152.0 722605.7
153.0 903699.9
154.0 1264282.6
155.0 1596285.1
156.0 2488869.5
157.0 3091688.5
158.0 3891799.5
159.0 4824326.5
160.0 5509250.0
161.0 6625280.5
162.0 6209675.5
163.0 4555390.5
164.0 4007591.2
165.0 3233563.0
166.0 2401833.5
167.0 2192261.5
168.0 2534935.0
169.0 2727657.2
170.0 3036633.5
171.0 3795464.0
172.0 3567738.8
173.0 3289914.8
174.0 3227049.8
175.0 3965285.5
176.0 4332317.0
177.0 4278014.5
178.0 4998605.0
179.0 6388953.0
180.0 8896559.0
181.0 10610431.0
182.0 12251868.0
183.0 12601178.0
184.0 11696734.0
185.0 9825569.0
186.0 8275445.5
187.0 6183218.0
188.0 4224789.5
189.0 2990418.0
190.0 2471250.2
191.0 2017146.8
192.0 2000775.8
193.0 1815946.9
194.0 1306135.2
195.0 1319764.4
196.0 1088312.2
197.0 1012931.25
198.0 845163.4
199.0 807274.0
200.0 894394.25
201.0 886484.4
202.0 670677.2
203.0 837039.0
204.0 1103174.9
205.0 1001028.25
206.0 966679.4
207.0 1181907.2
208.0 764945.5
209.0 928363.9
210.0 1301341.8
211.0 1652823.1
212.0 1949588.8
213.0 2165074.8
214.0 2378689.8
215.0 3065098.5
216.0 3635193.8
217.0 5071414.0
218.0 7480105.0
219.0 7932497.0
220.0 8684701.0
221.0 9519199.0
222.0 8718854.0
223.0 7380269.0
224.0 5388942.0
225.0 3192099.5
226.0 2567395.2
227.0 2142918.5
228.0 1584013.5
229.0 1584078.5
230.0 1530152.4
231.0 1561072.5
232.0 1464970.8
233.0 1115980.5
234.0 985209.3
235.0 924351.25
236.0 642610.75
237.0 910049.94
238.0 745289.44
239.0 1041170.56
240.0 735099.5
241.0 645868.75
242.0 812319.06
243.0 1082475.5
244.0 1028498.25
245.0 1235843.2
246.0 1648730.1
247.0 1828521.4
248.0 2612814.0
249.0 3801318.5
250.0 4794789.5
251.0 5954548.0
252.0 6058490.5
253.0 5760102.5
254.0 6391900.5
255.0 6395940.0
256.0 4913225.0
257.0 3007819.5
258.0 2260772.8
259.0 1485807.8
260.0 1743341.2
261.0 1378160.6
262.0 1184381.2
263.0 1156523.2
264.0 946855.3
265.0 996663.5
266.0 754688.4
267.0 664327.56
268.0 911723.2
269.0 911850.0
270.0 585617.1
271.0 599820.06
272.0 530539.3
273.0 636377.44
274.0 464577.97
275.0 638007.4
276.0 697454.3
277.0 802575.3
278.0 699336.94
279.0 701958.5
280.0 715764.44
281.0 995518.25
282.0 1016690.5
283.0 745742.4
284.0 1000270.25
285.0 1091148.9
286.0 1112588.0
287.0 994673.06
288.0 827266.25
289.0 886374.6
290.0 877818.44
291.0 1022686.3
292.0 994168.25
293.0 883378.06
294.0 945799.94
295.0 1156086.8
296.0 1471293.2
297.0 1478249.8
298.0 1389665.6
299.0 1321860.8
300.0 1161293.5
301.0 1432930.8
302.0 1185686.4
303.0 1306508.9
304.0 1631007.5
305.0 1565187.2
306.0 1287041.1
307.0 1112661.1
308.0 1539442.8
309.0 1579749.2
310.0 1186035.2
311.0 1336381.0
312.0 1172365.2
313.0 1295186.0
314.0 1179492.2
315.0 1260121.8
316.0 1496850.8
317.0 1744477.2
318.0 1668891.8
319.0 2406142.8
320.0 3011472.2
321.0 2850576.0
322.0 2987054.5
323.0 3106169.8
324.0 2786342.2
325.0 2189414.8
326.0 2444045.5
327.0 2899107.8
328.0 3015040.0
329.0 3486262.8
330.0 4053851.0
331.0 4600726.0
332.0 5263200.0
333.0 6494665.5
334.0 6435557.0
335.0 5441755.5
336.0 4683076.0
337.0 2973229.5
338.0 2367288.8
339.0 2188964.0
340.0 1829072.6
341.0 1695562.6
342.0 1381637.8
343.0 1312162.4
344.0 1206427.4
345.0 1154944.5
346.0 1357943.9
347.0 1229019.5
348.0 1174379.9
349.0 1066552.0
350.0 1057311.8
351.0 1317541.9
352.0 1212453.2
353.0 1359609.9
354.0 1411116.1
355.0 1200779.8
356.0 965593.5
357.0 802472.8
358.0 990021.4
359.0 1320979.8
360.0 1492652.4
361.0 1480436.5
362.0 1373853.8
363.0 1525144.4
364.0 2082197.6
365.0 2711367.5
366.0 3081000.0
367.0 3699922.8
368.0 3814495.5
369.0 3256098.0
370.0 2941412.5
371.0 3279025.0
372.0 2630480.0
373.0 2008529.0
374.0 1982996.8
375.0 1782217.8
376.0 1753694.0
377.0 1266087.8
378.0 1128345.1
379.0 1221022.8
380.0 1269573.0
381.0 1210738.2
382.0 1304041.0
383.0 1524448.5
384.0 1156175.8
385.0 1191206.0
386.0 985125.0
387.0 1272919.8
388.0 1145555.6
389.0 1153781.1
390.0 1364489.2
391.0 1496274.4
392.0 1511179.9
393.0 1612999.5
394.0 1888783.1
395.0 1985917.2
396.0 2053620.0
397.0 1843133.8
398.0 2113833.0
399.0 2397908.0
400.0 2474633.2
401.0 2308342.8
402.0 1777329.0
403.0 1893800.8
404.0 1780607.5
405.0 1737029.2
406.0 1691212.5
407.0 1460375.0
408.0 2248715.0
409.0 2734416.5
410.0 2783419.8
411.0 2485923.0
412.0 2469857.2
413.0 2243621.0
414.0 2050927.5
415.0 2388544.5
416.0 2835372.5
417.0 2967662.5
418.0 2788424.0
419.0 2629158.8
420.0 2493777.8
421.0 2393532.5
422.0 2411054.0
423.0 1730265.2
424.0 1319737.5
425.0 1401019.0
426.0 1280022.4
427.0 1311370.0
428.0 1014564.06
429.0 1557136.5
430.0 1925370.8
431.0 1729922.4
432.0 1328619.4
433.0 1162548.2
434.0 1392017.0
435.0 1484443.6
436.0 1374575.1
437.0 1464568.0
438.0 1569010.6
439.0 1678245.0
440.0 1535035.2
441.0 1460541.8
442.0 1158105.1
443.0 1041749.75
444.0 1173555.8
445.0 1257086.1
446.0 1425081.1
447.0 1311337.6
448.0 1409686.0
449.0 1592308.2
450.0 1595270.1
451.0 1972038.1
452.0 2146061.0
453.0 2145878.2
454.0 2241786.5
455.0 2192621.5
456.0 1813245.1
457.0 1682326.0
458.0 1581202.6
459.0 1476063.9
460.0 1166261.8
461.0 1441776.2
462.0 1907750.5
463.0 2063538.2
464.0 1409658.1
465.0 1635666.1
466.0 1523100.8
467.0 1599141.9
468.0 2389893.0
469.0 2389138.8
470.0 2181384.8
471.0 1695170.0
472.0 1426955.1
473.0 1900880.5
474.0 2094840.2
475.0 1681205.5
476.0 1696915.0
477.0 1393587.2
478.0 1500904.5
479.0 1483090.0
480.0 1339553.9
481.0 1170769.9
482.0 646370.5
483.0 876012.1
484.0 965232.25
485.0 1232404.0
486.0 1072952.0
487.0 943174.7
488.0 853630.94
489.0 931438.75
490.0 918053.5
491.0 787875.3
492.0 693529.75
493.0 552382.2
494.0 614828.44
495.0 608972.44
496.0 902601.9
497.0 1435936.9
498.0 1584955.6
499.0 1096366.1
500.0 1069734.0
501.0 1263330.2
502.0 1393902.5
503.0 1630894.2
504.0 1627417.6
505.0 1606002.2
506.0 1434923.6
507.0 1787797.0
508.0 1722408.1
509.0 1407762.6
510.0 1316412.0
511.0 1234002.4
512.0 1293290.5
513.0 1169975.1
514.0 1236186.1
515.0 1301586.4
516.0 1116464.0
517.0 1149403.4
518.0 1419771.0
519.0 1210064.0
520.0 909773.5
521.0 988499.3
522.0 958389.44
523.0 943565.1
524.0 1129169.8
525.0 1385943.8
526.0 1081560.8
527.0 1284642.4
528.0 1567353.1
529.0 1559600.0
530.0 1282200.5
531.0 1088337.4
532.0 1461537.0
533.0 1313288.9
534.0 1471096.0
535.0 1706820.0
536.0 1890757.6
537.0 2057556.9
538.0 2155488.5
539.0 2064174.9
540.0 1808191.4
541.0 1613652.6
542.0 1360679.4
543.0 1560973.5
544.0 1564894.0
545.0 1416729.2
546.0 1374090.1
547.0 1207118.4
548.0 861067.0
549.0 1029264.3
550.0 892894.75
551.0 1377741.8
552.0 1444979.4
553.0 1484857.0
554.0 1288805.6
555.0 1170295.0
556.0 1257061.0
557.0 1487202.2
558.0 1558215.6
559.0 1747894.0
560.0 1446679.8
561.0 1626399.5
562.0 1431159.4
563.0 1305658.2
564.0 1205641.6
565.0 1229756.6
566.0 1332485.1
567.0 1437021.0
568.0 1118567.2
569.0 1236485.8
570.0 1102053.9
571.0 1333794.2
572.0 1005570.3
573.0 978080.0
574.0 1468800.8
575.0 1352833.1
576.0 1082062.0
577.0 1074774.8
578.0 1143368.6
579.0 1221157.0
580.0 1185702.0
581.0 1243444.9
582.0 1330258.8
583.0 1246492.4
584.0 1264349.8
585.0 978796.5
586.0 949220.5
587.0 1112309.9
588.0 1097504.9
589.0 1072271.1
590.0 1050779.2
591.0 1514085.8
592.0 1202557.2
593.0 1107286.2
594.0 1263197.6
595.0 1206614.8
596.0 1128109.4
597.0 1228426.4
598.0 1138774.5
599.0 1213191.5
600.0 1225040.4
601.0 881318.2
602.0 1074918.6
603.0 956174.75
604.0 1163516.8
605.0 1416864.0
606.0 1364976.8
607.0 1220361.6
608.0 1283799.0
609.0 1186111.4
610.0 1423087.4
611.0 1411305.6
612.0 1104849.2
613.0 1142168.2
614.0 1088538.4
615.0 1190762.6
616.0 1135875.8
617.0 1164488.9
618.0 1110949.2
619.0 916966.75
620.0 978373.7
621.0 1080286.2
622.0 1352499.2
623.0 1090653.2
624.0 1263757.0
625.0 1385966.5
626.0 1332951.4
627.0 1196681.4
628.0 1076373.5
629.0 1282764.8
630.0 1210367.6
631.0 1315261.2
632.0 1177728.0
633.0 729219.25
634.0 848378.4
635.0 1008721.56
636.0 1010406.5
637.0 1025875.94
638.0 797674.6
639.0 1042760.25
640.0 1148349.9
641.0 1108645.6
642.0 1181368.2
643.0 1119231.8
644.0 1241230.1
645.0 1282725.5
646.0 1415284.9
647.0 1442881.1
648.0 1346545.6
649.0 1250765.2
650.0 1061617.6
651.0 1136388.5
652.0 1043257.4
653.0 1061048.0
654.0 978006.75
655.0 1092784.0
656.0 1316559.9
657.0 1197387.6
658.0 1238746.0
659.0 1047852.75
660.0 863490.1
661.0 889216.25
662.0 986735.5
663.0 1035599.0
664.0 1283642.8
665.0 1235690.2
666.0 1181651.0
667.0 1340043.0
668.0 1440240.1
669.0 1518397.4
670.0 1357145.8
671.0 1627556.0
672.0 1443820.0
673.0 1273865.2
674.0 1224198.6
675.0 1203656.0
676.0 1051661.9
677.0 1251537.6
678.0 1445360.5
679.0 1364675.0
680.0 1177291.9
681.0 772617.6
682.0 992429.94
683.0 1009380.5
684.0 1000149.9
685.0 1152234.0
686.0 1142644.4
687.0 1017227.5
688.0 937313.6
689.0 1135444.9
690.0 1473613.8
691.0 1472961.8
692.0 1090412.2
693.0 821003.5
694.0 1009736.75
695.0 1024486.8
696.0 1037923.9
697.0 528111.44
698.0 1014861.0
699.0 1251854.2
700.0 1141980.5
701.0 1015129.5
702.0 985506.2
703.0 1175683.5
704.0 1135352.5
705.0 1072165.0
706.0 1099050.1
707.0 1109104.0
708.0 1144656.8
709.0 949054.5
710.0 835365.56
711.0 788976.0
712.0 697184.25
713.0 866758.5
714.0 946683.0
715.0 731050.06
716.0 735388.06
717.0 966948.06
718.0 944947.56
719.0 733881.25
720.0 734061.94
721.0 1011121.8
722.0 1074510.1
723.0 1057129.4
724.0 1186451.0
725.0 1345369.2
726.0 985463.9
727.0 840526.8
728.0 963483.44
729.0 907435.1
730.0 890460.3
731.0 886649.9
732.0 945855.3
733.0 1014818.8
734.0 1123628.9
735.0 1225590.0
736.0 1187713.1
737.0 1146793.5
738.0 829551.3
739.0 930633.9
740.0 956160.3
741.0 816739.94
742.0 1000676.6
743.0 1153885.6
744.0 1291889.6
745.0 1377316.9
746.0 1171984.8
747.0 1593417.2
748.0 1543398.5
749.0 1464164.9
750.0 1411888.6
751.0 1700219.0
752.0 1598346.0
753.0 1356920.2
754.0 1445314.0
755.0 1238913.6
756.0 1115014.0
757.0 907962.2
758.0 1071532.1
759.0 1257953.1
760.0 1183824.5
761.0 1075243.8
762.0 1128249.1
763.0 999431.2
764.0 933457.6
765.0 909679.06
766.0 905065.75
767.0 1015408.2
768.0 1009968.75
769.0 1206652.9
770.0 1119023.5
771.0 988340.0
772.0 1126257.4
773.0 1087267.0
774.0 1121620.5
775.0 1184469.6
776.0 1055485.6
777.0 1142731.0
778.0 1086694.2
779.0 939763.0
780.0 1234018.8
781.0 1352479.0
782.0 1112270.8
783.0 1248983.8
784.0 1178097.4
785.0 1093336.8
786.0 959906.3
787.0 865628.1
788.0 1009075.25
789.0 1087865.6
790.0 1010824.44
791.0 1307918.2
792.0 1087811.0
793.0 1017463.1
794.0 1102700.1
795.0 1223074.2
796.0 1346074.8
797.0 1820147.0
798.0 1559678.0
799.0 1747942.4
800.0 1942416.0
801.0 1903303.8
802.0 1854034.5
803.0 1835321.8
804.0 1321285.1
805.0 1156407.2
806.0 1235060.1
807.0 1091892.6
808.0 1095191.8
809.0 1166315.8
810.0 1170864.9
811.0 1404517.4
812.0 1441601.1
813.0 1177515.2
814.0 1024476.94
815.0 1011971.25
816.0 1246387.4
817.0 1386134.2
818.0 1480978.5
819.0 1318812.5
820.0 1120308.6
821.0 1218413.5
822.0 1049601.1
823.0 1163329.1
824.0 1378623.0
825.0 1289496.4
826.0 1585656.8
827.0 1492473.8
828.0 1309140.2
829.0 1128822.2
830.0 1148145.1
831.0 1347884.0
832.0 1277734.5
833.0 1243279.8
834.0 1398746.2
835.0 1282482.1
836.0 1004106.94
837.0 1086370.4
838.0 1024648.9
839.0 1124351.4
840.0 1092657.8
841.0 1091166.6
842.0 1006029.0
843.0 1013475.9
844.0 1074618.1
845.0 1030139.5
846.0 1041326.3
847.0 1085778.0
848.0 960596.56
849.0 1116272.9
850.0 1173288.2
851.0 1164171.0
852.0 1451235.5
853.0 1436317.8
854.0 1211597.8
855.0 1141891.8
856.0 1107748.6
857.0 919848.5
858.0 1163531.5
859.0 911096.5
860.0 1088953.2
861.0 1520185.5
862.0 1304983.0
863.0 1181086.6
864.0 1004184.25
865.0 1107265.1
866.0 1209870.2
867.0 1636773.0
868.0 1377119.0
869.0 1430952.4
870.0 1360728.5
871.0 1200028.2
872.0 1367686.2
873.0 1364736.1
874.0 1428986.0
875.0 1154771.8
876.0 1330684.0
877.0 1140359.8
878.0 1379961.2
879.0 1322091.2
880.0 1323702.8
881.0 1297359.5
882.0 1408657.0
883.0 1456537.8
884.0 1393117.5
885.0 1477725.0
886.0 1616155.8
887.0 1546574.5
888.0 1405745.1
889.0 1534590.5
890.0 1289513.6
891.0 1294745.1
892.0 1224502.8
893.0 1110005.1
894.0 1158351.8
895.0 1143293.2
896.0 1106876.0
897.0 1209401.9
898.0 1622851.5
899.0 1481641.8
900.0 1504896.9
901.0 1649795.6
902.0 1702144.4
903.0 1805531.0
904.0 1870512.8
905.0 1856985.8
906.0 1410058.2
907.0 1706043.5
908.0 1608526.9
909.0 1496809.2
910.0 1760771.5
911.0 1803583.8
912.0 1959912.5
913.0 1820131.2
914.0 2006108.8
915.0 1919840.5
916.0 1955449.2
917.0 1958432.4
918.0 1803347.5
919.0 2097126.5
920.0 1953456.9
921.0 2031471.0
922.0 2286367.8
923.0 2642459.0
924.0 2538764.0
925.0 2184813.5
926.0 2260319.2
927.0 2192470.5
928.0 2075501.9
929.0 2172940.2
930.0 2210248.2
931.0 1932215.6
932.0 2043144.8
933.0 2103797.0
934.0 2488050.2
935.0 2882746.0
936.0 2751706.2
937.0 2783127.2
938.0 2817064.0
939.0 2897979.8
940.0 2740420.2
941.0 2472381.0
942.0 2650984.5
943.0 2310513.0
944.0 2250352.0
945.0 2439738.0
946.0 2322861.8
947.0 2299884.8
948.0 2301129.0
949.0 2278033.0
950.0 2612472.2
951.0 2466302.5
952.0 2703423.5
953.0 2563862.8
954.0 2562355.2
955.0 2447291.0
956.0 2459496.5
957.0 2641189.0
958.0 2534240.8
959.0 2628235.2
960.0 2681986.2
961.0 2881275.2
962.0 2970502.2
963.0 3045329.5
964.0 3177395.2
965.0 3331795.0
966.0 2784983.8
967.0 2798731.0
968.0 3257609.0
969.0 3187714.5
970.0 3384686.2
971.0 3954959.8
972.0 4210148.5
973.0 4223146.0
974.0 3778827.8
975.0 3716695.2
976.0 3828735.2
977.0 3940346.5
978.0 4117783.0
979.0 4318200.5
980.0 4222736.0
981.0 4197765.0
982.0 4635769.5
983.0 4743035.0
984.0 5512920.5
985.0 6760952.5
986.0 8111897.5
987.0 9198815.0
988.0 10183774.0
989.0 10081124.0
990.0 9938463.0
991.0 10408468.0
992.0 9573709.0
993.0 8703010.0
994.0 8493594.0
995.0 9048518.0
996.0 9035728.0
997.0 8329235.0
998.0 7663035.5
999.0 7628847.5
1000.0 7316775.0
1001.0 7822984.0
1002.0 8576792.0
1003.0 9157907.0
1004.0 10132378.0
1005.0 11114039.0
1006.0 10829866.0
1007.0 10658258.0
1008.0 10424159.0
1009.0 9716574.0
1010.0 9063499.0
1011.0 8947801.0
1012.0 8937066.0
1013.0 8609030.0
1014.0 8223915.0
1015.0 7384319.5
1016.0 5972556.0
1017.0 5648944.0
1018.0 5424524.5
1019.0 4844770.5
1020.0 4428188.5
1021.0 3792148.8
1022.0 3343863.8
1023.0 3914872.8
1024.0 4108430.5
1025.0 3541127.2
1026.0 3281818.0
1027.0 3718491.5
1028.0 4088522.8
1029.0 4184640.2
1030.0 4812395.0
1031.0 5661390.5
1032.0 6395664.5
1033.0 8025549.0
1034.0 9309929.0
1035.0 10241806.0
1036.0 11070838.0
1037.0 11890876.0
1038.0 12263134.0
1039.0 11677745.0
1040.0 12177891.0
1041.0 12343556.0
1042.0 12024148.0
1043.0 11939660.0
1044.0 12240224.0
1045.0 11725576.0
1046.0 11032684.0
1047.0 11073316.0
1048.0 11138119.0
1049.0 11678905.0
1050.0 13051112.0
1051.0 13831988.0
1052.0 14783496.0
1053.0 14563668.0
1054.0 14952316.0
1055.0 16087779.0
1056.0 17251564.0
1057.0 21511104.0
1058.0 27508348.0
1059.0 37018136.0
1060.0 49345070.0
1061.0 63334700.0
1062.0 79716370.0
1063.0 98297710.0
1064.0 112413770.0
1065.0 119759560.0
1066.0 114788720.0
1067.0 100310310.0
1068.0 79875060.0
1069.0 56886564.0
1070.0 37158156.0
1071.0 25543130.0
1072.0 19776556.0
1073.0 16238635.0
1074.0 13496620.0
1075.0 11579089.0
1076.0 9709779.0
1077.0 8214365.5
1078.0 7370071.0
1079.0 6080352.5
1080.0 5566792.5
1081.0 5164494.0
1082.0 4479378.0
1083.0 4373079.5
1084.0 4775558.0
1085.0 5122894.5
1086.0 5203233.0
1087.0 5552004.5
1088.0 6290936.0
1089.0 6458932.0
1090.0 6789888.0
1091.0 6834139.5
1092.0 6842564.5
1093.0 7049217.5
1094.0 6969877.5
1095.0 6656399.0
1096.0 5747485.0
1097.0 5295690.0
1098.0 5505735.0
1099.0 6365830.5
1100.0 7444752.0
1101.0 8898718.0
1102.0 10539744.0
1103.0 13944482.0
1104.0 18616052.0
1105.0 24395650.0
1106.0 32199698.0
1107.0 44346704.0
1108.0 58216296.0
1109.0 74148110.0
1110.0 87492290.0
1111.0 95530150.0
1112.0 98374190.0
1113.0 93517670.0
1114.0 81304470.0
1115.0 63799136.0
1116.0 43022690.0
1117.0 26857132.0
1118.0 18538898.0
1119.0 14602849.0
1120.0 12406529.0
1121.0 11071755.0
1122.0 8359801.0
1123.0 6414058.0
1124.0 5457137.5
1125.0 4298455.5
1126.0 3617223.5
1127.0 3157976.0
1128.0 2772706.5
1129.0 2420851.5
1130.0 2657867.0
1131.0 2558203.0
1132.0 2435102.8
1133.0 2622938.5
1134.0 2391439.0
1135.0 2474386.0
1136.0 2959581.0
1137.0 3285239.0
1138.0 3874274.0
1139.0 3984098.8
1140.0 3523265.2
1141.0 3414758.5
1142.0 2846681.0
1143.0 2617490.8
1144.0 2392801.0
1145.0 2384236.2
1146.0 2445315.0
1147.0 2236416.5
1148.0 1871304.9
1149.0 1850287.4
1150.0 1930338.2
1151.0 1710852.8
1152.0 1477905.0
1153.0 1551057.8
1154.0 1610137.6
1155.0 1444253.0
1156.0 1418382.2
1157.0 1610658.2
1158.0 1561773.2
1159.0 1633258.2
1160.0 1958833.5
1161.0 2162242.0
1162.0 2245357.8
1163.0 2227584.5
1164.0 1841757.6
1165.0 1878390.2
1166.0 1943851.8
1167.0 2009038.0
1168.0 2370749.5
1169.0 2953633.5
1170.0 2910980.5
1171.0 2892879.5
1172.0 2616564.0
1173.0 2418279.5
1174.0 2515794.2
1175.0 2656825.5
1176.0 2542583.0
1177.0 2569757.0
1178.0 2914657.5
1179.0 2913327.2
1180.0 2865110.0
1181.0 2783426.2
1182.0 2603245.0
1183.0 2906256.2
1184.0 3182679.0
1185.0 3526512.0
1186.0 3828464.0
1187.0 4520772.0
1188.0 4913111.0
1189.0 4788088.5
1190.0 4423734.5
1191.0 4507119.0
1192.0 4508849.0
1193.0 4527934.0
1194.0 4082561.5
1195.0 4176087.5
1196.0 4264809.0
1197.0 3805974.8
1198.0 3906685.2
1199.0 3630579.0
1200.0 3694380.5
1201.0 3572622.5
1202.0 3782929.8
1203.0 3963176.5
1204.0 3406277.8
1205.0 3668478.5
1206.0 4135682.5
1207.0 3871232.2
1208.0 4027949.0
1209.0 4210538.0
1210.0 4309317.5
1211.0 4689539.5
1212.0 5271760.0
1213.0 5421842.5
1214.0 5585712.5
1215.0 5949296.0
1216.0 6066525.5
1217.0 5874154.0
1218.0 5330585.5
1219.0 4799329.0
1220.0 4247576.0
1221.0 4130705.5
1222.0 4123429.5
1223.0 4348434.5
1224.0 4545048.0
1225.0 4555733.0
1226.0 4597341.0
1227.0 4852706.5
1228.0 5611428.0
1229.0 6003584.5
1230.0 6514400.0
1231.0 6959573.0
1232.0 6986719.0
1233.0 7065029.5
1234.0 7372841.0
1235.0 8818055.0
1236.0 10585056.0
1237.0 13097451.0
1238.0 15042548.0
1239.0 16181871.0
1240.0 16994960.0
1241.0 18818244.0
1242.0 19524438.0
1243.0 19184104.0
1244.0 19075596.0
1245.0 17289392.0
1246.0 14260756.0
1247.0 11894611.0
1248.0 9074212.0
1249.0 7180089.5
1250.0 6134357.5
1251.0 5788251.0
1252.0 5361257.0
1253.0 4965909.0
1254.0 5330039.5
1255.0 5575127.0
1256.0 6116344.0
1257.0 6979390.0
1258.0 7153797.5
1259.0 7048310.0
1260.0 8452394.0
1261.0 9880553.0
1262.0 10647508.0
1263.0 11225640.0
1264.0 12747235.0
1265.0 14027285.0
1266.0 14973878.0
1267.0 16792244.0
1268.0 16960502.0
1269.0 16572516.0
1270.0 15331222.0
1271.0 13996164.0
1272.0 14421609.0
1273.0 14846262.0
1274.0 14598291.0
1275.0 14471145.0
1276.0 14470111.0
1277.0 13337919.0
1278.0 12546374.0
1279.0 11928834.0
1280.0 11898516.0
1281.0 11582556.0
1282.0 12041330.0
1283.0 13886614.0
1284.0 14292832.0
1285.0 14050839.0
1286.0 13935086.0
1287.0 14585869.0
1288.0 13859266.0
1289.0 13689088.0
1290.0 12910364.0
1291.0 12321929.0
1292.0 12527580.0
1293.0 13679555.0
1294.0 13825756.0
1295.0 13777736.0
1296.0 14671744.0
1297.0 14467659.0
1298.0 14169295.0
1299.0 14979265.0
1300.0 15871560.0
1301.0 16483200.0
1302.0 16536501.0
1303.0 19339160.0
1304.0 21052158.0
1305.0 22856638.0
1306.0 25237240.0
1307.0 27515380.0
1308.0 28537868.0
1309.0 29346712.0
1310.0 31061952.0
1311.0 33110036.0
1312.0 32412542.0
1313.0 31342628.0
1314.0 30829784.0
1315.0 29935108.0
1316.0 29767370.0
1317.0 30523822.0
1318.0 31705312.0
1319.0 32699548.0
1320.0 33210832.0
1321.0 34254890.0
1322.0 35601496.0
1323.0 36287236.0
1324.0 39172464.0
1325.0 42272870.0
1326.0 45313696.0
1327.0 47507156.0
1328.0 50203056.0
1329.0 52721290.0
1330.0 53948330.0
1331.0 56465730.0
1332.0 59149936.0
1333.0 60507120.0
1334.0 62559864.0
1335.0 62083400.0
1336.0 61657876.0
1337.0 62167324.0
1338.0 62160116.0
1339.0 61657064.0
1340.0 61126880.0
1341.0 61157100.0
1342.0 57109670.0
1343.0 53174144.0
1344.0 51924720.0
1345.0 49828144.0
1346.0 47559996.0
1347.0 47166440.0
1348.0 48177240.0
1349.0 49639700.0
1350.0 49879630.0
1351.0 50097790.0
1352.0 52597090.0
1353.0 54440080.0
1354.0 56453644.0
1355.0 57853144.0
1356.0 57692856.0
1357.0 58041324.0
1358.0 58311756.0
1359.0 58682940.0
1360.0 59785790.0
1361.0 62758750.0
1362.0 67081356.0
1363.0 75867416.0
1364.0 87467700.0
1365.0 100829810.0
1366.0 116298000.0
1367.0 129032460.0
1368.0 145446200.0
1369.0 165362930.0
1370.0 179246800.0
1371.0 191018560.0
1372.0 205338100.0
1373.0 208380720.0
1374.0 204751220.0
1375.0 196713380.0
1376.0 180174430.0
1377.0 163400620.0
1378.0 147379060.0
1379.0 131508600.0
1380.0 121089230.0
1381.0 111721720.0
1382.0 104257360.0
1383.0 99771580.0
1384.0 92119870.0
1385.0 86169630.0
1386.0 83162824.0
1387.0 76096456.0
1388.0 69599030.0
1389.0 64535180.0
1390.0 57809890.0
1391.0 50698560.0
1392.0 45251410.0
1393.0 40344376.0
1394.0 37942816.0
1395.0 36914190.0
1396.0 37262148.0
1397.0 39439184.0
1398.0 42698290.0
1399.0 47300050.0
1400.0 51594256.0
1401.0 57355540.0
1402.0 64956070.0
1403.0 73803910.0
1404.0 82001580.0
1405.0 92095260.0
1406.0 106281390.0
1407.0 124855080.0
1408.0 142572000.0
1409.0 162721780.0
1410.0 183059420.0
1411.0 202350900.0
1412.0 221640320.0
1413.0 241920460.0
1414.0 254547920.0
1415.0 260283070.0
1416.0 259948770.0
1417.0 243809060.0
1418.0 217915340.0
1419.0 182440340.0
1420.0 142855870.0
1421.0 104257530.0
1422.0 74517420.0
1423.0 56216984.0
1424.0 44633576.0
1425.0 35681196.0
1426.0 29815780.0
1427.0 25386852.0
1428.0 21651844.0
1429.0 17690484.0
1430.0 15248935.0
1431.0 12910991.0
1432.0 11666039.0
1433.0 9627372.0
1434.0 8954329.0
1435.0 9357219.0
1436.0 9009614.0
1437.0 8136619.0
1438.0 8297072.0
1439.0 8461519.0
1440.0 8104359.0
1441.0 9075486.0
1442.0 9107421.0
1443.0 9254032.0
1444.0 8669968.0
1445.0 8717756.0
1446.0 8580767.0
1447.0 8532441.0
1448.0 9602989.0
1449.0 10873961.0
1450.0 12121161.0
1451.0 12399304.0
1452.0 12261610.0
1453.0 13523964.0
1454.0 14510664.0
1455.0 14839911.0
1456.0 15336650.0
1457.0 16077968.0
1458.0 16562698.0
1459.0 16813218.0
1460.0 17241578.0
1461.0 18257992.0
1462.0 17959746.0
1463.0 17141678.0
1464.0 16969968.0
1465.0 17288074.0
1466.0 17359826.0
1467.0 17036762.0
1468.0 17399232.0
1469.0 18685508.0
1470.0 19950918.0
1471.0 19630292.0
1472.0 19831088.0
1473.0 20168872.0
1474.0 18948960.0
1475.0 17391964.0
1476.0 17063870.0
1477.0 17110938.0
1478.0 17638902.0
1479.0 17472700.0
1480.0 18889190.0
1481.0 19378718.0
1482.0 18813136.0
1483.0 20405362.0
1484.0 23874236.0
1485.0 27947550.0
1486.0 31775864.0
1487.0 35188264.0
1488.0 36880856.0
1489.0 38787670.0
1490.0 42266730.0
1491.0 46123480.0
1492.0 49489044.0
1493.0 51239200.0
1494.0 50323996.0
1495.0 49747396.0
1496.0 49398700.0
1497.0 48291760.0
1498.0 47963560.0
1499.0 47726420.0
1500.0 45146280.0
1501.0 42056550.0
1502.0 39193270.0
1503.0 35576908.0
1504.0 29836500.0
1505.0 27127336.0
1506.0 25086340.0
1507.0 24862800.0
1508.0 25895210.0
1509.0 25539488.0
1510.0 26893380.0
1511.0 27878110.0
1512.0 29272730.0
1513.0 31655296.0
1514.0 33877770.0
1515.0 36161680.0
1516.0 37815156.0
1517.0 39437670.0
1518.0 42140780.0
1519.0 44613460.0
1520.0 48062244.0
1521.0 52432380.0
1522.0 57142996.0
1523.0 59937790.0
1524.0 62034920.0
1525.0 62701490.0
1526.0 63487176.0
1527.0 65755160.0
1528.0 66479484.0
1529.0 66411170.0
1530.0 67130100.0
1531.0 65207450.0
1532.0 59546584.0
1533.0 52998744.0
1534.0 47340980.0
1535.0 40802176.0
1536.0 34989330.0
1537.0 30156902.0
1538.0 24381370.0
1539.0 21059350.0
1540.0 20531608.0
1541.0 21031168.0
1542.0 22340432.0
1543.0 24758110.0
1544.0 25971296.0
1545.0 28231808.0
1546.0 30040812.0
1547.0 32725092.0
1548.0 35774790.0
1549.0 39803024.0
1550.0 44976460.0
1551.0 49541920.0
1552.0 54804560.0
1553.0 58874960.0
1554.0 59140144.0
1555.0 61577216.0
1556.0 63785584.0
1557.0 66159124.0
1558.0 69288184.0
1559.0 70953590.0
1560.0 70926830.0
1561.0 67428290.0
1562.0 62671304.0
1563.0 54317410.0
1564.0 46193620.0
1565.0 40515904.0
1566.0 38339040.0
1567.0 38498864.0
1568.0 37318852.0
1569.0 37656904.0
1570.0 37752250.0
1571.0 36501644.0
1572.0 35480224.0
1573.0 35276090.0
1574.0 33048952.0
1575.0 29960532.0
1576.0 26606332.0
1577.0 23869530.0
1578.0 21183604.0
1579.0 17755100.0
1580.0 15438652.0
1581.0 13649696.0
1582.0 13238256.0
1583.0 13933516.0
1584.0 14618438.0
1585.0 14945978.0
1586.0 15298925.0
1587.0 15775295.0
1588.0 16434104.0
1589.0 15945850.0
1590.0 15301334.0
1591.0 16278606.0
1592.0 16921622.0
1593.0 16555905.0
1594.0 15887781.0
1595.0 15555560.0
1596.0 14834096.0
1597.0 13903404.0
1598.0 13344645.0
1599.0 13644942.0
1600.0 14699221.0
1601.0 14749832.0
1602.0 14583404.0
1603.0 14525920.0
1604.0 15823478.0
1605.0 17812318.0
1606.0 19318634.0
1607.0 19484212.0
1608.0 20381604.0
1609.0 22913484.0
1610.0 25347824.0
1611.0 26393896.0
1612.0 27573550.0
1613.0 31750418.0
1614.0 34681796.0
1615.0 37182216.0
1616.0 41414560.0
1617.0 45281200.0
1618.0 47200690.0
1619.0 49299244.0
1620.0 50331370.0
1621.0 50973696.0
1622.0 52836040.0
1623.0 56685570.0
1624.0 59673956.0
1625.0 62194164.0
1626.0 65422330.0
1627.0 65506490.0
1628.0 64093100.0
1629.0 57900124.0
1630.0 49407616.0
1631.0 39095800.0
1632.0 28679262.0
1633.0 20621638.0
1634.0 17067478.0
1635.0 15522898.0
1636.0 13628064.0
1637.0 12016821.0
1638.0 11119040.0
1639.0 10512659.0
1640.0 10303602.0
1641.0 10272985.0
1642.0 10284582.0
1643.0 9082749.0
1644.0 8808691.0
1645.0 10063969.0
1646.0 10389688.0
1647.0 9700827.0
1648.0 9704586.0
1649.0 9414442.0
1650.0 9552504.0
1651.0 10184904.0
1652.0 10380070.0
1653.0 9914104.0
1654.0 9312279.0
1655.0 9118468.0
1656.0 8505178.0
1657.0 8491603.0
1658.0 8330083.0
1659.0 7490682.0
1660.0 8131251.0
1661.0 8056524.0
1662.0 7622500.5
1663.0 6988977.0
1664.0 7001805.0
1665.0 7279032.5
1666.0 7346540.5
1667.0 7976164.5
1668.0 7980620.0
1669.0 7849775.0
1670.0 8099244.5
1671.0 8928171.0
1672.0 9282871.0
1673.0 10001321.0
1674.0 10945518.0
1675.0 10952790.0
1676.0 10958430.0
1677.0 11389332.0
1678.0 12195870.0
1679.0 12926374.0
1680.0 13860385.0
1681.0 13126864.0
1682.0 12817108.0
1683.0 12410806.0
1684.0 12299964.0
1685.0 12316768.0
1686.0 11797060.0
1687.0 11939938.0
1688.0 11086911.0
1689.0 11201120.0
1690.0 11302114.0
1691.0 11348424.0
1692.0 12280500.0
1693.0 12498868.0
1694.0 13787646.0
1695.0 14569085.0
1696.0 13505334.0
1697.0 13766784.0
1698.0 13551869.0
1699.0 14339595.0
1700.0 16229395.0
1701.0 17262166.0
1702.0 18615216.0
1703.0 17718884.0
1704.0 17346132.0
1705.0 16355658.0
1706.0 14954411.0
1707.0 14085990.0
1708.0 14069964.0
1709.0 14504026.0
1710.0 13374919.0
1711.0 12736904.0
1712.0 12418378.0
1713.0 12106014.0
1714.0 12425495.0
1715.0 11600905.0
1716.0 10550598.0
1717.0 9698645.0
1718.0 9744458.0
1719.0 9233732.0
1720.0 8229000.5
1721.0 7172188.0
1722.0 6041051.0
1723.0 4919258.5
1724.0 4050651.5
1725.0 3286507.2
1726.0 3068799.5
1727.0 3515600.2
1728.0 3389929.0
1729.0 2983519.8
1730.0 3017957.5
1731.0 2955667.5
1732.0 2613909.0
1733.0 2935281.2
1734.0 3083309.0
1735.0 3232435.0
1736.0 3626145.2
1737.0 3640710.5
1738.0 3573684.8
1739.0 4016765.2
1740.0 4247951.5
1741.0 4284944.0
1742.0 4247126.5
1743.0 4759973.0
1744.0 4969624.5
1745.0 4419303.0
1746.0 4074729.5
1747.0 4190525.0
1748.0 4400721.0
1749.0 4292807.5
1750.0 3566856.2
1751.0 3414442.2
1752.0 3858325.5
1753.0 2900446.5
1754.0 2703673.8
1755.0 2965415.5
1756.0 3613676.5
1757.0 3882518.8
1758.0 3425960.0
1759.0 3613225.0
1760.0 4046799.8
1761.0 4338829.0
1762.0 4507910.5
1763.0 4444442.5
1764.0 4231878.0
1765.0 4586808.5
1766.0 5080662.5
1767.0 5213995.0
1768.0 5568769.5
1769.0 5590363.0
1770.0 5438516.0
1771.0 5156977.0
1772.0 5164991.0
1773.0 5397615.5
1774.0 5278287.5
1775.0 5417198.0
1776.0 5016308.0
1777.0 4908299.0
1778.0 5174238.0
1779.0 5440007.0
1780.0 5423677.5
1781.0 4439629.0
1782.0 4187354.0
1783.0 4268408.0
1784.0 3713693.8
1785.0 3559837.0
1786.0 3530526.0
1787.0 4267695.5
1788.0 4539366.0
1789.0 4251382.0
1790.0 3989312.2
1791.0 3972964.0
1792.0 3464291.0
1793.0 3920734.0
1794.0 4470014.5
1795.0 5145994.0
1796.0 5076908.0
1797.0 5158952.0
1798.0 5344975.0
1799.0 5157265.5
1800.0 5472104.0
1801.0 5318087.5
1802.0 5102443.5
1803.0 5426602.0
1804.0 5373815.0
1805.0 5707176.0
1806.0 5945087.0
1807.0 5120508.0
1808.0 4057470.2
1809.0 3818765.2
1810.0 3795437.5
1811.0 3763152.5
1812.0 3411680.5
1813.0 3539527.2
1814.0 3454233.8
1815.0 3186948.0
1816.0 2663965.5
1817.0 2706153.5
1818.0 2927591.0
1819.0 2681372.8
1820.0 2814880.2
1821.0 3090299.5
1822.0 3666945.2
1823.0 3876728.5
1824.0 4370673.5
1825.0 4730119.5
1826.0 4986309.0
1827.0 5176225.5
1828.0 5419276.0
1829.0 5748408.0
1830.0 6375384.5
1831.0 6292125.0
1832.0 6738672.0
1833.0 6734550.5
1834.0 7485414.0
1835.0 7341753.0
1836.0 7069388.0
1837.0 7481809.0
1838.0 7010984.0
1839.0 6587585.5
1840.0 6095070.0
1841.0 6210242.5
1842.0 5912090.5
1843.0 5896634.0
1844.0 6055854.5
1845.0 6566644.0
1846.0 7868397.5
1847.0 9071791.0
1848.0 9213440.0
1849.0 9609322.0
1850.0 9192391.0
1851.0 10511695.0
1852.0 11503435.0
1853.0 11894544.0
1854.0 10191111.0
1855.0 10206627.0
1856.0 10643871.0
1857.0 10277726.0
1858.0 10364808.0
1859.0 9988745.0
1860.0 9828930.0
1861.0 9368656.0
1862.0 8653335.0
1863.0 7725735.5
1864.0 6981037.0
1865.0 7211700.5
1866.0 6904530.0
1867.0 6592331.0
1868.0 6302515.0
1869.0 5828952.5
1870.0 6128754.5
1871.0 6338497.5
1872.0 6293854.0
1873.0 6338034.5
1874.0 6591365.5
1875.0 7169276.0
1876.0 7915829.5
1877.0 8924545.0
1878.0 9147753.0
1879.0 8391329.0
1880.0 8573721.0
1881.0 9106056.0
1882.0 9656300.0
1883.0 9608246.0
1884.0 9594242.0
1885.0 8201045.0
1886.0 7662667.0
1887.0 6574760.0
1888.0 6178701.0
1889.0 5569878.0
1890.0 5171348.0
1891.0 5170619.0
1892.0 4849509.5
1893.0 4547541.0
1894.0 4402123.5
1895.0 4184439.8
1896.0 4387943.0
1897.0 4431700.0
1898.0 4811311.0
1899.0 7046461.0
1900.0 8772224.0
1901.0 9268310.0
1902.0 10217039.0
1903.0 11344485.0
1904.0 11214798.0
1905.0 11856510.0
1906.0 13860744.0
1907.0 15405435.0
1908.0 15821328.0
1909.0 16031652.0
1910.0 16728278.0
1911.0 17257122.0
1912.0 18391758.0
1913.0 19073812.0
1914.0 17877516.0
1915.0 16472918.0
1916.0 13055824.0
1917.0 9987248.0
1918.0 7576737.0
1919.0 6321486.0
1920.0 4731889.0
1921.0 4748859.5
1922.0 4928542.5
1923.0 5133517.5
1924.0 5627217.0
1925.0 6434557.5
1926.0 7103017.5
1927.0 8290968.0
1928.0 8803886.0
1929.0 8725841.0
1930.0 10142926.0
1931.0 11572158.0
1932.0 11381874.0
1933.0 11209859.0
1934.0 11838882.0
1935.0 14066616.0
1936.0 14923582.0
1937.0 14888641.0
1938.0 14139252.0
1939.0 14675118.0
1940.0 14369279.0
1941.0 12595255.0
1942.0 11064491.0
1943.0 8218625.0
1944.0 5812532.5
1945.0 3825824.0
1946.0 3191629.8
1947.0 3052391.5
1948.0 2631297.0
1949.0 2212847.8
1950.0 1831132.2
1951.0 1945393.1
1952.0 1712334.8
1953.0 1351256.8
1954.0 1411360.1
1955.0 1186410.1
1956.0 920073.44
1957.0 968683.25
1958.0 941626.8
1959.0 967592.5
1960.0 1057431.1
1961.0 1149892.5
1962.0 1321848.8
1963.0 1094272.9
1964.0 849560.4
1965.0 880760.9
1966.0 813340.06
1967.0 945422.56
1968.0 804539.94
1969.0 1131293.5
1970.0 993419.6
1971.0 1000510.56
1972.0 1309757.0
1973.0 1386418.8
1974.0 1417180.1
1975.0 993483.44
1976.0 1045627.2
1977.0 1188488.6
1978.0 1092592.2
1979.0 1013203.6
1980.0 1036044.3
1981.0 1201601.8
1982.0 1376993.2
1983.0 1357325.2
1984.0 1441234.4
1985.0 1426594.0
1986.0 1169640.4
1987.0 969822.9
1988.0 1406604.4
1989.0 1670646.5
1990.0 1693068.6
1991.0 1905738.1
1992.0 1508811.5
1993.0 1667762.5
1994.0 1358750.6
1995.0 1391612.6
1996.0 1164564.9
1997.0 1381997.6
1998.0 1662283.9
1999.0 1754708.0
2000.0 1736142.0
2001.0 1649699.0
2002.0 1427271.1
2003.0 1215292.5
2004.0 1647846.1
2005.0 1568181.2
2006.0 1597969.8
2007.0 2056560.0
2008.0 1923412.0
2009.0 1693240.2
2010.0 1806826.8
2011.0 1948569.8
2012.0 1918856.0
2013.0 1773793.0
2014.0 1864187.8
2015.0 1666729.9
2016.0 1877223.5
2017.0 2089773.9
2018.0 1681546.0
2019.0 1539166.0
2020.0 1898691.1
2021.0 2352234.8
2022.0 2304229.2
2023.0 2212813.0
2024.0 958316.25
2025.0 -360450.6
2026.0 -2197248.5
2027.0 -4012445.2
2028.0 -5861157.0
2029.0 -7496692.0
2030.0 -9296810.0
2031.0 -11090690.0
2032.0 -12517844.0
2033.0 -14326986.0
2034.0 -16034410.0
2035.0 -18368922.0
2036.0 -20365316.0
2037.0 -22040804.0
2038.0 -24139264.0
2039.0 -26159440.0
2040.0 -28357368.0
2041.0 -30100404.0
2042.0 0.0
2043.0 0.0
2044.0 0.0
2045.0 0.0
2046.0 0.0
2047.0 0.0
