string
0.0 2102359.2
1.0 2039765.6
2.0 1894653.9
3.0 2221317.2
4.0 2275713.2
5.0 2419406.2
6.0 2471866.8
7.0 2516919.8
8.0 2519048.5
9.0 1892247.8
10.0 1599658.5
11.0 1797982.0
12.0 2399120.2
13.0 2793396.0
14.0 2410373.2
15.0 2294317.0
16.0 1700713.5
17.0 1944934.9
18.0 2534420.2
19.0 2921967.5
20.0 2639741.0
21.0 2256741.2
22.0 2361181.5
23.0 2538308.5
24.0 2701995.2
25.0 2616237.0
26.0 2648144.5
27.0 2322747.0
28.0 2174314.8
29.0 2476880.5
30.0 2502193.5
31.0 2590179.0
32.0 2642660.0
33.0 2705628.8
34.0 3066943.8
35.0 2823015.2
36.0 2652479.5
37.0 2718017.0
38.0 2609765.5
39.0 3027203.8
40.0 3203302.0
41.0 3231327.2
42.0 3078898.5
43.0 3212066.5
44.0 2920620.2
45.0 2972647.0
46.0 2878277.5
47.0 2956378.5
48.0 2817152.2
49.0 2519647.8
50.0 2582343.5
51.0 2664463.0
52.0 2258089.8
53.0 2819014.5
54.0 2970780.2
55.0 2929936.2
56.0 2523965.8
57.0 2229683.0
58.0 2564546.5
59.0 3074667.0
60.0 3559466.5
61.0 3789542.5
62.0 4046972.5
63.0 4168404.5
64.0 4106625.2
65.0 4021844.8
66.0 4150609.5
67.0 3581207.0
68.0 2756321.2
69.0 2248583.2
70.0 2637409.0
71.0 2920777.5
72.0 2948751.2
73.0 3155238.0
74.0 3357689.5
75.0 3920621.5
76.0 3801375.0
77.0 4261504.0
78.0 4411942.0
79.0 4462373.5
80.0 4645475.5
81.0 4838093.0
82.0 4639855.5
83.0 4663782.5
84.0 4280077.0
85.0 3952217.0
86.0 3683537.2
87.0 3710595.5
88.0 3691438.8
89.0 4171303.0
90.0 4113981.5
91.0 4161891.2
92.0 3869194.0
93.0 4748376.0
94.0 5531596.0
95.0 6014619.0
96.0 7147463.0
97.0 8270529.0
98.0 8233417.5
99.0 7366739.5
100.0 5568632.0
101.0 4311420.5
102.0 2891585.5
103.0 1873173.8
104.0 1455935.8
105.0 1354158.9
106.0 1213077.6
107.0 1348101.2
108.0 1520840.0
109.0 1600181.9
110.0 1671577.2
111.0 1813447.6
112.0 2111176.8
113.0 2557028.0
114.0 2179044.0
115.0 2601672.2
116.0 3280892.8
117.0 3185957.0
118.0 3352106.2
119.0 4032426.2
120.0 4978818.0
121.0 5571697.0
122.0 6316874.5
123.0 7102406.0
124.0 6749030.5
125.0 7275854.0
126.0 7502130.0
127.0 7437594.5
128.0 6912070.5
129.0 6932120.5
130.0 7143680.5
131.0 6380502.0
132.0 5974868.0
133.0 4765192.5
134.0 3186650.0
135.0 2030321.8
136.0 1855658.5
137.0 1507016.0
138.0 1371170.0
139.0 1271453.1
140.0 1498261.5
141.0 1231866.9
142.0 873552.9
143.0 1011818.9
144.0 1170791.6
145.0 1367806.8
146.0 1103621.9
147.0 755844.06
148.0 874491.5
149.0 883592.25
150.0 1120766.1
151.0 1167098.6
152.0 1050738.5
153.0 1079943.0
154.0 1264985.1
155.0 2190008.5
156.0 3661617.2
157.0 4854979.5
158.0 6584915.0
159.0 8353510.0
160.0 9226500.0
161.0 8306745.5
162.0 6659482.5
163.0 5484769.5
164.0 4236159.5
165.0 3065782.0
166.0 2637882.8
167.0 3197876.5
168.0 3706947.2
169.0 3959994.8
170.0 4433024.0
171.0 4597799.5
172.0 4342423.0
173.0 4420786.5
174.0 4566185.0
175.0 4457096.0
176.0 5158924.0
177.0 6780126.0
178.0 8167684.0
179.0 9847181.0
180.0 11632381.0
181.0 13304011.0
182.0 15031361.0
183.0 15851584.0
184.0 15377526.0
185.0 11404389.0
186.0 8544310.0
187.0 6191057.5
188.0 4736507.5
189.0 2973388.8
190.0 2318044.5
191.0 2326613.0
192.0 2173176.2
193.0 1606165.0
194.0 1562955.0
195.0 1388412.6
196.0 1102601.4
197.0 784582.9
198.0 1204183.2
199.0 1268833.9
200.0 1177525.1
201.0 1489565.0
202.0 1515277.0
203.0 1269404.8
204.0 1410437.6
205.0 1420819.4
206.0 1198606.9
207.0 1110324.5
208.0 1270422.6
209.0 1157562.6
210.0 1383803.8
211.0 1568679.4
212.0 1884074.8
213.0 2251200.5
214.0 2261579.8
215.0 3191825.0
216.0 5412662.5
217.0 7881614.0
218.0 9772428.0
219.0 11508618.0
220.0 11215642.0
221.0 10878798.0
222.0 10380081.0
223.0 7917262.0
224.0 6056119.0
225.0 4009295.2
226.0 2711164.0
227.0 2334955.2
228.0 2149928.8
229.0 1947153.0
230.0 1865791.9
231.0 1740059.5
232.0 1641580.0
233.0 1628718.0
234.0 1494792.5
235.0 1150901.2
236.0 1012849.44
237.0 763449.6
238.0 946199.3
239.0 929069.5
240.0 897248.9
241.0 1109538.6
242.0 1467085.0
243.0 1271608.0
244.0 1597902.8
245.0 2281880.2
246.0 2672035.0
247.0 3229323.5
248.0 3679257.2
249.0 4618949.5
250.0 5952829.5
251.0 7414560.0
252.0 8079674.0
253.0 8597048.0
254.0 8325882.0
255.0 6371275.5
256.0 4175390.0
257.0 3162453.0
258.0 2408630.5
259.0 2015491.5
260.0 1721890.6
261.0 1955950.6
262.0 1623193.1
263.0 1349224.8
264.0 1270813.0
265.0 1213488.5
266.0 1013417.0
267.0 935273.2
268.0 1017579.75
269.0 1148546.8
270.0 1283559.9
271.0 1152298.9
272.0 852377.2
273.0 781897.8
274.0 632607.6
275.0 798614.6
276.0 1263044.2
277.0 1122626.2
278.0 1116366.0
279.0 1266803.6
280.0 1305578.9
281.0 1246929.9
282.0 1529145.2
283.0 1552461.4
284.0 1033039.1
285.0 1281718.2
286.0 1406972.2
287.0 1243685.8
288.0 1243505.5
289.0 1231440.1
290.0 1203996.8
291.0 1324108.6
292.0 1490647.6
293.0 1301409.9
294.0 1317376.4
295.0 1188733.0
296.0 1072719.6
297.0 1261835.8
298.0 1351530.5
299.0 1299284.1
300.0 1886500.5
301.0 1899946.4
302.0 1692608.6
303.0 1643437.2
304.0 1645167.5
305.0 1755882.4
306.0 1713330.8
307.0 1659913.1
308.0 1509010.1
309.0 1440674.8
310.0 1650702.2
311.0 1463265.0
312.0 1421465.6
313.0 1470912.0
314.0 1698361.9
315.0 1776590.8
316.0 1974096.9
317.0 2617048.0
318.0 2866323.5
319.0 2956112.2
320.0 3279516.5
321.0 4085763.0
322.0 4466320.5
323.0 3992511.5
324.0 3761124.8
325.0 3752115.2
326.0 3838669.8
327.0 3977039.5
328.0 4215143.5
329.0 5246580.5
330.0 5903859.0
331.0 6477158.0
332.0 6912965.0
333.0 7209819.0
334.0 7144332.5
335.0 6067828.0
336.0 4943870.0
337.0 4194649.5
338.0 3237639.8
339.0 2621074.5
340.0 2059542.6
341.0 1667796.9
342.0 1385582.0
343.0 1458487.6
344.0 1375285.1
345.0 1552144.2
346.0 1160098.8
347.0 1383268.8
348.0 1362262.8
349.0 1385291.8
350.0 1188931.6
351.0 1205803.9
352.0 1499800.5
353.0 1544355.8
354.0 1211759.8
355.0 1529055.8
356.0 1428082.6
357.0 1464001.4
358.0 1603599.4
359.0 1702292.4
360.0 1921716.9
361.0 2314444.5
362.0 2271424.8
363.0 2552026.8
364.0 2650987.5
365.0 3218721.2
366.0 3601273.5
367.0 3567125.0
368.0 4348118.0
369.0 4732371.0
370.0 4927665.0
371.0 3293962.5
372.0 2423320.2
373.0 2626575.0
374.0 2178147.2
375.0 1965014.0
376.0 1865777.4
377.0 1877764.5
378.0 2033871.5
379.0 1899753.9
380.0 2012808.0
381.0 2090481.1
382.0 2124279.5
383.0 2216376.0
384.0 1878145.5
385.0 1173805.5
386.0 1033428.75
387.0 1003015.3
388.0 984181.75
389.0 1642998.9
390.0 1903325.2
391.0 1541020.5
392.0 1699189.2
393.0 2182663.5
394.0 2703264.0
395.0 3110579.5
396.0 3165153.8
397.0 3171173.0
398.0 3163597.0
399.0 2905980.5
400.0 2663081.0
401.0 2421397.2
402.0 2116679.5
403.0 2016007.2
404.0 2033348.0
405.0 2038632.2
406.0 2373574.0
407.0 2525175.5
408.0 2933076.5
409.0 3485240.0
410.0 3538332.5
411.0 3225277.0
412.0 2925663.0
413.0 2731825.0
414.0 2657723.0
415.0 3006572.0
416.0 3550490.5
417.0 3940236.5
418.0 3656898.0
419.0 2946627.5
420.0 2886000.2
421.0 3020638.0
422.0 2855575.0
423.0 2316307.5
424.0 1925178.5
425.0 1500782.4
426.0 1485859.0
427.0 1307603.5
428.0 1608266.9
429.0 1739390.5
430.0 2011712.0
431.0 2271849.8
432.0 2450148.5
433.0 2382529.8
434.0 2046044.2
435.0 1690255.5
436.0 1733048.2
437.0 1791130.2
438.0 1895995.2
439.0 1658496.2
440.0 2073332.6
441.0 2643644.0
442.0 2044210.1
443.0 1851405.1
444.0 1523806.5
445.0 1500770.1
446.0 1283917.6
447.0 1352536.5
448.0 1833738.2
449.0 2306469.8
450.0 2593770.2
451.0 2746900.5
452.0 1733008.6
453.0 2208336.2
454.0 2412265.2
455.0 2112136.0
456.0 2041286.2
457.0 2087052.6
458.0 2066333.9
459.0 1409762.8
460.0 1485195.6
461.0 2434740.2
462.0 2575430.2
463.0 2235278.0
464.0 2564563.8
465.0 3273492.0
466.0 3299628.0
467.0 2876652.5
468.0 2548189.2
469.0 2057804.8
470.0 2330730.0
471.0 2472342.5
472.0 2398720.5
473.0 2403190.8
474.0 2292616.0
475.0 2257425.0
476.0 1985857.5
477.0 2015533.6
478.0 1437279.0
479.0 1484803.6
480.0 1592691.5
481.0 1371349.4
482.0 1302712.5
483.0 1343112.0
484.0 1578224.0
485.0 1430121.9
486.0 1492224.9
487.0 1403500.2
488.0 1380879.2
489.0 1471546.1
490.0 1248705.4
491.0 968359.75
492.0 987371.9
493.0 1096127.8
494.0 1387761.9
495.0 1392012.5
496.0 1564807.2
497.0 1423205.2
498.0 1568377.4
499.0 1956995.8
500.0 2072230.2
501.0 1969123.1
502.0 2054625.8
503.0 2028947.4
504.0 2664302.0
505.0 2554105.2
506.0 2536129.2
507.0 2463667.2
508.0 2319192.2
509.0 2213852.8
510.0 2182762.2
511.0 1826569.2
512.0 1737615.5
513.0 1604536.0
514.0 1753546.1
515.0 1554212.5
516.0 1748171.4
517.0 1667301.9
518.0 1445594.4
519.0 1463002.4
520.0 1417718.8
521.0 1110059.2
522.0 1131955.1
523.0 930059.4
524.0 1147543.2
525.0 1582002.0
526.0 1895501.9
527.0 1643233.5
528.0 1335250.0
529.0 1346291.1
530.0 1512167.4
531.0 1689087.6
532.0 1741927.6
533.0 2063186.5
534.0 2612211.2
535.0 2895740.0
536.0 2852705.0
537.0 2341168.0
538.0 2572996.5
539.0 2796603.0
540.0 3078862.5
541.0 2876050.0
542.0 2477205.8
543.0 1837434.0
544.0 1697048.6
545.0 1435050.5
546.0 1668969.5
547.0 1355287.2
548.0 1420814.4
549.0 1205275.0
550.0 1171931.9
551.0 1270998.8
552.0 1629396.4
553.0 1919466.2
554.0 1885235.6
555.0 1686280.2
556.0 1755541.5
557.0 1690765.0
558.0 1833324.8
559.0 2149200.2
560.0 1953619.5
561.0 1753600.0
562.0 1972958.9
563.0 1403931.8
564.0 1231056.4
565.0 1127565.1
566.0 949670.56
567.0 1110937.2
568.0 1273365.8
569.0 1386122.6
570.0 1509723.9
571.0 1379140.2
572.0 1385191.2
573.0 1432980.8
574.0 1897884.0
575.0 1848019.8
576.0 1502535.5
577.0 1386650.5
578.0 1360846.8
579.0 1230792.1
580.0 1188765.9
581.0 1264238.0
582.0 1195253.5
583.0 1215900.2
584.0 1256927.2
585.0 1262040.6
586.0 1329629.2
587.0 1138034.5
588.0 1332791.5
589.0 1414079.5
590.0 1578035.1
591.0 1613527.5
592.0 1379006.5
593.0 852887.2
594.0 1185644.5
595.0 1228669.8
596.0 1235085.8
597.0 1302943.6
598.0 1347370.6
599.0 1360329.8
600.0 1218369.2
601.0 1360279.4
602.0 1265154.9
603.0 1367915.6
604.0 1125193.9
605.0 1393496.8
606.0 1632152.0
607.0 1980809.8
608.0 1773839.9
609.0 1711497.0
610.0 1527666.5
611.0 1678788.5
612.0 1830446.8
613.0 1867157.4
614.0 1660873.1
615.0 1563605.8
616.0 1495288.5
617.0 1698988.9
618.0 1502445.6
619.0 1291303.5
620.0 1274956.4
621.0 1383108.9
622.0 1652003.0
623.0 1804907.5
624.0 1700866.5
625.0 1889841.1
626.0 1728742.5
627.0 1473614.5
628.0 1446925.1
629.0 1933358.2
630.0 2099360.2
631.0 1727608.2
632.0 1442490.2
633.0 1549078.5
634.0 1485191.5
635.0 1206236.9
636.0 1688146.2
637.0 1519154.0
638.0 1673919.5
639.0 1706540.2
640.0 1531496.2
641.0 1272337.4
642.0 1251711.4
643.0 1419230.6
644.0 1701604.5
645.0 1565395.5
646.0 1679081.1
647.0 1483136.0
648.0 1541254.9
649.0 1657835.8
650.0 1915527.2
651.0 1971576.2
652.0 2022678.8
653.0 1496916.8
654.0 1313554.5
655.0 1502528.9
656.0 1334106.9
657.0 1468405.5
658.0 1313772.5
659.0 1010870.3
660.0 1238786.6
661.0 1117915.6
662.0 1027149.0
663.0 1340572.5
664.0 1485079.2
665.0 1331941.4
666.0 1634072.8
667.0 1995619.9
668.0 1751597.6
669.0 1829994.9
670.0 1822196.5
671.0 1778010.6
672.0 1495345.6
673.0 1548289.4
674.0 1711726.4
675.0 1739851.1
676.0 1951678.6
677.0 2061701.1
678.0 1974064.8
679.0 1568560.1
680.0 1125477.5
681.0 1290310.6
682.0 1228901.2
683.0 1439850.5
684.0 1417603.9
685.0 1252203.5
686.0 1272438.5
687.0 1504504.5
688.0 1488145.6
689.0 1470193.5
690.0 1229372.0
691.0 1447593.1
692.0 1758703.6
693.0 1637787.2
694.0 1799018.2
695.0 1577513.9
696.0 1133861.8
697.0 1629172.6
698.0 1518684.4
699.0 1408851.2
700.0 1293429.0
701.0 1318355.0
702.0 1199304.1
703.0 1049052.2
704.0 1190713.5
705.0 1282550.5
706.0 1326506.0
707.0 1097977.1
708.0 1140144.2
709.0 1073666.0
710.0 1096395.5
711.0 1102234.4
712.0 950448.8
713.0 1069533.2
714.0 1054919.8
715.0 1169297.4
716.0 1321846.9
717.0 1280788.8
718.0 1028991.1
719.0 1096542.0
720.0 1291412.9
721.0 1099649.8
722.0 1047809.5
723.0 1226761.1
724.0 1248008.5
725.0 1474465.0
726.0 1498436.5
727.0 1679893.6
728.0 1666185.2
729.0 1529759.5
730.0 1399360.8
731.0 1336865.0
732.0 1389437.6
733.0 1491528.8
734.0 1363840.0
735.0 1501982.6
736.0 1660493.6
737.0 1408120.6
738.0 1491105.1
739.0 1422580.2
740.0 1265349.5
741.0 1561916.9
742.0 1557587.0
743.0 1840148.6
744.0 1542026.9
745.0 1431825.8
746.0 1963317.2
747.0 1966847.2
748.0 2018374.9
749.0 2106030.2
750.0 2323019.8
751.0 1935986.0
752.0 1683221.0
753.0 1541914.0
754.0 1327443.1
755.0 928394.0
756.0 930912.2
757.0 1217642.5
758.0 1420992.8
759.0 1616464.0
760.0 1313684.5
761.0 1287039.6
762.0 1560010.0
763.0 1422006.2
764.0 1289969.5
765.0 1168426.0
766.0 1195608.8
767.0 1058879.0
768.0 1221123.9
769.0 1403633.6
770.0 1351449.2
771.0 1324777.5
772.0 1211436.8
773.0 1321420.1
774.0 1571519.4
775.0 1283535.6
776.0 1474221.0
777.0 1607792.4
778.0 1245083.2
779.0 1385728.9
780.0 1393539.8
781.0 1160570.5
782.0 1599143.1
783.0 1293098.4
784.0 1233196.6
785.0 1520116.5
786.0 1326897.8
787.0 1517024.8
788.0 1509145.6
789.0 1338973.8
790.0 1433068.2
791.0 1170590.8
792.0 1455982.4
793.0 1692959.2
794.0 1760194.8
795.0 2012546.2
796.0 2204847.0
797.0 1997357.0
798.0 2189762.2
799.0 2196486.0
800.0 2147983.8
801.0 1998745.1
802.0 1968011.4
803.0 2016583.0
804.0 2121528.0
805.0 1780999.4
806.0 1605432.4
807.0 1438432.4
808.0 1387915.1
809.0 1494575.1
810.0 1396668.0
811.0 1592341.4
812.0 1642955.0
813.0 1640545.8
814.0 1135421.4
815.0 1181417.6
816.0 1227133.4
817.0 1704869.8
818.0 1534302.8
819.0 1464229.0
820.0 1743804.4
821.0 1483050.2
822.0 1645989.0
823.0 1533723.2
824.0 1424825.8
825.0 1800027.2
826.0 1979693.8
827.0 1848499.0
828.0 1620371.4
829.0 1278965.1
830.0 1093184.9
831.0 1310995.0
832.0 1132469.5
833.0 1409996.5
834.0 1599431.2
835.0 1705974.0
836.0 1903819.2
837.0 1767849.9
838.0 1629420.6
839.0 1630078.2
840.0 1456116.9
841.0 1617830.1
842.0 1612313.5
843.0 1614527.4
844.0 1466650.2
845.0 1316007.2
846.0 1482206.5
847.0 1557425.2
848.0 1781161.0
849.0 1842307.6
850.0 1614830.6
851.0 1873135.5
852.0 1769098.1
853.0 1594327.6
854.0 1444561.0
855.0 1604388.9
856.0 1390839.2
857.0 1549881.9
858.0 1301406.1
859.0 1402422.4
860.0 1422465.8
861.0 1664172.6
862.0 1756917.0
863.0 1580163.0
864.0 1664734.9
865.0 1631761.1
866.0 1669242.6
867.0 1399469.0
868.0 1370151.4
869.0 1661448.1
870.0 1760106.5
871.0 1800066.5
872.0 1883277.6
873.0 2227016.0
874.0 1825351.4
875.0 1612844.0
876.0 1450769.5
877.0 1692350.6
878.0 1925881.2
879.0 1910933.8
880.0 1470449.2
881.0 1193016.8
882.0 1208457.1
883.0 1605877.5
884.0 1797464.4
885.0 1928636.4
886.0 1926714.5
887.0 1667954.9
888.0 1794590.5
889.0 1733023.6
890.0 1755985.1
891.0 1424342.2
892.0 1447796.2
893.0 1674222.8
894.0 1735714.9
895.0 1835635.0
896.0 1698191.5
897.0 1640831.5
898.0 1417921.4
899.0 1668006.9
900.0 1881455.2
901.0 1879005.6
902.0 1805501.0
903.0 1739713.8
904.0 2059655.8
905.0 2078129.2
906.0 2149173.5
907.0 2074797.2
908.0 2246437.8
909.0 2402742.2
910.0 2364803.8
911.0 2548753.0
912.0 2492811.0
913.0 2479589.0
914.0 2184430.2
915.0 2172579.2
916.0 2267002.8
917.0 2561397.5
918.0 2948046.0
919.0 2783997.8
920.0 2477471.2
921.0 2521678.2
922.0 2826847.8
923.0 2852984.5
924.0 2736444.8
925.0 2528549.2
926.0 2473950.8
927.0 2840970.5
928.0 2953581.5
929.0 3080700.2
930.0 3071197.8
931.0 3345941.0
932.0 3374796.5
933.0 2984716.5
934.0 3151636.5
935.0 3510325.5
936.0 3362447.2
937.0 3255852.8
938.0 3182432.8
939.0 3051229.0
940.0 2821397.5
941.0 3104054.0
942.0 2929201.2
943.0 2701101.5
944.0 2974499.8
945.0 2835889.8
946.0 2783056.0
947.0 3197678.5
948.0 3125810.5
949.0 3053565.2
950.0 2786053.0
951.0 3157102.2
952.0 3385933.0
953.0 3504056.5
954.0 3333519.0
955.0 3412014.8
956.0 3266780.5
957.0 3159362.5
958.0 3476297.8
959.0 3355477.5
960.0 3225096.0
961.0 3523281.0
962.0 3660129.0
963.0 3443835.2
964.0 3463814.5
965.0 3527815.5
966.0 3477060.2
967.0 3791079.8
968.0 3922983.8
969.0 3977565.5
970.0 4369488.5
971.0 4899209.0
972.0 4796586.0
973.0 4591547.0
974.0 4797494.5
975.0 4972263.5
976.0 5267134.0
977.0 5182043.0
978.0 4839830.5
979.0 4698025.5
980.0 5101215.0
981.0 5256560.0
982.0 5505297.5
983.0 6036132.5
984.0 6421232.0
985.0 7052895.5
986.0 8575722.0
987.0 9735002.0
988.0 10360054.0
989.0 11116071.0
990.0 11673598.0
991.0 11645740.0
992.0 11335806.0
993.0 9876456.0
994.0 9856738.0
995.0 9674118.0
996.0 9691834.0
997.0 9813738.0
998.0 9761957.0
999.0 9895951.0
1000.0 9707909.0
1001.0 9308274.0
1002.0 8713447.0
1003.0 9725478.0
1004.0 10943018.0
1005.0 11754950.0
1006.0 12052339.0
1007.0 12456476.0
1008.0 12174718.0
1009.0 11508979.0
1010.0 10843418.0
1011.0 10236986.0
1012.0 10021041.0
1013.0 9841072.0
1014.0 9068033.0
1015.0 7994149.0
1016.0 7353287.0
1017.0 6675154.5
1018.0 5858448.0
1019.0 5280556.0
1020.0 4405879.5
1021.0 3948084.5
1022.0 4090933.5
1023.0 4281120.0
1024.0 4406346.5
1025.0 4097498.8
1026.0 3912790.2
1027.0 3744222.2
1028.0 4192329.0
1029.0 4686255.0
1030.0 5666141.0
1031.0 6510585.0
1032.0 7746862.5
1033.0 9452090.0
1034.0 10746510.0
1035.0 12014162.0
1036.0 14110116.0
1037.0 15155110.0
1038.0 15106474.0
1039.0 14817285.0
1040.0 15012931.0
1041.0 14748296.0
1042.0 13343134.0
1043.0 13110161.0
1044.0 13133988.0
1045.0 12971732.0
1046.0 12848918.0
1047.0 13308514.0
1048.0 14464888.0
1049.0 15523641.0
1050.0 15197305.0
1051.0 15926705.0
1052.0 17225716.0
1053.0 17026242.0
1054.0 18288152.0
1055.0 20671644.0
1056.0 23775068.0
1057.0 28458920.0
1058.0 35721710.0
1059.0 49401650.0
1060.0 66345576.0
1061.0 84621620.0
1062.0 106738440.0
1063.0 127510130.0
1064.0 140760160.0
1065.0 146192450.0
1066.0 136852580.0
1067.0 114634340.0
1068.0 85929690.0
1069.0 56505136.0
1070.0 37500190.0
1071.0 26539824.0
1072.0 20953268.0
1073.0 17633402.0
1074.0 14075722.0
1075.0 11084244.0
1076.0 8739564.0
1077.0 7848452.5
1078.0 7443794.0
1079.0 6739800.0
1080.0 5856114.5
1081.0 5050427.5
1082.0 4821690.0
1083.0 5658075.5
1084.0 5784605.5
1085.0 5787530.0
1086.0 6171485.5
1087.0 6967737.0
1088.0 7541619.5
1089.0 7841669.5
1090.0 8133390.5
1091.0 8614122.0
1092.0 9039098.0
1093.0 9144290.0
1094.0 8436063.0
1095.0 7807307.5
1096.0 7033177.0
1097.0 6942622.0
1098.0 6774777.5
1099.0 7764770.0
1100.0 10398969.0
1101.0 12163894.0
1102.0 14006216.0
1103.0 18473872.0
1104.0 24813770.0
1105.0 33463476.0
1106.0 46024620.0
1107.0 61555984.0
1108.0 80296670.0
1109.0 100132070.0
1110.0 116612940.0
1111.0 126510380.0
1112.0 125603070.0
1113.0 113759830.0
1114.0 93946870.0
1115.0 66786656.0
1116.0 43381640.0
1117.0 26823658.0
1118.0 18314922.0
1119.0 14474529.0
1120.0 11859448.0
1121.0 9712242.0
1122.0 7697880.0
1123.0 6183927.0
1124.0 5051056.0
1125.0 4212162.0
1126.0 3548587.2
1127.0 2960669.8
1128.0 3137247.8
1129.0 3202457.0
1130.0 2904322.8
1131.0 2406162.8
1132.0 2495077.5
1133.0 2869877.2
1134.0 3060617.0
1135.0 3052242.2
1136.0 3263728.5
1137.0 3987314.0
1138.0 4802638.0
1139.0 4677668.0
1140.0 4554108.5
1141.0 4524222.0
1142.0 3965157.8
1143.0 3169708.8
1144.0 3218867.2
1145.0 2820521.2
1146.0 2676785.2
1147.0 2259725.2
1148.0 2128627.8
1149.0 2023878.2
1150.0 2103832.8
1151.0 2214626.0
1152.0 2239668.0
1153.0 2418068.2
1154.0 2325052.2
1155.0 2485971.2
1156.0 2385529.2
1157.0 2461164.5
1158.0 2276947.2
1159.0 2216583.8
1160.0 2555411.2
1161.0 2504217.2
1162.0 2545774.8
1163.0 2455247.0
1164.0 2554811.0
1165.0 2560571.5
1166.0 2765458.0
1167.0 2646639.0
1168.0 2406663.8
1169.0 3051961.2
1170.0 3271038.8
1171.0 3157515.2
1172.0 3247061.0
1173.0 3427513.8
1174.0 2899237.8
1175.0 2495903.2
1176.0 2951478.5
1177.0 3410877.0
1178.0 3429209.0
1179.0 3391430.0
1180.0 3302117.5
1181.0 3557096.2
1182.0 3991947.0
1183.0 3958580.2
1184.0 4111563.8
1185.0 4273935.5
1186.0 4739000.0
1187.0 4753872.0
1188.0 4959328.0
1189.0 5341282.0
1190.0 5365989.5
1191.0 5279672.0
1192.0 5925513.0
1193.0 5888530.0
1194.0 5494412.0
1195.0 4780747.0
1196.0 4517705.5
1197.0 4025124.8
1198.0 3296809.8
1199.0 3467162.0
1200.0 3991783.0
1201.0 3997739.0
1202.0 4038384.8
1203.0 4351356.0
1204.0 4175199.0
1205.0 3953692.5
1206.0 3908342.8
1207.0 3956519.8
1208.0 4150848.0
1209.0 4721047.5
1210.0 5505519.5
1211.0 6200032.5
1212.0 6670186.0
1213.0 7119567.0
1214.0 6606296.0
1215.0 6836637.0
1216.0 7573360.0
1217.0 7346149.5
1218.0 6942994.0
1219.0 5521280.5
1220.0 5190155.0
1221.0 4787059.0
1222.0 5286114.5
1223.0 5312520.5
1224.0 5149554.0
1225.0 5455874.5
1226.0 6069794.5
1227.0 6822496.0
1228.0 7036593.0
1229.0 7029069.0
1230.0 7461891.0
1231.0 8456009.0
1232.0 9275458.0
1233.0 9636959.0
1234.0 10583794.0
1235.0 12498611.0
1236.0 13906738.0
1237.0 15928770.0
1238.0 19720252.0
1239.0 22422930.0
1240.0 24282092.0
1241.0 26735512.0
1242.0 28105218.0
1243.0 26809728.0
1244.0 24955738.0
1245.0 22330072.0
1246.0 19734330.0
1247.0 14878799.0
1248.0 10434738.0
1249.0 7733727.0
1250.0 7119509.0
1251.0 6863469.0
1252.0 6184522.5
1253.0 6232864.5
1254.0 7084040.5
1255.0 7051980.0
1256.0 6994299.0
1257.0 7219827.0
1258.0 7617161.0
1259.0 8921076.0
1260.0 10700790.0
1261.0 13064845.0
1262.0 14657064.0
1263.0 15566292.0
1264.0 17514424.0
1265.0 19113436.0
1266.0 20727186.0
1267.0 22081052.0
1268.0 22377904.0
1269.0 21711218.0
1270.0 19652518.0
1271.0 17746628.0
1272.0 17671378.0
1273.0 18146928.0
1274.0 18316986.0
1275.0 17361496.0
1276.0 16637629.0
1277.0 14949836.0
1278.0 13334536.0
1279.0 13599664.0
1280.0 14291298.0
1281.0 15024738.0
1282.0 15059344.0
1283.0 16019191.0
1284.0 16993378.0
1285.0 17497156.0
1286.0 16638692.0
1287.0 15499556.0
1288.0 15558261.0
1289.0 14490981.0
1290.0 13684459.0
1291.0 13883206.0
1292.0 14586542.0
1293.0 15246011.0
1294.0 15964850.0
1295.0 15979240.0
1296.0 15969538.0
1297.0 15985179.0
1298.0 16650098.0
1299.0 17445572.0
1300.0 18808372.0
1301.0 20163118.0
1302.0 22250270.0
1303.0 23037690.0
1304.0 24801208.0
1305.0 27217378.0
1306.0 29828104.0
1307.0 31996190.0
1308.0 34197036.0
1309.0 36682876.0
1310.0 38443424.0
1311.0 38245332.0
1312.0 37144460.0
1313.0 34975556.0
1314.0 34404870.0
1315.0 34562916.0
1316.0 34649256.0
1317.0 36122388.0
1318.0 37013264.0
1319.0 37387664.0
1320.0 38857740.0
1321.0 40054590.0
1322.0 41425588.0
1323.0 43404016.0
1324.0 44624440.0
1325.0 47062576.0
1326.0 50846740.0
1327.0 55738004.0
1328.0 60747450.0
1329.0 64597490.0
1330.0 69088590.0
1331.0 71501140.0
1332.0 72404130.0
1333.0 72751300.0
1334.0 73867210.0
1335.0 74483370.0
1336.0 73428440.0
1337.0 73381590.0
1338.0 71985170.0
1339.0 71256260.0
1340.0 71705400.0
1341.0 70678930.0
1342.0 67871860.0
1343.0 62978384.0
1344.0 59712010.0
1345.0 58399376.0
1346.0 56038150.0
1347.0 54601384.0
1348.0 55373600.0
1349.0 56599056.0
1350.0 56941780.0
1351.0 61019870.0
1352.0 63557176.0
1353.0 63942750.0
1354.0 64370516.0
1355.0 66805100.0
1356.0 68398200.0
1357.0 69394660.0
1358.0 70547490.0
1359.0 70816750.0
1360.0 71914490.0
1361.0 75673336.0
1362.0 81321010.0
1363.0 91625840.0
1364.0 104219500.0
1365.0 121272280.0
1366.0 140930530.0
1367.0 159771740.0
1368.0 180819900.0
1369.0 204587020.0
1370.0 226177840.0
1371.0 240680510.0
1372.0 250251580.0
1373.0 254950340.0
1374.0 247133220.0
1375.0 230295840.0
1376.0 210670980.0
1377.0 186088140.0
1378.0 164045800.0
1379.0 148940380.0
1380.0 138763400.0
1381.0 129806780.0
1382.0 120400030.0
1383.0 112021170.0
1384.0 105660610.0
1385.0 98100120.0
1386.0 92098880.0
1387.0 86207110.0
1388.0 79459510.0
1389.0 72086200.0
1390.0 63687736.0
1391.0 55798696.0
1392.0 49784470.0
1393.0 45994064.0
1394.0 43453224.0
1395.0 43416504.0
1396.0 46066010.0
1397.0 48658116.0
1398.0 53399450.0
1399.0 57708160.0
1400.0 61393750.0
1401.0 68620280.0
1402.0 76106030.0
1403.0 85951610.0
1404.0 99380190.0
1405.0 113386650.0
1406.0 129682940.0
1407.0 152400110.0
1408.0 179727740.0
1409.0 205212160.0
1410.0 234404940.0
1411.0 263696940.0
1412.0 288111780.0
1413.0 307082620.0
1414.0 320174530.0
1415.0 324623520.0
1416.0 312645900.0
1417.0 286953100.0
1418.0 247230640.0
1419.0 199597920.0
1420.0 150477620.0
1421.0 106364480.0
1422.0 73594296.0
1423.0 53990340.0
1424.0 42596500.0
1425.0 36241376.0
1426.0 30646198.0
1427.0 24245818.0
1428.0 19393064.0
1429.0 16633716.0
1430.0 15490872.0
1431.0 13680324.0
1432.0 12142779.0
1433.0 11432679.0
1434.0 10732131.0
1435.0 10614840.0
1436.0 10408926.0
1437.0 10164099.0
1438.0 10316351.0
1439.0 9703964.0
1440.0 9928897.0
1441.0 10049231.0
1442.0 10221842.0
1443.0 10380598.0
1444.0 10651705.0
1445.0 10755832.0
1446.0 11985830.0
1447.0 13973219.0
1448.0 14640409.0
1449.0 15000445.0
1450.0 15579042.0
1451.0 16468514.0
1452.0 17796618.0
1453.0 18383252.0
1454.0 19422442.0
1455.0 19613582.0
1456.0 19523030.0
1457.0 20261556.0
1458.0 21697728.0
1459.0 22010516.0
1460.0 23126744.0
1461.0 23170520.0
1462.0 23752292.0
1463.0 23415648.0
1464.0 22697250.0
1465.0 22856938.0
1466.0 22831272.0
1467.0 22653248.0
1468.0 21526858.0
1469.0 21637578.0
1470.0 22964962.0
1471.0 25824622.0
1472.0 26087648.0
1473.0 25995818.0
1474.0 25314550.0
1475.0 24477810.0
1476.0 23216448.0
1477.0 23447384.0
1478.0 23653780.0
1479.0 22350830.0
1480.0 22614930.0
1481.0 23822036.0
1482.0 25793830.0
1483.0 28533684.0
1484.0 31908512.0
1485.0 35860430.0
1486.0 41071570.0
1487.0 46182564.0
1488.0 49774840.0
1489.0 54307770.0
1490.0 56018804.0
1491.0 59536544.0
1492.0 63881250.0
1493.0 66519520.0
1494.0 67526240.0
1495.0 67149460.0
1496.0 66102300.0
1497.0 63305596.0
1498.0 60886756.0
1499.0 59307776.0
1500.0 58406956.0
1501.0 54363516.0
1502.0 47613940.0
1503.0 41271156.0
1504.0 36411910.0
1505.0 33455948.0
1506.0 31379438.0
1507.0 31043722.0
1508.0 32495318.0
1509.0 33654296.0
1510.0 34814736.0
1511.0 36537080.0
1512.0 39904890.0
1513.0 42996080.0
1514.0 46090810.0
1515.0 47674260.0
1516.0 49120744.0
1517.0 53908404.0
1518.0 57752530.0
1519.0 59462490.0
1520.0 62968616.0
1521.0 66448204.0
1522.0 71680216.0
1523.0 75403660.0
1524.0 78198780.0
1525.0 80416370.0
1526.0 85458040.0
1527.0 87534010.0
1528.0 87070770.0
1529.0 88903420.0
1530.0 88469070.0
1531.0 82462904.0
1532.0 76387380.0
1533.0 67569480.0
1534.0 57826660.0
1535.0 48802200.0
1536.0 40765440.0
1537.0 34420250.0
1538.0 29582042.0
1539.0 26651968.0
1540.0 26431372.0
1541.0 27827136.0
1542.0 29850572.0
1543.0 31940896.0
1544.0 33828344.0
1545.0 36912380.0
1546.0 38899370.0
1547.0 43846890.0
1548.0 47774470.0
1549.0 54416690.0
1550.0 60541096.0
1551.0 64019604.0
1552.0 68302250.0
1553.0 73193510.0
1554.0 77526150.0
1555.0 82723260.0
1556.0 86951850.0
1557.0 91003940.0
1558.0 92182640.0
1559.0 93598930.0
1560.0 91492310.0
1561.0 88219890.0
1562.0 80232560.0
1563.0 67082330.0
1564.0 56316204.0
1565.0 49949340.0
1566.0 48909700.0
1567.0 49368980.0
1568.0 50582376.0
1569.0 50348476.0
1570.0 50074776.0
1571.0 48010544.0
1572.0 46056310.0
1573.0 42628360.0
1574.0 40128616.0
1575.0 37620612.0
1576.0 33619050.0
1577.0 28932340.0
1578.0 22923842.0
1579.0 20126428.0
1580.0 18775760.0
1581.0 17763404.0
1582.0 18363238.0
1583.0 18189778.0
1584.0 17930290.0
1585.0 19348122.0
1586.0 19197576.0
1587.0 19574266.0
1588.0 19487960.0
1589.0 18825294.0
1590.0 20318554.0
1591.0 20588320.0
1592.0 19000270.0
1593.0 19415716.0
1594.0 20307070.0
1595.0 19604408.0
1596.0 18670766.0
1597.0 17844014.0
1598.0 17262460.0
1599.0 18064502.0
1600.0 18514532.0
1601.0 18915962.0
1602.0 19371074.0
1603.0 21194580.0
1604.0 21267648.0
1605.0 22091640.0
1606.0 23818470.0
1607.0 25226392.0
1608.0 27173548.0
1609.0 29747264.0
1610.0 32575578.0
1611.0 35481170.0
1612.0 37697190.0
1613.0 41516510.0
1614.0 44555980.0
1615.0 48967376.0
1616.0 54236990.0
1617.0 56513416.0
1618.0 57817204.0
1619.0 60252696.0
1620.0 63589604.0
1621.0 65091980.0
1622.0 68170560.0
1623.0 72502584.0
1624.0 78126780.0
1625.0 81687450.0
1626.0 81246930.0
1627.0 78600020.0
1628.0 75277330.0
1629.0 69357820.0
1630.0 60046044.0
1631.0 46223956.0
1632.0 33456068.0
1633.0 25562684.0
1634.0 21163750.0
1635.0 18183518.0
1636.0 15805638.0
1637.0 14176254.0
1638.0 14137255.0
1639.0 12919021.0
1640.0 12292745.0
1641.0 12527846.0
1642.0 13078968.0
1643.0 13094248.0
1644.0 14221952.0
1645.0 14432315.0
1646.0 13726581.0
1647.0 12835439.0
1648.0 14375835.0
1649.0 14586971.0
1650.0 14211532.0
1651.0 14356355.0
1652.0 13221180.0
1653.0 13130194.0
1654.0 12820469.0
1655.0 12272309.0
1656.0 12775018.0
1657.0 12408768.0
1658.0 11214605.0
1659.0 11353125.0
1660.0 11090782.0
1661.0 10471735.0
1662.0 10134951.0
1663.0 10508618.0
1664.0 11257735.0
1665.0 11361246.0
1666.0 10842009.0
1667.0 11073231.0
1668.0 10711879.0
1669.0 11628386.0
1670.0 13346538.0
1671.0 13447670.0
1672.0 13480549.0
1673.0 14443264.0
1674.0 14895369.0
1675.0 15361085.0
1676.0 15384010.0
1677.0 15611654.0
1678.0 16418776.0
1679.0 17938636.0
1680.0 17749858.0
1681.0 17250962.0
1682.0 17222402.0
1683.0 18721478.0
1684.0 18245518.0
1685.0 17526648.0
1686.0 16776036.0
1687.0 16488979.0
1688.0 16526185.0
1689.0 16036080.0
1690.0 15926795.0
1691.0 15988260.0
1692.0 16955306.0
1693.0 17207154.0
1694.0 17784788.0
1695.0 19230828.0
1696.0 19593360.0
1697.0 19342624.0
1698.0 19469910.0
1699.0 20063876.0
1700.0 21431680.0
1701.0 22357920.0
1702.0 22243558.0
1703.0 21237002.0
1704.0 20814884.0
1705.0 20405296.0
1706.0 19578918.0
1707.0 18904448.0
1708.0 18400958.0
1709.0 18746698.0
1710.0 18768956.0
1711.0 18009272.0
1712.0 17983118.0
1713.0 17066340.0
1714.0 15679261.0
1715.0 15231326.0
1716.0 14760898.0
1717.0 13916875.0
1718.0 14065539.0
1719.0 13801032.0
1720.0 12584922.0
1721.0 10844219.0
1722.0 7985612.0
1723.0 6194422.5
1724.0 4442396.5
1725.0 3626174.5
1726.0 3398471.0
1727.0 3526838.8
1728.0 3505929.8
1729.0 3200168.0
1730.0 3465045.0
1731.0 4486506.0
1732.0 4420022.0
1733.0 4490117.0
1734.0 4518195.5
1735.0 4656274.5
1736.0 5038510.0
1737.0 4973124.5
1738.0 4636815.5
1739.0 5014761.0
1740.0 5015934.0
1741.0 5426430.0
1742.0 6358128.0
1743.0 6281170.0
1744.0 5476663.0
1745.0 5495480.5
1746.0 5375327.5
1747.0 5360567.5
1748.0 4665117.5
1749.0 4508817.0
1750.0 5016653.0
1751.0 5775054.5
1752.0 5611180.5
1753.0 4815792.5
1754.0 4727056.0
1755.0 4884978.5
1756.0 5745291.0
1757.0 5571976.0
1758.0 5117173.0
1759.0 5629436.0
1760.0 5317157.5
1761.0 5294102.0
1762.0 5200813.0
1763.0 5111548.0
1764.0 6155395.5
1765.0 6789767.0
1766.0 6849391.0
1767.0 6946028.0
1768.0 6901197.5
1769.0 6656387.5
1770.0 6703836.0
1771.0 6895938.0
1772.0 7259175.5
1773.0 7106439.0
1774.0 6423307.5
1775.0 6288818.0
1776.0 7131822.0
1777.0 7381331.0
1778.0 7235362.0
1779.0 6692390.5
1780.0 6207072.5
1781.0 5873529.0
1782.0 5575810.5
1783.0 5103524.5
1784.0 5137956.0
1785.0 4980056.0
1786.0 4724877.0
1787.0 4482396.0
1788.0 4693414.0
1789.0 4639791.0
1790.0 4356474.0
1791.0 4842572.0
1792.0 5231783.5
1793.0 5745255.0
1794.0 6130371.0
1795.0 5920466.0
1796.0 6496005.0
1797.0 7178524.0
1798.0 7072209.5
1799.0 6931342.5
1800.0 7021611.0
1801.0 7828389.5
1802.0 7871066.0
1803.0 7985477.0
1804.0 7132919.5
1805.0 6030307.5
1806.0 6970545.5
1807.0 7172268.0
1808.0 6396080.0
1809.0 6041026.0
1810.0 5718553.0
1811.0 4654081.0
1812.0 4056957.8
1813.0 3418024.5
1814.0 3655927.5
1815.0 3708917.0
1816.0 3999723.5
1817.0 3727883.5
1818.0 3152372.8
1819.0 3565622.2
1820.0 4204592.5
1821.0 4213463.0
1822.0 4189536.5
1823.0 4573391.0
1824.0 4944978.0
1825.0 5861962.5
1826.0 6314123.0
1827.0 6778729.0
1828.0 7060537.5
1829.0 7900747.5
1830.0 8489912.0
1831.0 8248320.0
1832.0 7977150.0
1833.0 8824284.0
1834.0 9195446.0
1835.0 8951725.0
1836.0 9164548.0
1837.0 8405280.0
1838.0 7978467.5
1839.0 6983167.0
1840.0 6829594.0
1841.0 7368877.0
1842.0 8028728.0
1843.0 8613362.0
1844.0 8032767.0
1845.0 8316708.0
1846.0 9166600.0
1847.0 10150459.0
1848.0 10791636.0
1849.0 11247299.0
1850.0 11996006.0
1851.0 12630106.0
1852.0 14069072.0
1853.0 13673659.0
1854.0 12912119.0
1855.0 12447884.0
1856.0 11760710.0
1857.0 11386548.0
1858.0 12136055.0
1859.0 13119775.0
1860.0 12326109.0
1861.0 11283436.0
1862.0 9950339.0
1863.0 9151783.0
1864.0 9201584.0
1865.0 8941040.0
1866.0 9040499.0
1867.0 8583944.0
1868.0 9011568.0
1869.0 8444244.0
1870.0 7353148.0
1871.0 6635962.5
1872.0 7289372.0
1873.0 8452306.0
1874.0 8893929.0
1875.0 9097759.0
1876.0 10127995.0
1877.0 11003581.0
1878.0 10838621.0
1879.0 10818414.0
1880.0 11018670.0
1881.0 10663771.0
1882.0 10500420.0
1883.0 9325633.0
1884.0 8149893.0
1885.0 8559858.0
1886.0 9032425.0
1887.0 8211300.0
1888.0 7781176.0
1889.0 7462232.0
1890.0 6798022.0
1891.0 6311665.5
1892.0 5533937.0
1893.0 5453919.0
1894.0 5273060.5
1895.0 5168872.0
1896.0 4882069.5
1897.0 5301952.0
1898.0 6641510.5
1899.0 8674295.0
1900.0 9752581.0
1901.0 10734854.0
1902.0 11832945.0
1903.0 13311048.0
1904.0 15479764.0
1905.0 16364361.0
1906.0 16994222.0
1907.0 17744464.0
1908.0 19355328.0
1909.0 19275872.0
1910.0 20424964.0
1911.0 21974640.0
1912.0 22421450.0
1913.0 22488292.0
1914.0 21433484.0
1915.0 18206696.0
1916.0 15778771.0
1917.0 12075362.0
1918.0 9271748.0
1919.0 7575960.5
1920.0 6630924.0
1921.0 6295459.0
1922.0 5617604.0
1923.0 5096986.0
1924.0 6100947.5
1925.0 6983939.0
1926.0 7789697.0
1927.0 9249416.0
1928.0 10089208.0
1929.0 10307945.0
1930.0 10490400.0
1931.0 12816292.0
1932.0 14884406.0
1933.0 15009831.0
1934.0 15319042.0
1935.0 16424509.0
1936.0 17240368.0
1937.0 18269190.0
1938.0 19925868.0
1939.0 21175744.0
1940.0 18913016.0
1941.0 16834886.0
1942.0 13045924.0
1943.0 9258515.0
1944.0 6364867.0
1945.0 4671041.5
1946.0 3799381.5
1947.0 3130455.5
1948.0 2819217.0
1949.0 2530241.2
1950.0 2148632.8
1951.0 1866605.0
1952.0 1472335.8
1953.0 1458920.5
1954.0 1431609.2
1955.0 1740664.5
1956.0 1667615.0
1957.0 1438089.5
1958.0 1232952.6
1959.0 1337862.0
1960.0 1480672.4
1961.0 1673468.0
1962.0 1513401.0
1963.0 1333551.2
1964.0 1393972.4
1965.0 1227330.2
1966.0 1555912.2
1967.0 1324969.4
1968.0 1264883.6
1969.0 1131539.5
1970.0 1444239.8
1971.0 1585727.0
1972.0 1464838.8
1973.0 1149289.5
1974.0 1247563.5
1975.0 1333485.5
1976.0 1491309.0
1977.0 1400982.5
1978.0 1087473.6
1979.0 1122704.5
1980.0 1436862.8
1981.0 1559093.0
1982.0 1566256.0
1983.0 1865304.0
1984.0 2076344.4
1985.0 1986812.0
1986.0 1886903.1
1987.0 1786325.2
1988.0 1621016.2
1989.0 1877978.9
1990.0 2048107.8
1991.0 1852261.5
1992.0 2058963.1
1993.0 1839390.6
1994.0 2216732.2
1995.0 1706353.6
1996.0 1771477.0
1997.0 2122084.2
1998.0 2257258.5
1999.0 2359252.8
2000.0 1970970.2
2001.0 1927810.8
2002.0 2115663.0
2003.0 2084825.8
2004.0 2255001.0
2005.0 1971480.0
2006.0 1755599.4
2007.0 1988151.8
2008.0 2179221.0
2009.0 2114206.8
2010.0 1972689.8
2011.0 2204206.2
2012.0 2193362.0
2013.0 2380997.2
2014.0 1956630.1
2015.0 2249302.8
2016.0 2526104.2
2017.0 2860788.8
2018.0 2923107.0
2019.0 2949188.8
2020.0 2714517.0
2021.0 2296309.2
2022.0 2644904.0
2023.0 1481946.8
2024.0 -577320.75
2025.0 -2007898.5
2026.0 -3733385.2
2027.0 -5472238.0
2028.0 -6957112.0
2029.0 -8961569.0
2030.0 -10631619.0
2031.0 -11922534.0
2032.0 -14013754.0
2033.0 -16244809.0
2034.0 -18173492.0
2035.0 -19988856.0
2036.0 -21818978.0
2037.0 -23747080.0
2038.0 -25684402.0
2039.0 -28332438.0
2040.0 -30100404.0
2041.0 0.0
2042.0 0.0
2043.0 0.0
2044.0 0.0
2045.0 0.0
2046.0 0.0
2047.0 0.0
