string
0.0 2088945.0
1.0 2103178.5
2.0 1963848.8
3.0 2036279.9
4.0 2088087.8
5.0 2054269.8
6.0 2283239.8
7.0 2657060.5
8.0 2798106.0
9.0 2770283.5
10.0 2536139.0
11.0 2453813.2
12.0 2006954.9
13.0 2324340.2
14.0 2535736.5
15.0 2150690.5
16.0 1934570.8
17.0 2605042.0
18.0 2786019.0
19.0 2869686.0
20.0 2899286.2
21.0 3203293.0
22.0 2842827.2
23.0 2576428.5
24.0 2445670.0
25.0 2544483.5
26.0 2163499.0
27.0 2300632.2
28.0 2290618.8
29.0 2344003.5
30.0 2333484.2
31.0 2304250.2
32.0 2050098.2
33.0 2004434.4
34.0 2300684.2
35.0 2583892.2
36.0 2981377.2
37.0 3175488.5
38.0 3383756.5
39.0 3551869.8
40.0 3708885.5
41.0 3665187.5
42.0 3535197.8
43.0 3261501.0
44.0 3866398.0
45.0 3293003.0
46.0 2959592.5
47.0 1970568.2
48.0 2161486.2
49.0 2092187.4
50.0 2164465.2
51.0 2330025.0
52.0 2421933.2
53.0 2366097.5
54.0 2144710.5
55.0 1831634.5
56.0 1949813.1
57.0 2655452.5
58.0 2681574.5
59.0 2997626.5
60.0 3473973.5
61.0 3773708.8
62.0 3210067.5
63.0 3319851.2
64.0 3733682.8
65.0 3684661.5
66.0 3054958.0
67.0 2810141.2
68.0 3238737.0
69.0 2639220.5
70.0 2258790.8
71.0 2484097.0
72.0 3297123.8
73.0 3678512.5
74.0 3579474.8
75.0 3771276.2
76.0 3866136.2
77.0 4205475.5
78.0 4510302.0
79.0 4981695.0
80.0 5157370.5
81.0 5257414.5
82.0 5482002.0
83.0 4827859.0
84.0 4143502.5
85.0 3885281.5
86.0 3685411.2
87.0 3811004.8
88.0 4268865.5
89.0 4541919.5
90.0 4208599.0
91.0 4205931.0
92.0 4092084.8
93.0 4068649.5
94.0 4746551.0
95.0 6636589.0
96.0 8464702.0
97.0 9827026.0
98.0 9254578.0
99.0 7406879.5
100.0 5380125.5
101.0 3380977.0
102.0 1869420.2
103.0 1767870.6
104.0 1988881.5
105.0 1781507.2
106.0 1750507.4
107.0 1806156.8
108.0 1586203.6
109.0 1365915.2
110.0 1488855.1
111.0 1783293.8
112.0 1753776.4
113.0 1972203.9
114.0 2181004.0
115.0 2739872.8
116.0 3350990.5
117.0 3828307.2
118.0 4162842.5
119.0 4197608.5
120.0 4993201.0
121.0 5689375.5
122.0 7172325.0
123.0 7779225.0
124.0 7707568.0
125.0 7915468.0
126.0 6669190.5
127.0 6505636.0
128.0 7229837.5
129.0 7263761.0
130.0 7248379.5
131.0 7069205.0
132.0 4630407.0
133.0 2538103.8
134.0 1506053.5
135.0 1605391.9
136.0 1707907.0
137.0 1292212.6
138.0 1347568.8
139.0 1299972.2
140.0 1252317.1
141.0 913562.4
142.0 922333.6
143.0 1211231.9
144.0 739982.56
145.0 691606.94
146.0 765086.2
147.0 932158.44
148.0 1095303.4
149.0 1102135.1
150.0 1030947.9
151.0 1118708.8
152.0 969617.9
153.0 1180079.1
154.0 1650076.5
155.0 2098847.2
156.0 3108553.0
157.0 4805900.0
158.0 6959167.0
159.0 8866216.0
160.0 9085391.0
161.0 7910460.5
162.0 5498933.0
163.0 3812118.5
164.0 3184544.8
165.0 2799423.5
166.0 2753819.5
167.0 3164973.5
168.0 3555489.0
169.0 4466795.5
170.0 5015676.0
171.0 5255523.0
172.0 5130557.0
173.0 4352467.0
174.0 4050738.8
175.0 4451596.0
176.0 4526122.0
177.0 4882728.0
178.0 7355320.0
179.0 11131736.0
180.0 15374440.0
181.0 18922956.0
182.0 19340308.0
183.0 16883950.0
184.0 12924949.0
185.0 8640015.0
186.0 5983510.0
187.0 4024380.0
188.0 3103304.0
189.0 2627647.8
190.0 2172242.2
191.0 2144200.5
192.0 2268112.8
193.0 1587843.9
194.0 1146523.9
195.0 1299124.5
196.0 1119005.1
197.0 1113278.0
198.0 1438184.4
199.0 1428867.6
200.0 1045259.7
201.0 1326926.2
202.0 1247784.6
203.0 1314473.0
204.0 1205602.6
205.0 1075274.5
206.0 1305510.0
207.0 1292254.5
208.0 1428411.2
209.0 1680678.8
210.0 1668904.0
211.0 1845147.2
212.0 2383432.0
213.0 2264081.5
214.0 2742854.8
215.0 4148129.8
216.0 6009424.5
217.0 9391179.0
218.0 12548296.0
219.0 12742138.0
220.0 12083116.0
221.0 10233509.0
222.0 7475428.0
223.0 6167880.0
224.0 4656988.0
225.0 2982432.8
226.0 2289069.5
227.0 1926620.6
228.0 1865228.2
229.0 1714332.8
230.0 1238389.8
231.0 1645228.5
232.0 1228590.8
233.0 1240180.6
234.0 1569159.4
235.0 1196808.6
236.0 1312837.2
237.0 1458586.0
238.0 1259059.9
239.0 1277082.9
240.0 1423130.1
241.0 1428821.4
242.0 1081023.6
243.0 1120306.2
244.0 1741027.8
245.0 2290479.0
246.0 3120792.5
247.0 4188530.2
248.0 4722851.0
249.0 5969675.0
250.0 6736185.5
251.0 8106303.0
252.0 8775132.0
253.0 7882157.0
254.0 7037447.5
255.0 5267824.0
256.0 3955698.0
257.0 2872357.0
258.0 2130234.8
259.0 2160804.8
260.0 1905858.8
261.0 1257666.4
262.0 1077042.6
263.0 1350181.1
264.0 1353845.8
265.0 1150110.1
266.0 1072249.8
267.0 1213718.8
268.0 864628.1
269.0 620687.4
270.0 839734.3
271.0 1232774.2
272.0 999346.94
273.0 793339.0
274.0 958564.25
275.0 870438.6
276.0 797931.25
277.0 1173365.2
278.0 1284061.1
279.0 1071459.1
280.0 1559257.6
281.0 1213722.9
282.0 1212675.5
283.0 1487025.2
284.0 1619799.9
285.0 1324196.8
286.0 1046378.5
287.0 1100377.4
288.0 1083390.1
289.0 1263666.6
290.0 1245513.2
291.0 1173059.5
292.0 1256745.5
293.0 1334950.5
294.0 1488074.5
295.0 1234829.5
296.0 998715.4
297.0 1008588.2
298.0 969057.1
299.0 1054678.0
300.0 1478371.4
301.0 1371090.8
302.0 1368592.5
303.0 1414180.8
304.0 1619834.4
305.0 2083901.5
306.0 1933255.2
307.0 1789415.0
308.0 1868452.4
309.0 1836612.2
310.0 1786370.1
311.0 1847987.2
312.0 1561511.4
313.0 1585423.1
314.0 1569334.2
315.0 1782203.8
316.0 2436124.0
317.0 2523312.2
318.0 3383921.5
319.0 4216914.5
320.0 5125177.5
321.0 6345109.0
322.0 6684282.0
323.0 6040236.0
324.0 5840334.5
325.0 5492820.0
326.0 4771423.5
327.0 4680698.0
328.0 5037774.0
329.0 5664716.0
330.0 7385497.5
331.0 9296299.0
332.0 10006655.0
333.0 9120318.0
334.0 7115372.5
335.0 5515139.0
336.0 3721746.5
337.0 3068063.0
338.0 2527247.5
339.0 2273895.5
340.0 2085404.2
341.0 1886369.8
342.0 2006069.0
343.0 1490651.5
344.0 1552851.8
345.0 1329311.2
346.0 1247863.5
347.0 1127861.0
348.0 1280076.1
349.0 1422300.0
350.0 1252453.9
351.0 961263.0
352.0 1067260.5
353.0 1035998.5
354.0 1050191.8
355.0 1306686.5
356.0 1328753.8
357.0 1505844.0
358.0 1617037.4
359.0 2204848.5
360.0 2113411.5
361.0 2328570.2
362.0 2627165.0
363.0 2431248.2
364.0 2262471.0
365.0 2796445.0
366.0 3678472.5
367.0 4725002.0
368.0 5444957.5
369.0 4633764.5
370.0 3879234.0
371.0 2976300.5
372.0 2497172.8
373.0 1947761.5
374.0 1288742.8
375.0 1451308.0
376.0 1463102.4
377.0 1826229.8
378.0 1750905.0
379.0 1736745.1
380.0 1736165.8
381.0 1845129.8
382.0 1690163.2
383.0 1085060.1
384.0 1324758.9
385.0 1369234.0
386.0 1073729.9
387.0 1277159.4
388.0 1370033.5
389.0 1672856.2
390.0 1866190.6
391.0 1785343.5
392.0 2255273.0
393.0 1978128.9
394.0 2064032.0
395.0 2901382.2
396.0 3384118.0
397.0 3374937.8
398.0 3359855.2
399.0 3250608.0
400.0 2598923.5
401.0 1814095.6
402.0 1692055.6
403.0 1683135.2
404.0 1877709.8
405.0 2127383.0
406.0 2477706.5
407.0 2937304.5
408.0 2826504.5
409.0 2970473.0
410.0 3033811.2
411.0 2719833.0
412.0 2201543.0
413.0 2867998.8
414.0 3428907.5
415.0 3855001.5
416.0 4137888.0
417.0 4620475.5
418.0 4432488.0
419.0 4254278.0
420.0 3217026.2
421.0 2402860.0
422.0 1779023.8
423.0 1949286.9
424.0 1920450.8
425.0 1538031.4
426.0 1322289.0
427.0 1561768.1
428.0 1547257.0
429.0 1572893.2
430.0 1807975.5
431.0 2318568.0
432.0 1946079.8
433.0 1537645.2
434.0 1238786.8
435.0 1593741.8
436.0 2007505.0
437.0 2281580.5
438.0 2283855.2
439.0 1991346.9
440.0 1572599.9
441.0 1447078.2
442.0 1044365.56
443.0 1339478.0
444.0 1294350.1
445.0 1238978.2
446.0 1343171.4
447.0 1420128.6
448.0 1725627.2
449.0 2353141.5
450.0 2219514.8
451.0 2381715.5
452.0 2869122.8
453.0 2749272.5
454.0 2411430.5
455.0 1925336.0
456.0 1696719.5
457.0 1585187.6
458.0 1595538.1
459.0 1874615.5
460.0 1779810.1
461.0 1505991.2
462.0 1809606.0
463.0 2669619.8
464.0 2749037.5
465.0 2942697.0
466.0 2734181.5
467.0 2415119.8
468.0 2184091.2
469.0 2159035.8
470.0 2298265.2
471.0 2316668.0
472.0 2394533.5
473.0 2303079.0
474.0 2198213.5
475.0 2513111.8
476.0 2083710.0
477.0 1600651.9
478.0 1273411.5
479.0 1603665.2
480.0 1726261.9
481.0 1644826.1
482.0 1450160.6
483.0 1452369.5
484.0 1236415.8
485.0 866835.1
486.0 702009.75
487.0 1004062.4
488.0 958848.44
489.0 900512.56
490.0 957842.0
491.0 1077636.0
492.0 1269015.2
493.0 1565867.4
494.0 1392145.8
495.0 1259750.6
496.0 1332432.5
497.0 1347525.1
498.0 1171467.6
499.0 1574312.2
500.0 1761453.2
501.0 1600536.4
502.0 1854438.5
503.0 1881692.4
504.0 2039082.4
505.0 2266042.0
506.0 2644381.0
507.0 2786397.2
508.0 2203206.0
509.0 2243375.8
510.0 2303932.0
511.0 2081160.8
512.0 1961261.0
513.0 1765865.6
514.0 1550272.4
515.0 1393408.1
516.0 1425079.0
517.0 1133465.1
518.0 935029.7
519.0 1178513.2
520.0 1203510.8
521.0 1437542.2
522.0 1627202.8
523.0 1566679.8
524.0 1137340.5
525.0 1019907.44
526.0 1029307.25
527.0 1122459.2
528.0 1520546.2
529.0 1558151.0
530.0 1995157.4
531.0 1685326.2
532.0 1669467.8
533.0 1883644.2
534.0 1999901.8
535.0 2633462.0
536.0 2922870.0
537.0 3082066.5
538.0 3460851.5
539.0 3586202.8
540.0 2857297.8
541.0 2153479.2
542.0 1833677.8
543.0 1720435.0
544.0 1373995.0
545.0 1492271.4
546.0 1978030.2
547.0 1894906.8
548.0 1560006.2
549.0 1429134.8
550.0 1560820.2
551.0 1627721.2
552.0 1686494.8
553.0 1722314.4
554.0 1971690.0
555.0 1675919.9
556.0 1740719.4
557.0 2097919.0
558.0 1934640.8
559.0 1930435.5
560.0 2044755.5
561.0 1927671.0
562.0 1799108.1
563.0 1482914.9
564.0 1440622.6
565.0 1699564.2
566.0 1416260.5
567.0 1465060.6
568.0 1522610.8
569.0 1728653.1
570.0 1383310.0
571.0 1126375.1
572.0 1088698.2
573.0 1073606.5
574.0 1413732.2
575.0 1435075.1
576.0 1416068.8
577.0 1365733.0
578.0 1544471.2
579.0 1696537.4
580.0 1765352.0
581.0 1961878.9
582.0 1827513.8
583.0 1373281.5
584.0 1512509.9
585.0 1919176.1
586.0 1705118.5
587.0 1776675.6
588.0 1700846.1
589.0 1524625.1
590.0 1545869.5
591.0 1645006.0
592.0 1487613.9
593.0 1423091.0
594.0 1338000.0
595.0 1063638.2
596.0 1490680.2
597.0 1423906.1
598.0 1278186.0
599.0 1245073.9
600.0 1389147.6
601.0 1418571.4
602.0 1550840.0
603.0 1459030.8
604.0 1572837.4
605.0 1546675.2
606.0 1622978.5
607.0 1366327.0
608.0 1329598.2
609.0 1576843.1
610.0 2017694.2
611.0 1640658.6
612.0 1760479.5
613.0 1937645.0
614.0 1712044.0
615.0 1482926.8
616.0 1192159.5
617.0 1057113.0
618.0 1196777.4
619.0 1559046.9
620.0 1618741.4
621.0 1450521.9
622.0 1352714.5
623.0 1195174.8
624.0 1266817.4
625.0 1469061.0
626.0 1918168.6
627.0 1780650.2
628.0 1960438.8
629.0 1885600.5
630.0 1432707.2
631.0 1649436.9
632.0 1216013.2
633.0 1315420.8
634.0 1278630.0
635.0 1355746.2
636.0 1399978.1
637.0 1206551.4
638.0 1219850.0
639.0 1365455.1
640.0 1540815.1
641.0 1769221.4
642.0 1659035.0
643.0 1850456.1
644.0 1933215.5
645.0 1649086.9
646.0 1199576.5
647.0 1211577.4
648.0 1268236.0
649.0 1425923.9
650.0 1532709.2
651.0 1434686.5
652.0 1294295.5
653.0 1412763.1
654.0 1349780.6
655.0 1203196.6
656.0 1081395.6
657.0 1095399.0
658.0 1101263.4
659.0 1113850.1
660.0 1296911.4
661.0 1347622.8
662.0 1410710.1
663.0 1518688.9
664.0 1387534.9
665.0 1544566.5
666.0 1321459.8
667.0 1628404.8
668.0 1722930.2
669.0 1506296.1
670.0 1377500.8
671.0 1954237.4
672.0 1968321.4
673.0 1790654.4
674.0 1795009.5
675.0 1628408.2
676.0 1694750.0
677.0 1596081.1
678.0 1717760.5
679.0 1240203.5
680.0 1133654.0
681.0 1192787.8
682.0 1109883.2
683.0 964185.3
684.0 900782.9
685.0 1271432.4
686.0 1572073.5
687.0 1685373.2
688.0 1920027.2
689.0 2150658.0
690.0 2027963.9
691.0 1510000.5
692.0 1453293.6
693.0 1425764.0
694.0 1432771.2
695.0 1511029.0
696.0 1495005.0
697.0 1409892.8
698.0 1234132.8
699.0 1258724.1
700.0 1483300.6
701.0 1451136.2
702.0 1494517.5
703.0 1478443.6
704.0 1584529.2
705.0 1561325.8
706.0 1332393.8
707.0 1244819.5
708.0 1139802.8
709.0 1160920.0
710.0 1146957.8
711.0 870547.25
712.0 1015898.06
713.0 1117031.4
714.0 1304491.5
715.0 1491783.1
716.0 1835042.8
717.0 1355089.8
718.0 1255881.0
719.0 1123548.4
720.0 1026364.9
721.0 1010666.8
722.0 923363.44
723.0 1144015.2
724.0 1510881.1
725.0 1672589.5
726.0 1775986.2
727.0 1599397.6
728.0 1034378.44
729.0 1221740.8
730.0 1394633.6
731.0 1509073.9
732.0 1284681.2
733.0 921063.9
734.0 978390.0
735.0 1393529.5
736.0 1347866.2
737.0 1254966.5
738.0 1378598.9
739.0 1446346.9
740.0 1424254.9
741.0 1568006.2
742.0 1846857.8
743.0 2523374.5
744.0 2610140.2
745.0 2870851.5
746.0 3040197.2
747.0 2593227.8
748.0 2133985.0
749.0 1975503.8
750.0 1918162.8
751.0 1859380.8
752.0 1953002.6
753.0 1558923.5
754.0 1277644.8
755.0 1350804.5
756.0 1463880.5
757.0 1517931.0
758.0 1421806.5
759.0 1181509.5
760.0 1314716.0
761.0 1536839.8
762.0 1390959.9
763.0 1499363.0
764.0 1214613.0
765.0 1215849.8
766.0 1141257.0
767.0 1335356.8
768.0 1240170.5
769.0 1220829.8
770.0 1143715.6
771.0 1329030.0
772.0 1404873.9
773.0 1272293.2
774.0 1264598.4
775.0 1502409.4
776.0 1413580.6
777.0 1651233.1
778.0 1538587.6
779.0 1294716.2
780.0 1301036.5
781.0 1376347.8
782.0 1463434.4
783.0 1462225.2
784.0 1160534.8
785.0 1294278.0
786.0 1349571.4
787.0 1459022.6
788.0 1573248.9
789.0 1481975.6
790.0 1077474.2
791.0 1206095.9
792.0 1233018.2
793.0 1521641.4
794.0 1794616.9
795.0 2012352.8
796.0 2526565.2
797.0 2817084.5
798.0 2695116.0
799.0 3143867.8
800.0 3540680.2
801.0 3218201.2
802.0 3108471.0
803.0 2893853.5
804.0 2472774.2
805.0 2480358.2
806.0 2093702.0
807.0 1692765.0
808.0 1478556.8
809.0 1307950.8
810.0 1334437.8
811.0 1295963.5
812.0 1335469.8
813.0 1116322.6
814.0 1265748.2
815.0 1538423.5
816.0 1205050.8
817.0 1176279.1
818.0 1129283.0
819.0 1145867.2
820.0 1249656.8
821.0 1567333.8
822.0 1883358.1
823.0 1807261.4
824.0 1774005.2
825.0 1875983.1
826.0 1800874.8
827.0 1445729.4
828.0 1423066.2
829.0 1746671.2
830.0 1579934.0
831.0 1252740.5
832.0 1094898.9
833.0 1199041.2
834.0 1503838.2
835.0 1341506.8
836.0 1270939.4
837.0 1230985.8
838.0 1442587.4
839.0 1344680.0
840.0 1429716.2
841.0 1410637.0
842.0 1396216.0
843.0 1521281.9
844.0 1703347.4
845.0 1446540.2
846.0 1310874.9
847.0 1635187.8
848.0 1702547.4
849.0 1276811.9
850.0 1509749.9
851.0 1555899.5
852.0 1536271.9
853.0 1154146.5
854.0 1408882.4
855.0 1598716.8
856.0 1814052.6
857.0 1668437.0
858.0 1644283.6
859.0 1819355.1
860.0 1850940.1
861.0 2076283.6
862.0 1731979.4
863.0 1576272.0
864.0 1496598.5
865.0 1400427.2
866.0 1445456.0
867.0 1694616.8
868.0 1402616.0
869.0 1154831.4
870.0 1442734.4
871.0 1428879.5
872.0 1644620.2
873.0 1563591.0
874.0 1561183.1
875.0 1507269.2
876.0 1744197.0
877.0 1743188.5
878.0 1639177.8
879.0 1526285.0
880.0 1534856.1
881.0 1637234.2
882.0 1666765.1
883.0 1575170.8
884.0 1486643.9
885.0 1842765.5
886.0 1756552.5
887.0 1877776.0
888.0 1729552.8
889.0 1619274.5
890.0 1669545.0
891.0 1840261.9
892.0 1980591.2
893.0 1886322.0
894.0 1852566.9
895.0 2241806.0
896.0 1833225.0
897.0 1553541.0
898.0 1813893.5
899.0 2028756.1
900.0 1801239.5
901.0 2209694.0
902.0 2072196.9
903.0 1894648.2
904.0 1933041.5
905.0 2259673.5
906.0 2546082.8
907.0 2632710.5
908.0 2545279.0
909.0 1979510.5
910.0 1870859.5
911.0 2033663.0
912.0 2193667.2
913.0 2383176.2
914.0 2274877.0
915.0 2270501.2
916.0 2217878.0
917.0 2461868.2
918.0 2347593.8
919.0 2440823.8
920.0 2735479.8
921.0 3111968.5
922.0 3182132.0
923.0 2892551.5
924.0 2540668.5
925.0 2243166.5
926.0 2629262.2
927.0 3266796.0
928.0 3220716.5
929.0 2982016.0
930.0 2927177.0
931.0 3228777.8
932.0 2979095.2
933.0 3043609.8
934.0 3384699.8
935.0 3086197.5
936.0 3170174.8
937.0 3372421.2
938.0 2935591.0
939.0 2838779.0
940.0 2951369.8
941.0 2975366.5
942.0 2900900.2
943.0 2931630.2
944.0 3122414.8
945.0 3047072.5
946.0 3139932.2
947.0 3310283.0
948.0 3295587.2
949.0 3140601.5
950.0 3229195.2
951.0 3336950.5
952.0 3264462.0
953.0 2957957.8
954.0 2781556.2
955.0 2813876.0
956.0 2773272.0
957.0 2853648.5
958.0 2701556.5
959.0 2901605.0
960.0 3078323.8
961.0 3485859.8
962.0 3446428.5
963.0 3264143.8
964.0 3183758.5
965.0 3442281.0
966.0 3717348.5
967.0 3952286.0
968.0 4096527.2
969.0 4065953.5
970.0 4103774.0
971.0 4758306.5
972.0 4717923.0
973.0 4833780.5
974.0 4701616.0
975.0 4516125.0
976.0 4520749.0
977.0 4458534.5
978.0 4793937.0
979.0 4614364.5
980.0 4555246.0
981.0 5325535.5
982.0 5310714.5
983.0 5271844.0
984.0 5763730.0
985.0 7443005.0
986.0 8758459.0
987.0 10186281.0
988.0 11903074.0
989.0 13913388.0
990.0 13605069.0
991.0 12612588.0
992.0 11610084.0
993.0 10505235.0
994.0 10301072.0
995.0 10108240.0
996.0 9526194.0
997.0 9621308.0
998.0 10006927.0
999.0 9853381.0
1000.0 8738674.0
1001.0 8464388.0
1002.0 9590898.0
1003.0 10845060.0
1004.0 11478000.0
1005.0 12361152.0
1006.0 12856378.0
1007.0 12616579.0
1008.0 12545438.0
1009.0 11854226.0
1010.0 10973810.0
1011.0 10817841.0
1012.0 10882480.0
1013.0 9998854.0
1014.0 9192489.0
1015.0 8364575.5
1016.0 7379071.0
1017.0 6093822.0
1018.0 4944179.5
1019.0 4254638.0
1020.0 4154929.5
1021.0 4472763.0
1022.0 4285974.0
1023.0 4060208.5
1024.0 3472575.5
1025.0 3747802.0
1026.0 4061520.5
1027.0 4701035.5
1028.0 4748096.5
1029.0 5138147.0
1030.0 6303518.0
1031.0 7106674.0
1032.0 8568561.0
1033.0 10070965.0
1034.0 10775712.0
1035.0 12220308.0
1036.0 13603040.0
1037.0 15514375.0
1038.0 17166684.0
1039.0 16902954.0
1040.0 14998186.0
1041.0 14504002.0
1042.0 14175486.0
1043.0 14152981.0
1044.0 14013422.0
1045.0 13429435.0
1046.0 13073910.0
1047.0 13203602.0
1048.0 13991565.0
1049.0 14816502.0
1050.0 15818174.0
1051.0 17708564.0
1052.0 18742858.0
1053.0 17972462.0
1054.0 17397438.0
1055.0 16733381.0
1056.0 17633936.0
1057.0 21472890.0
1058.0 29400650.0
1059.0 40663810.0
1060.0 58965650.0
1061.0 82806450.0
1062.0 112801340.0
1063.0 143518050.0
1064.0 165158830.0
1065.0 165183060.0
1066.0 143471970.0
1067.0 107310410.0
1068.0 71007600.0
1069.0 43603376.0
1070.0 28765788.0
1071.0 21831300.0
1072.0 17606048.0
1073.0 15175601.0
1074.0 12933676.0
1075.0 10217114.0
1076.0 8770596.0
1077.0 7219529.5
1078.0 5885756.0
1079.0 5252684.5
1080.0 5219122.5
1081.0 5275853.0
1082.0 5296944.5
1083.0 5654281.0
1084.0 6161715.5
1085.0 5782409.5
1086.0 5781586.0
1087.0 6511559.0
1088.0 6726379.0
1089.0 7531271.0
1090.0 8943438.0
1091.0 9398781.0
1092.0 9285281.0
1093.0 9324124.0
1094.0 8089109.0
1095.0 7383310.5
1096.0 6724256.0
1097.0 6214450.5
1098.0 6729376.0
1099.0 7861378.0
1100.0 8412896.0
1101.0 8929809.0
1102.0 10551879.0
1103.0 13023960.0
1104.0 18062904.0
1105.0 26413010.0
1106.0 39087464.0
1107.0 57050444.0
1108.0 79719896.0
1109.0 106492520.0
1110.0 130211640.0
1111.0 145069180.0
1112.0 140250020.0
1113.0 115481730.0
1114.0 81506080.0
1115.0 50899136.0
1116.0 31558608.0
1117.0 21443424.0
1118.0 16050502.0
1119.0 12764931.0
1120.0 10267436.0
1121.0 8059774.5
1122.0 6552802.0
1123.0 5553878.0
1124.0 4937036.0
1125.0 4567866.5
1126.0 3997112.8
1127.0 3370988.0
1128.0 2785447.2
1129.0 2511186.5
1130.0 2276299.8
1131.0 2613451.0
1132.0 2888863.5
1133.0 3074007.5
1134.0 3591566.0
1135.0 3806827.8
1136.0 4507092.0
1137.0 4803158.0
1138.0 5037130.0
1139.0 5080379.0
1140.0 4354334.0
1141.0 3758277.2
1142.0 3495796.5
1143.0 2933207.2
1144.0 2475659.0
1145.0 2505982.8
1146.0 2691603.8
1147.0 2378058.0
1148.0 2048728.0
1149.0 2103542.2
1150.0 1930961.9
1151.0 1834278.9
1152.0 2007293.6
1153.0 1862958.2
1154.0 1949713.5
1155.0 2077001.0
1156.0 2151538.5
1157.0 2470644.2
1158.0 2448506.8
1159.0 2487490.2
1160.0 2422021.5
1161.0 2441828.2
1162.0 2200459.8
1163.0 2367494.0
1164.0 2215230.0
1165.0 2271407.8
1166.0 2305283.0
1167.0 2827330.2
1168.0 3260513.8
1169.0 2966998.5
1170.0 3098632.2
1171.0 3334647.2
1172.0 3123867.5
1173.0 2996977.8
1174.0 3104709.5
1175.0 3241587.0
1176.0 3380497.0
1177.0 3234656.2
1178.0 3311460.2
1179.0 3494235.0
1180.0 3440813.5
1181.0 3077203.0
1182.0 3497301.0
1183.0 3686958.5
1184.0 3981863.8
1185.0 4749539.0
1186.0 4920338.0
1187.0 5362275.5
1188.0 5147429.5
1189.0 4885078.0
1190.0 5490159.0
1191.0 6112877.0
1192.0 6004484.0
1193.0 5418860.0
1194.0 5312150.0
1195.0 4832732.5
1196.0 4832889.0
1197.0 4923386.0
1198.0 5103426.0
1199.0 4987888.5
1200.0 4907592.0
1201.0 4136052.2
1202.0 3882558.5
1203.0 3657588.8
1204.0 3983077.5
1205.0 3945260.0
1206.0 3799510.2
1207.0 3952239.8
1208.0 4142637.2
1209.0 4309410.5
1210.0 4748028.0
1211.0 5839284.0
1212.0 6526691.0
1213.0 7522512.0
1214.0 7936877.0
1215.0 8881129.0
1216.0 8878078.0
1217.0 7887692.5
1218.0 6827511.0
1219.0 6077325.5
1220.0 5419195.0
1221.0 4868407.0
1222.0 4397959.0
1223.0 4573755.5
1224.0 4960772.0
1225.0 5451773.0
1226.0 5561631.0
1227.0 6388479.5
1228.0 6989962.5
1229.0 7331483.0
1230.0 8030319.0
1231.0 9031561.0
1232.0 9391215.0
1233.0 8842421.0
1234.0 8933622.0
1235.0 10492409.0
1236.0 12130994.0
1237.0 15102154.0
1238.0 18762244.0
1239.0 23481008.0
1240.0 26707976.0
1241.0 29437764.0
1242.0 28516736.0
1243.0 28164548.0
1244.0 26825940.0
1245.0 21583848.0
1246.0 15615730.0
1247.0 10347360.0
1248.0 7797676.0
1249.0 6779369.0
1250.0 6802922.0
1251.0 6366689.5
1252.0 5753688.0
1253.0 5920351.0
1254.0 6185494.0
1255.0 6749436.0
1256.0 7059634.0
1257.0 6798222.0
1258.0 7083765.0
1259.0 7625075.0
1260.0 8218439.0
1261.0 10132387.0
1262.0 12249662.0
1263.0 14649448.0
1264.0 17568792.0
1265.0 21120524.0
1266.0 22092502.0
1267.0 23385824.0
1268.0 22800716.0
1269.0 20962128.0
1270.0 17779294.0
1271.0 16984152.0
1272.0 17106428.0
1273.0 18009378.0
1274.0 18423584.0
1275.0 18699964.0
1276.0 15807160.0
1277.0 13913884.0
1278.0 12658476.0
1279.0 12332431.0
1280.0 12490261.0
1281.0 13797342.0
1282.0 14889335.0
1283.0 15877659.0
1284.0 17157144.0
1285.0 17848788.0
1286.0 16748188.0
1287.0 15358321.0
1288.0 14422440.0
1289.0 14390110.0
1290.0 13225656.0
1291.0 13434765.0
1292.0 13978638.0
1293.0 15067225.0
1294.0 15353881.0
1295.0 14855384.0
1296.0 14892170.0
1297.0 15238410.0
1298.0 16021234.0
1299.0 16875450.0
1300.0 17418838.0
1301.0 18498208.0
1302.0 19579132.0
1303.0 22165698.0
1304.0 23647368.0
1305.0 26348128.0
1306.0 29481740.0
1307.0 31277942.0
1308.0 34863456.0
1309.0 37374170.0
1310.0 37753380.0
1311.0 38288770.0
1312.0 36783544.0
1313.0 33425442.0
1314.0 32445972.0
1315.0 33734172.0
1316.0 35239270.0
1317.0 35646796.0
1318.0 35967676.0
1319.0 36831936.0
1320.0 38209484.0
1321.0 39460536.0
1322.0 39605136.0
1323.0 40138760.0
1324.0 41841296.0
1325.0 44964400.0
1326.0 49445584.0
1327.0 54463790.0
1328.0 58315084.0
1329.0 64087180.0
1330.0 69373860.0
1331.0 72305610.0
1332.0 74925790.0
1333.0 76314220.0
1334.0 75473100.0
1335.0 73161070.0
1336.0 73197140.0
1337.0 76120770.0
1338.0 78085816.0
1339.0 77702700.0
1340.0 74991880.0
1341.0 71395500.0
1342.0 67201860.0
1343.0 62374450.0
1344.0 58604210.0
1345.0 56402330.0
1346.0 56498520.0
1347.0 55824420.0
1348.0 56054410.0
1349.0 56640044.0
1350.0 58529900.0
1351.0 59445470.0
1352.0 62251376.0
1353.0 64505856.0
1354.0 65503530.0
1355.0 68106890.0
1356.0 68710300.0
1357.0 67575580.0
1358.0 67223390.0
1359.0 68100480.0
1360.0 69625496.0
1361.0 72659400.0
1362.0 75142050.0
1363.0 84774020.0
1364.0 96843110.0
1365.0 110099870.0
1366.0 129134010.0
1367.0 152064380.0
1368.0 178954380.0
1369.0 203017470.0
1370.0 224291460.0
1371.0 242155060.0
1372.0 253683700.0
1373.0 256128800.0
1374.0 246186960.0
1375.0 227764560.0
1376.0 204206880.0
1377.0 179018750.0
1378.0 159910610.0
1379.0 145470910.0
1380.0 134352370.0
1381.0 126309500.0
1382.0 117722590.0
1383.0 110701890.0
1384.0 105435850.0
1385.0 100235750.0
1386.0 93451040.0
1387.0 86340210.0
1388.0 80583390.0
1389.0 73376910.0
1390.0 63341864.0
1391.0 54604396.0
1392.0 47610020.0
1393.0 43795556.0
1394.0 41363004.0
1395.0 40121596.0
1396.0 40812100.0
1397.0 43954310.0
1398.0 48471696.0
1399.0 54623060.0
1400.0 61371044.0
1401.0 68803780.0
1402.0 74499940.0
1403.0 82118510.0
1404.0 93488840.0
1405.0 108997790.0
1406.0 125471070.0
1407.0 146052260.0
1408.0 167148820.0
1409.0 190196860.0
1410.0 216231710.0
1411.0 249587490.0
1412.0 279647500.0
1413.0 305473250.0
1414.0 328790200.0
1415.0 338118980.0
1416.0 328308830.0
1417.0 295707520.0
1418.0 247183330.0
1419.0 185784500.0
1420.0 130695620.0
1421.0 90438910.0
1422.0 65516520.0
1423.0 50607250.0
1424.0 40945496.0
1425.0 33213504.0
1426.0 26737080.0
1427.0 21473350.0
1428.0 18593888.0
1429.0 16677398.0
1430.0 14684064.0
1431.0 13405646.0
1432.0 12174270.0
1433.0 12096250.0
1434.0 11149082.0
1435.0 10195507.0
1436.0 10344421.0
1437.0 10213202.0
1438.0 10252996.0
1439.0 10939776.0
1440.0 11231649.0
1441.0 11115681.0
1442.0 11340774.0
1443.0 11309079.0
1444.0 11219165.0
1445.0 11129668.0
1446.0 11188938.0
1447.0 11427511.0
1448.0 13175948.0
1449.0 14264402.0
1450.0 15470255.0
1451.0 16337551.0
1452.0 17470976.0
1453.0 18418124.0
1454.0 19197544.0
1455.0 20021324.0
1456.0 19661422.0
1457.0 19685136.0
1458.0 21578288.0
1459.0 22678208.0
1460.0 24082380.0
1461.0 24072004.0
1462.0 24897124.0
1463.0 24658618.0
1464.0 23569996.0
1465.0 22487662.0
1466.0 21862322.0
1467.0 22294800.0
1468.0 22765452.0
1469.0 23730590.0
1470.0 24852258.0
1471.0 26580158.0
1472.0 25399210.0
1473.0 24450562.0
1474.0 23122676.0
1475.0 22038750.0
1476.0 22120202.0
1477.0 22786418.0
1478.0 21974504.0
1479.0 21296070.0
1480.0 20793436.0
1481.0 21374500.0
1482.0 23686928.0
1483.0 26460802.0
1484.0 29835980.0
1485.0 36104904.0
1486.0 41609816.0
1487.0 45463824.0
1488.0 50538644.0
1489.0 54039384.0
1490.0 55927900.0
1491.0 59096296.0
1492.0 64316330.0
1493.0 67707850.0
1494.0 68056870.0
1495.0 65158016.0
1496.0 65094760.0
1497.0 65439556.0
1498.0 64461750.0
1499.0 62592370.0
1500.0 57870936.0
1501.0 52789080.0
1502.0 47301780.0
1503.0 39941330.0
1504.0 33852110.0
1505.0 29701436.0
1506.0 28631972.0
1507.0 29635572.0
1508.0 31517224.0
1509.0 33326722.0
1510.0 35851810.0
1511.0 37034012.0
1512.0 39433824.0
1513.0 42751190.0
1514.0 45267676.0
1515.0 47565196.0
1516.0 49677830.0
1517.0 51657104.0
1518.0 54990670.0
1519.0 57375350.0
1520.0 62215424.0
1521.0 67237450.0
1522.0 70378090.0
1523.0 73002030.0
1524.0 73652070.0
1525.0 77718260.0
1526.0 84243870.0
1527.0 89057040.0
1528.0 91528070.0
1529.0 92256710.0
1530.0 90805630.0
1531.0 84675920.0
1532.0 74090250.0
1533.0 65155270.0
1534.0 57146844.0
1535.0 48702056.0
1536.0 39477336.0
1537.0 32499152.0
1538.0 26886764.0
1539.0 23624940.0
1540.0 22481912.0
1541.0 24201724.0
1542.0 26118498.0
1543.0 28294036.0
1544.0 31192608.0
1545.0 34731028.0
1546.0 38559516.0
1547.0 42400104.0
1548.0 45247236.0
1549.0 50410324.0
1550.0 58003940.0
1551.0 65833680.0
1552.0 68405144.0
1553.0 70016250.0
1554.0 72377790.0
1555.0 76506300.0
1556.0 83349730.0
1557.0 90366920.0
1558.0 93193320.0
1559.0 97022320.0
1560.0 95160360.0
1561.0 88010830.0
1562.0 75496460.0
1563.0 61937656.0
1564.0 53211900.0
1565.0 48153284.0
1566.0 47039624.0
1567.0 46831696.0
1568.0 48765690.0
1569.0 50037364.0
1570.0 50477760.0
1571.0 49652270.0
1572.0 48293816.0
1573.0 45649276.0
1574.0 44000280.0
1575.0 40190456.0
1576.0 33954404.0
1577.0 27710722.0
1578.0 22191228.0
1579.0 19135058.0
1580.0 18373622.0
1581.0 18108084.0
1582.0 17375016.0
1583.0 17935582.0
1584.0 17727168.0
1585.0 18152956.0
1586.0 18953726.0
1587.0 19936948.0
1588.0 21582062.0
1589.0 21804836.0
1590.0 21289428.0
1591.0 21201728.0
1592.0 21206796.0
1593.0 20662590.0
1594.0 18953244.0
1595.0 18107384.0
1596.0 17604684.0
1597.0 17189062.0
1598.0 17409254.0
1599.0 17561076.0
1600.0 18359116.0
1601.0 18158502.0
1602.0 17691342.0
1603.0 19158022.0
1604.0 20788110.0
1605.0 21125918.0
1606.0 22634296.0
1607.0 24925472.0
1608.0 26340850.0
1609.0 28500890.0
1610.0 31340284.0
1611.0 33629084.0
1612.0 36626336.0
1613.0 39920904.0
1614.0 44781890.0
1615.0 50699370.0
1616.0 53198450.0
1617.0 54102736.0
1618.0 53924790.0
1619.0 54819290.0
1620.0 57832000.0
1621.0 60782400.0
1622.0 65055244.0
1623.0 71550990.0
1624.0 78299310.0
1625.0 82113560.0
1626.0 84143480.0
1627.0 84507760.0
1628.0 79256220.0
1629.0 67213230.0
1630.0 53449740.0
1631.0 40191180.0
1632.0 30697896.0
1633.0 24884542.0
1634.0 19623942.0
1635.0 17480572.0
1636.0 15487825.0
1637.0 14011529.0
1638.0 13169518.0
1639.0 12737361.0
1640.0 12946592.0
1641.0 12814566.0
1642.0 12693058.0
1643.0 12432424.0
1644.0 12788119.0
1645.0 13228345.0
1646.0 13351884.0
1647.0 13905661.0
1648.0 13925324.0
1649.0 13976731.0
1650.0 13956134.0
1651.0 13740284.0
1652.0 13073368.0
1653.0 12415541.0
1654.0 12919924.0
1655.0 13081931.0
1656.0 12927095.0
1657.0 12817642.0
1658.0 12326338.0
1659.0 10895032.0
1660.0 11014110.0
1661.0 11342554.0
1662.0 10230481.0
1663.0 10331690.0
1664.0 11128945.0
1665.0 10906769.0
1666.0 10663174.0
1667.0 11072614.0
1668.0 11080179.0
1669.0 10947110.0
1670.0 10417240.0
1671.0 11299416.0
1672.0 13242199.0
1673.0 14597348.0
1674.0 14901315.0
1675.0 15570305.0
1676.0 15843922.0
1677.0 15542385.0
1678.0 16836800.0
1679.0 17408972.0
1680.0 16011376.0
1681.0 16191908.0
1682.0 18010858.0
1683.0 18565522.0
1684.0 18507586.0
1685.0 16755222.0
1686.0 15678782.0
1687.0 16230590.0
1688.0 14716660.0
1689.0 13622260.0
1690.0 14236568.0
1691.0 15821106.0
1692.0 17094086.0
1693.0 18213360.0
1694.0 17644616.0
1695.0 17370714.0
1696.0 18355228.0
1697.0 19290124.0
1698.0 20833784.0
1699.0 22044358.0
1700.0 23740802.0
1701.0 24487952.0
1702.0 23633408.0
1703.0 22912868.0
1704.0 21945556.0
1705.0 19826924.0
1706.0 17827896.0
1707.0 17292686.0
1708.0 17918040.0
1709.0 18021932.0
1710.0 17647450.0
1711.0 17878368.0
1712.0 17593678.0
1713.0 17137024.0
1714.0 17452478.0
1715.0 16930042.0
1716.0 15214970.0
1717.0 14865285.0
1718.0 15246694.0
1719.0 14659685.0
1720.0 12029542.0
1721.0 10168944.0
1722.0 7397970.5
1723.0 5444519.5
1724.0 4707896.0
1725.0 4291745.5
1726.0 3535706.2
1727.0 3174300.5
1728.0 3185738.5
1729.0 3248875.0
1730.0 2984275.5
1731.0 3228522.5
1732.0 3853584.8
1733.0 3818075.2
1734.0 3727372.8
1735.0 4202034.0
1736.0 4633928.0
1737.0 4882002.0
1738.0 4956915.5
1739.0 5063592.5
1740.0 5457189.5
1741.0 6164149.0
1742.0 7192354.0
1743.0 7413744.5
1744.0 6876331.0
1745.0 5952724.0
1746.0 6049124.5
1747.0 6146652.0
1748.0 5465676.0
1749.0 5305054.5
1750.0 5360346.0
1751.0 5271180.0
1752.0 5404635.5
1753.0 4772534.5
1754.0 4090799.0
1755.0 3868527.8
1756.0 3230511.0
1757.0 3687142.0
1758.0 4218806.0
1759.0 4710058.5
1760.0 4991792.5
1761.0 4745405.5
1762.0 5173615.5
1763.0 5826869.0
1764.0 6971357.5
1765.0 7446332.5
1766.0 7359658.0
1767.0 7042888.0
1768.0 7208470.0
1769.0 8384019.0
1770.0 7991126.0
1771.0 7609126.0
1772.0 6969600.0
1773.0 6665938.0
1774.0 6841590.5
1775.0 7224282.5
1776.0 7052464.5
1777.0 6675051.0
1778.0 6252649.0
1779.0 6190254.5
1780.0 5865155.5
1781.0 5994180.5
1782.0 5551924.0
1783.0 5068382.0
1784.0 4594232.0
1785.0 4418744.5
1786.0 4518182.0
1787.0 5136163.5
1788.0 5758025.0
1789.0 5628290.0
1790.0 5195527.5
1791.0 4999681.5
1792.0 5366687.0
1793.0 5415004.5
1794.0 5535696.0
1795.0 5440460.5
1796.0 6072943.0
1797.0 6971426.0
1798.0 7074507.5
1799.0 6444619.0
1800.0 6289138.0
1801.0 6760444.5
1802.0 7238759.0
1803.0 7341269.0
1804.0 7394145.0
1805.0 7767852.0
1806.0 7015875.5
1807.0 7115952.0
1808.0 6636300.0
1809.0 5766387.5
1810.0 5198967.0
1811.0 5108073.0
1812.0 4839584.0
1813.0 4368891.5
1814.0 3968730.2
1815.0 3330759.5
1816.0 2615127.0
1817.0 2783638.5
1818.0 3810441.5
1819.0 3833037.5
1820.0 3533496.5
1821.0 3617835.2
1822.0 4093792.0
1823.0 4367347.5
1824.0 5243512.5
1825.0 5626185.0
1826.0 5868670.0
1827.0 6323170.5
1828.0 6484893.0
1829.0 7296031.0
1830.0 8264597.5
1831.0 8738179.0
1832.0 8778127.0
1833.0 8854576.0
1834.0 9067854.0
1835.0 9129666.0
1836.0 9635808.0
1837.0 8962452.0
1838.0 8573273.0
1839.0 7467067.0
1840.0 6673837.5
1841.0 6990210.0
1842.0 7594617.5
1843.0 7640050.0
1844.0 7124883.0
1845.0 7762340.5
1846.0 9268608.0
1847.0 10881452.0
1848.0 10824014.0
1849.0 11826805.0
1850.0 12262322.0
1851.0 12253140.0
1852.0 13202574.0
1853.0 13064822.0
1854.0 13807555.0
1855.0 13476902.0
1856.0 12919988.0
1857.0 12702272.0
1858.0 12349709.0
1859.0 12303000.0
1860.0 11964298.0
1861.0 11513569.0
1862.0 11055729.0
1863.0 10963414.0
1864.0 10486962.0
1865.0 9377245.0
1866.0 8676992.0
1867.0 8035453.0
1868.0 7153777.5
1869.0 6583475.0
1870.0 6668595.0
1871.0 6973086.0
1872.0 8200824.0
1873.0 9222338.0
1874.0 9696154.0
1875.0 9928117.0
1876.0 9887632.0
1877.0 9516876.0
1878.0 10982651.0
1879.0 10989781.0
1880.0 11097615.0
1881.0 11052472.0
1882.0 11775588.0
1883.0 11499519.0
1884.0 10448831.0
1885.0 9934158.0
1886.0 9025878.0
1887.0 8602376.0
1888.0 7918321.0
1889.0 6695899.0
1890.0 5647303.0
1891.0 5548149.5
1892.0 5819266.0
1893.0 5160039.0
1894.0 5180423.5
1895.0 5280640.0
1896.0 4915722.0
1897.0 5482672.0
1898.0 5828687.5
1899.0 7407475.5
1900.0 8841216.0
1901.0 9938410.0
1902.0 11520055.0
1903.0 13592269.0
1904.0 14864338.0
1905.0 16268042.0
1906.0 18286670.0
1907.0 18922892.0
1908.0 19537996.0
1909.0 21319836.0
1910.0 23314796.0
1911.0 24369192.0
1912.0 24638030.0
1913.0 23952422.0
1914.0 21655200.0
1915.0 17775316.0
1916.0 13535525.0
1917.0 10313927.0
1918.0 8385950.0
1919.0 6617807.0
1920.0 5828212.5
1921.0 5778217.0
1922.0 4992658.0
1923.0 5204055.5
1924.0 5660969.0
1925.0 6499935.0
1926.0 7185671.0
1927.0 8590718.0
1928.0 9807106.0
1929.0 10848064.0
1930.0 11312440.0
1931.0 12902354.0
1932.0 13428911.0
1933.0 14884421.0
1934.0 15793158.0
1935.0 17165804.0
1936.0 17390484.0
1937.0 18746826.0
1938.0 20751852.0
1939.0 19079274.0
1940.0 17597150.0
1941.0 15393228.0
1942.0 11900018.0
1943.0 8151794.5
1944.0 5737859.0
1945.0 4227673.0
1946.0 3248046.5
1947.0 2781085.0
1948.0 2516870.2
1949.0 2261519.5
1950.0 1916873.9
1951.0 1559905.2
1952.0 1453589.2
1953.0 1597100.8
1954.0 1577851.4
1955.0 1188002.5
1956.0 1231108.4
1957.0 1063782.6
1958.0 1147550.1
1959.0 1039290.7
1960.0 843260.25
1961.0 1149172.1
1962.0 1052610.2
1963.0 1211313.5
1964.0 1265019.9
1965.0 1546839.8
1966.0 1407967.4
1967.0 1305447.8
1968.0 1222189.5
1969.0 1245063.2
1970.0 1297066.9
1971.0 1507469.0
1972.0 1375702.8
1973.0 1220533.6
1974.0 1546473.5
1975.0 1872562.5
1976.0 2033081.8
1977.0 1775226.0
1978.0 1655874.8
1979.0 1576324.4
1980.0 1632941.8
1981.0 1496762.5
1982.0 1522905.0
1983.0 1290325.2
1984.0 1312820.1
1985.0 1704347.8
1986.0 1465321.5
1987.0 1711832.2
1988.0 1454150.0
1989.0 1614502.6
1990.0 1448173.2
1991.0 1528297.0
1992.0 1614464.5
1993.0 1746608.6
1994.0 1725442.0
1995.0 1793129.4
1996.0 1881751.1
1997.0 2294633.8
1998.0 2344135.8
1999.0 2215152.0
2000.0 2308340.0
2001.0 2275439.5
2002.0 2264933.0
2003.0 1819070.6
2004.0 1767676.4
2005.0 1917769.8
2006.0 2217466.2
2007.0 2266302.0
2008.0 1955167.2
2009.0 2091539.9
2010.0 2765257.0
2011.0 2370644.2
2012.0 2226505.2
2013.0 1892026.9
2014.0 1802101.1
2015.0 2053054.9
2016.0 2394079.2
2017.0 2169233.0
2018.0 844776.1
2019.0 -491330.47
2020.0 -2413758.5
2021.0 -4206014.5
2022.0 -5379467.0
2023.0 -7311802.0
2024.0 -9439591.0
2025.0 -11003500.0
2026.0 -12652705.0
2027.0 -14035332.0
2028.0 -16232320.0
2029.0 -17873032.0
2030.0 -19811968.0
2031.0 -21801416.0
2032.0 -23997776.0
2033.0 -26050840.0
2034.0 -28127618.0
2035.0 -30100404.0
2036.0 0.0
2037.0 0.0
2038.0 0.0
2039.0 0.0
2040.0 0.0
2041.0 0.0
2042.0 0.0
2043.0 0.0
2044.0 0.0
2045.0 0.0
2046.0 0.0
2047.0 0.0
