string
0.0 1679059.4
1.0 1813842.4
2.0 1762850.0
3.0 1948713.0
4.0 1989855.2
5.0 1900833.5
6.0 1648893.5
7.0 1772385.1
8.0 2121660.5
9.0 1704127.0
10.0 1440868.9
11.0 1724480.8
12.0 2047736.0
13.0 2128478.5
14.0 2335386.0
15.0 2471254.5
16.0 2787504.5
17.0 2453057.0
18.0 1864775.6
19.0 2200676.8
20.0 2057318.6
21.0 2241859.0
22.0 2155889.8
23.0 1827317.6
24.0 1803804.0
25.0 1785434.5
26.0 2085259.8
27.0 2325658.0
28.0 2237177.8
29.0 1915676.9
30.0 1627054.5
31.0 1607415.2
32.0 1811799.8
33.0 1921681.1
34.0 2284540.5
35.0 2279506.2
36.0 2682797.0
37.0 2748937.8
38.0 2978160.2
39.0 2555719.2
40.0 2497892.8
41.0 2861293.0
42.0 3026738.8
43.0 3442054.5
44.0 2848860.2
45.0 2629427.0
46.0 2414866.2
47.0 2541893.5
48.0 2495886.5
49.0 2100730.0
50.0 1926984.5
51.0 1726863.1
52.0 2122122.8
53.0 2122526.0
54.0 1616478.2
55.0 1390081.4
56.0 1789658.9
57.0 1805077.0
58.0 1759261.5
59.0 2428103.0
60.0 3037209.0
61.0 3056749.5
62.0 3606430.0
63.0 3392377.5
64.0 3346972.0
65.0 3157641.5
66.0 2881026.2
67.0 2759133.8
68.0 2307162.8
69.0 2109342.0
70.0 2495708.5
71.0 2346617.8
72.0 2603238.2
73.0 2676434.0
74.0 3463560.2
75.0 3483357.5
76.0 3658117.2
77.0 3506195.0
78.0 3730329.5
79.0 4325753.0
80.0 4174891.5
81.0 4293171.0
82.0 4173874.8
83.0 3702535.5
84.0 3398659.8
85.0 3346058.0
86.0 3165461.2
87.0 3476464.0
88.0 3300219.5
89.0 3258589.5
90.0 3151505.2
91.0 2910197.8
92.0 3281664.5
93.0 4116481.0
94.0 4752836.0
95.0 5266415.5
96.0 6029674.0
97.0 6521129.5
98.0 6643367.5
99.0 5282040.5
100.0 3904155.5
101.0 3609715.2
102.0 2835507.0
103.0 1887183.6
104.0 1607495.0
105.0 1459325.8
106.0 1272692.0
107.0 1332685.8
108.0 1531064.5
109.0 1824823.6
110.0 1703675.1
111.0 1606391.5
112.0 1679513.9
113.0 1984956.1
114.0 2239479.8
115.0 2325865.2
116.0 3017382.5
117.0 3601865.5
118.0 4066704.0
119.0 3950838.8
120.0 4228027.5
121.0 5035108.0
122.0 5246063.0
123.0 5465152.5
124.0 5832172.5
125.0 5470568.0
126.0 5755081.0
127.0 5033255.5
128.0 5453222.5
129.0 5978350.5
130.0 5317224.0
131.0 4706465.5
132.0 4329230.5
133.0 3957601.0
134.0 2513845.0
135.0 2040706.8
136.0 1358421.1
137.0 1039552.6
138.0 985501.94
139.0 899101.94
140.0 1211276.5
141.0 1146138.2
142.0 1192038.2
143.0 971163.0
144.0 619014.9
145.0 664649.1
146.0 910897.0
147.0 827758.5
148.0 834158.06
149.0 697948.1
150.0 1008186.3
151.0 1136254.8
152.0 777072.56
153.0 876114.0
154.0 1374676.2
155.0 2332133.0
156.0 3402094.0
157.0 4127386.0
158.0 5052350.0
159.0 5281376.0
160.0 6356506.0
161.0 6253858.0
162.0 5298069.5
163.0 4462606.0
164.0 3807325.0
165.0 3174955.0
166.0 3233174.8
167.0 3113978.0
168.0 3453956.0
169.0 3674730.0
170.0 3597965.2
171.0 3421752.5
172.0 3567498.5
173.0 3518057.5
174.0 4037917.0
175.0 4150384.5
176.0 4551301.0
177.0 5687655.5
178.0 8745026.0
179.0 11026974.0
180.0 11365608.0
181.0 12696548.0
182.0 13961038.0
183.0 14114689.0
184.0 12874308.0
185.0 10409453.0
186.0 7073529.5
187.0 4225856.5
188.0 3370400.0
189.0 2316063.5
190.0 1775114.4
191.0 1573095.2
192.0 1530307.0
193.0 1262724.8
194.0 1145278.4
195.0 1279829.4
196.0 1582117.2
197.0 1392115.1
198.0 1171373.5
199.0 1079752.2
200.0 1079183.6
201.0 1008400.1
202.0 1307104.5
203.0 1608241.4
204.0 1010440.6
205.0 961873.6
206.0 1217836.0
207.0 1220421.1
208.0 968264.7
209.0 1460652.5
210.0 1714839.4
211.0 1758513.8
212.0 2121293.2
213.0 2567371.2
214.0 2974329.5
215.0 4111365.2
216.0 5649958.0
217.0 7281169.0
218.0 9856269.0
219.0 10629402.0
220.0 11095779.0
221.0 10011346.0
222.0 7880435.0
223.0 6513862.0
224.0 4734124.5
225.0 3714730.2
226.0 3076872.0
227.0 2342659.8
228.0 2533177.0
229.0 2432179.5
230.0 1990118.5
231.0 1800797.5
232.0 1980106.0
233.0 1454889.0
234.0 1326713.1
235.0 1358460.1
236.0 1110151.0
237.0 890484.44
238.0 877948.7
239.0 800597.4
240.0 768400.06
241.0 1009220.94
242.0 1325589.4
243.0 1460896.2
244.0 1730998.2
245.0 1822263.0
246.0 1912807.5
247.0 2179121.5
248.0 3345590.2
249.0 4456434.0
250.0 5046025.5
251.0 6081365.5
252.0 6186565.5
253.0 6433827.5
254.0 6783712.5
255.0 5590147.0
256.0 4186627.5
257.0 3190991.0
258.0 2444501.0
259.0 1948536.8
260.0 1836760.5
261.0 1618108.8
262.0 1298007.8
263.0 1004918.0
264.0 862357.4
265.0 832824.6
266.0 1313114.2
267.0 1122106.2
268.0 1045806.3
269.0 799974.75
270.0 768778.6
271.0 777060.94
272.0 788573.0
273.0 1166339.9
274.0 1158439.0
275.0 1136258.4
276.0 958533.06
277.0 617626.7
278.0 890144.6
279.0 805548.6
280.0 745626.2
281.0 879489.25
282.0 1299748.0
283.0 1215210.0
284.0 988986.8
285.0 1011602.2
286.0 989100.0
287.0 1016604.75
288.0 843830.6
289.0 914253.9
290.0 1138239.9
291.0 946556.2
292.0 1187329.1
293.0 1032357.1
294.0 876118.0
295.0 717582.56
296.0 667021.4
297.0 812543.25
298.0 867520.06
299.0 712815.94
300.0 1149041.8
301.0 1352235.1
302.0 1636245.0
303.0 1169432.8
304.0 1208811.8
305.0 1703480.8
306.0 2005487.8
307.0 1690742.0
308.0 1188503.0
309.0 1187204.0
310.0 1034425.4
311.0 1257044.2
312.0 1112523.0
313.0 1169123.6
314.0 1282035.0
315.0 1500553.8
316.0 1937787.6
317.0 2224450.2
318.0 2710352.8
319.0 3463989.8
320.0 4341846.0
321.0 4888023.5
322.0 5185528.5
323.0 5406963.0
324.0 5813467.5
325.0 5183247.0
326.0 4040740.5
327.0 4035410.5
328.0 4769962.0
329.0 5045143.0
330.0 5356211.0
331.0 6048584.5
332.0 5969438.0
333.0 6044804.5
334.0 5522670.0
335.0 4575252.0
336.0 3924918.5
337.0 3352722.2
338.0 2899439.8
339.0 2475623.0
340.0 2359370.5
341.0 2064533.9
342.0 1809910.8
343.0 2142406.0
344.0 2080697.8
345.0 1681285.8
346.0 1490052.6
347.0 1165551.5
348.0 1343879.8
349.0 1199232.0
350.0 1174686.0
351.0 1249554.0
352.0 1378544.0
353.0 1652508.0
354.0 1559917.0
355.0 1296400.5
356.0 1056481.5
357.0 998526.5
358.0 1600747.8
359.0 1668001.4
360.0 1933907.5
361.0 2099352.0
362.0 2065640.2
363.0 1901937.4
364.0 2236897.8
365.0 2653065.2
366.0 3196880.5
367.0 3398261.0
368.0 4069270.5
369.0 4019281.5
370.0 3909973.5
371.0 2901419.8
372.0 2282458.5
373.0 2164415.5
374.0 2282614.8
375.0 1730035.1
376.0 1580799.4
377.0 1482113.9
378.0 1207080.2
379.0 1583898.6
380.0 1400415.0
381.0 1415740.5
382.0 1580348.6
383.0 1388083.1
384.0 1580936.9
385.0 1597240.6
386.0 1147573.6
387.0 967213.1
388.0 918979.3
389.0 865052.25
390.0 929142.44
391.0 1128940.4
392.0 1241840.5
393.0 1324386.9
394.0 1771757.6
395.0 2461763.0
396.0 2645485.2
397.0 2581466.8
398.0 2434545.2
399.0 2794429.8
400.0 2161943.5
401.0 1404306.9
402.0 1450441.4
403.0 2069977.5
404.0 1994452.6
405.0 2391543.5
406.0 2612223.0
407.0 2103102.8
408.0 2597018.8
409.0 2693107.5
410.0 2603751.5
411.0 2722829.5
412.0 2812975.5
413.0 2669319.0
414.0 2531757.2
415.0 3134505.0
416.0 3350321.5
417.0 3704814.5
418.0 3924675.5
419.0 3368319.5
420.0 3012221.2
421.0 2688739.0
422.0 1967958.5
423.0 1865767.6
424.0 1558443.6
425.0 1163075.5
426.0 1221978.0
427.0 1633840.2
428.0 1718845.2
429.0 1763655.2
430.0 1929261.8
431.0 2094725.2
432.0 1782980.5
433.0 1611615.5
434.0 1700756.9
435.0 1635398.6
436.0 1420158.0
437.0 1319415.6
438.0 1588598.6
439.0 1495540.1
440.0 1365828.5
441.0 1380911.4
442.0 1318688.9
443.0 1283317.2
444.0 1481110.6
445.0 1597065.8
446.0 1437754.8
447.0 1576173.0
448.0 1803262.6
449.0 1807611.2
450.0 2185446.0
451.0 2312739.8
452.0 2430280.5
453.0 2604118.5
454.0 2283475.2
455.0 1752510.5
456.0 1444341.5
457.0 1715994.4
458.0 1799658.9
459.0 1318194.8
460.0 1507669.8
461.0 1602775.1
462.0 1547569.5
463.0 1798560.6
464.0 2151645.8
465.0 2297525.0
466.0 2803850.0
467.0 2997793.8
468.0 2361219.5
469.0 2401003.5
470.0 2369472.0
471.0 1981300.2
472.0 1721411.5
473.0 1824701.8
474.0 1905614.4
475.0 1840141.5
476.0 1944384.9
477.0 1578690.6
478.0 1373969.5
479.0 1256506.0
480.0 1456396.2
481.0 1300489.9
482.0 1113352.6
483.0 1156438.5
484.0 1154662.2
485.0 1373332.8
486.0 1277007.2
487.0 1076516.6
488.0 1317097.0
489.0 1093764.1
490.0 1041649.7
491.0 1072252.1
492.0 1354325.1
493.0 1218748.0
494.0 1200152.4
495.0 927245.06
496.0 932947.2
497.0 928647.44
498.0 1051593.0
499.0 1281722.8
500.0 1560843.0
501.0 1443760.1
502.0 1756075.5
503.0 1963205.6
504.0 1888295.8
505.0 1760413.5
506.0 1731651.4
507.0 1904731.0
508.0 2168555.2
509.0 1990722.0
510.0 1813746.9
511.0 1756957.8
512.0 1690093.6
513.0 1470229.0
514.0 1434603.5
515.0 1134121.5
516.0 1315132.2
517.0 1586362.8
518.0 1338970.2
519.0 1143170.5
520.0 864767.75
521.0 944487.25
522.0 838938.7
523.0 848185.94
524.0 1350590.0
525.0 1408737.6
526.0 1257275.8
527.0 1129498.1
528.0 1318842.4
529.0 1342351.4
530.0 1604883.0
531.0 1672479.8
532.0 1680603.5
533.0 1592364.8
534.0 1849838.6
535.0 2038059.9
536.0 2289419.2
537.0 2508498.0
538.0 2882566.5
539.0 2335724.5
540.0 2118743.0
541.0 2537260.2
542.0 2311016.0
543.0 1671785.6
544.0 1542055.2
545.0 1452760.2
546.0 1560151.5
547.0 1587675.2
548.0 1327414.4
549.0 1004499.1
550.0 1233738.0
551.0 1255879.8
552.0 1363758.2
553.0 1349612.4
554.0 1372686.8
555.0 1561195.8
556.0 1466601.2
557.0 1542328.5
558.0 1699564.9
559.0 1732793.2
560.0 2078443.2
561.0 1946491.5
562.0 1806481.0
563.0 1732869.5
564.0 1736214.4
565.0 1394900.6
566.0 1160925.1
567.0 1304239.9
568.0 1371767.0
569.0 1250622.5
570.0 1368394.5
571.0 1284788.6
572.0 1151362.6
573.0 1297360.8
574.0 1485917.6
575.0 1561702.4
576.0 1401140.1
577.0 1355654.0
578.0 1485951.2
579.0 1605859.5
580.0 1821765.8
581.0 1687228.1
582.0 1642946.2
583.0 1526486.4
584.0 1440714.5
585.0 1140659.4
586.0 1280766.2
587.0 1733793.2
588.0 1901280.6
589.0 1773679.4
590.0 1284559.2
591.0 1107049.0
592.0 974594.94
593.0 1363295.6
594.0 1578604.0
595.0 1429406.4
596.0 1167741.0
597.0 1114287.9
598.0 905541.56
599.0 1349716.8
600.0 1239904.9
601.0 940909.0
602.0 779519.4
603.0 1103618.2
604.0 1193103.0
605.0 1249256.0
606.0 1159679.0
607.0 1386679.9
608.0 1431705.6
609.0 1616312.8
610.0 1499027.6
611.0 1408698.9
612.0 1289034.2
613.0 1384766.9
614.0 1554825.6
615.0 1738141.1
616.0 1402231.9
617.0 1086203.6
618.0 1252905.2
619.0 1318227.0
620.0 1350921.2
621.0 1218908.0
622.0 1334520.0
623.0 1753438.1
624.0 1470451.4
625.0 1330016.9
626.0 1454596.5
627.0 1114774.2
628.0 1126450.4
629.0 1510080.6
630.0 1664156.2
631.0 1591427.8
632.0 1068241.6
633.0 1122139.5
634.0 1130975.1
635.0 1135724.8
636.0 1107220.9
637.0 1117255.5
638.0 1342635.1
639.0 1379266.8
640.0 1389297.5
641.0 1473586.9
642.0 1417268.1
643.0 1464367.0
644.0 1067053.8
645.0 990439.1
646.0 1228137.5
647.0 1294915.9
648.0 1331072.5
649.0 1068240.6
650.0 1037495.6
651.0 1174506.5
652.0 1236379.4
653.0 1260382.5
654.0 1672428.2
655.0 1506541.8
656.0 1505503.5
657.0 1476790.1
658.0 1535468.2
659.0 1591354.9
660.0 1530006.0
661.0 1328140.0
662.0 1327835.6
663.0 1355878.5
664.0 1165495.1
665.0 1470752.0
666.0 1660057.4
667.0 1720020.8
668.0 1631275.0
669.0 1435031.1
670.0 1107967.8
671.0 1405150.0
672.0 1345470.8
673.0 1554750.5
674.0 1574364.9
675.0 1259933.9
676.0 1017837.5
677.0 1215313.5
678.0 1483296.0
679.0 1482514.4
680.0 1265242.4
681.0 1052712.6
682.0 932383.7
683.0 874786.4
684.0 1019206.8
685.0 1184074.4
686.0 1038562.1
687.0 1162590.8
688.0 1318953.8
689.0 1375611.0
690.0 1604849.0
691.0 1603455.0
692.0 1403223.1
693.0 1486452.0
694.0 1212734.5
695.0 1332101.0
696.0 1344815.8
697.0 1370937.4
698.0 1202604.8
699.0 1061546.0
700.0 1329696.4
701.0 1242273.9
702.0 1018828.7
703.0 1063343.1
704.0 1138959.2
705.0 1029397.56
706.0 830117.9
707.0 1007747.75
708.0 1081771.8
709.0 1038681.8
710.0 1264912.4
711.0 1551281.2
712.0 1538920.2
713.0 1305541.0
714.0 999048.2
715.0 1058964.2
716.0 1262316.4
717.0 1194533.2
718.0 1156975.5
719.0 1109020.0
720.0 910060.0
721.0 960825.1
722.0 1196689.2
723.0 1206809.0
724.0 1121811.0
725.0 1161613.4
726.0 1364703.2
727.0 1118691.1
728.0 1232124.2
729.0 1328670.2
730.0 1002220.06
731.0 1047476.5
732.0 1462627.4
733.0 1414259.2
734.0 1298626.1
735.0 813774.6
736.0 1395457.2
737.0 1539978.1
738.0 1391524.5
739.0 1363988.2
740.0 1263449.8
741.0 1375664.9
742.0 1448261.0
743.0 1947903.8
744.0 1982223.5
745.0 1710302.8
746.0 2051180.8
747.0 2178863.0
748.0 2086153.1
749.0 1750873.8
750.0 1683614.5
751.0 1818990.5
752.0 1812339.8
753.0 2041865.1
754.0 1819240.1
755.0 1697405.0
756.0 1793580.2
757.0 1401789.2
758.0 1380732.6
759.0 1389803.2
760.0 1192980.2
761.0 1141017.5
762.0 1119867.1
763.0 1227940.5
764.0 1326680.0
765.0 1381615.8
766.0 1162111.0
767.0 1121224.0
768.0 1006013.0
769.0 1230318.8
770.0 1474009.0
771.0 1361960.2
772.0 1494803.8
773.0 1087357.4
774.0 1053936.5
775.0 1344696.9
776.0 1293787.6
777.0 1109355.5
778.0 1090305.6
779.0 1086214.6
780.0 1195478.8
781.0 1375082.4
782.0 1494762.6
783.0 1396690.5
784.0 1385205.2
785.0 1184094.2
786.0 1251565.9
787.0 1096438.1
788.0 1288582.4
789.0 1348856.0
790.0 1329753.1
791.0 1492053.6
792.0 1542861.8
793.0 1648553.9
794.0 1792418.6
795.0 2012849.4
796.0 2104922.8
797.0 2250002.8
798.0 2632004.5
799.0 2870652.5
800.0 3046329.0
801.0 2812799.5
802.0 2476415.5
803.0 2590317.0
804.0 2548860.2
805.0 2650915.2
806.0 1969974.2
807.0 1728919.8
808.0 1502792.8
809.0 1439029.4
810.0 1431613.6
811.0 1258440.8
812.0 1576748.5
813.0 1525993.9
814.0 1380706.1
815.0 1118446.5
816.0 1203913.2
817.0 1598128.1
818.0 1467310.8
819.0 1339995.6
820.0 1353074.8
821.0 1419724.8
822.0 1312840.0
823.0 1198296.5
824.0 1266062.4
825.0 1565174.0
826.0 1849979.2
827.0 1683199.5
828.0 1510030.0
829.0 1320038.0
830.0 1456936.4
831.0 1633230.5
832.0 1386724.4
833.0 1292218.0
834.0 1291919.4
835.0 1030416.6
836.0 1246277.8
837.0 1061026.8
838.0 1512731.9
839.0 1495228.0
840.0 1426790.0
841.0 1580045.8
842.0 1626377.8
843.0 1337587.0
844.0 1293201.2
845.0 1422049.2
846.0 1469439.5
847.0 1497292.2
848.0 1011946.6
849.0 1091623.2
850.0 1338205.5
851.0 1184402.9
852.0 1286257.4
853.0 1115974.5
854.0 1221554.8
855.0 1363400.8
856.0 2169153.5
857.0 1922499.4
858.0 1625291.8
859.0 1418348.1
860.0 1598157.5
861.0 1457656.0
862.0 1384876.1
863.0 1210265.9
864.0 1414391.0
865.0 1628624.8
866.0 1386799.9
867.0 1417551.5
868.0 1550051.2
869.0 1737303.1
870.0 1549959.5
871.0 1404087.0
872.0 1430727.8
873.0 1571837.5
874.0 1661045.0
875.0 1322966.4
876.0 1394313.6
877.0 1206675.4
878.0 1460690.8
879.0 1762783.2
880.0 1855744.9
881.0 1903911.9
882.0 1783346.2
883.0 1902822.8
884.0 1596034.2
885.0 1202285.9
886.0 1466811.5
887.0 1838281.0
888.0 1937492.0
889.0 1898607.2
890.0 1656246.0
891.0 1754404.8
892.0 2035081.0
893.0 1892353.5
894.0 1851805.8
895.0 1382268.2
896.0 1660313.5
897.0 1818147.5
898.0 1565189.5
899.0 1680191.2
900.0 1743754.0
901.0 1552972.8
902.0 1739400.6
903.0 1795759.0
904.0 1667881.4
905.0 1890719.5
906.0 1953432.4
907.0 2033116.9
908.0 2739215.2
909.0 2227387.2
910.0 1934840.2
911.0 1790618.0
912.0 1915128.0
913.0 2096424.0
914.0 2355513.0
915.0 2438228.2
916.0 2543140.5
917.0 2468961.0
918.0 2031660.6
919.0 2418858.2
920.0 2387527.2
921.0 2536484.5
922.0 2599417.8
923.0 2503400.5
924.0 2497575.2
925.0 2492423.8
926.0 2516366.0
927.0 1995075.8
928.0 2230998.8
929.0 2571512.0
930.0 2537930.5
931.0 2890094.5
932.0 2705650.5
933.0 2643831.0
934.0 2897038.5
935.0 3062338.8
936.0 2955527.2
937.0 2886471.0
938.0 2848050.0
939.0 2969026.0
940.0 2698312.5
941.0 2647783.5
942.0 3158043.0
943.0 3423467.2
944.0 3563588.5
945.0 3367015.2
946.0 3010788.8
947.0 2955452.5
948.0 3161477.8
949.0 2908426.2
950.0 2595737.8
951.0 2627319.5
952.0 3052009.0
953.0 3058424.8
954.0 2734705.5
955.0 2419441.8
956.0 2432001.2
957.0 2866118.5
958.0 3125104.5
959.0 2805009.5
960.0 2979900.2
961.0 3324808.5
962.0 3207514.8
963.0 3229635.2
964.0 3397946.0
965.0 3351261.5
966.0 3179789.0
967.0 3483712.5
968.0 3954390.5
969.0 3989195.0
970.0 4101795.5
971.0 4331579.0
972.0 4709233.0
973.0 4736597.0
974.0 4774324.0
975.0 4749276.0
976.0 4669223.5
977.0 4169871.5
978.0 4136904.8
979.0 3974749.0
980.0 4394880.5
981.0 4325067.5
982.0 5172391.5
983.0 5519668.0
984.0 5568668.0
985.0 5767669.5
986.0 7038162.0
987.0 9216678.0
988.0 10840051.0
989.0 10669271.0
990.0 10819105.0
991.0 11136909.0
992.0 10986091.0
993.0 10804956.0
994.0 9782000.0
995.0 9060215.0
996.0 8684919.0
997.0 8744230.0
998.0 8653353.0
999.0 8755348.0
1000.0 8570899.0
1001.0 8693134.0
1002.0 9035710.0
1003.0 9321156.0
1004.0 9794002.0
1005.0 10372408.0
1006.0 11075119.0
1007.0 11282472.0
1008.0 10936942.0
1009.0 11814492.0
1010.0 11181622.0
1011.0 10306991.0
1012.0 9964365.0
1013.0 9205013.0
1014.0 8918090.0
1015.0 7938715.0
1016.0 7104332.0
1017.0 6051970.5
1018.0 4852588.0
1019.0 4482915.5
1020.0 4417382.0
1021.0 3452620.5
1022.0 3640385.5
1023.0 3953867.8
1024.0 3963487.5
1025.0 3751816.5
1026.0 3622138.8
1027.0 3917890.0
1028.0 4026441.5
1029.0 4235940.5
1030.0 4810796.0
1031.0 5603135.5
1032.0 6115676.0
1033.0 7715344.0
1034.0 8984014.0
1035.0 10047481.0
1036.0 12333870.0
1037.0 14980668.0
1038.0 15399946.0
1039.0 15155710.0
1040.0 14728659.0
1041.0 14248416.0
1042.0 13304412.0
1043.0 12623408.0
1044.0 11488024.0
1045.0 11421060.0
1046.0 11572882.0
1047.0 11750336.0
1048.0 12250972.0
1049.0 13176881.0
1050.0 14530559.0
1051.0 15766045.0
1052.0 16647646.0
1053.0 16107154.0
1054.0 15935761.0
1055.0 16674601.0
1056.0 18631756.0
1057.0 21918832.0
1058.0 27879916.0
1059.0 38499116.0
1060.0 52188296.0
1061.0 69344216.0
1062.0 89463180.0
1063.0 110996730.0
1064.0 128338480.0
1065.0 137332220.0
1066.0 132566940.0
1067.0 115144740.0
1068.0 89275890.0
1069.0 60781636.0
1070.0 39524684.0
1071.0 26837722.0
1072.0 19114668.0
1073.0 15176834.0
1074.0 13008854.0
1075.0 11125922.0
1076.0 9298194.0
1077.0 8563542.0
1078.0 7263660.0
1079.0 6759600.0
1080.0 5867562.5
1081.0 5237080.5
1082.0 5048495.5
1083.0 4550263.0
1084.0 4996817.0
1085.0 5281802.0
1086.0 5391535.5
1087.0 6005940.0
1088.0 6429767.0
1089.0 6746242.0
1090.0 7779439.0
1091.0 8300158.0
1092.0 8195532.0
1093.0 8132154.5
1094.0 8024827.5
1095.0 7474797.5
1096.0 6975124.5
1097.0 6955542.5
1098.0 6895095.0
1099.0 6830244.0
1100.0 7179888.0
1101.0 7892613.0
1102.0 9903350.0
1103.0 13553589.0
1104.0 18034492.0
1105.0 23667932.0
1106.0 33901864.0
1107.0 46592810.0
1108.0 61734844.0
1109.0 79164090.0
1110.0 96975650.0
1111.0 111802740.0
1112.0 119297730.0
1113.0 112440720.0
1114.0 93265400.0
1115.0 68528520.0
1116.0 45864860.0
1117.0 29252660.0
1118.0 19230418.0
1119.0 13874434.0
1120.0 11368994.0
1121.0 9297331.0
1122.0 7207242.5
1123.0 5871844.5
1124.0 5276560.5
1125.0 4862034.0
1126.0 4425273.0
1127.0 3395704.0
1128.0 2775228.8
1129.0 2486517.2
1130.0 2182858.5
1131.0 2440882.2
1132.0 2703040.2
1133.0 2751868.0
1134.0 3002386.0
1135.0 3446854.5
1136.0 3504666.5
1137.0 3425694.8
1138.0 3760487.8
1139.0 4341419.0
1140.0 3959493.0
1141.0 3718381.2
1142.0 3484124.8
1143.0 3187467.2
1144.0 2669542.8
1145.0 2497951.5
1146.0 2781470.0
1147.0 2519174.8
1148.0 2163937.2
1149.0 2139573.5
1150.0 2038541.2
1151.0 1999638.5
1152.0 1968584.2
1153.0 1744307.4
1154.0 2037980.2
1155.0 2073620.8
1156.0 2021958.0
1157.0 1838130.0
1158.0 2161494.5
1159.0 1957729.4
1160.0 2370897.8
1161.0 2626554.8
1162.0 2533979.8
1163.0 2604764.0
1164.0 2328734.5
1165.0 2532913.0
1166.0 2429777.0
1167.0 2675087.5
1168.0 2547174.5
1169.0 2285542.8
1170.0 2648174.5
1171.0 2922588.0
1172.0 3236026.2
1173.0 3071399.0
1174.0 2743372.5
1175.0 2956734.0
1176.0 3118632.0
1177.0 2833339.8
1178.0 2589637.2
1179.0 2573054.0
1180.0 2690369.5
1181.0 2846391.0
1182.0 3144741.0
1183.0 3146015.2
1184.0 3468146.2
1185.0 3647335.2
1186.0 3685631.5
1187.0 4025315.2
1188.0 3876939.8
1189.0 4365301.0
1190.0 4451112.5
1191.0 4487318.5
1192.0 5173586.0
1193.0 5013385.5
1194.0 4246660.5
1195.0 4061012.0
1196.0 4213072.0
1197.0 4147939.0
1198.0 3814298.0
1199.0 3740096.2
1200.0 3340170.5
1201.0 3419829.8
1202.0 3851478.5
1203.0 3720157.2
1204.0 3791491.0
1205.0 3871106.0
1206.0 3475700.2
1207.0 3019954.5
1208.0 3377838.0
1209.0 3662737.2
1210.0 4274035.5
1211.0 4877749.0
1212.0 4810533.0
1213.0 5311702.0
1214.0 6255535.0
1215.0 6814605.0
1216.0 6927249.5
1217.0 6663772.0
1218.0 6495452.0
1219.0 5518642.0
1220.0 4966272.5
1221.0 4570910.5
1222.0 4351296.0
1223.0 4916084.5
1224.0 5065355.5
1225.0 4999733.0
1226.0 4768705.0
1227.0 4976617.0
1228.0 5701577.5
1229.0 5763593.0
1230.0 6139688.0
1231.0 5859842.5
1232.0 6294792.5
1233.0 7065605.0
1234.0 7702754.0
1235.0 8788446.0
1236.0 9718286.0
1237.0 11543134.0
1238.0 13929628.0
1239.0 16635786.0
1240.0 19427020.0
1241.0 22941364.0
1242.0 24390928.0
1243.0 24037864.0
1244.0 22082442.0
1245.0 20131296.0
1246.0 16954768.0
1247.0 12855186.0
1248.0 9098776.0
1249.0 7087874.0
1250.0 6519916.0
1251.0 6008355.0
1252.0 5879642.5
1253.0 6403855.0
1254.0 6346167.5
1255.0 5781251.0
1256.0 5782612.5
1257.0 5878226.0
1258.0 6079267.0
1259.0 6758667.5
1260.0 8188390.5
1261.0 9513534.0
1262.0 10723312.0
1263.0 11727549.0
1264.0 12929839.0
1265.0 15161820.0
1266.0 17938512.0
1267.0 18739378.0
1268.0 19313344.0
1269.0 17918362.0
1270.0 14497355.0
1271.0 14352356.0
1272.0 15097355.0
1273.0 16402741.0
1274.0 16825876.0
1275.0 16689336.0
1276.0 16070472.0
1277.0 15169896.0
1278.0 13590378.0
1279.0 11631894.0
1280.0 11343528.0
1281.0 11660645.0
1282.0 12991049.0
1283.0 13766150.0
1284.0 13901138.0
1285.0 14472264.0
1286.0 15166469.0
1287.0 14761586.0
1288.0 14114072.0
1289.0 13255056.0
1290.0 12966728.0
1291.0 12115338.0
1292.0 11724170.0
1293.0 12408608.0
1294.0 13958481.0
1295.0 13991411.0
1296.0 15029170.0
1297.0 15487682.0
1298.0 15431062.0
1299.0 16046418.0
1300.0 16963582.0
1301.0 16876094.0
1302.0 17423038.0
1303.0 19027120.0
1304.0 20037438.0
1305.0 23031812.0
1306.0 25958022.0
1307.0 28283128.0
1308.0 30847768.0
1309.0 32421830.0
1310.0 34059860.0
1311.0 35418064.0
1312.0 34297016.0
1313.0 31686900.0
1314.0 29834384.0
1315.0 29741940.0
1316.0 31279158.0
1317.0 32568402.0
1318.0 33499728.0
1319.0 35290704.0
1320.0 36802676.0
1321.0 37119656.0
1322.0 38241372.0
1323.0 37613690.0
1324.0 38452376.0
1325.0 40235570.0
1326.0 43316770.0
1327.0 46709804.0
1328.0 50872330.0
1329.0 56754984.0
1330.0 62149904.0
1331.0 64092880.0
1332.0 66432880.0
1333.0 66290704.0
1334.0 66439390.0
1335.0 66742304.0
1336.0 65739400.0
1337.0 65692040.0
1338.0 65668916.0
1339.0 68472210.0
1340.0 70143390.0
1341.0 66481616.0
1342.0 60846144.0
1343.0 56834430.0
1344.0 54324310.0
1345.0 52010450.0
1346.0 48941800.0
1347.0 48168656.0
1348.0 48551940.0
1349.0 50023996.0
1350.0 53225536.0
1351.0 55005736.0
1352.0 56703810.0
1353.0 59841020.0
1354.0 63614170.0
1355.0 65326270.0
1356.0 64625330.0
1357.0 63823304.0
1358.0 62110970.0
1359.0 60280156.0
1360.0 61402670.0
1361.0 64048424.0
1362.0 68194470.0
1363.0 73475500.0
1364.0 83648830.0
1365.0 96609380.0
1366.0 111501950.0
1367.0 130796180.0
1368.0 151347630.0
1369.0 168163970.0
1370.0 190083340.0
1371.0 211615380.0
1372.0 223808260.0
1373.0 230678800.0
1374.0 233434600.0
1375.0 225647660.0
1376.0 204090160.0
1377.0 180333280.0
1378.0 157444640.0
1379.0 138395380.0
1380.0 126233500.0
1381.0 120087690.0
1382.0 112188400.0
1383.0 105915580.0
1384.0 99340690.0
1385.0 95145540.0
1386.0 89575580.0
1387.0 83281580.0
1388.0 77407496.0
1389.0 71528330.0
1390.0 64983670.0
1391.0 56505110.0
1392.0 50661864.0
1393.0 44418404.0
1394.0 40039576.0
1395.0 37316710.0
1396.0 37529350.0
1397.0 41182790.0
1398.0 45449304.0
1399.0 49338030.0
1400.0 53310044.0
1401.0 59624720.0
1402.0 65364750.0
1403.0 72437544.0
1404.0 80652456.0
1405.0 91336250.0
1406.0 104775930.0
1407.0 120705130.0
1408.0 136537950.0
1409.0 156978480.0
1410.0 179637090.0
1411.0 210292660.0
1412.0 239688240.0
1413.0 265472080.0
1414.0 284144350.0
1415.0 295439740.0
1416.0 295379870.0
1417.0 282632500.0
1418.0 254021740.0
1419.0 210320580.0
1420.0 160536690.0
1421.0 116722400.0
1422.0 80693350.0
1423.0 57268530.0
1424.0 44202224.0
1425.0 35964780.0
1426.0 30033708.0
1427.0 24183976.0
1428.0 20598324.0
1429.0 18323338.0
1430.0 16181915.0
1431.0 14658379.0
1432.0 13098716.0
1433.0 11622569.0
1434.0 10299706.0
1435.0 9444047.0
1436.0 8945099.0
1437.0 9127038.0
1438.0 9596402.0
1439.0 8790636.0
1440.0 8717880.0
1441.0 9345247.0
1442.0 9808074.0
1443.0 9421140.0
1444.0 8847989.0
1445.0 9130899.0
1446.0 9665569.0
1447.0 10123553.0
1448.0 11187909.0
1449.0 11512221.0
1450.0 11111816.0
1451.0 11627142.0
1452.0 13296186.0
1453.0 14159129.0
1454.0 15433444.0
1455.0 16110194.0
1456.0 17174760.0
1457.0 17858732.0
1458.0 18581890.0
1459.0 19497538.0
1460.0 19755212.0
1461.0 20271718.0
1462.0 19506060.0
1463.0 18251680.0
1464.0 17364202.0
1465.0 18401476.0
1466.0 18168032.0
1467.0 18480392.0
1468.0 17783610.0
1469.0 18268440.0
1470.0 20447094.0
1471.0 20957542.0
1472.0 21074184.0
1473.0 20970510.0
1474.0 20124338.0
1475.0 19490696.0
1476.0 19011234.0
1477.0 18743880.0
1478.0 18851648.0
1479.0 18057952.0
1480.0 18151552.0
1481.0 17919776.0
1482.0 19587158.0
1483.0 22030340.0
1484.0 23932578.0
1485.0 26048116.0
1486.0 30017650.0
1487.0 34447764.0
1488.0 37388948.0
1489.0 39580644.0
1490.0 43385950.0
1491.0 49164336.0
1492.0 52339276.0
1493.0 52967940.0
1494.0 55652416.0
1495.0 58093384.0
1496.0 57943044.0
1497.0 56659640.0
1498.0 54691824.0
1499.0 52670964.0
1500.0 50160084.0
1501.0 46774664.0
1502.0 42353570.0
1503.0 37665110.0
1504.0 33288448.0
1505.0 28414596.0
1506.0 24939168.0
1507.0 24055362.0
1508.0 23286152.0
1509.0 24651560.0
1510.0 27276188.0
1511.0 30236258.0
1512.0 31319032.0
1513.0 32945028.0
1514.0 35714740.0
1515.0 37855940.0
1516.0 38583410.0
1517.0 40391610.0
1518.0 43701610.0
1519.0 46894424.0
1520.0 49722576.0
1521.0 52751650.0
1522.0 55850020.0
1523.0 59959020.0
1524.0 64452770.0
1525.0 67205250.0
1526.0 68643210.0
1527.0 70429550.0
1528.0 75544260.0
1529.0 77879384.0
1530.0 78055970.0
1531.0 76821030.0
1532.0 71981860.0
1533.0 63250990.0
1534.0 54771256.0
1535.0 47329944.0
1536.0 39711292.0
1537.0 31808352.0
1538.0 26053056.0
1539.0 22030824.0
1540.0 20793556.0
1541.0 21234884.0
1542.0 22634316.0
1543.0 24186012.0
1544.0 26353944.0
1545.0 29136460.0
1546.0 31226338.0
1547.0 34033976.0
1548.0 37610132.0
1549.0 41156530.0
1550.0 44611370.0
1551.0 48438884.0
1552.0 53703720.0
1553.0 59339256.0
1554.0 62388190.0
1555.0 63612484.0
1556.0 66404216.0
1557.0 71523410.0
1558.0 76861940.0
1559.0 80155864.0
1560.0 80453300.0
1561.0 77289940.0
1562.0 69872830.0
1563.0 59137280.0
1564.0 47921884.0
1565.0 41511284.0
1566.0 39490624.0
1567.0 39118810.0
1568.0 38593880.0
1569.0 41438404.0
1570.0 41864580.0
1571.0 40887336.0
1572.0 39800644.0
1573.0 37411976.0
1574.0 37419184.0
1575.0 36142804.0
1576.0 32381952.0
1577.0 27381928.0
1578.0 22602502.0
1579.0 18027938.0
1580.0 15633366.0
1581.0 15411681.0
1582.0 15076204.0
1583.0 15199454.0
1584.0 15102419.0
1585.0 15057681.0
1586.0 16823108.0
1587.0 16673198.0
1588.0 16984608.0
1589.0 17265962.0
1590.0 17365742.0
1591.0 17242584.0
1592.0 18340214.0
1593.0 19313804.0
1594.0 18657638.0
1595.0 16945624.0
1596.0 15886350.0
1597.0 15249209.0
1598.0 14769674.0
1599.0 14564730.0
1600.0 14211351.0
1601.0 14119596.0
1602.0 14684956.0
1603.0 15186310.0
1604.0 15426181.0
1605.0 17284338.0
1606.0 18435658.0
1607.0 18824570.0
1608.0 20441352.0
1609.0 22745662.0
1610.0 26068268.0
1611.0 28506300.0
1612.0 30119316.0
1613.0 33335018.0
1614.0 36747630.0
1615.0 40315176.0
1616.0 44043644.0
1617.0 45625930.0
1618.0 47181364.0
1619.0 49183076.0
1620.0 51234304.0
1621.0 53759360.0
1622.0 55602156.0
1623.0 58579224.0
1624.0 64067076.0
1625.0 70576860.0
1626.0 76748850.0
1627.0 79092570.0
1628.0 75200580.0
1629.0 68661160.0
1630.0 60097964.0
1631.0 49535380.0
1632.0 37323636.0
1633.0 25799498.0
1634.0 19472172.0
1635.0 16024576.0
1636.0 13930261.0
1637.0 12111830.0
1638.0 10903181.0
1639.0 10961240.0
1640.0 11048221.0
1641.0 11168572.0
1642.0 10660430.0
1643.0 10080210.0
1644.0 10441868.0
1645.0 10681150.0
1646.0 10709686.0
1647.0 11092602.0
1648.0 11153276.0
1649.0 11180435.0
1650.0 10086039.0
1651.0 10286174.0
1652.0 11063471.0
1653.0 10748662.0
1654.0 10232840.0
1655.0 9897669.0
1656.0 9770427.0
1657.0 9382681.0
1658.0 9050232.0
1659.0 9415075.0
1660.0 9168741.0
1661.0 8685449.0
1662.0 8844981.0
1663.0 8704137.0
1664.0 7961950.5
1665.0 7494689.5
1666.0 7848419.0
1667.0 8386004.0
1668.0 8397128.0
1669.0 8887691.0
1670.0 9589094.0
1671.0 9786764.0
1672.0 9033074.0
1673.0 9241418.0
1674.0 9790498.0
1675.0 10524640.0
1676.0 10338979.0
1677.0 10979719.0
1678.0 12042476.0
1679.0 12847996.0
1680.0 13802826.0
1681.0 14474385.0
1682.0 14088602.0
1683.0 14141358.0
1684.0 14727512.0
1685.0 13793436.0
1686.0 13223661.0
1687.0 12676885.0
1688.0 11555984.0
1689.0 11403139.0
1690.0 12955440.0
1691.0 13466709.0
1692.0 13093888.0
1693.0 13689558.0
1694.0 13747195.0
1695.0 14107291.0
1696.0 15282522.0
1697.0 14855282.0
1698.0 15770976.0
1699.0 17650796.0
1700.0 18941568.0
1701.0 18610632.0
1702.0 18705418.0
1703.0 19612552.0
1704.0 18680482.0
1705.0 17388398.0
1706.0 17727438.0
1707.0 16070112.0
1708.0 14337376.0
1709.0 14235294.0
1710.0 13679461.0
1711.0 13497935.0
1712.0 13350446.0
1713.0 12782744.0
1714.0 13718644.0
1715.0 12804819.0
1716.0 11760145.0
1717.0 11073720.0
1718.0 10958438.0
1719.0 11253595.0
1720.0 11663900.0
1721.0 10032613.0
1722.0 8057054.5
1723.0 6064167.5
1724.0 4400875.5
1725.0 3591096.0
1726.0 3039773.0
1727.0 3096726.5
1728.0 2950681.0
1729.0 3074402.8
1730.0 2930023.5
1731.0 3213879.0
1732.0 3106412.8
1733.0 2742584.0
1734.0 2891724.5
1735.0 3657618.8
1736.0 4012935.5
1737.0 3968689.0
1738.0 3647123.0
1739.0 3898077.0
1740.0 3630851.0
1741.0 4629344.5
1742.0 5201825.5
1743.0 5009712.5
1744.0 4770407.0
1745.0 4628808.5
1746.0 4576327.5
1747.0 4761677.5
1748.0 4418764.0
1749.0 3963059.8
1750.0 4345909.0
1751.0 4439730.5
1752.0 4041721.2
1753.0 3381527.5
1754.0 3521538.5
1755.0 3462163.0
1756.0 3090937.5
1757.0 3258129.8
1758.0 3108390.0
1759.0 3680815.0
1760.0 3931267.2
1761.0 3656292.8
1762.0 3930715.2
1763.0 4275238.5
1764.0 4762895.5
1765.0 5121857.0
1766.0 5511877.5
1767.0 5957202.5
1768.0 6483100.5
1769.0 6324721.0
1770.0 5945282.0
1771.0 5366459.0
1772.0 4855299.0
1773.0 4790013.0
1774.0 5389517.0
1775.0 5505935.0
1776.0 5882249.5
1777.0 6554854.5
1778.0 6451705.0
1779.0 5775205.0
1780.0 5026034.0
1781.0 4786152.0
1782.0 4659483.0
1783.0 4531712.5
1784.0 4378314.5
1785.0 4423919.0
1786.0 4151750.2
1787.0 4125937.0
1788.0 4099785.2
1789.0 3841804.8
1790.0 3833039.0
1791.0 4424273.5
1792.0 5089714.5
1793.0 5361004.5
1794.0 4771763.5
1795.0 4641832.5
1796.0 4637540.5
1797.0 4473132.0
1798.0 4445144.0
1799.0 4575299.5
1800.0 5445192.0
1801.0 5633960.0
1802.0 5996123.0
1803.0 6749830.5
1804.0 6487358.0
1805.0 6203174.0
1806.0 6466230.0
1807.0 6646549.5
1808.0 6347237.0
1809.0 5931204.0
1810.0 4990044.0
1811.0 3821012.2
1812.0 3450548.5
1813.0 3794792.8
1814.0 3619207.0
1815.0 3698727.8
1816.0 3464066.0
1817.0 2727622.5
1818.0 2465967.5
1819.0 3327476.5
1820.0 3195659.8
1821.0 3120902.0
1822.0 3096202.2
1823.0 3101858.5
1824.0 3831153.5
1825.0 4121731.5
1826.0 5088564.5
1827.0 5513354.5
1828.0 5960146.0
1829.0 6277272.5
1830.0 6857153.0
1831.0 7458937.0
1832.0 7714885.5
1833.0 7744452.5
1834.0 7971675.5
1835.0 8457507.0
1836.0 8360260.5
1837.0 8343219.0
1838.0 8457474.0
1839.0 6830633.0
1840.0 5997472.5
1841.0 5535455.0
1842.0 5363459.0
1843.0 5847897.0
1844.0 7256607.0
1845.0 7872790.0
1846.0 7995735.0
1847.0 8355279.0
1848.0 8489859.0
1849.0 9334258.0
1850.0 10161196.0
1851.0 10707244.0
1852.0 11726456.0
1853.0 12242896.0
1854.0 12079899.0
1855.0 11369270.0
1856.0 11917812.0
1857.0 12227290.0
1858.0 12457354.0
1859.0 12834905.0
1860.0 11843591.0
1861.0 10550849.0
1862.0 10020254.0
1863.0 8976546.0
1864.0 9168648.0
1865.0 9001979.0
1866.0 8813745.0
1867.0 8066694.5
1868.0 7494959.5
1869.0 7401631.0
1870.0 7038747.0
1871.0 6957353.0
1872.0 7503309.0
1873.0 7520338.0
1874.0 7376873.0
1875.0 7515978.0
1876.0 8258542.5
1877.0 9519781.0
1878.0 9191567.0
1879.0 9094301.0
1880.0 9147447.0
1881.0 9607658.0
1882.0 9874087.0
1883.0 9932239.0
1884.0 9284481.0
1885.0 9273937.0
1886.0 8898938.0
1887.0 8174384.5
1888.0 7940460.0
1889.0 7876024.5
1890.0 5852280.5
1891.0 5578362.0
1892.0 6224458.0
1893.0 5705347.5
1894.0 5067038.5
1895.0 5017166.0
1896.0 4784261.5
1897.0 5045015.5
1898.0 5317984.0
1899.0 5437640.5
1900.0 5718567.0
1901.0 6847230.0
1902.0 8778459.0
1903.0 10169536.0
1904.0 11577361.0
1905.0 13533732.0
1906.0 14370135.0
1907.0 14591309.0
1908.0 16299621.0
1909.0 19024256.0
1910.0 20490906.0
1911.0 20516192.0
1912.0 21257144.0
1913.0 21749516.0
1914.0 21303942.0
1915.0 19265848.0
1916.0 16698808.0
1917.0 13519502.0
1918.0 10439146.0
1919.0 8183194.5
1920.0 6291704.0
1921.0 5775119.5
1922.0 5313964.5
1923.0 4998710.5
1924.0 4964276.0
1925.0 5206224.5
1926.0 5713997.5
1927.0 6634460.5
1928.0 7895562.5
1929.0 8568302.0
1930.0 9227564.0
1931.0 10500256.0
1932.0 11219068.0
1933.0 12960858.0
1934.0 13927838.0
1935.0 14845811.0
1936.0 15139920.0
1937.0 15966895.0
1938.0 16394302.0
1939.0 17586640.0
1940.0 18531204.0
1941.0 16600699.0
1942.0 14127464.0
1943.0 10559901.0
1944.0 7762834.0
1945.0 5036211.0
1946.0 3639208.5
1947.0 3373700.5
1948.0 2568821.8
1949.0 2340131.0
1950.0 2409723.0
1951.0 2253547.8
1952.0 2003062.5
1953.0 2129002.2
1954.0 1888973.0
1955.0 1527871.5
1956.0 1313921.9
1957.0 1352489.4
1958.0 1540914.4
1959.0 1098569.5
1960.0 1005380.56
1961.0 1112457.0
1962.0 1151557.8
1963.0 1139899.4
1964.0 1159023.6
1965.0 1151507.2
1966.0 1422199.0
1967.0 1408802.8
1968.0 1204503.5
1969.0 1076214.1
1970.0 1166121.5
1971.0 1221841.9
1972.0 1108195.0
1973.0 1420063.5
1974.0 1402504.0
1975.0 1329351.1
1976.0 1308492.8
1977.0 1462304.8
1978.0 1463256.5
1979.0 1386838.9
1980.0 1323206.2
1981.0 1233360.6
1982.0 1237233.2
1983.0 1144570.4
1984.0 1716762.6
1985.0 1434163.9
1986.0 1131587.0
1987.0 1354084.2
1988.0 1560038.2
1989.0 1866032.4
1990.0 1510719.8
1991.0 1389971.1
1992.0 1545541.9
1993.0 1522746.8
1994.0 1491721.0
1995.0 1632219.8
1996.0 1915119.8
1997.0 1945892.0
1998.0 1656220.6
1999.0 2026586.1
2000.0 1673980.0
2001.0 1628646.2
2002.0 1573063.2
2003.0 1363977.2
2004.0 1336760.1
2005.0 1982703.1
2006.0 1993203.9
2007.0 1739274.8
2008.0 1652866.9
2009.0 1583031.4
2010.0 1502724.9
2011.0 1887159.2
2012.0 1833833.1
2013.0 472167.3
2014.0 -737860.6
2015.0 -2182608.5
2016.0 -4514964.0
2017.0 -6040297.0
2018.0 -7766002.5
2019.0 -9622382.0
2020.0 -11563791.0
2021.0 -13361032.0
2022.0 -15191170.0
2023.0 -16671711.0
2024.0 -18527222.0
2025.0 -20678206.0
2026.0 -22736722.0
2027.0 -24698110.0
2028.0 -26304142.0
2029.0 -28413300.0
2030.0 -30100404.0
2031.0 0.0
2032.0 0.0
2033.0 0.0
2034.0 0.0
2035.0 0.0
2036.0 0.0
2037.0 0.0
2038.0 0.0
2039.0 0.0
2040.0 0.0
2041.0 0.0
2042.0 0.0
2043.0 0.0
2044.0 0.0
2045.0 0.0
2046.0 0.0
2047.0 0.0
