string
0.0 1819721.2
1.0 2073725.2
2.0 1921074.2
3.0 1750421.8
4.0 2052756.5
5.0 2437580.2
6.0 2344427.2
7.0 2376844.0
8.0 2154192.2
9.0 2384797.2
10.0 2506713.8
11.0 2538756.0
12.0 2614816.5
13.0 2624739.8
14.0 2762999.5
15.0 2763490.5
16.0 2637746.5
17.0 2676169.0
18.0 2810880.0
19.0 2873706.0
20.0 2709724.8
21.0 3121729.0
22.0 3241204.5
23.0 3007995.5
24.0 3067142.0
25.0 2602227.5
26.0 2340410.8
27.0 1805860.8
28.0 1967566.0
29.0 2052628.9
30.0 2303476.0
31.0 2528857.5
32.0 2241534.2
33.0 2046373.5
34.0 2469769.0
35.0 2679651.5
36.0 2116738.8
37.0 2023449.4
38.0 2365661.5
39.0 2781369.5
40.0 3037713.0
41.0 3014013.8
42.0 3122748.0
43.0 3356177.5
44.0 3132013.8
45.0 3532952.5
46.0 4101361.2
47.0 3517556.5
48.0 2788427.8
49.0 2442545.5
50.0 2501259.8
51.0 2388206.2
52.0 2223157.2
53.0 2096637.6
54.0 1998078.0
55.0 2315247.8
56.0 2798783.8
57.0 2566381.5
58.0 1755928.6
59.0 2013135.6
60.0 1924947.0
61.0 2429697.2
62.0 3170625.5
63.0 3975562.5
64.0 4664552.5
65.0 4766267.0
66.0 4344665.5
67.0 3369032.5
68.0 3222772.5
69.0 2760184.5
70.0 2755276.0
71.0 2965524.0
72.0 3299287.5
73.0 2989577.0
74.0 3007920.5
75.0 3510653.5
76.0 4728811.0
77.0 4177029.5
78.0 4153818.8
79.0 4887916.5
80.0 5114574.0
81.0 5128319.0
82.0 5657637.5
83.0 6319831.0
84.0 6121622.5
85.0 5222201.0
86.0 4493635.5
87.0 3579165.5
88.0 2921646.5
89.0 2850572.2
90.0 3782108.5
91.0 4014907.0
92.0 4388808.0
93.0 4346977.0
94.0 3649130.0
95.0 3685702.5
96.0 3886561.0
97.0 5590317.0
98.0 8184720.0
99.0 10406869.0
100.0 10944076.0
101.0 8410771.0
102.0 4961618.0
103.0 2961724.8
104.0 1968751.1
105.0 1817507.4
106.0 1170593.1
107.0 1089597.2
108.0 1595759.2
109.0 1956943.5
110.0 1876275.1
111.0 1725938.9
112.0 1936737.5
113.0 1986390.0
114.0 2228769.8
115.0 2241923.0
116.0 1948786.9
117.0 2445686.5
118.0 3361557.5
119.0 4531068.0
120.0 5534440.5
121.0 5054777.5
122.0 5137444.0
123.0 5916617.0
124.0 6813530.5
125.0 8630774.0
126.0 9325977.0
127.0 8140799.0
128.0 6572555.0
129.0 5676004.0
130.0 6607480.0
131.0 8273342.0
132.0 8878531.0
133.0 7701724.5
134.0 5371918.0
135.0 3515628.0
136.0 2534298.5
137.0 2198995.5
138.0 1852835.0
139.0 1445101.8
140.0 990819.94
141.0 1272621.4
142.0 1095468.5
143.0 1035306.6
144.0 1065171.5
145.0 985082.4
146.0 1159821.4
147.0 1222386.9
148.0 1048442.25
149.0 846758.9
150.0 802252.5
151.0 1047096.6
152.0 1098332.2
153.0 989422.6
154.0 1135901.5
155.0 1148452.2
156.0 1185106.0
157.0 1729538.1
158.0 2981191.5
159.0 5265442.5
160.0 8597962.0
161.0 10076794.0
162.0 10689816.0
163.0 9254470.0
164.0 6698887.0
165.0 5058749.5
166.0 4117059.8
167.0 3463163.8
168.0 2813019.5
169.0 2965577.5
170.0 3538972.5
171.0 4171692.5
172.0 4937293.0
173.0 5559203.0
174.0 5508720.5
175.0 4965568.0
176.0 4002403.5
177.0 3804808.8
178.0 4598682.0
179.0 5530575.5
180.0 7014475.5
181.0 9381398.0
182.0 14748475.0
183.0 20975418.0
184.0 21764922.0
185.0 18388732.0
186.0 14136209.0
187.0 9433546.0
188.0 6162246.0
189.0 4257428.0
190.0 3181357.5
191.0 2764792.5
192.0 2389370.5
193.0 2014160.5
194.0 2076800.2
195.0 1689700.0
196.0 1338137.4
197.0 1114248.6
198.0 1288427.2
199.0 1140033.8
200.0 1386914.8
201.0 1221962.8
202.0 1565661.1
203.0 1709362.8
204.0 1538623.9
205.0 1140323.9
206.0 976705.1
207.0 853757.4
208.0 1012899.06
209.0 1542054.0
210.0 1808057.4
211.0 1480069.4
212.0 1791346.9
213.0 1438174.9
214.0 1394722.6
215.0 2179370.2
216.0 2608256.2
217.0 3262437.0
218.0 5160482.5
219.0 8764312.0
220.0 11807700.0
221.0 13887816.0
222.0 14718420.0
223.0 12192869.0
224.0 8909983.0
225.0 6214792.0
226.0 4243419.5
227.0 3316323.0
228.0 3088601.0
229.0 2979841.0
230.0 2840799.5
231.0 2435774.8
232.0 1536488.6
233.0 1192462.6
234.0 1318959.0
235.0 1430431.8
236.0 1153003.8
237.0 1114121.0
238.0 868431.2
239.0 1149838.6
240.0 1125312.4
241.0 1209430.6
242.0 1204708.9
243.0 1430530.8
244.0 1493940.2
245.0 1637209.4
246.0 1674359.0
247.0 1791747.2
248.0 2707457.8
249.0 3762618.8
250.0 4852753.0
251.0 5147790.0
252.0 6358205.0
253.0 8599431.0
254.0 10502198.0
255.0 9473825.0
256.0 7932299.0
257.0 5230073.0
258.0 3940350.2
259.0 3130903.0
260.0 2346111.0
261.0 1871782.6
262.0 1806527.5
263.0 1876482.5
264.0 1542407.8
265.0 1471751.2
266.0 1106241.8
267.0 1171730.6
268.0 1192312.6
269.0 1090085.8
270.0 1048513.06
271.0 946908.25
272.0 944937.8
273.0 959312.8
274.0 740270.0
275.0 618527.06
276.0 738090.1
277.0 808279.44
278.0 1070058.1
279.0 954017.44
280.0 991876.5
281.0 953544.3
282.0 1263134.2
283.0 1378555.6
284.0 1391335.2
285.0 1454493.2
286.0 1530677.8
287.0 1362630.2
288.0 1237644.8
289.0 1413270.5
290.0 1133469.0
291.0 1216588.1
292.0 1308283.0
293.0 1144816.4
294.0 1084775.1
295.0 966299.1
296.0 1184366.1
297.0 1138079.0
298.0 1333247.4
299.0 1249809.8
300.0 1266986.6
301.0 1247682.9
302.0 1300639.5
303.0 1667176.2
304.0 1519779.2
305.0 1636124.2
306.0 1949639.9
307.0 1335466.1
308.0 1527168.6
309.0 1728497.2
310.0 1605507.5
311.0 1883902.4
312.0 1727360.8
313.0 1766442.8
314.0 1785299.9
315.0 1579044.8
316.0 1383490.2
317.0 1370854.8
318.0 1847735.6
319.0 1915822.0
320.0 2503590.2
321.0 3157802.5
322.0 3569056.5
323.0 3982604.5
324.0 4017964.0
325.0 4037802.2
326.0 3393625.2
327.0 3523772.5
328.0 3005070.2
329.0 3056841.5
330.0 3488263.5
331.0 4743876.5
332.0 6269519.5
333.0 7754113.0
334.0 8769443.0
335.0 8190609.0
336.0 7063319.0
337.0 5857080.0
338.0 4086488.5
339.0 3114774.5
340.0 2287028.8
341.0 1763975.2
342.0 1896518.5
343.0 1896720.5
344.0 1698704.4
345.0 1558841.8
346.0 1883193.0
347.0 1733327.5
348.0 1640471.8
349.0 1758988.2
350.0 1406035.1
351.0 1190745.1
352.0 1180898.1
353.0 1530009.0
354.0 1407971.5
355.0 1476841.8
356.0 1437551.5
357.0 1402313.2
358.0 1566810.1
359.0 1997465.8
360.0 1948507.5
361.0 2137805.5
362.0 2278742.8
363.0 2206951.8
364.0 2095477.8
365.0 2084861.8
366.0 2588427.0
367.0 3183751.5
368.0 4406012.0
369.0 5375230.0
370.0 5509483.0
371.0 5220068.0
372.0 4284963.5
373.0 3199724.5
374.0 2901208.8
375.0 2502112.5
376.0 2199057.5
377.0 1910672.2
378.0 1554770.2
379.0 1229607.8
380.0 1529868.1
381.0 1911793.8
382.0 2311757.0
383.0 1806954.2
384.0 1786521.5
385.0 1747133.2
386.0 1383557.6
387.0 1368361.4
388.0 1313628.1
389.0 1201115.5
390.0 1253745.9
391.0 1089214.5
392.0 1556349.4
393.0 1470384.9
394.0 2220929.0
395.0 2730027.8
396.0 2840508.0
397.0 2707437.5
398.0 3525528.8
399.0 4436716.5
400.0 4148313.5
401.0 3166916.2
402.0 1902823.5
403.0 1682623.2
404.0 1620148.9
405.0 2293423.0
406.0 2652222.2
407.0 2664528.0
408.0 2406318.0
409.0 3183956.5
410.0 3894488.8
411.0 4453981.0
412.0 3515086.5
413.0 2804615.5
414.0 1778145.0
415.0 2064560.6
416.0 2495033.5
417.0 3595647.0
418.0 4529492.0
419.0 5351006.0
420.0 4536333.0
421.0 3871200.5
422.0 3636492.0
423.0 2539983.2
424.0 2086451.4
425.0 1656499.8
426.0 1394874.5
427.0 1406632.8
428.0 1670266.0
429.0 1622927.5
430.0 1558799.0
431.0 1589442.6
432.0 2484529.0
433.0 3065153.8
434.0 2821917.0
435.0 1887871.1
436.0 1495451.8
437.0 1666010.0
438.0 1995018.5
439.0 2088207.6
440.0 2024033.6
441.0 1940185.1
442.0 1889557.6
443.0 1804740.0
444.0 1436575.6
445.0 1176316.5
446.0 1262372.4
447.0 1463576.2
448.0 1470320.5
449.0 1691385.1
450.0 1910536.9
451.0 2082619.2
452.0 2698537.5
453.0 2956005.2
454.0 3237039.0
455.0 2762529.0
456.0 2419309.0
457.0 2531052.0
458.0 2170468.0
459.0 1780316.9
460.0 1483241.2
461.0 1385456.1
462.0 1580255.0
463.0 1840412.0
464.0 2135734.0
465.0 2299192.0
466.0 2388196.8
467.0 3024579.5
468.0 3047501.0
469.0 2358058.8
470.0 2516275.2
471.0 2570581.0
472.0 2341981.2
473.0 2177264.5
474.0 2363088.0
475.0 2339454.8
476.0 2067480.2
477.0 1957065.8
478.0 2245299.8
479.0 2214931.0
480.0 1546945.5
481.0 1500136.0
482.0 1343888.1
483.0 1411043.6
484.0 1468850.0
485.0 1497064.5
486.0 1167520.2
487.0 890300.94
488.0 726101.8
489.0 743892.25
490.0 1058315.1
491.0 1128961.8
492.0 1603194.5
493.0 1510791.0
494.0 1391749.9
495.0 1103145.2
496.0 935615.0
497.0 1080609.1
498.0 1081882.2
499.0 1072898.2
500.0 1051192.6
501.0 1396372.8
502.0 1930466.0
503.0 2312355.0
504.0 2417937.8
505.0 2214035.8
506.0 2056490.2
507.0 2196853.5
508.0 2415764.8
509.0 1969817.0
510.0 1810132.2
511.0 1699483.2
512.0 1671006.4
513.0 1802448.5
514.0 1895672.0
515.0 1996612.4
516.0 1805502.4
517.0 1735859.2
518.0 1653915.1
519.0 1301156.2
520.0 1381026.4
521.0 1006364.4
522.0 1080852.6
523.0 1255891.6
524.0 1212454.8
525.0 1295843.2
526.0 1595608.1
527.0 1374339.0
528.0 1349064.5
529.0 1440258.9
530.0 1554953.1
531.0 1564111.4
532.0 1958822.2
533.0 2218542.2
534.0 1665810.0
535.0 1647581.1
536.0 1807577.4
537.0 2445497.8
538.0 2934179.8
539.0 3772266.2
540.0 3834507.0
541.0 3714052.8
542.0 3429173.8
543.0 2526290.2
544.0 2099785.2
545.0 1853980.5
546.0 1469693.2
547.0 1368710.6
548.0 1273603.9
549.0 1415754.8
550.0 1402628.9
551.0 1180490.5
552.0 1246198.6
553.0 1141688.2
554.0 1380854.8
555.0 1470395.0
556.0 2037251.8
557.0 2221430.2
558.0 1839376.4
559.0 2025056.0
560.0 2300423.8
561.0 2514980.5
562.0 2417200.8
563.0 2281284.5
564.0 2056184.4
565.0 1818360.0
566.0 1623639.9
567.0 1632739.8
568.0 1683360.5
569.0 1311691.4
570.0 1291966.1
571.0 1649155.5
572.0 1496831.2
573.0 1405608.1
574.0 1382964.9
575.0 1341893.0
576.0 1370994.2
577.0 1265049.8
578.0 1417991.0
579.0 1836449.5
580.0 2018812.8
581.0 1808430.0
582.0 2015705.1
583.0 1746260.8
584.0 1610765.8
585.0 1589182.5
586.0 1897884.5
587.0 1803679.0
588.0 1615953.9
589.0 1866871.2
590.0 2077938.0
591.0 2110012.2
592.0 1792828.9
593.0 1657464.4
594.0 1575971.5
595.0 1077979.2
596.0 1067815.5
597.0 1347077.5
598.0 1471836.9
599.0 1737706.4
600.0 1556465.5
601.0 1548149.5
602.0 1419036.0
603.0 1190423.6
604.0 1443700.2
605.0 1660198.5
606.0 1200479.2
607.0 1148600.0
608.0 872164.75
609.0 1057736.8
610.0 1338904.0
611.0 1442047.0
612.0 1557152.0
613.0 1663099.8
614.0 1543840.5
615.0 1426526.4
616.0 1426025.6
617.0 1743708.5
618.0 1507407.0
619.0 1370688.9
620.0 1440563.1
621.0 1325455.5
622.0 1175308.9
623.0 1443409.9
624.0 1419525.6
625.0 1267473.6
626.0 1220596.5
627.0 1378718.9
628.0 1785782.6
629.0 2102038.0
630.0 2248266.2
631.0 2054842.0
632.0 1591361.9
633.0 1400204.2
634.0 1410695.1
635.0 1569818.0
636.0 1176881.5
637.0 1302148.0
638.0 1316270.2
639.0 1665479.0
640.0 1891921.1
641.0 1418936.9
642.0 1556316.5
643.0 1988785.2
644.0 1991848.9
645.0 1902990.6
646.0 1827826.0
647.0 1993848.5
648.0 1609241.9
649.0 1843760.1
650.0 1843154.9
651.0 1460134.9
652.0 1309260.9
653.0 1348255.0
654.0 1664665.1
655.0 1678795.1
656.0 1458137.5
657.0 1281127.1
658.0 1253558.0
659.0 1153696.5
660.0 1451744.2
661.0 1387508.9
662.0 1540037.2
663.0 1446205.8
664.0 1340872.8
665.0 1148221.0
666.0 1108726.1
667.0 1291516.8
668.0 1660868.0
669.0 1905401.5
670.0 1485049.5
671.0 1524711.8
672.0 1637341.9
673.0 1709659.9
674.0 1972398.0
675.0 1987843.6
676.0 1882486.5
677.0 1629790.6
678.0 1702345.2
679.0 1392778.1
680.0 1330455.8
681.0 1497662.0
682.0 1562737.4
683.0 1444790.5
684.0 1568314.4
685.0 1591330.5
686.0 1257898.2
687.0 1490519.4
688.0 1523000.5
689.0 1663840.8
690.0 1662954.9
691.0 1892974.9
692.0 1620787.8
693.0 1296423.2
694.0 1189954.8
695.0 1269084.0
696.0 1661001.4
697.0 1693652.8
698.0 1368643.2
699.0 1395827.2
700.0 1544586.8
701.0 1621563.9
702.0 1403150.5
703.0 1480043.0
704.0 1137203.4
705.0 1150620.6
706.0 1221669.0
707.0 1265245.4
708.0 1146653.8
709.0 1206222.8
710.0 1154174.8
711.0 1179879.8
712.0 1257115.5
713.0 1420537.4
714.0 1353984.5
715.0 1126736.4
716.0 1490476.4
717.0 1611434.0
718.0 1296589.5
719.0 1441392.8
720.0 1457838.6
721.0 1241037.2
722.0 905697.9
723.0 956957.56
724.0 985270.94
725.0 1010451.8
726.0 1259082.4
727.0 1307081.5
728.0 1147179.5
729.0 1287711.0
730.0 1440578.9
731.0 1274643.9
732.0 1422726.5
733.0 1491203.2
734.0 1189485.8
735.0 1156389.4
736.0 1230461.0
737.0 1539865.2
738.0 1367868.2
739.0 1432269.0
740.0 1482630.0
741.0 1138423.4
742.0 1329483.2
743.0 1633231.0
744.0 1566315.8
745.0 1881190.2
746.0 1852561.1
747.0 1999146.5
748.0 1960497.6
749.0 1979027.6
750.0 2032726.5
751.0 1598504.9
752.0 2034557.2
753.0 2005688.1
754.0 2114164.8
755.0 1708260.5
756.0 1646409.2
757.0 1791956.2
758.0 1862801.0
759.0 1784524.4
760.0 1447593.5
761.0 1265753.2
762.0 1372822.0
763.0 1505381.9
764.0 1641373.1
765.0 1381954.8
766.0 1134684.2
767.0 1315139.2
768.0 1293970.6
769.0 1467765.8
770.0 1328179.9
771.0 1569246.0
772.0 1566290.0
773.0 1618469.5
774.0 1844723.2
775.0 1588003.0
776.0 1355119.8
777.0 1287556.5
778.0 1315597.4
779.0 1437900.8
780.0 1568378.8
781.0 1452376.4
782.0 1354481.0
783.0 1381603.6
784.0 1418233.9
785.0 1422698.6
786.0 1441669.8
787.0 1336740.6
788.0 1346143.5
789.0 1191427.2
790.0 1060696.6
791.0 1314396.9
792.0 1623048.1
793.0 1739934.0
794.0 1672135.6
795.0 1594393.8
796.0 1715818.2
797.0 1757923.9
798.0 2112782.8
799.0 2232599.0
800.0 2136115.0
801.0 1922546.5
802.0 2234656.5
803.0 2101866.5
804.0 2122072.8
805.0 2021116.5
806.0 1712483.5
807.0 1600574.5
808.0 1814661.8
809.0 1646373.2
810.0 1470598.6
811.0 1614859.0
812.0 1589222.0
813.0 1678192.6
814.0 1417945.1
815.0 1613254.9
816.0 1803307.6
817.0 1798330.8
818.0 1319245.5
819.0 1526987.4
820.0 1545100.8
821.0 1565307.5
822.0 1509433.6
823.0 1709579.8
824.0 1522262.5
825.0 1432838.8
826.0 1550485.0
827.0 1432828.8
828.0 1803679.4
829.0 1878523.2
830.0 1655986.4
831.0 1422516.1
832.0 1370123.8
833.0 1634389.5
834.0 1518761.4
835.0 1339715.6
836.0 1292664.4
837.0 1470925.0
838.0 1561279.4
839.0 1801877.2
840.0 1807539.4
841.0 1552253.5
842.0 1654060.5
843.0 1341488.9
844.0 1339801.0
845.0 1592448.2
846.0 1394596.9
847.0 1480029.9
848.0 1485323.1
849.0 1483527.0
850.0 1743139.4
851.0 1788506.5
852.0 1555946.2
853.0 1364296.2
854.0 1434782.2
855.0 1723857.6
856.0 1587640.6
857.0 1362574.5
858.0 1204478.6
859.0 1253157.4
860.0 1383631.9
861.0 1743569.5
862.0 1521659.9
863.0 1540022.2
864.0 1489326.1
865.0 1432871.4
866.0 1515066.4
867.0 1624172.6
868.0 1518206.1
869.0 1256134.5
870.0 1593305.8
871.0 1706270.5
872.0 1727163.2
873.0 1469839.4
874.0 1365471.8
875.0 1417498.1
876.0 1271357.2
877.0 1444856.2
878.0 1804957.4
879.0 1783146.2
880.0 1323161.5
881.0 1468764.4
882.0 1283239.1
883.0 1288871.0
884.0 1404211.5
885.0 1925183.1
886.0 1813368.9
887.0 1716777.0
888.0 1688248.8
889.0 1725058.1
890.0 1805104.0
891.0 1763106.4
892.0 1765284.2
893.0 1735694.9
894.0 2110169.8
895.0 1986243.2
896.0 1755295.5
897.0 1808202.2
898.0 1661226.5
899.0 1825372.5
900.0 2046664.9
901.0 2093724.8
902.0 1952661.9
903.0 2313892.0
904.0 1900762.6
905.0 1902807.2
906.0 2053615.6
907.0 1873995.2
908.0 1854511.0
909.0 2037103.1
910.0 2338165.2
911.0 1963589.2
912.0 1923634.0
913.0 1737987.2
914.0 1556898.2
915.0 1816001.9
916.0 2483353.8
917.0 2825142.5
918.0 2985122.0
919.0 2863851.2
920.0 2430130.2
921.0 2405128.5
922.0 2450253.0
923.0 2118227.2
924.0 2230427.0
925.0 2388127.5
926.0 2430481.0
927.0 2767459.0
928.0 2849237.2
929.0 2678504.8
930.0 2595074.5
931.0 2935259.8
932.0 3144019.8
933.0 3147611.2
934.0 3239461.0
935.0 3223043.5
936.0 2738497.8
937.0 2890771.5
938.0 3185417.8
939.0 2722016.0
940.0 2894327.2
941.0 2902115.5
942.0 3115486.5
943.0 3470792.8
944.0 3314052.8
945.0 3074980.0
946.0 2848708.0
947.0 3018894.8
948.0 3102492.0
949.0 3217442.2
950.0 3374069.8
951.0 3288569.5
952.0 3294296.0
953.0 3200118.5
954.0 3093250.2
955.0 3228374.8
956.0 3122402.5
957.0 3285162.2
958.0 3281553.0
959.0 3012647.2
960.0 2960601.5
961.0 3245776.0
962.0 3419009.5
963.0 3630592.5
964.0 3888497.2
965.0 3846387.5
966.0 3475336.0
967.0 3559120.2
968.0 3648269.8
969.0 3510875.2
970.0 3799945.5
971.0 4160496.2
972.0 4546003.0
973.0 4472367.0
974.0 4294545.5
975.0 4896596.0
976.0 5308518.0
977.0 4880058.5
978.0 4958874.5
979.0 4865255.5
980.0 4783413.5
981.0 4452893.5
982.0 4257596.0
983.0 4690342.5
984.0 5425710.5
985.0 6253251.0
986.0 7776594.5
987.0 8871420.0
988.0 10111529.0
989.0 11495822.0
990.0 12678235.0
991.0 13481011.0
992.0 13704752.0
993.0 12650711.0
994.0 11313828.0
995.0 10108355.0
996.0 10014545.0
997.0 9716450.0
998.0 9492889.0
999.0 9046595.0
1000.0 9350778.0
1001.0 8701427.0
1002.0 8736365.0
1003.0 10011647.0
1004.0 10296058.0
1005.0 11036761.0
1006.0 12453896.0
1007.0 13353760.0
1008.0 13187866.0
1009.0 12804874.0
1010.0 12008864.0
1011.0 11631756.0
1012.0 11595904.0
1013.0 11647909.0
1014.0 11318058.0
1015.0 10268142.0
1016.0 8465630.0
1017.0 6949328.0
1018.0 6417269.0
1019.0 5748000.5
1020.0 5240315.5
1021.0 4802503.0
1022.0 4474177.5
1023.0 3740562.5
1024.0 3351210.5
1025.0 3691431.5
1026.0 4058979.5
1027.0 4595394.5
1028.0 4509933.5
1029.0 4462389.5
1030.0 4996677.0
1031.0 5523404.0
1032.0 6735581.0
1033.0 7555292.0
1034.0 8701928.0
1035.0 9881066.0
1036.0 11649055.0
1037.0 13517836.0
1038.0 14552272.0
1039.0 15190261.0
1040.0 16359498.0
1041.0 16502886.0
1042.0 14986271.0
1043.0 14120220.0
1044.0 13486440.0
1045.0 12864354.0
1046.0 12274926.0
1047.0 12825688.0
1048.0 13894082.0
1049.0 14465570.0
1050.0 14668475.0
1051.0 15314088.0
1052.0 16574859.0
1053.0 17761808.0
1054.0 18187282.0
1055.0 18231616.0
1056.0 18824232.0
1057.0 19519072.0
1058.0 22140464.0
1059.0 29045312.0
1060.0 40505984.0
1061.0 57155124.0
1062.0 78756090.0
1063.0 106024310.0
1064.0 130219110.0
1065.0 148871550.0
1066.0 159525580.0
1067.0 152300540.0
1068.0 125664470.0
1069.0 91094460.0
1070.0 58570520.0
1071.0 38914116.0
1072.0 27107958.0
1073.0 20584936.0
1074.0 17315548.0
1075.0 14606225.0
1076.0 12082549.0
1077.0 9895201.0
1078.0 8071450.0
1079.0 7050607.5
1080.0 6635885.5
1081.0 6490400.5
1082.0 5830360.5
1083.0 5763077.5
1084.0 5582505.5
1085.0 5728502.5
1086.0 6122563.0
1087.0 5824908.0
1088.0 6089595.5
1089.0 6839195.5
1090.0 7303606.0
1091.0 7868752.0
1092.0 8690643.0
1093.0 9136475.0
1094.0 8324289.5
1095.0 8151520.0
1096.0 7666461.0
1097.0 6783935.0
1098.0 6621659.0
1099.0 6550157.0
1100.0 6837229.0
1101.0 7833655.0
1102.0 8350227.5
1103.0 9418232.0
1104.0 12556014.0
1105.0 17211824.0
1106.0 24962110.0
1107.0 36075056.0
1108.0 51823430.0
1109.0 71869940.0
1110.0 95761100.0
1111.0 116698040.0
1112.0 129570100.0
1113.0 133872510.0
1114.0 125078840.0
1115.0 97951640.0
1116.0 68197680.0
1117.0 44146850.0
1118.0 28257020.0
1119.0 18915436.0
1120.0 15038140.0
1121.0 12579406.0
1122.0 9943901.0
1123.0 7461330.0
1124.0 5688465.5
1125.0 5110980.5
1126.0 4738853.0
1127.0 3973538.8
1128.0 3457421.0
1129.0 3334475.5
1130.0 3208745.5
1131.0 3243672.2
1132.0 3149305.2
1133.0 3160989.8
1134.0 2974428.5
1135.0 3170545.5
1136.0 3545686.0
1137.0 4116382.2
1138.0 4788939.5
1139.0 4486406.5
1140.0 4612376.0
1141.0 4752053.5
1142.0 4173962.8
1143.0 3772804.0
1144.0 3278768.8
1145.0 2542387.2
1146.0 2345658.5
1147.0 2322312.2
1148.0 2368841.8
1149.0 2096750.6
1150.0 2372146.5
1151.0 2392944.8
1152.0 2505826.5
1153.0 2323735.2
1154.0 2126167.8
1155.0 1950628.2
1156.0 1997862.2
1157.0 2131366.0
1158.0 2260488.0
1159.0 2499278.0
1160.0 2470372.0
1161.0 2373161.2
1162.0 2537839.0
1163.0 2716435.0
1164.0 2691657.0
1165.0 2734382.5
1166.0 2837798.5
1167.0 2834317.0
1168.0 3097115.5
1169.0 2996950.5
1170.0 3030192.2
1171.0 3140733.0
1172.0 3161577.5
1173.0 3264828.0
1174.0 3628276.0
1175.0 3627002.5
1176.0 3322869.5
1177.0 3432626.0
1178.0 3339100.2
1179.0 3414284.5
1180.0 3399097.2
1181.0 3495762.2
1182.0 3708796.5
1183.0 3516468.0
1184.0 3818841.0
1185.0 4146869.5
1186.0 4287271.0
1187.0 4470617.5
1188.0 4934446.0
1189.0 5399515.0
1190.0 5769376.0
1191.0 6175999.0
1192.0 6731605.5
1193.0 6732035.5
1194.0 6601096.0
1195.0 5815692.0
1196.0 5156889.5
1197.0 4890028.5
1198.0 5072464.5
1199.0 5060419.0
1200.0 4962968.0
1201.0 4629959.0
1202.0 4831395.5
1203.0 4911884.0
1204.0 4708999.0
1205.0 4481822.0
1206.0 4266022.0
1207.0 3923549.0
1208.0 3934555.2
1209.0 4391156.5
1210.0 4512349.5
1211.0 5388225.0
1212.0 5983310.5
1213.0 6738450.5
1214.0 7583439.0
1215.0 8535929.0
1216.0 8411871.0
1217.0 7983651.0
1218.0 7370920.5
1219.0 6743825.5
1220.0 6423366.0
1221.0 5621745.0
1222.0 5590160.5
1223.0 5423274.5
1224.0 5452738.0
1225.0 4842795.5
1226.0 5090085.5
1227.0 5807399.0
1228.0 6249515.5
1229.0 6525771.0
1230.0 6675406.0
1231.0 7225485.0
1232.0 8029849.0
1233.0 8724558.0
1234.0 9347784.0
1235.0 9937392.0
1236.0 11686524.0
1237.0 14019614.0
1238.0 15983972.0
1239.0 20489008.0
1240.0 24145408.0
1241.0 26749396.0
1242.0 30138442.0
1243.0 30800940.0
1244.0 29968910.0
1245.0 28019522.0
1246.0 24680050.0
1247.0 19827224.0
1248.0 14823088.0
1249.0 10653305.0
1250.0 8721626.0
1251.0 7790764.5
1252.0 7043436.0
1253.0 7154170.5
1254.0 7246482.0
1255.0 7021055.5
1256.0 7144087.0
1257.0 7383938.0
1258.0 7083375.5
1259.0 6832644.0
1260.0 7849482.0
1261.0 9550254.0
1262.0 11484721.0
1263.0 13897359.0
1264.0 15980646.0
1265.0 18412902.0
1266.0 20451974.0
1267.0 21645404.0
1268.0 22899718.0
1269.0 23615064.0
1270.0 22931602.0
1271.0 20812348.0
1272.0 18142402.0
1273.0 17695998.0
1274.0 18938608.0
1275.0 20458798.0
1276.0 21032528.0
1277.0 20044616.0
1278.0 16587598.0
1279.0 14266332.0
1280.0 13353324.0
1281.0 12799516.0
1282.0 14558269.0
1283.0 15490058.0
1284.0 15998266.0
1285.0 16356950.0
1286.0 17241102.0
1287.0 17757736.0
1288.0 17602220.0
1289.0 16108171.0
1290.0 14906132.0
1291.0 14719700.0
1292.0 14944180.0
1293.0 14733288.0
1294.0 14099106.0
1295.0 15539659.0
1296.0 16817452.0
1297.0 16645058.0
1298.0 16875362.0
1299.0 17272852.0
1300.0 17742248.0
1301.0 17570140.0
1302.0 18207944.0
1303.0 20449856.0
1304.0 24326990.0
1305.0 27088722.0
1306.0 29080352.0
1307.0 30943360.0
1308.0 31991340.0
1309.0 34143064.0
1310.0 37893836.0
1311.0 39620430.0
1312.0 38395650.0
1313.0 36830370.0
1314.0 35766030.0
1315.0 34840224.0
1316.0 33467722.0
1317.0 34595104.0
1318.0 36372184.0
1319.0 38903060.0
1320.0 38883144.0
1321.0 38626910.0
1322.0 38911616.0
1323.0 41892144.0
1324.0 42454916.0
1325.0 44852170.0
1326.0 47544804.0
1327.0 50008936.0
1328.0 55350930.0
1329.0 60116044.0
1330.0 63347230.0
1331.0 67507640.0
1332.0 70016856.0
1333.0 71480930.0
1334.0 73480180.0
1335.0 74523120.0
1336.0 75858890.0
1337.0 75413000.0
1338.0 76995490.0
1339.0 77250340.0
1340.0 76865610.0
1341.0 73690550.0
1342.0 72044424.0
1343.0 69332184.0
1344.0 63522476.0
1345.0 58652340.0
1346.0 55171536.0
1347.0 56339924.0
1348.0 56731116.0
1349.0 56986710.0
1350.0 56935190.0
1351.0 58137116.0
1352.0 59362590.0
1353.0 61937076.0
1354.0 65436136.0
1355.0 69102370.0
1356.0 70521656.0
1357.0 69744340.0
1358.0 68154024.0
1359.0 68518140.0
1360.0 68207730.0
1361.0 67158940.0
1362.0 71266700.0
1363.0 78621910.0
1364.0 86709190.0
1365.0 98962750.0
1366.0 114673850.0
1367.0 135779230.0
1368.0 157228830.0
1369.0 179972580.0
1370.0 200737060.0
1371.0 218589020.0
1372.0 233650700.0
1373.0 246741100.0
1374.0 252624660.0
1375.0 249703500.0
1376.0 231158880.0
1377.0 206115540.0
1378.0 182429800.0
1379.0 163124030.0
1380.0 149866750.0
1381.0 137925570.0
1382.0 129353160.0
1383.0 120029540.0
1384.0 113439500.0
1385.0 105733850.0
1386.0 99465660.0
1387.0 92972320.0
1388.0 86991750.0
1389.0 80898090.0
1390.0 73244540.0
1391.0 66708380.0
1392.0 59788644.0
1393.0 50919500.0
1394.0 45060610.0
1395.0 42094676.0
1396.0 43377436.0
1397.0 45085916.0
1398.0 48498196.0
1399.0 54007456.0
1400.0 58945240.0
1401.0 63233310.0
1402.0 69215370.0
1403.0 75436530.0
1404.0 83211240.0
1405.0 95394670.0
1406.0 109522070.0
1407.0 128877290.0
1408.0 151845070.0
1409.0 175355540.0
1410.0 198476740.0
1411.0 223407800.0
1412.0 254243260.0
1413.0 277261060.0
1414.0 297080160.0
1415.0 313113800.0
1416.0 321708500.0
1417.0 318141060.0
1418.0 299158430.0
1419.0 259004540.0
1420.0 203959980.0
1421.0 148886380.0
1422.0 104198880.0
1423.0 74525010.0
1424.0 56972464.0
1425.0 44557744.0
1426.0 36320630.0
1427.0 29715870.0
1428.0 24793444.0
1429.0 20918238.0
1430.0 17692084.0
1431.0 16288919.0
1432.0 15111735.0
1433.0 14146056.0
1434.0 13580874.0
1435.0 12143229.0
1436.0 11213359.0
1437.0 11060998.0
1438.0 10880954.0
1439.0 10680346.0
1440.0 10378679.0
1441.0 9678564.0
1442.0 10206734.0
1443.0 11068216.0
1444.0 11508608.0
1445.0 11485615.0
1446.0 11839145.0
1447.0 12497319.0
1448.0 12852522.0
1449.0 13013378.0
1450.0 14356961.0
1451.0 14943466.0
1452.0 15734306.0
1453.0 16605481.0
1454.0 19028020.0
1455.0 21213580.0
1456.0 21785868.0
1457.0 22102532.0
1458.0 22327072.0
1459.0 22285612.0
1460.0 23627676.0
1461.0 24363508.0
1462.0 25479378.0
1463.0 25685830.0
1464.0 26662430.0
1465.0 26061816.0
1466.0 25555036.0
1467.0 25213858.0
1468.0 24738030.0
1469.0 23847628.0
1470.0 24801624.0
1471.0 25957648.0
1472.0 27853812.0
1473.0 27244152.0
1474.0 25314792.0
1475.0 23493232.0
1476.0 23473780.0
1477.0 23767050.0
1478.0 24896880.0
1479.0 25081158.0
1480.0 25401118.0
1481.0 25505470.0
1482.0 24181176.0
1483.0 24102850.0
1484.0 27574872.0
1485.0 32750958.0
1486.0 36820900.0
1487.0 42643024.0
1488.0 47676496.0
1489.0 51719656.0
1490.0 56985724.0
1491.0 61908824.0
1492.0 65237204.0
1493.0 68003840.0
1494.0 69591864.0
1495.0 71634710.0
1496.0 71418616.0
1497.0 65995410.0
1498.0 63937904.0
1499.0 64080780.0
1500.0 63626580.0
1501.0 62049484.0
1502.0 57120976.0
1503.0 52288096.0
1504.0 45944630.0
1505.0 38110144.0
1506.0 33459318.0
1507.0 31978664.0
1508.0 33562736.0
1509.0 32921030.0
1510.0 33625184.0
1511.0 35512944.0
1512.0 38111264.0
1513.0 42060096.0
1514.0 46591576.0
1515.0 48295280.0
1516.0 49450044.0
1517.0 51790540.0
1518.0 55986830.0
1519.0 58927784.0
1520.0 61552964.0
1521.0 66929760.0
1522.0 72873230.0
1523.0 78165010.0
1524.0 80017620.0
1525.0 84687910.0
1526.0 86006890.0
1527.0 86049700.0
1528.0 89385270.0
1529.0 90654440.0
1530.0 91037230.0
1531.0 93037240.0
1532.0 89489350.0
1533.0 82718020.0
1534.0 73003870.0
1535.0 60351900.0
1536.0 50690556.0
1537.0 43962956.0
1538.0 35697624.0
1539.0 29515180.0
1540.0 27586504.0
1541.0 28415956.0
1542.0 29917588.0
1543.0 31526804.0
1544.0 33371656.0
1545.0 34778724.0
1546.0 37836524.0
1547.0 40622588.0
1548.0 44307820.0
1549.0 48784744.0
1550.0 55364960.0
1551.0 62848256.0
1552.0 70606180.0
1553.0 77627464.0
1554.0 79659770.0
1555.0 81329850.0
1556.0 83889890.0
1557.0 88552660.0
1558.0 93848020.0
1559.0 97332210.0
1560.0 100597910.0
1561.0 101115370.0
1562.0 94137680.0
1563.0 81457210.0
1564.0 68935900.0
1565.0 58591710.0
1566.0 51213310.0
1567.0 49509904.0
1568.0 51597464.0
1569.0 51629740.0
1570.0 53128016.0
1571.0 53979840.0
1572.0 51868704.0
1573.0 48613910.0
1574.0 46185910.0
1575.0 45157244.0
1576.0 43103516.0
1577.0 38244372.0
1578.0 31565918.0
1579.0 25343004.0
1580.0 19810104.0
1581.0 17129996.0
1582.0 17127078.0
1583.0 17652280.0
1584.0 19283262.0
1585.0 19438446.0
1586.0 19317122.0
1587.0 19395856.0
1588.0 20025158.0
1589.0 20420434.0
1590.0 21136890.0
1591.0 22026508.0
1592.0 21065180.0
1593.0 20599960.0
1594.0 21112612.0
1595.0 20731238.0
1596.0 19062216.0
1597.0 18652644.0
1598.0 17807600.0
1599.0 17364336.0
1600.0 18071008.0
1601.0 19732298.0
1602.0 19794636.0
1603.0 20268016.0
1604.0 20137536.0
1605.0 21532022.0
1606.0 24330264.0
1607.0 26150958.0
1608.0 27730500.0
1609.0 28741748.0
1610.0 30258460.0
1611.0 32329682.0
1612.0 34190916.0
1613.0 37177296.0
1614.0 40914012.0
1615.0 43327860.0
1616.0 47936144.0
1617.0 53294816.0
1618.0 59153200.0
1619.0 60624824.0
1620.0 61584464.0
1621.0 62721896.0
1622.0 61704650.0
1623.0 65464484.0
1624.0 71558760.0
1625.0 77839240.0
1626.0 79376990.0
1627.0 81128056.0
1628.0 83852370.0
1629.0 80071850.0
1630.0 71576536.0
1631.0 59986130.0
1632.0 46666770.0
1633.0 35114960.0
1634.0 27368108.0
1635.0 22713568.0
1636.0 19787016.0
1637.0 17665116.0
1638.0 15471232.0
1639.0 15448406.0
1640.0 16125306.0
1641.0 15464822.0
1642.0 14381456.0
1643.0 14071681.0
1644.0 15264025.0
1645.0 15276860.0
1646.0 15616901.0
1647.0 16215481.0
1648.0 16766231.0
1649.0 17011922.0
1650.0 16928496.0
1651.0 16489041.0
1652.0 16194354.0
1653.0 15291080.0
1654.0 14616736.0
1655.0 15149924.0
1656.0 14929718.0
1657.0 13652275.0
1658.0 13598670.0
1659.0 13413532.0
1660.0 12628236.0
1661.0 12233262.0
1662.0 11618745.0
1663.0 11237454.0
1664.0 11173615.0
1665.0 11652976.0
1666.0 11163575.0
1667.0 10736924.0
1668.0 11492121.0
1669.0 12246590.0
1670.0 12367858.0
1671.0 13632124.0
1672.0 14255341.0
1673.0 14732126.0
1674.0 15761301.0
1675.0 16650392.0
1676.0 17685506.0
1677.0 17999314.0
1678.0 17739858.0
1679.0 18907938.0
1680.0 18458388.0
1681.0 19037894.0
1682.0 21066970.0
1683.0 22084064.0
1684.0 21256268.0
1685.0 19975792.0
1686.0 18614826.0
1687.0 17902790.0
1688.0 16347021.0
1689.0 15097480.0
1690.0 14851250.0
1691.0 15937559.0
1692.0 17116116.0
1693.0 18087878.0
1694.0 19185912.0
1695.0 20671738.0
1696.0 21005396.0
1697.0 20962982.0
1698.0 21370452.0
1699.0 21324530.0
1700.0 22254398.0
1701.0 22175136.0
1702.0 23108448.0
1703.0 24316992.0
1704.0 24824418.0
1705.0 23929278.0
1706.0 23588904.0
1707.0 22447802.0
1708.0 19946812.0
1709.0 19735962.0
1710.0 19272954.0
1711.0 18814726.0
1712.0 18950548.0
1713.0 19776388.0
1714.0 19356088.0
1715.0 18861690.0
1716.0 17619230.0
1717.0 15545234.0
1718.0 14394401.0
1719.0 14273616.0
1720.0 13821880.0
1721.0 13070564.0
1722.0 11318460.0
1723.0 8556974.0
1724.0 5400617.0
1725.0 4788400.5
1726.0 4335019.5
1727.0 3724797.8
1728.0 3405958.5
1729.0 3258320.2
1730.0 3277617.0
1731.0 3807452.5
1732.0 4068429.0
1733.0 3752538.0
1734.0 3658739.8
1735.0 4188005.5
1736.0 4312136.0
1737.0 4517726.0
1738.0 4847104.0
1739.0 5485104.0
1740.0 6464567.0
1741.0 5993684.5
1742.0 5642942.0
1743.0 6757258.0
1744.0 7015008.0
1745.0 6344652.0
1746.0 5974030.5
1747.0 5749359.5
1748.0 5672724.0
1749.0 5472800.0
1750.0 5465714.0
1751.0 4966851.0
1752.0 4992327.5
1753.0 5563775.0
1754.0 5220777.5
1755.0 5262825.5
1756.0 4756163.5
1757.0 5560995.0
1758.0 5733511.0
1759.0 5212184.0
1760.0 5412344.5
1761.0 5291259.0
1762.0 6191027.5
1763.0 6233074.5
1764.0 6586721.0
1765.0 6493564.0
1766.0 6620475.0
1767.0 6954507.5
1768.0 7754215.5
1769.0 8726522.0
1770.0 8319782.5
1771.0 7208725.5
1772.0 7127419.5
1773.0 7344029.0
1774.0 7246968.0
1775.0 7670928.0
1776.0 7221406.0
1777.0 7210798.0
1778.0 7287165.5
1779.0 7615780.5
1780.0 7827500.0
1781.0 6864488.0
1782.0 5852225.0
1783.0 5206638.5
1784.0 5233709.5
1785.0 5563749.0
1786.0 5476989.5
1787.0 4920466.0
1788.0 5363442.5
1789.0 4695384.5
1790.0 5101995.5
1791.0 6053543.0
1792.0 6612498.0
1793.0 6524514.0
1794.0 6023368.0
1795.0 5947305.5
1796.0 6218564.5
1797.0 6246435.0
1798.0 6698604.5
1799.0 7450680.0
1800.0 7757543.0
1801.0 7590862.5
1802.0 8333110.5
1803.0 8507591.0
1804.0 8292757.5
1805.0 7907071.0
1806.0 8158711.0
1807.0 8063529.0
1808.0 7390986.0
1809.0 5886154.5
1810.0 5704367.5
1811.0 5760729.5
1812.0 5468488.0
1813.0 5090649.0
1814.0 4971806.0
1815.0 4225218.0
1816.0 3562433.0
1817.0 3622962.0
1818.0 3856146.5
1819.0 3577693.8
1820.0 3748598.0
1821.0 3927437.0
1822.0 4443843.5
1823.0 5122473.0
1824.0 5047772.0
1825.0 5709474.5
1826.0 6328904.5
1827.0 6559473.0
1828.0 6873238.0
1829.0 7354956.0
1830.0 7667524.0
1831.0 7328476.0
1832.0 8119937.0
1833.0 8011732.0
1834.0 7858586.0
1835.0 8302726.0
1836.0 8919402.0
1837.0 9420650.0
1838.0 10237449.0
1839.0 9291305.0
1840.0 7531701.0
1841.0 6827568.0
1842.0 7618709.0
1843.0 8380800.0
1844.0 8556286.0
1845.0 8903205.0
1846.0 8974668.0
1847.0 9807629.0
1848.0 10187882.0
1849.0 10661090.0
1850.0 10753210.0
1851.0 12870194.0
1852.0 14430795.0
1853.0 14399028.0
1854.0 14419688.0
1855.0 12752534.0
1856.0 12929062.0
1857.0 13193742.0
1858.0 13292251.0
1859.0 11193175.0
1860.0 11339578.0
1861.0 11948502.0
1862.0 11631475.0
1863.0 10954304.0
1864.0 10336456.0
1865.0 9703399.0
1866.0 9729566.0
1867.0 9555746.0
1868.0 8203557.5
1869.0 7639294.0
1870.0 7743093.0
1871.0 6960790.0
1872.0 6784412.0
1873.0 7997772.5
1874.0 8574288.0
1875.0 8924924.0
1876.0 9112108.0
1877.0 9193882.0
1878.0 9798724.0
1879.0 10606554.0
1880.0 11267539.0
1881.0 10710802.0
1882.0 10810715.0
1883.0 10912088.0
1884.0 10846331.0
1885.0 10564094.0
1886.0 9767015.0
1887.0 8965312.0
1888.0 8653376.0
1889.0 8597743.0
1890.0 7436412.5
1891.0 6353599.5
1892.0 5697938.0
1893.0 5609370.5
1894.0 5205601.5
1895.0 5347335.0
1896.0 5196189.0
1897.0 5391353.0
1898.0 6408880.5
1899.0 7577210.0
1900.0 9030162.0
1901.0 10334572.0
1902.0 11107186.0
1903.0 12319335.0
1904.0 13897602.0
1905.0 14928590.0
1906.0 16057180.0
1907.0 17239022.0
1908.0 18522630.0
1909.0 19178042.0
1910.0 21469150.0
1911.0 24241472.0
1912.0 24932672.0
1913.0 24901144.0
1914.0 23500570.0
1915.0 21098222.0
1916.0 17893222.0
1917.0 13237139.0
1918.0 9796806.0
1919.0 7552547.0
1920.0 6231967.0
1921.0 5475492.0
1922.0 5711912.5
1923.0 5899737.0
1924.0 6890167.0
1925.0 7216467.5
1926.0 7705190.5
1927.0 8303659.0
1928.0 9401728.0
1929.0 10129391.0
1930.0 11063840.0
1931.0 11176838.0
1932.0 11775689.0
1933.0 13403078.0
1934.0 14890415.0
1935.0 16155264.0
1936.0 17174288.0
1937.0 18590632.0
1938.0 19313402.0
1939.0 19699448.0
1940.0 18627444.0
1941.0 16648328.0
1942.0 14055110.0
1943.0 11227816.0
1944.0 8525722.0
1945.0 5326522.5
1946.0 3432264.5
1947.0 2590139.8
1948.0 2378652.2
1949.0 2691074.8
1950.0 2406694.5
1951.0 2051873.8
1952.0 1927548.8
1953.0 1508328.9
1954.0 1465577.5
1955.0 1327813.5
1956.0 1456753.8
1957.0 1503854.4
1958.0 1327835.8
1959.0 1222090.8
1960.0 1619579.5
1961.0 1726114.9
1962.0 1532605.0
1963.0 1497099.5
1964.0 1233552.5
1965.0 1146411.0
1966.0 1206112.6
1967.0 1426838.6
1968.0 1293522.8
1969.0 1186650.1
1970.0 1227430.9
1971.0 1244310.1
1972.0 1375241.9
1973.0 1254990.4
1974.0 1416773.8
1975.0 1418850.2
1976.0 1533770.0
1977.0 1473157.0
1978.0 1682898.5
1979.0 1702820.1
1980.0 1765631.5
1981.0 1676446.8
1982.0 1743829.8
1983.0 1515472.2
1984.0 1474872.6
1985.0 1714622.5
1986.0 1748912.2
1987.0 2068491.1
1988.0 1720956.2
1989.0 1883514.4
1990.0 2064614.0
1991.0 2333822.0
1992.0 2045023.1
1993.0 1787045.6
1994.0 1480926.5
1995.0 1582338.6
1996.0 2058728.1
1997.0 2043181.2
1998.0 2302962.8
1999.0 2141690.5
2000.0 2113432.2
2001.0 1758873.6
2002.0 2172817.2
2003.0 2105284.0
2004.0 2149478.5
2005.0 2184292.8
2006.0 2578250.0
2007.0 2546800.2
2008.0 2342492.8
2009.0 2191945.8
2010.0 2017301.9
2011.0 1894749.8
2012.0 1814399.4
2013.0 2153202.8
2014.0 2033581.2
2015.0 2286366.5
2016.0 2124339.5
2017.0 2350346.5
2018.0 2934644.0
2019.0 2873366.5
2020.0 2611580.2
2021.0 2813005.0
2022.0 2513394.5
2023.0 2364845.0
2024.0 2442666.2
2025.0 2584511.0
2026.0 2885365.5
2027.0 3272260.0
2028.0 3477632.0
2029.0 1883785.1
2030.0 -100333.42
2031.0 -1515690.2
2032.0 -3362167.8
2033.0 -4750658.0
2034.0 -6211261.0
2035.0 -7931260.0
2036.0 -9069792.0
2037.0 -11130136.0
2038.0 -13622942.0
2039.0 -15675402.0
2040.0 -17335038.0
2041.0 -19970304.0
2042.0 -22288452.0
2043.0 -24247924.0
2044.0 -25908096.0
2045.0 -28264420.0
2046.0 -30100404.0
2047.0 0.0
