string
0.0 1673626.8
1.0 1787982.6
2.0 1637705.0
3.0 1786318.6
4.0 1903378.8
5.0 1989310.1
6.0 1703637.5
7.0 1830219.8
8.0 1930212.0
9.0 1828580.0
10.0 1872413.0
11.0 1414825.6
12.0 1269524.0
13.0 1107813.2
14.0 1645706.1
15.0 1694451.4
16.0 1646407.4
17.0 1893268.9
18.0 2277602.0
19.0 2187273.5
20.0 1928058.0
21.0 2159986.5
22.0 2363514.8
23.0 2140874.8
24.0 1713584.0
25.0 1644485.2
26.0 1662737.5
27.0 1465408.9
28.0 1607979.8
29.0 2043160.0
30.0 2079707.6
31.0 2040644.0
32.0 1598774.9
33.0 1607339.0
34.0 1684098.0
35.0 1646454.8
36.0 2080286.2
37.0 2280972.0
38.0 2623156.5
39.0 2329788.8
40.0 2364085.5
41.0 2499279.8
42.0 2397425.5
43.0 2433727.2
44.0 2825257.2
45.0 2738391.0
46.0 2491349.0
47.0 1959594.4
48.0 1713841.0
49.0 1367918.9
50.0 1329876.0
51.0 1073878.2
52.0 1474883.9
53.0 1598242.8
54.0 1396773.0
55.0 1450776.1
56.0 1567100.0
57.0 1857914.5
58.0 1702803.1
59.0 1949372.6
60.0 2333145.8
61.0 2667055.2
62.0 3040702.2
63.0 3351079.5
64.0 2809727.5
65.0 2659702.0
66.0 2705242.2
67.0 2260360.2
68.0 2115615.8
69.0 2113434.2
70.0 2199809.0
71.0 2485151.5
72.0 2325709.8
73.0 2252226.2
74.0 2760944.5
75.0 2825071.2
76.0 3179232.2
77.0 3687516.2
78.0 3078106.2
79.0 3422807.8
80.0 3843733.5
81.0 4093877.8
82.0 3595078.0
83.0 3419397.2
84.0 3993556.2
85.0 3296188.8
86.0 2501684.5
87.0 2327173.5
88.0 2556751.0
89.0 2755456.0
90.0 3131204.5
91.0 3347750.2
92.0 2897498.8
93.0 2467544.0
94.0 2983264.0
95.0 4258169.5
96.0 5064285.5
97.0 6247639.5
98.0 6931532.0
99.0 7113214.0
100.0 5772972.5
101.0 3369695.5
102.0 1869039.5
103.0 1583467.2
104.0 1133791.1
105.0 1245770.2
106.0 1447401.9
107.0 1345417.2
108.0 1269346.4
109.0 1182256.6
110.0 1344433.6
111.0 1274715.0
112.0 1440726.1
113.0 1233062.0
114.0 1196946.8
115.0 1324583.6
116.0 1634813.6
117.0 2282143.5
118.0 3181681.2
119.0 3897385.2
120.0 3286853.8
121.0 3268048.5
122.0 3429775.2
123.0 4770972.5
124.0 6166339.0
125.0 5342277.0
126.0 4762519.0
127.0 5069186.0
128.0 4831738.0
129.0 4826185.0
130.0 5883102.5
131.0 6031479.5
132.0 5304887.0
133.0 4098412.0
134.0 2686697.2
135.0 1306940.0
136.0 1214062.8
137.0 1348031.5
138.0 1279567.2
139.0 1088922.8
140.0 1001318.9
141.0 602382.44
142.0 685676.6
143.0 582462.94
144.0 941863.25
145.0 831271.3
146.0 788582.56
147.0 831156.94
148.0 613066.1
149.0 815350.1
150.0 787352.4
151.0 425114.22
152.0 469738.56
153.0 839176.75
154.0 919617.8
155.0 1314998.9
156.0 1319866.5
157.0 2457400.2
158.0 4633074.5
159.0 6417026.0
160.0 6974387.0
161.0 7515695.5
162.0 5936622.5
163.0 3907954.0
164.0 2968806.5
165.0 2365837.5
166.0 2314853.0
167.0 2259936.0
168.0 2033881.4
169.0 2743172.2
170.0 3163999.8
171.0 3368953.0
172.0 3560337.0
173.0 3316845.2
174.0 3310487.5
175.0 3288846.0
176.0 2727418.8
177.0 2839644.8
178.0 3618492.5
179.0 5178406.5
180.0 8324837.5
181.0 12014559.0
182.0 15226386.0
183.0 15276831.0
184.0 12703701.0
185.0 9319770.0
186.0 6870385.5
187.0 4526916.5
188.0 3265885.0
189.0 3405370.0
190.0 2621675.2
191.0 2195774.8
192.0 2102602.2
193.0 1960531.1
194.0 1535853.1
195.0 1618703.6
196.0 1712172.5
197.0 1341644.2
198.0 1033485.25
199.0 999198.7
200.0 1175534.5
201.0 1209788.2
202.0 1008309.44
203.0 996017.4
204.0 1121864.5
205.0 1243503.4
206.0 1251732.1
207.0 1076564.5
208.0 1081419.2
209.0 1096644.8
210.0 1209341.0
211.0 1101360.6
212.0 1433454.0
213.0 1644116.9
214.0 2126910.8
215.0 2162133.5
216.0 2515204.5
217.0 3813619.8
218.0 6240233.0
219.0 8084207.0
220.0 9619412.0
221.0 9651136.0
222.0 8384635.5
223.0 6621798.0
224.0 4175964.0
225.0 3020098.0
226.0 2331332.5
227.0 2123942.2
228.0 2408788.5
229.0 1861620.6
230.0 1385237.6
231.0 1031532.8
232.0 1234309.8
233.0 1463888.8
234.0 1235821.0
235.0 1070800.5
236.0 1037370.25
237.0 1009378.25
238.0 1150126.8
239.0 876845.9
240.0 690618.25
241.0 662473.2
242.0 716851.25
243.0 716222.56
244.0 1249384.4
245.0 1719086.0
246.0 1911717.5
247.0 1989059.0
248.0 2525503.0
249.0 3095519.8
250.0 4217431.0
251.0 5137966.0
252.0 5908934.5
253.0 7921063.0
254.0 8095431.0
255.0 6091102.0
256.0 4449734.0
257.0 3328621.5
258.0 2311742.0
259.0 1674542.2
260.0 1445574.8
261.0 1783653.8
262.0 1548549.4
263.0 1452626.1
264.0 1115081.8
265.0 1151551.0
266.0 909706.56
267.0 1081800.5
268.0 666609.75
269.0 411817.53
270.0 490617.97
271.0 559167.1
272.0 504744.38
273.0 672915.5
274.0 527617.0
275.0 448089.0
276.0 567925.4
277.0 1048908.4
278.0 1073530.5
279.0 1034734.3
280.0 1121021.1
281.0 1050928.9
282.0 1255398.9
283.0 1127043.6
284.0 955076.9
285.0 1152245.4
286.0 989649.25
287.0 904635.9
288.0 868389.5
289.0 1029707.75
290.0 1093390.1
291.0 1019717.44
292.0 884493.6
293.0 834439.44
294.0 788853.5
295.0 777740.1
296.0 786923.75
297.0 772190.25
298.0 868955.75
299.0 806219.06
300.0 1059327.0
301.0 1002068.4
302.0 1383422.0
303.0 1267830.6
304.0 1170352.8
305.0 1134599.5
306.0 1008775.6
307.0 1027461.6
308.0 993904.5
309.0 1004815.3
310.0 1029133.2
311.0 1009831.75
312.0 1167710.8
313.0 1677777.2
314.0 1805502.4
315.0 1379342.5
316.0 1013824.0
317.0 903544.0
318.0 1291884.2
319.0 1190642.8
320.0 1617134.9
321.0 1707253.8
322.0 2131044.5
323.0 1827898.2
324.0 1412179.5
325.0 1202002.0
326.0 1754181.2
327.0 1947246.5
328.0 1802321.0
329.0 2501436.2
330.0 3794085.0
331.0 4859221.0
332.0 5309800.0
333.0 5955319.0
334.0 5717533.0
335.0 4831094.0
336.0 3976936.2
337.0 3219454.8
338.0 2520454.2
339.0 1988082.0
340.0 1514038.2
341.0 1979925.8
342.0 1659673.6
343.0 1411689.0
344.0 1482738.8
345.0 1088811.4
346.0 1185631.8
347.0 1332071.5
348.0 1196293.2
349.0 966070.6
350.0 1038836.2
351.0 1006050.6
352.0 934603.4
353.0 755623.0
354.0 793411.75
355.0 1014558.5
356.0 801081.3
357.0 1037535.75
358.0 1145173.5
359.0 1541494.4
360.0 1579557.6
361.0 1055297.6
362.0 983178.75
363.0 931761.4
364.0 1207457.0
365.0 2098219.0
366.0 2535482.0
367.0 2971774.5
368.0 3543182.5
369.0 3702621.2
370.0 3166185.0
371.0 2251647.5
372.0 1788894.8
373.0 2292797.2
374.0 2142414.0
375.0 2114142.0
376.0 1878273.9
377.0 1607778.0
378.0 1505451.1
379.0 1307368.1
380.0 1206355.5
381.0 1273335.9
382.0 1018844.7
383.0 1365170.0
384.0 903255.3
385.0 552871.0
386.0 815359.94
387.0 816735.6
388.0 729579.44
389.0 1003599.5
390.0 1224643.1
391.0 1081547.2
392.0 1115249.5
393.0 1231934.8
394.0 1407613.6
395.0 1686628.9
396.0 2025913.2
397.0 2221872.8
398.0 2251688.0
399.0 2272689.0
400.0 1928417.8
401.0 1444337.6
402.0 1270152.2
403.0 1536234.8
404.0 1563875.6
405.0 1317264.8
406.0 1356991.0
407.0 1786822.8
408.0 2392117.5
409.0 2924783.8
410.0 2892055.0
411.0 2821713.8
412.0 2126663.5
413.0 1755651.9
414.0 1629411.5
415.0 2456508.5
416.0 2419178.5
417.0 2043803.0
418.0 2435894.0
419.0 3076695.5
420.0 2725568.5
421.0 2141588.0
422.0 1876333.0
423.0 1510128.8
424.0 1416903.1
425.0 1384496.9
426.0 1308060.8
427.0 1562761.8
428.0 1499179.8
429.0 1340178.1
430.0 1546336.4
431.0 1429363.2
432.0 1189095.5
433.0 1431217.6
434.0 1306271.0
435.0 1134456.2
436.0 1176996.0
437.0 1856441.8
438.0 1563905.6
439.0 1010479.75
440.0 1251915.1
441.0 1362046.5
442.0 1218921.0
443.0 1245738.0
444.0 1489316.0
445.0 1373238.0
446.0 1206030.1
447.0 1188298.0
448.0 1111690.5
449.0 804310.3
450.0 1000256.56
451.0 1402711.0
452.0 1974795.5
453.0 2603054.5
454.0 2848912.8
455.0 2090313.6
456.0 1413551.5
457.0 1467136.5
458.0 1386070.5
459.0 1127557.6
460.0 870308.25
461.0 1067736.4
462.0 1309691.5
463.0 1651101.9
464.0 1870105.2
465.0 1946718.2
466.0 2164734.8
467.0 1874690.2
468.0 1859684.9
469.0 2032539.9
470.0 1834201.0
471.0 2117245.5
472.0 2178745.2
473.0 1761757.5
474.0 1780844.5
475.0 1601340.2
476.0 1552044.5
477.0 1648541.9
478.0 1197649.2
479.0 992792.1
480.0 991042.1
481.0 1203484.9
482.0 750111.2
483.0 942045.0
484.0 1140950.6
485.0 1220979.2
486.0 1075985.1
487.0 902455.0
488.0 948280.06
489.0 835382.4
490.0 583898.5
491.0 358881.6
492.0 464052.12
493.0 522606.28
494.0 446966.84
495.0 653847.44
496.0 718594.1
497.0 886629.25
498.0 1013602.4
499.0 1027515.06
500.0 995467.8
501.0 1431222.8
502.0 1333874.2
503.0 1464456.8
504.0 1518787.8
505.0 1775242.6
506.0 2031242.4
507.0 1899062.4
508.0 1374659.9
509.0 1195705.1
510.0 1532406.0
511.0 1529255.8
512.0 1285254.0
513.0 1429622.0
514.0 1304971.2
515.0 1315904.4
516.0 1120103.5
517.0 948299.75
518.0 944019.6
519.0 939274.5
520.0 884319.5
521.0 1233053.8
522.0 1271341.8
523.0 945641.1
524.0 967523.5
525.0 683079.94
526.0 448081.62
527.0 680607.56
528.0 1113507.6
529.0 1086889.2
530.0 1088986.2
531.0 1141829.5
532.0 1418517.4
533.0 1619916.0
534.0 1547848.1
535.0 1767384.2
536.0 1678470.5
537.0 2233142.8
538.0 2353529.8
539.0 2468664.5
540.0 2233694.0
541.0 2225879.0
542.0 2024629.9
543.0 1516389.2
544.0 1061906.9
545.0 1324524.4
546.0 1464285.0
547.0 1322341.4
548.0 1168289.2
549.0 1082036.2
550.0 935124.4
551.0 900035.3
552.0 875661.3
553.0 978380.6
554.0 1260005.5
555.0 1233494.5
556.0 1406690.0
557.0 1602949.5
558.0 1232219.4
559.0 1443088.6
560.0 1657371.8
561.0 1631785.8
562.0 1542485.5
563.0 1607121.2
564.0 1429248.1
565.0 1266825.8
566.0 1323733.0
567.0 1407164.2
568.0 992890.3
569.0 961739.5
570.0 887641.3
571.0 882973.1
572.0 686581.75
573.0 947804.9
574.0 1191759.4
575.0 1234637.0
576.0 1098911.5
577.0 1527434.9
578.0 1768398.8
579.0 1259743.6
580.0 854039.9
581.0 1199236.8
582.0 1309221.4
583.0 1298239.2
584.0 1478103.8
585.0 1514451.2
586.0 1439749.9
587.0 1303875.5
588.0 1266697.6
589.0 1190456.4
590.0 1163217.1
591.0 1160904.8
592.0 1087170.0
593.0 1110127.4
594.0 1065634.2
595.0 1178381.5
596.0 1239970.4
597.0 1023958.5
598.0 983528.6
599.0 766694.94
600.0 915396.75
601.0 1240144.1
602.0 1273746.1
603.0 1228761.6
604.0 1133767.8
605.0 866051.4
606.0 955657.1
607.0 963115.4
608.0 1142809.2
609.0 1129249.2
610.0 812788.7
611.0 998642.4
612.0 1596244.2
613.0 1527558.2
614.0 1370830.1
615.0 1016306.1
616.0 881133.8
617.0 761706.25
618.0 705298.44
619.0 844412.8
620.0 1240887.1
621.0 1096497.0
622.0 982161.5
623.0 1026441.4
624.0 1046983.75
625.0 1089694.4
626.0 1094096.4
627.0 806971.9
628.0 974858.6
629.0 957649.25
630.0 925408.4
631.0 1027231.9
632.0 1150597.0
633.0 1319786.9
634.0 1302983.4
635.0 1312930.1
636.0 964950.25
637.0 826045.75
638.0 1066808.9
639.0 824001.8
640.0 1075889.2
641.0 1114605.0
642.0 996574.75
643.0 893901.0
644.0 859325.3
645.0 1071094.9
646.0 1048597.4
647.0 1233278.6
648.0 987997.2
649.0 993438.1
650.0 956436.75
651.0 883634.06
652.0 729069.1
653.0 622948.5
654.0 702797.0
655.0 730172.1
656.0 992740.6
657.0 1175336.0
658.0 1035355.3
659.0 987059.0
660.0 1063393.4
661.0 1463979.2
662.0 1232551.4
663.0 1139273.5
664.0 989979.75
665.0 1004159.1
666.0 792885.06
667.0 762396.0
668.0 683449.9
669.0 957675.25
670.0 1186918.4
671.0 1418506.1
672.0 1705802.0
673.0 1762787.0
674.0 1972171.1
675.0 1896054.4
676.0 1699079.9
677.0 1309077.6
678.0 1354800.0
679.0 1236040.6
680.0 1287810.1
681.0 1154634.0
682.0 998344.06
683.0 724336.9
684.0 809213.44
685.0 920615.0
686.0 956863.8
687.0 1033251.6
688.0 1083002.8
689.0 1347963.2
690.0 1245796.6
691.0 1326006.4
692.0 1327583.9
693.0 1068091.6
694.0 1362843.2
695.0 1556794.0
696.0 1386311.4
697.0 1056939.9
698.0 1351235.8
699.0 1274103.6
700.0 1042972.2
701.0 650394.06
702.0 667469.94
703.0 805634.5
704.0 915426.8
705.0 1115664.5
706.0 1155096.6
707.0 1202555.4
708.0 1033714.5
709.0 963198.8
710.0 1071783.0
711.0 866889.75
712.0 695907.9
713.0 834858.06
714.0 1042167.44
715.0 955290.94
716.0 1101981.8
717.0 902291.3
718.0 899330.5
719.0 841859.4
720.0 1094950.8
721.0 970838.4
722.0 1008033.9
723.0 1215106.8
724.0 1344723.2
725.0 1054775.6
726.0 1090289.5
727.0 1127800.2
728.0 1112735.5
729.0 931948.7
730.0 1030068.75
731.0 1194880.8
732.0 1101713.5
733.0 1040633.4
734.0 801361.3
735.0 728733.9
736.0 1021620.3
737.0 985379.94
738.0 853426.6
739.0 1042585.6
740.0 1118299.4
741.0 1054916.0
742.0 652564.44
743.0 847007.56
744.0 924268.8
745.0 1100766.0
746.0 1245848.9
747.0 1505228.8
748.0 1410824.5
749.0 1080940.1
750.0 1573543.8
751.0 1696813.8
752.0 1659632.8
753.0 1731810.8
754.0 1763901.4
755.0 1551333.8
756.0 1183155.0
757.0 1159064.4
758.0 1086948.6
759.0 958681.2
760.0 911307.8
761.0 682289.4
762.0 899356.25
763.0 933048.8
764.0 736768.75
765.0 1308523.6
766.0 1283353.2
767.0 1248500.1
768.0 1118187.4
769.0 1051447.0
770.0 1017160.25
771.0 1045708.5
772.0 1298445.8
773.0 1142481.1
774.0 1284033.4
775.0 968802.8
776.0 1160699.5
777.0 1270109.5
778.0 807210.9
779.0 967172.6
780.0 886046.8
781.0 930116.5
782.0 1254546.5
783.0 981687.8
784.0 978945.56
785.0 996965.6
786.0 871324.94
787.0 1083878.9
788.0 884560.94
789.0 835782.6
790.0 1033820.3
791.0 1345875.6
792.0 1270794.8
793.0 1210855.8
794.0 1042498.25
795.0 999552.6
796.0 1153816.0
797.0 1223173.4
798.0 1413104.2
799.0 1535312.4
800.0 1260684.9
801.0 914136.94
802.0 1003169.75
803.0 1179843.0
804.0 1389292.4
805.0 1065085.9
806.0 1205244.8
807.0 1117896.8
808.0 953421.56
809.0 1044805.7
810.0 1016087.25
811.0 880071.25
812.0 1029927.5
813.0 929653.7
814.0 1001059.06
815.0 1097002.2
816.0 1322468.8
817.0 1347243.5
818.0 1101081.0
819.0 1408058.8
820.0 1391523.0
821.0 1193297.4
822.0 1237876.5
823.0 1317753.5
824.0 1671288.1
825.0 1741331.1
826.0 1532405.0
827.0 1247515.2
828.0 1185604.5
829.0 1197029.2
830.0 1342966.2
831.0 1224602.0
832.0 1204106.0
833.0 1198150.5
834.0 1084758.9
835.0 1308821.8
836.0 1158287.6
837.0 1078247.0
838.0 1148599.6
839.0 1141455.5
840.0 1300437.6
841.0 1453130.0
842.0 1304396.8
843.0 1141647.4
844.0 1090866.4
845.0 1374143.1
846.0 1198778.4
847.0 1135200.8
848.0 1428885.5
849.0 1267988.5
850.0 1396877.5
851.0 1281051.5
852.0 1267199.2
853.0 1163748.0
854.0 1194272.0
855.0 1076336.6
856.0 949703.25
857.0 980853.9
858.0 1166362.9
859.0 1229466.5
860.0 1291824.8
861.0 1472625.8
862.0 1398531.1
863.0 1669003.0
864.0 1394159.4
865.0 1422162.0
866.0 1365408.5
867.0 1279467.2
868.0 1384156.2
869.0 1502226.4
870.0 1259666.0
871.0 1158151.6
872.0 1359524.4
873.0 1139909.9
874.0 1135691.1
875.0 1099881.8
876.0 1153003.2
877.0 991419.1
878.0 1020176.4
879.0 1196637.1
880.0 1345927.6
881.0 1337695.0
882.0 1515765.8
883.0 1505264.2
884.0 1422815.1
885.0 1491600.1
886.0 1460933.6
887.0 1554074.9
888.0 1533443.1
889.0 1669866.5
890.0 1700182.2
891.0 1634364.5
892.0 1405106.0
893.0 1279962.0
894.0 1343901.9
895.0 1461572.0
896.0 1491166.5
897.0 1444596.0
898.0 1617345.0
899.0 1549461.2
900.0 1650763.5
901.0 1690736.1
902.0 1476118.9
903.0 1789163.5
904.0 2192267.0
905.0 1907598.0
906.0 1736931.2
907.0 1968094.0
908.0 1912262.5
909.0 1652560.2
910.0 1928018.5
911.0 1767670.5
912.0 1746549.2
913.0 1826833.0
914.0 1733497.2
915.0 2247467.0
916.0 2226257.2
917.0 2280301.2
918.0 2408058.5
919.0 2457368.2
920.0 2214873.5
921.0 2014043.5
922.0 1982358.9
923.0 2153280.8
924.0 2157411.5
925.0 2047350.2
926.0 2415478.5
927.0 2298427.5
928.0 2351804.8
929.0 2686136.0
930.0 2260800.5
931.0 2575685.5
932.0 2606133.0
933.0 2562297.0
934.0 2794734.8
935.0 2776939.8
936.0 2904869.8
937.0 2430801.0
938.0 2640474.5
939.0 2431902.8
940.0 2284602.2
941.0 2295088.5
942.0 2285682.0
943.0 2621875.2
944.0 2463889.5
945.0 2353513.8
946.0 2794624.8
947.0 2996572.5
948.0 3064012.2
949.0 3006353.0
950.0 2777226.0
951.0 2589510.8
952.0 2760027.0
953.0 2618069.2
954.0 2622361.0
955.0 2432385.2
956.0 2231586.8
957.0 2412877.8
958.0 2801781.5
959.0 2820978.8
960.0 2451477.0
961.0 2571158.0
962.0 2817073.8
963.0 2918330.2
964.0 2891967.2
965.0 3029603.0
966.0 3007257.5
967.0 3009880.2
968.0 3146069.0
969.0 3009694.8
970.0 3256886.0
971.0 3382706.0
972.0 3657264.8
973.0 4195564.0
974.0 4113503.0
975.0 3879000.5
976.0 3749695.5
977.0 3925165.0
978.0 3935608.8
979.0 3795894.5
980.0 4250006.5
981.0 4174963.5
982.0 4033298.8
983.0 4262244.0
984.0 4806391.5
985.0 5279194.5
986.0 6138292.5
987.0 7516285.0
988.0 8749339.0
989.0 9985649.0
990.0 10213937.0
991.0 9928548.0
992.0 9184018.0
993.0 8224015.5
994.0 8354676.0
995.0 8183786.0
996.0 7524655.0
997.0 7397196.0
998.0 7625550.5
999.0 7494737.0
1000.0 7479525.5
1001.0 7530815.0
1002.0 7708631.0
1003.0 7905509.5
1004.0 9210297.0
1005.0 10211504.0
1006.0 9999511.0
1007.0 10444412.0
1008.0 10837705.0
1009.0 10170891.0
1010.0 10099686.0
1011.0 9616061.0
1012.0 8812476.0
1013.0 8492577.0
1014.0 8155667.5
1015.0 7382616.0
1016.0 6192432.0
1017.0 5524085.5
1018.0 5079813.0
1019.0 4441812.0
1020.0 4442509.0
1021.0 4067987.2
1022.0 3525158.8
1023.0 3594981.5
1024.0 3512772.2
1025.0 3410999.8
1026.0 3016845.5
1027.0 3162733.0
1028.0 3197932.0
1029.0 4042985.5
1030.0 4686898.0
1031.0 4896807.0
1032.0 5483832.0
1033.0 6491553.0
1034.0 7797310.0
1035.0 8766565.0
1036.0 10319673.0
1037.0 11395281.0
1038.0 12336419.0
1039.0 13335356.0
1040.0 13071940.0
1041.0 12608639.0
1042.0 11568794.0
1043.0 10605302.0
1044.0 10212345.0
1045.0 10094021.0
1046.0 10253151.0
1047.0 10777102.0
1048.0 10131600.0
1049.0 10690056.0
1050.0 12596195.0
1051.0 13702209.0
1052.0 14843542.0
1053.0 15035479.0
1054.0 15055964.0
1055.0 14030074.0
1056.0 14257518.0
1057.0 14473246.0
1058.0 16520001.0
1059.0 21911824.0
1060.0 30337036.0
1061.0 43815104.0
1062.0 63658584.0
1063.0 87183380.0
1064.0 110464620.0
1065.0 127304480.0
1066.0 131323720.0
1067.0 113013140.0
1068.0 83422990.0
1069.0 54982036.0
1070.0 37188076.0
1071.0 27824164.0
1072.0 21627240.0
1073.0 18326534.0
1074.0 16326366.0
1075.0 13872844.0
1076.0 12389745.0
1077.0 10856361.0
1078.0 9556499.0
1079.0 8205998.0
1080.0 7210052.5
1081.0 5842218.0
1082.0 4795583.0
1083.0 5092610.0
1084.0 5455076.0
1085.0 4961368.0
1086.0 5319595.5
1087.0 5352356.0
1088.0 5247218.0
1089.0 5936680.5
1090.0 6365379.0
1091.0 7386901.0
1092.0 8050317.5
1093.0 7697296.0
1094.0 6667052.5
1095.0 6140657.0
1096.0 5568140.0
1097.0 5605337.5
1098.0 5857970.5
1099.0 5970797.0
1100.0 6184812.0
1101.0 6275909.5
1102.0 7182309.0
1103.0 7829911.0
1104.0 9521616.0
1105.0 12902394.0
1106.0 17867304.0
1107.0 28405262.0
1108.0 43851104.0
1109.0 63964976.0
1110.0 82974710.0
1111.0 101147570.0
1112.0 114147470.0
1113.0 111731200.0
1114.0 93022610.0
1115.0 64613100.0
1116.0 40786012.0
1117.0 28067962.0
1118.0 21197500.0
1119.0 16343239.0
1120.0 13053751.0
1121.0 11077660.0
1122.0 9239404.0
1123.0 8484454.0
1124.0 7469871.0
1125.0 6408302.0
1126.0 5632854.0
1127.0 4787296.0
1128.0 3729362.8
1129.0 2892687.5
1130.0 2521828.2
1131.0 2241395.2
1132.0 2236069.8
1133.0 2306960.5
1134.0 2865834.8
1135.0 3264018.8
1136.0 3288906.5
1137.0 3602578.5
1138.0 4069272.8
1139.0 4277127.0
1140.0 4629740.0
1141.0 4305879.0
1142.0 3147364.5
1143.0 2624876.5
1144.0 2360645.2
1145.0 2147947.8
1146.0 1886258.2
1147.0 1690182.2
1148.0 1463285.2
1149.0 1784588.1
1150.0 1870257.6
1151.0 2026711.8
1152.0 2011451.9
1153.0 2010908.2
1154.0 2028793.2
1155.0 1745368.0
1156.0 1927243.8
1157.0 1826872.2
1158.0 1562707.2
1159.0 1723324.2
1160.0 1455477.6
1161.0 1540689.8
1162.0 1765201.8
1163.0 1911737.8
1164.0 1766930.2
1165.0 1876764.8
1166.0 1950899.4
1167.0 1956817.5
1168.0 2099213.0
1169.0 2079180.1
1170.0 2368344.0
1171.0 2573624.2
1172.0 2563793.2
1173.0 2416157.2
1174.0 2293848.5
1175.0 2182504.2
1176.0 2317612.0
1177.0 2501334.8
1178.0 2476486.0
1179.0 2507986.0
1180.0 2435399.2
1181.0 2481112.8
1182.0 2703354.0
1183.0 2667183.8
1184.0 2936190.2
1185.0 3317929.8
1186.0 3818993.8
1187.0 3924639.5
1188.0 3595031.0
1189.0 3644792.2
1190.0 4033942.2
1191.0 4632727.5
1192.0 4571377.0
1193.0 4502015.5
1194.0 4811464.0
1195.0 4224350.5
1196.0 3561700.0
1197.0 3130393.8
1198.0 3348449.8
1199.0 3381895.2
1200.0 3281567.2
1201.0 2916929.0
1202.0 3199331.2
1203.0 3201201.0
1204.0 3479898.5
1205.0 3626018.8
1206.0 3483206.2
1207.0 3076192.0
1208.0 3096809.0
1209.0 3250117.8
1210.0 3464896.0
1211.0 3562640.2
1212.0 3972776.0
1213.0 4720708.5
1214.0 5256433.0
1215.0 5949420.5
1216.0 6324929.5
1217.0 6515597.5
1218.0 6058844.0
1219.0 5146374.0
1220.0 4345199.0
1221.0 3796623.8
1222.0 3927931.0
1223.0 3670656.5
1224.0 4002387.5
1225.0 4509285.0
1226.0 4307810.0
1227.0 4472302.5
1228.0 5051558.5
1229.0 5187217.0
1230.0 5129434.0
1231.0 5397244.5
1232.0 6004644.0
1233.0 5877868.0
1234.0 5857282.5
1235.0 6553335.5
1236.0 7012006.0
1237.0 8738350.0
1238.0 11649306.0
1239.0 14606505.0
1240.0 16529868.0
1241.0 18461218.0
1242.0 20723168.0
1243.0 22558568.0
1244.0 21082158.0
1245.0 19507244.0
1246.0 16949372.0
1247.0 11769070.0
1248.0 8499552.0
1249.0 6967945.5
1250.0 6018735.0
1251.0 5903887.0
1252.0 5798823.0
1253.0 6011607.5
1254.0 5979106.0
1255.0 5395344.0
1256.0 5448425.5
1257.0 6289039.5
1258.0 6553803.0
1259.0 6294565.0
1260.0 6687105.5
1261.0 7534015.0
1262.0 8752249.0
1263.0 10060588.0
1264.0 11818241.0
1265.0 14363529.0
1266.0 16013351.0
1267.0 16509448.0
1268.0 18039318.0
1269.0 18237144.0
1270.0 16640338.0
1271.0 14562624.0
1272.0 14087865.0
1273.0 13879118.0
1274.0 15170585.0
1275.0 16017356.0
1276.0 15572536.0
1277.0 13283884.0
1278.0 11720990.0
1279.0 10264180.0
1280.0 9927155.0
1281.0 10970308.0
1282.0 11552231.0
1283.0 12052230.0
1284.0 13341711.0
1285.0 14143404.0
1286.0 15025920.0
1287.0 14940168.0
1288.0 12925218.0
1289.0 12882486.0
1290.0 13336290.0
1291.0 12883994.0
1292.0 12812304.0
1293.0 13127814.0
1294.0 13650838.0
1295.0 14665625.0
1296.0 15361341.0
1297.0 14784994.0
1298.0 13760400.0
1299.0 13063235.0
1300.0 13475549.0
1301.0 14973701.0
1302.0 16050902.0
1303.0 17362446.0
1304.0 19953180.0
1305.0 20301268.0
1306.0 21044452.0
1307.0 23820276.0
1308.0 27396576.0
1309.0 30341432.0
1310.0 33122624.0
1311.0 32366216.0
1312.0 30320376.0
1313.0 29173480.0
1314.0 28937384.0
1315.0 28794998.0
1316.0 28530292.0
1317.0 29340624.0
1318.0 30492650.0
1319.0 31972028.0
1320.0 33159958.0
1321.0 33213832.0
1322.0 33540190.0
1323.0 34692836.0
1324.0 34511010.0
1325.0 36340016.0
1326.0 38928164.0
1327.0 42909710.0
1328.0 46088010.0
1329.0 48433716.0
1330.0 51838824.0
1331.0 55690084.0
1332.0 59260444.0
1333.0 61356496.0
1334.0 62444776.0
1335.0 62283220.0
1336.0 62683076.0
1337.0 63146400.0
1338.0 64941524.0
1339.0 65373756.0
1340.0 64886524.0
1341.0 63246696.0
1342.0 59792440.0
1343.0 55716930.0
1344.0 52709364.0
1345.0 50614050.0
1346.0 48958724.0
1347.0 47019984.0
1348.0 46933120.0
1349.0 47266916.0
1350.0 48992024.0
1351.0 48842210.0
1352.0 50256500.0
1353.0 52733850.0
1354.0 56236120.0
1355.0 57934810.0
1356.0 58853520.0
1357.0 58757150.0
1358.0 57673700.0
1359.0 56661130.0
1360.0 55969944.0
1361.0 56488300.0
1362.0 56878164.0
1363.0 61327130.0
1364.0 67154960.0
1365.0 77543030.0
1366.0 92267510.0
1367.0 107606280.0
1368.0 126422730.0
1369.0 148954020.0
1370.0 168841360.0
1371.0 184678200.0
1372.0 199737660.0
1373.0 213114620.0
1374.0 219690080.0
1375.0 212508060.0
1376.0 193505500.0
1377.0 169852660.0
1378.0 149851220.0
1379.0 136746050.0
1380.0 124777050.0
1381.0 114050440.0
1382.0 108344640.0
1383.0 102891910.0
1384.0 100209790.0
1385.0 96034710.0
1386.0 90822000.0
1387.0 83462430.0
1388.0 76194180.0
1389.0 68593500.0
1390.0 62347960.0
1391.0 55318864.0
1392.0 47736156.0
1393.0 43125170.0
1394.0 38513150.0
1395.0 36801696.0
1396.0 36894110.0
1397.0 37195012.0
1398.0 39327910.0
1399.0 42873936.0
1400.0 46227590.0
1401.0 50683004.0
1402.0 54833590.0
1403.0 59018750.0
1404.0 66404116.0
1405.0 77825850.0
1406.0 86654520.0
1407.0 96622370.0
1408.0 112469310.0
1409.0 131904200.0
1410.0 151638500.0
1411.0 175430080.0
1412.0 201277740.0
1413.0 227780800.0
1414.0 249676260.0
1415.0 267277760.0
1416.0 277605440.0
1417.0 274121020.0
1418.0 252818540.0
1419.0 208530100.0
1420.0 154282430.0
1421.0 110096290.0
1422.0 79424170.0
1423.0 61951996.0
1424.0 50705100.0
1425.0 42089150.0
1426.0 35247044.0
1427.0 31024044.0
1428.0 27551470.0
1429.0 22821216.0
1430.0 20087718.0
1431.0 17231726.0
1432.0 14921092.0
1433.0 13300015.0
1434.0 10900478.0
1435.0 9702371.0
1436.0 8400886.0
1437.0 8410626.0
1438.0 8905000.0
1439.0 8965412.0
1440.0 9039098.0
1441.0 9109234.0
1442.0 9287217.0
1443.0 9309287.0
1444.0 8669468.0
1445.0 7890839.5
1446.0 8025832.5
1447.0 8118369.5
1448.0 8517853.0
1449.0 9516236.0
1450.0 10449519.0
1451.0 11909154.0
1452.0 12476786.0
1453.0 13204826.0
1454.0 13209505.0
1455.0 13537498.0
1456.0 14448785.0
1457.0 15012010.0
1458.0 15642891.0
1459.0 16991858.0
1460.0 17756288.0
1461.0 17533494.0
1462.0 17368876.0
1463.0 18172382.0
1464.0 18912700.0
1465.0 18404738.0
1466.0 17937582.0
1467.0 17079704.0
1468.0 15994805.0
1469.0 16525131.0
1470.0 17223772.0
1471.0 18710634.0
1472.0 19638724.0
1473.0 19921130.0
1474.0 18593156.0
1475.0 17181788.0
1476.0 16264516.0
1477.0 15637169.0
1478.0 16450335.0
1479.0 15547871.0
1480.0 14785550.0
1481.0 15477249.0
1482.0 17116924.0
1483.0 18559958.0
1484.0 20362348.0
1485.0 22320710.0
1486.0 25337608.0
1487.0 27725772.0
1488.0 31499882.0
1489.0 35853510.0
1490.0 39557476.0
1491.0 42675584.0
1492.0 45810896.0
1493.0 48417956.0
1494.0 49831110.0
1495.0 49919156.0
1496.0 49894620.0
1497.0 49239796.0
1498.0 48508910.0
1499.0 47540670.0
1500.0 45911510.0
1501.0 43958936.0
1502.0 40737410.0
1503.0 34837412.0
1504.0 30114610.0
1505.0 25633104.0
1506.0 22445524.0
1507.0 21017632.0
1508.0 21482132.0
1509.0 23719488.0
1510.0 25943962.0
1511.0 27359976.0
1512.0 27463558.0
1513.0 28305048.0
1514.0 30662808.0
1515.0 32925284.0
1516.0 35008484.0
1517.0 36881290.0
1518.0 38368292.0
1519.0 39801050.0
1520.0 41901476.0
1521.0 45920604.0
1522.0 49449304.0
1523.0 51049276.0
1524.0 52992190.0
1525.0 56234584.0
1526.0 61130640.0
1527.0 64566420.0
1528.0 67314750.0
1529.0 69229090.0
1530.0 72800530.0
1531.0 72267330.0
1532.0 67626810.0
1533.0 61424756.0
1534.0 51358170.0
1535.0 43128530.0
1536.0 35500172.0
1537.0 28239744.0
1538.0 23359648.0
1539.0 19771998.0
1540.0 19433460.0
1541.0 19248912.0
1542.0 19826544.0
1543.0 21640630.0
1544.0 24788790.0
1545.0 26342000.0
1546.0 28260502.0
1547.0 29949748.0
1548.0 30913478.0
1549.0 34067884.0
1550.0 39517024.0
1551.0 45205644.0
1552.0 49835930.0
1553.0 52719116.0
1554.0 54089776.0
1555.0 55862696.0
1556.0 61979300.0
1557.0 66824080.0
1558.0 70440696.0
1559.0 75260020.0
1560.0 80129430.0
1561.0 79000340.0
1562.0 68851890.0
1563.0 57613336.0
1564.0 46808600.0
1565.0 39582184.0
1566.0 35453330.0
1567.0 35447270.0
1568.0 37886148.0
1569.0 38258428.0
1570.0 39053544.0
1571.0 39540464.0
1572.0 38494576.0
1573.0 36318264.0
1574.0 35136770.0
1575.0 34397090.0
1576.0 30869476.0
1577.0 26086388.0
1578.0 20785292.0
1579.0 16524959.0
1580.0 14454640.0
1581.0 13884561.0
1582.0 13089665.0
1583.0 14170732.0
1584.0 15041360.0
1585.0 14687189.0
1586.0 14692110.0
1587.0 15227411.0
1588.0 15068092.0
1589.0 14955079.0
1590.0 15944662.0
1591.0 16646719.0
1592.0 17126726.0
1593.0 17249056.0
1594.0 16944852.0
1595.0 16178579.0
1596.0 15223736.0
1597.0 14015484.0
1598.0 13418738.0
1599.0 13666572.0
1600.0 13991974.0
1601.0 13349999.0
1602.0 13297322.0
1603.0 13366238.0
1604.0 14911790.0
1605.0 16044136.0
1606.0 15750452.0
1607.0 16306945.0
1608.0 18200818.0
1609.0 20669424.0
1610.0 22967558.0
1611.0 24878118.0
1612.0 26701500.0
1613.0 28653630.0
1614.0 30554560.0
1615.0 34963890.0
1616.0 38687424.0
1617.0 40058892.0
1618.0 41069370.0
1619.0 42641460.0
1620.0 45438244.0
1621.0 47614400.0
1622.0 49514780.0
1623.0 53204590.0
1624.0 59085560.0
1625.0 62248980.0
1626.0 67663350.0
1627.0 69850480.0
1628.0 68557050.0
1629.0 65506320.0
1630.0 57456224.0
1631.0 45908256.0
1632.0 33450842.0
1633.0 24947860.0
1634.0 20685284.0
1635.0 17897792.0
1636.0 14849681.0
1637.0 14200506.0
1638.0 13581042.0
1639.0 12140028.0
1640.0 12017021.0
1641.0 11778579.0
1642.0 11735490.0
1643.0 11149762.0
1644.0 10275848.0
1645.0 10246192.0
1646.0 10890149.0
1647.0 10852322.0
1648.0 11176394.0
1649.0 10550399.0
1650.0 10205349.0
1651.0 9317866.0
1652.0 10369986.0
1653.0 11037549.0
1654.0 10580814.0
1655.0 10127106.0
1656.0 10366924.0
1657.0 9996820.0
1658.0 10076974.0
1659.0 9366862.0
1660.0 8073055.5
1661.0 8343372.0
1662.0 8197020.0
1663.0 7772905.0
1664.0 7931500.5
1665.0 7018295.0
1666.0 6871342.5
1667.0 7719451.0
1668.0 8669771.0
1669.0 8854459.0
1670.0 8070816.0
1671.0 7620431.0
1672.0 8580601.0
1673.0 9566792.0
1674.0 10019313.0
1675.0 10784998.0
1676.0 11397944.0
1677.0 11470838.0
1678.0 11377059.0
1679.0 10994620.0
1680.0 11537872.0
1681.0 12142602.0
1682.0 12669231.0
1683.0 13472744.0
1684.0 13265579.0
1685.0 12288821.0
1686.0 11503252.0
1687.0 10418492.0
1688.0 10096386.0
1689.0 9975787.0
1690.0 10332968.0
1691.0 11139035.0
1692.0 11710788.0
1693.0 12216606.0
1694.0 13010080.0
1695.0 12977648.0
1696.0 13231125.0
1697.0 13832338.0
1698.0 14045649.0
1699.0 13393632.0
1700.0 14813426.0
1701.0 16796624.0
1702.0 18395606.0
1703.0 17908018.0
1704.0 16819858.0
1705.0 16686106.0
1706.0 15274674.0
1707.0 14385936.0
1708.0 13542139.0
1709.0 13399864.0
1710.0 14027126.0
1711.0 13841990.0
1712.0 13462462.0
1713.0 13217206.0
1714.0 13179281.0
1715.0 12750892.0
1716.0 12196875.0
1717.0 11505115.0
1718.0 10743699.0
1719.0 10816674.0
1720.0 10270598.0
1721.0 9095076.0
1722.0 6588257.5
1723.0 4861309.0
1724.0 3814838.8
1725.0 3230959.8
1726.0 3110298.0
1727.0 3122325.5
1728.0 2703997.5
1729.0 2708849.8
1730.0 2736628.5
1731.0 2560005.2
1732.0 2707426.5
1733.0 2852425.0
1734.0 3140315.2
1735.0 3333832.8
1736.0 3319672.2
1737.0 3177993.5
1738.0 3545296.0
1739.0 3562994.0
1740.0 3838766.0
1741.0 4504023.0
1742.0 5190280.5
1743.0 5135916.0
1744.0 5181091.5
1745.0 5311295.0
1746.0 4510397.5
1747.0 3569892.2
1748.0 3862793.8
1749.0 4071716.5
1750.0 3782793.0
1751.0 3497787.5
1752.0 3769387.2
1753.0 4010778.0
1754.0 3723799.5
1755.0 3560933.8
1756.0 3243850.2
1757.0 3585597.2
1758.0 3683909.0
1759.0 3766342.5
1760.0 3978847.5
1761.0 4510109.5
1762.0 4474571.0
1763.0 4385095.5
1764.0 4512854.5
1765.0 4498289.0
1766.0 5231664.5
1767.0 5923727.5
1768.0 6061979.0
1769.0 6063347.0
1770.0 5779477.0
1771.0 5413549.0
1772.0 4851568.0
1773.0 4826199.0
1774.0 5119218.5
1775.0 4896540.0
1776.0 5650718.0
1777.0 5973150.0
1778.0 5381900.0
1779.0 5312482.0
1780.0 4859435.0
1781.0 4740455.5
1782.0 4053394.0
1783.0 4377786.0
1784.0 3801835.0
1785.0 3504482.5
1786.0 3528901.5
1787.0 3696163.5
1788.0 3990423.5
1789.0 3854132.8
1790.0 3541344.5
1791.0 3894724.5
1792.0 3967007.5
1793.0 4330382.0
1794.0 4680296.0
1795.0 4148425.2
1796.0 4828345.5
1797.0 4965729.5
1798.0 5226673.5
1799.0 5877204.5
1800.0 5793521.0
1801.0 5164913.0
1802.0 5287720.0
1803.0 5936560.5
1804.0 5988439.5
1805.0 5715578.0
1806.0 5557794.0
1807.0 6042493.0
1808.0 5320490.0
1809.0 4774639.0
1810.0 4855772.0
1811.0 4236947.0
1812.0 4096055.5
1813.0 3741504.0
1814.0 2980311.5
1815.0 2798530.2
1816.0 3120662.2
1817.0 2900970.0
1818.0 2944132.8
1819.0 3056457.8
1820.0 3292242.8
1821.0 3146079.5
1822.0 3315346.5
1823.0 3637014.8
1824.0 3418402.5
1825.0 3544465.5
1826.0 4607552.0
1827.0 5107209.5
1828.0 5306572.5
1829.0 5124771.0
1830.0 5724812.0
1831.0 6354279.0
1832.0 6684019.5
1833.0 7157888.0
1834.0 7034743.0
1835.0 6835545.0
1836.0 6733379.0
1837.0 6850602.5
1838.0 6762299.5
1839.0 6149322.5
1840.0 5375042.0
1841.0 5167183.0
1842.0 5001849.0
1843.0 5367826.0
1844.0 6082815.5
1845.0 6924628.0
1846.0 6844414.5
1847.0 7575729.5
1848.0 8383378.0
1849.0 9104128.0
1850.0 9791079.0
1851.0 10640952.0
1852.0 9372529.0
1853.0 9376564.0
1854.0 9458118.0
1855.0 9805046.0
1856.0 10857436.0
1857.0 9977216.0
1858.0 10492361.0
1859.0 10424447.0
1860.0 9383213.0
1861.0 9158632.0
1862.0 8261859.5
1863.0 8351571.0
1864.0 8797324.0
1865.0 8508788.0
1866.0 7874750.0
1867.0 7180137.0
1868.0 6332032.5
1869.0 5870284.5
1870.0 5643805.5
1871.0 5592395.5
1872.0 5692321.0
1873.0 5988035.5
1874.0 7021345.5
1875.0 7151322.0
1876.0 7444440.5
1877.0 7887894.0
1878.0 8686052.0
1879.0 9345216.0
1880.0 9368104.0
1881.0 9201035.0
1882.0 9045407.0
1883.0 9492957.0
1884.0 9536039.0
1885.0 9056158.0
1886.0 8321681.0
1887.0 7417144.5
1888.0 7599787.5
1889.0 7040457.0
1890.0 5764360.0
1891.0 5104589.0
1892.0 4824952.0
1893.0 4335169.5
1894.0 4912520.5
1895.0 4464180.0
1896.0 4142922.8
1897.0 3942131.0
1898.0 3955043.5
1899.0 4846591.0
1900.0 5910507.0
1901.0 6959106.0
1902.0 7673534.0
1903.0 9120209.0
1904.0 10310258.0
1905.0 11181809.0
1906.0 12111522.0
1907.0 12696535.0
1908.0 14441530.0
1909.0 16013316.0
1910.0 18610376.0
1911.0 19717842.0
1912.0 19202676.0
1913.0 19414854.0
1914.0 18247344.0
1915.0 17804712.0
1916.0 15493310.0
1917.0 12411212.0
1918.0 9084112.0
1919.0 7553237.0
1920.0 6190628.0
1921.0 5461244.5
1922.0 5120260.5
1923.0 5063456.0
1924.0 5125977.0
1925.0 5442017.5
1926.0 5766759.5
1927.0 6989914.5
1928.0 8827422.0
1929.0 8977608.0
1930.0 9560786.0
1931.0 10374748.0
1932.0 11238561.0
1933.0 12310100.0
1934.0 12973859.0
1935.0 14245978.0
1936.0 14810779.0
1937.0 15056935.0
1938.0 16088169.0
1939.0 16869018.0
1940.0 15847409.0
1941.0 13441768.0
1942.0 12047751.0
1943.0 8905298.0
1944.0 6273007.0
1945.0 4564596.0
1946.0 3814644.8
1947.0 3463782.8
1948.0 2847925.2
1949.0 2216885.8
1950.0 1949561.4
1951.0 2142209.0
1952.0 2036963.9
1953.0 1836875.0
1954.0 1662570.5
1955.0 1469851.1
1956.0 1377732.0
1957.0 1297532.5
1958.0 1108908.2
1959.0 1059132.8
1960.0 1258200.2
1961.0 976740.7
1962.0 937830.25
1963.0 1183482.1
1964.0 1093290.5
1965.0 1455534.0
1966.0 1594669.4
1967.0 1392479.8
1968.0 1109646.8
1969.0 1095448.0
1970.0 1006399.7
1971.0 760372.8
1972.0 732397.2
1973.0 818788.9
1974.0 865232.75
1975.0 937873.9
1976.0 1124844.2
1977.0 1352232.5
1978.0 1645592.0
1979.0 1483356.2
1980.0 1410514.4
1981.0 1224373.6
1982.0 1152040.2
1983.0 1374012.5
1984.0 1511395.0
1985.0 1441656.2
1986.0 1204280.1
1987.0 1736987.5
1988.0 1720241.5
1989.0 1751692.2
1990.0 1577490.0
1991.0 1591832.6
1992.0 1236014.9
1993.0 1263267.2
1994.0 1368543.2
1995.0 1697468.2
1996.0 1879752.6
1997.0 1721769.8
1998.0 1797141.1
1999.0 1688432.5
2000.0 1624976.4
2001.0 1512421.0
2002.0 1525389.8
2003.0 1592999.4
2004.0 1889832.4
2005.0 1707600.0
2006.0 1726086.8
2007.0 1488770.0
2008.0 1604066.0
2009.0 1851072.6
2010.0 1777167.2
2011.0 1472549.5
2012.0 1878223.5
2013.0 1901994.2
2014.0 1837004.8
2015.0 1759126.2
2016.0 1879601.1
2017.0 1697774.2
2018.0 1713838.2
2019.0 1741573.5
2020.0 489217.0
2021.0 -1175601.1
2022.0 -2836170.0
2023.0 -4791304.0
2024.0 -6563257.5
2025.0 -8272352.5
2026.0 -9851171.0
2027.0 -11197990.0
2028.0 -12700375.0
2029.0 -14819831.0
2030.0 -16930852.0
2031.0 -18585044.0
2032.0 -20171866.0
2033.0 -21628070.0
2034.0 -23954038.0
2035.0 -26246192.0
2036.0 -28385278.0
2037.0 -30100404.0
2038.0 0.0
2039.0 0.0
2040.0 0.0
2041.0 0.0
2042.0 0.0
2043.0 0.0
2044.0 0.0
2045.0 0.0
2046.0 0.0
2047.0 0.0
