string
0.0 1643348.6
1.0 2074536.2
2.0 2319042.8
3.0 2307667.0
4.0 2215193.5
5.0 2073605.0
6.0 2236518.2
7.0 2387649.8
8.0 2210292.0
9.0 2141119.5
10.0 2066900.0
11.0 1967042.4
12.0 2158948.5
13.0 2730035.2
14.0 2252274.8
15.0 2261726.5
16.0 2565714.8
17.0 2394556.0
18.0 2272730.0
19.0 2487997.8
20.0 2753480.2
21.0 2581964.0
22.0 2736632.2
23.0 2695098.5
24.0 2698286.0
25.0 2368395.5
26.0 2842543.8
27.0 2731307.8
28.0 2433337.8
29.0 2690360.2
30.0 2465894.5
31.0 2505649.2
32.0 2445599.8
33.0 2702558.8
34.0 2754983.0
35.0 2781805.0
36.0 2834330.0
37.0 2613107.8
38.0 2746385.0
39.0 2840893.8
40.0 2644273.0
41.0 2506256.2
42.0 2901338.5
43.0 3109647.2
44.0 2960549.0
45.0 3027917.5
46.0 2892647.5
47.0 2761037.8
48.0 2328139.0
49.0 2121064.0
50.0 1864424.4
51.0 2064410.6
52.0 2001888.6
53.0 2117366.0
54.0 2042557.4
55.0 2171324.5
56.0 2039472.8
57.0 2091973.9
58.0 1989816.1
59.0 2116840.2
60.0 2725956.5
61.0 3294443.0
62.0 3679422.0
63.0 3651283.8
64.0 3611215.2
65.0 3283884.0
66.0 2858508.8
67.0 2722047.5
68.0 3111721.2
69.0 2974182.8
70.0 2691998.5
71.0 2492357.0
72.0 2954301.2
73.0 3061118.0
74.0 3383060.0
75.0 3311411.0
76.0 3515234.5
77.0 4398024.0
78.0 5242983.0
79.0 4667833.5
80.0 5324585.0
81.0 4913546.5
82.0 4943044.0
83.0 4336362.0
84.0 3838758.5
85.0 3892667.5
86.0 3608406.0
87.0 3649545.5
88.0 3450429.5
89.0 3286394.5
90.0 3928591.0
91.0 3765051.2
92.0 3788194.0
93.0 3545705.5
94.0 3447181.0
95.0 4246679.5
96.0 5136270.5
97.0 6383778.0
98.0 8018210.0
99.0 7352540.0
100.0 5630859.5
101.0 4072389.8
102.0 2852607.0
103.0 1724343.1
104.0 1397316.1
105.0 1811419.2
106.0 2171807.5
107.0 1353751.0
108.0 1426400.0
109.0 1483452.5
110.0 1497857.5
111.0 1982847.6
112.0 2115667.0
113.0 1902163.6
114.0 1667755.0
115.0 2103885.2
116.0 2368312.8
117.0 2797055.5
118.0 3333147.0
119.0 4200855.5
120.0 5444457.0
121.0 6026040.5
122.0 5852735.0
123.0 6623134.5
124.0 6473200.0
125.0 6391187.0
126.0 6739142.0
127.0 6098406.0
128.0 6308530.5
129.0 6387951.0
130.0 5988108.0
131.0 5967390.5
132.0 5541587.0
133.0 4644352.0
134.0 3391079.5
135.0 2174542.2
136.0 1677288.1
137.0 1299726.5
138.0 988572.0
139.0 727730.6
140.0 1132521.4
141.0 1386246.8
142.0 1411332.4
143.0 1551628.8
144.0 1480331.2
145.0 1318157.0
146.0 815273.0
147.0 846634.25
148.0 1205721.5
149.0 1072752.1
150.0 929246.94
151.0 1045168.25
152.0 1200948.2
153.0 1250162.6
154.0 1321655.5
155.0 1740598.2
156.0 2728397.2
157.0 3853157.5
158.0 5384934.5
159.0 6972979.5
160.0 7302951.0
161.0 6923346.0
162.0 7032242.5
163.0 5775396.0
164.0 4437370.0
165.0 4055653.0
166.0 3968233.5
167.0 3030266.0
168.0 2898446.5
169.0 3718703.5
170.0 4425023.0
171.0 4105509.5
172.0 4490824.0
173.0 4883684.5
174.0 4546984.5
175.0 4423965.5
176.0 5209664.0
177.0 5810928.0
178.0 7351072.5
179.0 9135299.0
180.0 11740074.0
181.0 14081430.0
182.0 15446512.0
183.0 15701222.0
184.0 14386315.0
185.0 11712776.0
186.0 9000201.0
187.0 6133587.5
188.0 3809548.0
189.0 2628377.5
190.0 2444196.0
191.0 2058307.0
192.0 1577886.9
193.0 1227314.5
194.0 1489624.8
195.0 1090713.2
196.0 1563251.1
197.0 1454782.5
198.0 1208643.2
199.0 1023013.9
200.0 1484624.4
201.0 1470795.0
202.0 1109707.8
203.0 994324.1
204.0 1331987.6
205.0 1386149.0
206.0 1342356.2
207.0 1624235.1
208.0 1492552.6
209.0 1308612.1
210.0 1497552.8
211.0 1782098.8
212.0 2221664.5
213.0 2469310.2
214.0 2535308.5
215.0 3326463.8
216.0 4496296.0
217.0 5696693.0
218.0 7481515.5
219.0 8832492.0
220.0 9795468.0
221.0 10159409.0
222.0 10133519.0
223.0 8703681.0
224.0 6957779.5
225.0 4236004.5
226.0 3104762.2
227.0 2498514.5
228.0 2159358.8
229.0 2177222.2
230.0 1912502.2
231.0 1750819.2
232.0 1281880.5
233.0 1041459.06
234.0 1431242.8
235.0 1299319.8
236.0 1496228.5
237.0 1128990.2
238.0 1198460.5
239.0 1166199.5
240.0 964419.4
241.0 1021618.9
242.0 1286714.9
243.0 1551069.0
244.0 1719123.5
245.0 1849260.1
246.0 2333512.0
247.0 2944303.5
248.0 3388277.2
249.0 4027658.0
250.0 5089921.5
251.0 5889692.5
252.0 6959445.5
253.0 8102087.0
254.0 7988770.5
255.0 6600345.5
256.0 5225169.0
257.0 3511292.5
258.0 2935780.2
259.0 2446181.2
260.0 2148381.0
261.0 1990370.6
262.0 1806603.1
263.0 1459065.0
264.0 1469833.8
265.0 1324668.5
266.0 950478.1
267.0 740243.06
268.0 1024799.75
269.0 918657.2
270.0 961480.0
271.0 984308.8
272.0 971107.0
273.0 933748.1
274.0 1003216.8
275.0 1003194.5
276.0 1285254.9
277.0 1209356.4
278.0 881388.4
279.0 1006894.9
280.0 1246848.6
281.0 1340249.8
282.0 1485305.6
283.0 1235860.8
284.0 1044008.8
285.0 1434908.0
286.0 1259493.0
287.0 1126296.8
288.0 1219285.1
289.0 1137909.8
290.0 1179895.8
291.0 1403798.6
292.0 1417457.6
293.0 1256219.4
294.0 1268916.4
295.0 1215313.6
296.0 1285229.5
297.0 1410686.5
298.0 1203420.6
299.0 789154.06
300.0 916700.25
301.0 1093286.1
302.0 1497028.2
303.0 1395437.8
304.0 1284777.8
305.0 1921832.6
306.0 2003280.8
307.0 1928022.8
308.0 1872090.1
309.0 2003324.4
310.0 2184663.5
311.0 1874285.0
312.0 1570266.0
313.0 1314592.6
314.0 1240691.4
315.0 1551400.5
316.0 1544296.2
317.0 1746491.8
318.0 2578252.2
319.0 2782381.0
320.0 3464956.5
321.0 3606053.0
322.0 3725150.2
323.0 4082641.0
324.0 4438884.5
325.0 4672144.5
326.0 4374908.5
327.0 4089040.0
328.0 4230894.0
329.0 4435831.5
330.0 4856586.0
331.0 5970130.0
332.0 7091035.5
333.0 7059169.0
334.0 7056573.0
335.0 5830636.0
336.0 4039719.5
337.0 3638990.0
338.0 2887569.5
339.0 2222242.8
340.0 2098002.2
341.0 1959256.9
342.0 1683381.8
343.0 1729768.0
344.0 1548335.5
345.0 1583753.9
346.0 1013738.1
347.0 1139779.9
348.0 1313811.9
349.0 1428472.0
350.0 1438481.2
351.0 1735814.2
352.0 1680310.1
353.0 1524455.8
354.0 1423179.8
355.0 1225344.2
356.0 1147822.4
357.0 1422891.4
358.0 1636869.4
359.0 1554252.4
360.0 1568276.9
361.0 1746133.1
362.0 2085464.0
363.0 2586746.0
364.0 2739618.0
365.0 2616470.0
366.0 2881082.2
367.0 3206704.5
368.0 3969268.8
369.0 3774332.0
370.0 3692816.2
371.0 3925543.0
372.0 2381450.8
373.0 2229556.8
374.0 2047717.8
375.0 1542645.0
376.0 1795937.4
377.0 1756164.5
378.0 1755421.9
379.0 1621744.2
380.0 1723318.0
381.0 2077400.8
382.0 2211999.0
383.0 1692955.2
384.0 1437136.1
385.0 1300255.8
386.0 1263839.1
387.0 1249595.2
388.0 1327380.6
389.0 1614889.5
390.0 1419374.8
391.0 1247180.2
392.0 1557578.2
393.0 2245032.8
394.0 2238767.5
395.0 2592330.8
396.0 2916253.0
397.0 2851251.2
398.0 2463509.5
399.0 2287993.2
400.0 2412190.2
401.0 2470628.0
402.0 2230839.0
403.0 2305987.2
404.0 2389258.5
405.0 2282452.0
406.0 2182844.8
407.0 2696045.5
408.0 2744235.2
409.0 2566391.0
410.0 2760163.8
411.0 2688530.5
412.0 2448461.0
413.0 2472546.0
414.0 2413314.5
415.0 2787013.5
416.0 3191652.0
417.0 3567796.0
418.0 3659928.0
419.0 3467197.0
420.0 3046391.0
421.0 2831818.0
422.0 2886915.0
423.0 2566808.5
424.0 2008058.1
425.0 1613273.0
426.0 1871639.0
427.0 1493463.5
428.0 1609817.2
429.0 1549930.5
430.0 1745171.8
431.0 1905099.8
432.0 1852337.8
433.0 1801017.4
434.0 2043904.9
435.0 1696605.8
436.0 1348598.9
437.0 1706460.0
438.0 2126006.2
439.0 2196276.5
440.0 2087012.4
441.0 1753375.2
442.0 1320460.5
443.0 1858694.9
444.0 1713307.2
445.0 1492919.5
446.0 1625397.6
447.0 1425166.5
448.0 1695788.9
449.0 2170999.5
450.0 2589319.0
451.0 2294261.0
452.0 2334689.2
453.0 2121677.0
454.0 2309791.2
455.0 1928806.1
456.0 1842425.6
457.0 1799172.4
458.0 1803084.5
459.0 1543511.2
460.0 1784085.2
461.0 2224079.5
462.0 2337168.5
463.0 1945468.1
464.0 1791006.1
465.0 2061760.5
466.0 2498810.2
467.0 2819325.0
468.0 2748559.0
469.0 2447525.0
470.0 2533208.0
471.0 2586402.2
472.0 2593601.2
473.0 2084261.0
474.0 1958595.8
475.0 2417378.0
476.0 2055597.8
477.0 1798073.2
478.0 1499079.8
479.0 1535613.6
480.0 1691821.5
481.0 1759109.4
482.0 1424022.5
483.0 1203072.1
484.0 1483643.8
485.0 1099902.0
486.0 1353124.5
487.0 1190570.6
488.0 1203159.2
489.0 879764.1
490.0 839544.9
491.0 1032310.06
492.0 957022.4
493.0 833497.8
494.0 918322.25
495.0 1128462.6
496.0 1698076.9
497.0 1718655.2
498.0 1537267.4
499.0 1655545.8
500.0 1717820.0
501.0 1861923.5
502.0 2148394.8
503.0 1667107.0
504.0 1534992.2
505.0 1852364.2
506.0 2240137.2
507.0 2195598.0
508.0 2160482.8
509.0 2277782.2
510.0 2092802.4
511.0 2009278.9
512.0 1893935.1
513.0 1609345.6
514.0 1735906.4
515.0 1536602.8
516.0 1665292.0
517.0 1722271.0
518.0 1553195.6
519.0 1379952.4
520.0 1384370.0
521.0 1411268.1
522.0 1128385.5
523.0 1080279.8
524.0 1337393.1
525.0 1034601.94
526.0 1235421.8
527.0 1594223.1
528.0 1821599.8
529.0 2035572.6
530.0 1648028.0
531.0 1453317.4
532.0 1575178.6
533.0 1872096.2
534.0 2375051.0
535.0 2633529.5
536.0 2763245.0
537.0 2789470.2
538.0 2755987.0
539.0 2406192.8
540.0 2462093.0
541.0 2377499.5
542.0 1933594.4
543.0 1555664.8
544.0 1560508.6
545.0 1718590.5
546.0 1891538.9
547.0 1577037.8
548.0 1531134.0
549.0 1661404.0
550.0 1438670.8
551.0 1776330.0
552.0 1930256.4
553.0 1544495.6
554.0 1724475.6
555.0 1876939.4
556.0 2031721.5
557.0 2018774.4
558.0 1791524.4
559.0 1545139.8
560.0 1627799.5
561.0 1825589.4
562.0 2050128.9
563.0 1837821.4
564.0 1546626.8
565.0 1586795.5
566.0 1456311.2
567.0 1401648.1
568.0 1396825.1
569.0 1248412.8
570.0 1285143.9
571.0 1181990.1
572.0 1398370.2
573.0 1551431.1
574.0 1636094.0
575.0 1509280.0
576.0 1650554.9
577.0 1593720.5
578.0 1801696.1
579.0 1652471.9
580.0 1575574.9
581.0 1774439.8
582.0 1827252.4
583.0 1974121.9
584.0 1975647.6
585.0 1513571.4
586.0 1432049.2
587.0 1581983.8
588.0 1516131.5
589.0 1635189.9
590.0 2005145.5
591.0 1371627.5
592.0 1092825.8
593.0 1300936.5
594.0 1496624.9
595.0 1640479.2
596.0 1516366.0
597.0 1406023.9
598.0 1584700.2
599.0 1330050.0
600.0 879958.4
601.0 1139948.5
602.0 1298524.5
603.0 1637335.6
604.0 1806523.8
605.0 1300506.4
606.0 871731.3
607.0 1156368.9
608.0 1123391.4
609.0 1462756.8
610.0 1323395.6
611.0 1403838.1
612.0 1282957.1
613.0 1350408.6
614.0 1388153.5
615.0 1547734.9
616.0 1372748.2
617.0 1297590.1
618.0 1401145.2
619.0 1377422.8
620.0 1297337.0
621.0 1713838.9
622.0 1747923.6
623.0 1491886.9
624.0 1549216.5
625.0 1698831.8
626.0 1546101.9
627.0 1380054.2
628.0 1362484.5
629.0 1431207.4
630.0 1491121.0
631.0 1401338.2
632.0 1191899.5
633.0 1379107.8
634.0 1478911.4
635.0 1170247.4
636.0 1517986.9
637.0 1653964.4
638.0 1739728.9
639.0 1364700.2
640.0 1488086.5
641.0 1560768.1
642.0 1378551.5
643.0 1795130.2
644.0 1793513.9
645.0 1534975.5
646.0 2050361.8
647.0 2021935.2
648.0 1762466.1
649.0 1415556.1
650.0 1385517.5
651.0 1466066.9
652.0 1391459.0
653.0 1303645.8
654.0 1428674.5
655.0 1667038.2
656.0 1649657.2
657.0 1368185.8
658.0 1332802.8
659.0 1168680.8
660.0 1137756.0
661.0 1458126.0
662.0 1676498.6
663.0 1866411.5
664.0 1915669.9
665.0 1361711.4
666.0 1330523.1
667.0 1505809.9
668.0 1606528.2
669.0 1314375.1
670.0 1464066.0
671.0 1645030.6
672.0 1827605.0
673.0 1706609.8
674.0 1981576.1
675.0 1727032.0
676.0 1940528.2
677.0 2183711.0
678.0 2194395.0
679.0 1750919.9
680.0 1188527.8
681.0 1251700.4
682.0 1093500.6
683.0 1314800.1
684.0 1220174.2
685.0 1420623.9
686.0 1163377.4
687.0 1009193.44
688.0 1322635.2
689.0 1530984.8
690.0 1327862.0
691.0 1512913.5
692.0 1340743.2
693.0 1482897.2
694.0 1463636.1
695.0 1442883.6
696.0 1293021.4
697.0 1439043.2
698.0 1334404.8
699.0 1161800.6
700.0 1158799.6
701.0 1163345.8
702.0 1193344.1
703.0 1234872.8
704.0 1461924.5
705.0 1553960.6
706.0 1246495.0
707.0 969806.94
708.0 905994.4
709.0 1010266.6
710.0 1464075.8
711.0 1390323.8
712.0 1468549.9
713.0 1205602.8
714.0 1125149.6
715.0 1076877.6
716.0 914498.06
717.0 1125837.9
718.0 1238101.9
719.0 1444251.9
720.0 1466432.8
721.0 1403671.0
722.0 1207879.8
723.0 1738401.9
724.0 1253468.9
725.0 971324.4
726.0 963116.6
727.0 1242243.9
728.0 1527725.6
729.0 1606191.1
730.0 1169560.1
731.0 1317985.0
732.0 1150498.5
733.0 999358.9
734.0 1185221.1
735.0 1321304.2
736.0 1338733.2
737.0 1192911.1
738.0 1341015.1
739.0 1387960.2
740.0 1493779.5
741.0 1709807.2
742.0 1732017.4
743.0 1760518.6
744.0 1869226.9
745.0 1796715.5
746.0 1915347.5
747.0 1982407.5
748.0 2134335.2
749.0 1920299.9
750.0 1937479.2
751.0 2158116.2
752.0 1967020.6
753.0 1785404.4
754.0 1604853.1
755.0 1276583.6
756.0 1267431.9
757.0 1259091.4
758.0 1174462.2
759.0 1282134.8
760.0 1294244.5
761.0 1357540.5
762.0 1410680.0
763.0 1333736.8
764.0 1252979.6
765.0 1232466.2
766.0 1382499.4
767.0 1318628.9
768.0 1339863.0
769.0 971072.6
770.0 985099.7
771.0 1214386.5
772.0 1332117.4
773.0 1421820.8
774.0 1466119.4
775.0 1069796.1
776.0 1167961.4
777.0 1375053.6
778.0 1414093.9
779.0 1519708.9
780.0 1563540.2
781.0 1332250.2
782.0 1312184.4
783.0 1124047.2
784.0 1149706.8
785.0 1263496.8
786.0 1224597.9
787.0 1387595.2
788.0 1238085.9
789.0 1421084.0
790.0 1430348.6
791.0 1488163.2
792.0 1675172.6
793.0 1530829.2
794.0 1753754.0
795.0 1714966.2
796.0 1984706.8
797.0 2000926.1
798.0 2091912.6
799.0 2061106.0
800.0 2137963.5
801.0 1983924.9
802.0 2067211.8
803.0 2003553.0
804.0 1900468.2
805.0 1812609.8
806.0 1543242.8
807.0 1378992.4
808.0 1228345.5
809.0 1260644.0
810.0 1236727.2
811.0 1428070.8
812.0 1323175.5
813.0 1167107.1
814.0 1000381.25
815.0 1327998.1
816.0 1507893.6
817.0 1434329.4
818.0 1200162.4
819.0 1475939.4
820.0 1740674.8
821.0 1499200.2
822.0 1569569.0
823.0 1491514.2
824.0 1351996.1
825.0 1243946.2
826.0 1346223.8
827.0 1769108.8
828.0 1632581.1
829.0 1467175.0
830.0 1502695.0
831.0 1558145.0
832.0 1207619.6
833.0 1110676.5
834.0 1578801.2
835.0 1630413.5
836.0 1725659.5
837.0 1455638.2
838.0 1457281.0
839.0 1452948.2
840.0 1023966.6
841.0 1198789.6
842.0 1416954.4
843.0 1595217.0
844.0 1610629.0
845.0 1483796.5
846.0 1699836.2
847.0 1642225.6
848.0 1904470.2
849.0 1523398.0
850.0 1209591.0
851.0 1392104.9
852.0 1302838.6
853.0 1316347.5
854.0 1283861.5
855.0 1533079.5
856.0 1566009.5
857.0 1622061.9
858.0 1358766.1
859.0 1531041.4
860.0 1584316.1
861.0 1552082.6
862.0 1428437.0
863.0 1395763.6
864.0 1564314.5
865.0 1723310.1
866.0 1760073.6
867.0 1579720.0
868.0 1621631.4
869.0 1737848.1
870.0 1735037.2
871.0 1632956.5
872.0 1606268.0
873.0 1537426.2
874.0 1680361.1
875.0 1720814.4
876.0 1461820.1
877.0 1347351.5
878.0 1600710.6
879.0 1723993.1
880.0 1385839.5
881.0 1318827.0
882.0 1484027.8
883.0 1506567.8
884.0 1750305.0
885.0 1718596.1
886.0 1598854.2
887.0 1702915.1
888.0 1724490.5
889.0 1777753.6
890.0 1939415.5
891.0 1671791.5
892.0 1787876.0
893.0 1774052.2
894.0 1841914.5
895.0 1796195.0
896.0 1622271.5
897.0 1642831.5
898.0 1689741.8
899.0 1737337.5
900.0 1958515.6
901.0 1821634.8
902.0 1957241.0
903.0 2069553.5
904.0 2334175.2
905.0 1981849.2
906.0 2191934.5
907.0 2099137.2
908.0 2160048.2
909.0 2123391.5
910.0 2157643.8
911.0 2121433.0
912.0 2163321.2
913.0 2569329.8
914.0 2655540.5
915.0 2508398.5
916.0 2486553.0
917.0 2197237.5
918.0 2329496.2
919.0 2437917.2
920.0 2442371.2
921.0 2461538.2
922.0 2541638.2
923.0 2549764.0
924.0 2692594.8
925.0 2784909.8
926.0 2630989.8
927.0 2826962.0
928.0 2857229.8
929.0 2799059.0
930.0 2484356.2
931.0 2573505.0
932.0 2582937.0
933.0 2808505.2
934.0 2746316.5
935.0 2787187.0
936.0 3327377.2
937.0 3296443.5
938.0 3164011.5
939.0 3036519.8
940.0 2922267.8
941.0 2976204.8
942.0 2973600.5
943.0 2917891.5
944.0 2980659.0
945.0 3103268.8
946.0 3376556.0
947.0 3313239.0
948.0 3048661.0
949.0 3054536.0
950.0 2572481.5
951.0 2948912.2
952.0 3246902.5
953.0 2966938.5
954.0 2825582.8
955.0 3166885.2
956.0 2713919.5
957.0 2628140.5
958.0 3054447.8
959.0 3176938.0
960.0 3090606.5
961.0 2976122.2
962.0 2968699.5
963.0 2899964.0
964.0 3041243.8
965.0 3083045.5
966.0 3288771.0
967.0 3215129.0
968.0 3410474.5
969.0 3976446.2
970.0 4518888.5
971.0 4441468.0
972.0 4593864.5
973.0 4403136.5
974.0 4757604.0
975.0 5004173.5
976.0 4796633.5
977.0 4598512.5
978.0 4456652.0
979.0 4355605.5
980.0 4886095.0
981.0 5303680.0
982.0 5322870.0
983.0 5748021.0
984.0 6192654.0
985.0 7531616.0
986.0 8585820.0
987.0 9358942.0
988.0 10757214.0
989.0 11532809.0
990.0 12476696.0
991.0 12454536.0
992.0 11900040.0
993.0 10158566.0
994.0 9296918.0
995.0 9324559.0
996.0 9613955.0
997.0 9492858.0
998.0 9152818.0
999.0 9466080.0
1000.0 9904279.0
1001.0 9363314.0
1002.0 9590697.0
1003.0 9536528.0
1004.0 9875092.0
1005.0 10649312.0
1006.0 11153160.0
1007.0 12491566.0
1008.0 11772440.0
1009.0 10695622.0
1010.0 10935011.0
1011.0 10747116.0
1012.0 10080570.0
1013.0 9877355.0
1014.0 9249881.0
1015.0 8127787.5
1016.0 7401336.0
1017.0 6363574.0
1018.0 5508809.5
1019.0 4953319.5
1020.0 3985368.8
1021.0 3628253.8
1022.0 3600812.8
1023.0 3652789.5
1024.0 3298787.8
1025.0 3452098.8
1026.0 3781741.5
1027.0 3999202.2
1028.0 4687479.0
1029.0 5468084.5
1030.0 6030732.5
1031.0 6926697.5
1032.0 7774989.5
1033.0 8649489.0
1034.0 9890316.0
1035.0 11561854.0
1036.0 12433976.0
1037.0 13844714.0
1038.0 15429451.0
1039.0 16447822.0
1040.0 15825830.0
1041.0 15342982.0
1042.0 13693255.0
1043.0 12487376.0
1044.0 12363105.0
1045.0 12766709.0
1046.0 13085739.0
1047.0 13027572.0
1048.0 13365921.0
1049.0 14148231.0
1050.0 14832826.0
1051.0 15684125.0
1052.0 15934186.0
1053.0 16240842.0
1054.0 16828684.0
1055.0 18521844.0
1056.0 21613108.0
1057.0 26175356.0
1058.0 33728530.0
1059.0 44600410.0
1060.0 58728050.0
1061.0 76456640.0
1062.0 96223220.0
1063.0 115939620.0
1064.0 132853300.0
1065.0 140720690.0
1066.0 135531170.0
1067.0 117865530.0
1068.0 91314010.0
1069.0 62302340.0
1070.0 41484040.0
1071.0 28785392.0
1072.0 21845712.0
1073.0 18116938.0
1074.0 14405705.0
1075.0 11921145.0
1076.0 9749884.0
1077.0 7347721.0
1078.0 6236252.0
1079.0 6183692.5
1080.0 5558182.5
1081.0 5449677.0
1082.0 5026659.5
1083.0 4510578.5
1084.0 5063714.5
1085.0 5608561.0
1086.0 6061317.0
1087.0 6536586.0
1088.0 6902489.0
1089.0 7430171.0
1090.0 8569183.0
1091.0 9237023.0
1092.0 8855895.0
1093.0 7959830.0
1094.0 7927003.0
1095.0 7453967.0
1096.0 7049467.5
1097.0 6862192.0
1098.0 6649606.0
1099.0 7478530.5
1100.0 8851891.0
1101.0 10209599.0
1102.0 12072309.0
1103.0 15623150.0
1104.0 21208420.0
1105.0 27614262.0
1106.0 38806930.0
1107.0 53617590.0
1108.0 69454530.0
1109.0 89038430.0
1110.0 104017480.0
1111.0 115681870.0
1112.0 118836970.0
1113.0 110252580.0
1114.0 94606250.0
1115.0 71915360.0
1116.0 46923024.0
1117.0 30143918.0
1118.0 20039130.0
1119.0 15789630.0
1120.0 13499562.0
1121.0 9513263.0
1122.0 7531889.5
1123.0 6460494.5
1124.0 5484410.0
1125.0 4432653.5
1126.0 3355486.5
1127.0 2987337.8
1128.0 2762230.2
1129.0 2604637.0
1130.0 2230203.8
1131.0 2363243.0
1132.0 2560837.8
1133.0 2982807.2
1134.0 3310807.5
1135.0 3721703.5
1136.0 4144731.0
1137.0 4244604.0
1138.0 4645738.0
1139.0 4897456.5
1140.0 4919759.5
1141.0 4892581.5
1142.0 4413568.0
1143.0 3429959.5
1144.0 3243526.5
1145.0 3069672.5
1146.0 2487896.5
1147.0 1994554.5
1148.0 2179986.8
1149.0 2443589.2
1150.0 2036752.8
1151.0 2092356.0
1152.0 2301098.5
1153.0 1988617.6
1154.0 1913892.0
1155.0 2156631.2
1156.0 2105588.5
1157.0 2254084.0
1158.0 1976408.0
1159.0 2053213.5
1160.0 2511111.2
1161.0 2394557.5
1162.0 2740064.0
1163.0 2570117.0
1164.0 2435431.2
1165.0 2324471.0
1166.0 2396918.2
1167.0 2439509.0
1168.0 2604003.8
1169.0 2756700.5
1170.0 3274838.8
1171.0 3144306.0
1172.0 3077850.2
1173.0 3184214.5
1174.0 3329197.8
1175.0 3248002.8
1176.0 3024427.8
1177.0 2825167.0
1178.0 3043527.8
1179.0 3277579.5
1180.0 3384698.0
1181.0 3557117.0
1182.0 3302406.2
1183.0 3110649.8
1184.0 4149613.8
1185.0 4637805.5
1186.0 4842070.5
1187.0 5114262.0
1188.0 5394106.0
1189.0 5608482.0
1190.0 5234169.5
1191.0 5337326.0
1192.0 5696756.0
1193.0 5575680.0
1194.0 5831425.5
1195.0 5101268.0
1196.0 4051634.8
1197.0 4134374.0
1198.0 4093820.2
1199.0 4409650.5
1200.0 4578802.5
1201.0 4416499.0
1202.0 4092936.5
1203.0 4085027.2
1204.0 4125579.8
1205.0 4308582.0
1206.0 4030182.8
1207.0 3950779.0
1208.0 4458448.0
1209.0 4847157.5
1210.0 5304900.0
1211.0 6148283.0
1212.0 6581125.0
1213.0 6304467.5
1214.0 6698127.0
1215.0 7656644.5
1216.0 8010170.5
1217.0 7256880.5
1218.0 6673734.0
1219.0 5972077.5
1220.0 5342464.5
1221.0 4642219.5
1222.0 4388404.0
1223.0 4710109.0
1224.0 5032494.0
1225.0 4974890.5
1226.0 5442202.0
1227.0 6517207.0
1228.0 6342814.5
1229.0 6192200.0
1230.0 7227733.0
1231.0 7875728.0
1232.0 8092201.0
1233.0 8239799.5
1234.0 9596381.0
1235.0 10500455.0
1236.0 11882481.0
1237.0 14565099.0
1238.0 17394214.0
1239.0 19783050.0
1240.0 22741676.0
1241.0 24482542.0
1242.0 25243988.0
1243.0 26802956.0
1244.0 25282322.0
1245.0 21583228.0
1246.0 18266964.0
1247.0 14488490.0
1248.0 11212930.0
1249.0 8849868.0
1250.0 7041819.5
1251.0 6723637.0
1252.0 6641763.0
1253.0 6485527.0
1254.0 6461759.0
1255.0 6517851.0
1256.0 7123559.0
1257.0 6803157.0
1258.0 7473620.5
1259.0 9110343.0
1260.0 10078496.0
1261.0 10858666.0
1262.0 12997019.0
1263.0 15745462.0
1264.0 17038212.0
1265.0 18067152.0
1266.0 18936642.0
1267.0 19412518.0
1268.0 20468096.0
1269.0 20416698.0
1270.0 18769516.0
1271.0 17502960.0
1272.0 16428042.0
1273.0 15743149.0
1274.0 15851436.0
1275.0 16632354.0
1276.0 16267460.0
1277.0 14450098.0
1278.0 13630684.0
1279.0 12424526.0
1280.0 11987465.0
1281.0 12882700.0
1282.0 13718008.0
1283.0 15010022.0
1284.0 15951354.0
1285.0 15950819.0
1286.0 16031010.0
1287.0 15757846.0
1288.0 15975969.0
1289.0 14697642.0
1290.0 13479358.0
1291.0 13547484.0
1292.0 14189195.0
1293.0 14342970.0
1294.0 15643061.0
1295.0 15798694.0
1296.0 16682169.0
1297.0 17085218.0
1298.0 17802686.0
1299.0 17889182.0
1300.0 18690972.0
1301.0 19850968.0
1302.0 21315572.0
1303.0 22474790.0
1304.0 24805580.0
1305.0 26841852.0
1306.0 29636310.0
1307.0 31357642.0
1308.0 34072860.0
1309.0 36203730.0
1310.0 36744868.0
1311.0 37086724.0
1312.0 37066270.0
1313.0 35331470.0
1314.0 34540564.0
1315.0 34088190.0
1316.0 33959532.0
1317.0 34409244.0
1318.0 36342680.0
1319.0 36245604.0
1320.0 38363476.0
1321.0 40257596.0
1322.0 39942696.0
1323.0 41369892.0
1324.0 43861756.0
1325.0 45905004.0
1326.0 47749430.0
1327.0 51957676.0
1328.0 57662750.0
1329.0 61598790.0
1330.0 65276380.0
1331.0 66982076.0
1332.0 69547210.0
1333.0 70951500.0
1334.0 72838140.0
1335.0 74440900.0
1336.0 75371190.0
1337.0 74126410.0
1338.0 73224420.0
1339.0 73081070.0
1340.0 69210264.0
1341.0 68970140.0
1342.0 66423004.0
1343.0 61420250.0
1344.0 57924024.0
1345.0 56936044.0
1346.0 55154940.0
1347.0 54340540.0
1348.0 54622724.0
1349.0 55082420.0
1350.0 57180940.0
1351.0 59860950.0
1352.0 62597536.0
1353.0 63969660.0
1354.0 64215224.0
1355.0 64371860.0
1356.0 67576550.0
1357.0 66548480.0
1358.0 66689910.0
1359.0 68081750.0
1360.0 69636930.0
1361.0 72980030.0
1362.0 79903390.0
1363.0 88126270.0
1364.0 100920980.0
1365.0 115067970.0
1366.0 130367340.0
1367.0 151618200.0
1368.0 174506700.0
1369.0 196002340.0
1370.0 212463360.0
1371.0 224387980.0
1372.0 236590600.0
1373.0 240851620.0
1374.0 235110460.0
1375.0 226819070.0
1376.0 207839420.0
1377.0 185426940.0
1378.0 164534660.0
1379.0 148257070.0
1380.0 134560670.0
1381.0 126422430.0
1382.0 121725110.0
1383.0 114717140.0
1384.0 106873200.0
1385.0 101395150.0
1386.0 93574890.0
1387.0 85388580.0
1388.0 79119070.0
1389.0 74624580.0
1390.0 65766120.0
1391.0 55621500.0
1392.0 49229990.0
1393.0 45967760.0
1394.0 42134436.0
1395.0 40745908.0
1396.0 42603980.0
1397.0 46955480.0
1398.0 50011990.0
1399.0 54448840.0
1400.0 61085150.0
1401.0 67769760.0
1402.0 74993460.0
1403.0 83865030.0
1404.0 97844500.0
1405.0 111503130.0
1406.0 127922040.0
1407.0 146150510.0
1408.0 168050750.0
1409.0 190701000.0
1410.0 215527520.0
1411.0 238796560.0
1412.0 262023100.0
1413.0 283966660.0
1414.0 302448300.0
1415.0 310018300.0
1416.0 304147070.0
1417.0 283970430.0
1418.0 254613520.0
1419.0 206618180.0
1420.0 154974980.0
1421.0 108564450.0
1422.0 75782870.0
1423.0 55086260.0
1424.0 43619790.0
1425.0 36019616.0
1426.0 28519078.0
1427.0 22890922.0
1428.0 18951052.0
1429.0 16252526.0
1430.0 13928788.0
1431.0 12678729.0
1432.0 12853828.0
1433.0 11362729.0
1434.0 9877409.0
1435.0 9590495.0
1436.0 9434072.0
1437.0 9328512.0
1438.0 9982681.0
1439.0 9896127.0
1440.0 9824877.0
1441.0 9962661.0
1442.0 10319122.0
1443.0 10109777.0
1444.0 10126265.0
1445.0 10042628.0
1446.0 9718948.0
1447.0 11032494.0
1448.0 12546540.0
1449.0 13688445.0
1450.0 13955211.0
1451.0 15219780.0
1452.0 16172370.0
1453.0 16387689.0
1454.0 18387572.0
1455.0 20000230.0
1456.0 19622194.0
1457.0 18899248.0
1458.0 19521926.0
1459.0 20741154.0
1460.0 22990368.0
1461.0 23549260.0
1462.0 23272776.0
1463.0 22638024.0
1464.0 22543298.0
1465.0 22070002.0
1466.0 21900600.0
1467.0 21774200.0
1468.0 20505944.0
1469.0 21338336.0
1470.0 22822976.0
1471.0 23266548.0
1472.0 23323312.0
1473.0 22137424.0
1474.0 20663824.0
1475.0 20409476.0
1476.0 20037138.0
1477.0 21468742.0
1478.0 21090512.0
1479.0 21005348.0
1480.0 22096512.0
1481.0 23995368.0
1482.0 24368072.0
1483.0 26206796.0
1484.0 28988380.0
1485.0 33508830.0
1486.0 37849244.0
1487.0 42788690.0
1488.0 45399576.0
1489.0 49003576.0
1490.0 52236800.0
1491.0 54655844.0
1492.0 58371356.0
1493.0 61475444.0
1494.0 63476740.0
1495.0 64395080.0
1496.0 61543056.0
1497.0 58318350.0
1498.0 56003860.0
1499.0 55926450.0
1500.0 54643750.0
1501.0 49418290.0
1502.0 44913110.0
1503.0 40352536.0
1504.0 36346904.0
1505.0 32469452.0
1506.0 29029518.0
1507.0 29330508.0
1508.0 29439410.0
1509.0 29526870.0
1510.0 30472938.0
1511.0 34004996.0
1512.0 37348570.0
1513.0 39348610.0
1514.0 40692904.0
1515.0 44208790.0
1516.0 46176904.0
1517.0 48773284.0
1518.0 51611970.0
1519.0 54959336.0
1520.0 58310204.0
1521.0 61479610.0
1522.0 68176120.0
1523.0 71888710.0
1524.0 74342670.0
1525.0 77364910.0
1526.0 77626470.0
1527.0 80052410.0
1528.0 82563270.0
1529.0 84980960.0
1530.0 85437450.0
1531.0 80274990.0
1532.0 73682770.0
1533.0 65571740.0
1534.0 55271400.0
1535.0 47732190.0
1536.0 41419790.0
1537.0 33856744.0
1538.0 29364928.0
1539.0 26201984.0
1540.0 25618048.0
1541.0 25480050.0
1542.0 25696764.0
1543.0 28598256.0
1544.0 32476882.0
1545.0 34803864.0
1546.0 36077028.0
1547.0 38860340.0
1548.0 42620056.0
1549.0 49433240.0
1550.0 55962996.0
1551.0 60919924.0
1552.0 66104996.0
1553.0 70751890.0
1554.0 72146000.0
1555.0 73123710.0
1556.0 76692970.0
1557.0 81306500.0
1558.0 84466040.0
1559.0 84646470.0
1560.0 84247380.0
1561.0 79946696.0
1562.0 73081784.0
1563.0 64023500.0
1564.0 55391350.0
1565.0 48625000.0
1566.0 43573836.0
1567.0 42565956.0
1568.0 44760236.0
1569.0 45098550.0
1570.0 44966464.0
1571.0 45217000.0
1572.0 44480650.0
1573.0 41659304.0
1574.0 38785348.0
1575.0 35564676.0
1576.0 31551772.0
1577.0 27910104.0
1578.0 23959896.0
1579.0 19918146.0
1580.0 16944828.0
1581.0 15301371.0
1582.0 14893465.0
1583.0 16541589.0
1584.0 17459140.0
1585.0 17738792.0
1586.0 18170776.0
1587.0 19257762.0
1588.0 19255500.0
1589.0 19199572.0
1590.0 18001956.0
1591.0 18293162.0
1592.0 19894852.0
1593.0 19595716.0
1594.0 19040452.0
1595.0 18296806.0
1596.0 16648665.0
1597.0 16440131.0
1598.0 16112259.0
1599.0 15695494.0
1600.0 16387750.0
1601.0 16713216.0
1602.0 18062412.0
1603.0 19206782.0
1604.0 19963698.0
1605.0 20653214.0
1606.0 22993820.0
1607.0 24322064.0
1608.0 25017144.0
1609.0 27613450.0
1610.0 31226978.0
1611.0 33071160.0
1612.0 36958010.0
1613.0 41100664.0
1614.0 44313660.0
1615.0 46745036.0
1616.0 49691070.0
1617.0 52756960.0
1618.0 55483500.0
1619.0 56115796.0
1620.0 56283160.0
1621.0 59865136.0
1622.0 63856344.0
1623.0 67040780.0
1624.0 71817570.0
1625.0 76103910.0
1626.0 75130900.0
1627.0 74208940.0
1628.0 73700610.0
1629.0 69276860.0
1630.0 57599784.0
1631.0 44564984.0
1632.0 34268300.0
1633.0 26125844.0
1634.0 21202532.0
1635.0 17128364.0
1636.0 15262962.0
1637.0 13863352.0
1638.0 12821892.0
1639.0 12141902.0
1640.0 12260834.0
1641.0 11661212.0
1642.0 10546602.0
1643.0 11393482.0
1644.0 12344150.0
1645.0 12682899.0
1646.0 12152112.0
1647.0 11316981.0
1648.0 11378866.0
1649.0 11937430.0
1650.0 12740156.0
1651.0 12649300.0
1652.0 12530689.0
1653.0 12143110.0
1654.0 11268189.0
1655.0 11444871.0
1656.0 11453035.0
1657.0 10831556.0
1658.0 10028405.0
1659.0 10369732.0
1660.0 10169680.0
1661.0 9470091.0
1662.0 9992941.0
1663.0 9738706.0
1664.0 9427511.0
1665.0 9159279.0
1666.0 9438236.0
1667.0 9899871.0
1668.0 9652732.0
1669.0 10004736.0
1670.0 10240982.0
1671.0 10768640.0
1672.0 10558828.0
1673.0 11404789.0
1674.0 11736216.0
1675.0 12860254.0
1676.0 13630042.0
1677.0 14337508.0
1678.0 14277505.0
1679.0 13978874.0
1680.0 13998368.0
1681.0 14793815.0
1682.0 16329462.0
1683.0 15764230.0
1684.0 15744211.0
1685.0 16034749.0
1686.0 15063126.0
1687.0 14125539.0
1688.0 13868050.0
1689.0 13964566.0
1690.0 14538518.0
1691.0 15083294.0
1692.0 16039589.0
1693.0 16298555.0
1694.0 16377048.0
1695.0 16181479.0
1696.0 16676149.0
1697.0 17426844.0
1698.0 17657688.0
1699.0 18592076.0
1700.0 19914796.0
1701.0 19705818.0
1702.0 19909602.0
1703.0 21250198.0
1704.0 21788422.0
1705.0 20089248.0
1706.0 16986378.0
1707.0 16018768.0
1708.0 17052058.0
1709.0 17151496.0
1710.0 16876330.0
1711.0 16957264.0
1712.0 16698655.0
1713.0 16048831.0
1714.0 15280179.0
1715.0 14254368.0
1716.0 13400395.0
1717.0 13091132.0
1718.0 12735112.0
1719.0 12412805.0
1720.0 10612808.0
1721.0 8645082.0
1722.0 7369142.0
1723.0 5565744.0
1724.0 4218339.0
1725.0 3214180.5
1726.0 3218669.0
1727.0 3173729.0
1728.0 2955699.8
1729.0 3232088.8
1730.0 3326615.5
1731.0 3258528.8
1732.0 3943300.5
1733.0 4668077.0
1734.0 4083375.5
1735.0 3629006.0
1736.0 3981979.5
1737.0 4382144.0
1738.0 5003186.0
1739.0 5117803.0
1740.0 5115895.5
1741.0 5466329.5
1742.0 5412944.0
1743.0 5166833.5
1744.0 5174842.5
1745.0 4766030.5
1746.0 4756147.0
1747.0 4752629.0
1748.0 4587277.0
1749.0 4487665.5
1750.0 4730572.0
1751.0 4674675.0
1752.0 4294805.5
1753.0 3989082.5
1754.0 3838526.2
1755.0 3950287.2
1756.0 3857387.5
1757.0 3635128.8
1758.0 3799735.0
1759.0 4051969.0
1760.0 4252948.5
1761.0 4892370.5
1762.0 5603930.0
1763.0 5695340.0
1764.0 6052855.0
1765.0 6047344.0
1766.0 6113993.0
1767.0 6167669.0
1768.0 6166727.5
1769.0 6739515.5
1770.0 6688476.0
1771.0 5836951.0
1772.0 5822767.0
1773.0 6617437.5
1774.0 6188819.5
1775.0 6322580.0
1776.0 6752623.0
1777.0 6103854.0
1778.0 5745710.5
1779.0 5983500.0
1780.0 5596400.5
1781.0 4972836.0
1782.0 4559309.5
1783.0 3770413.0
1784.0 4258618.0
1785.0 4348444.0
1786.0 4624426.0
1787.0 4441265.5
1788.0 4293312.5
1789.0 4626543.0
1790.0 5268293.0
1791.0 4988593.0
1792.0 4771834.0
1793.0 5634945.0
1794.0 6417741.0
1795.0 6349973.0
1796.0 6345704.0
1797.0 5812959.5
1798.0 5328517.0
1799.0 5416235.5
1800.0 6278649.5
1801.0 6830423.0
1802.0 6604646.0
1803.0 6373503.0
1804.0 6349457.0
1805.0 6299527.5
1806.0 6178659.0
1807.0 5836919.5
1808.0 5745727.5
1809.0 5341330.5
1810.0 5244343.0
1811.0 4429421.0
1812.0 4045817.8
1813.0 3897933.8
1814.0 4235236.0
1815.0 3226737.0
1816.0 3359184.0
1817.0 3409962.2
1818.0 3703372.8
1819.0 3620232.8
1820.0 3788661.2
1821.0 4134583.5
1822.0 3792167.2
1823.0 4568553.5
1824.0 5592039.0
1825.0 5974934.0
1826.0 5967093.0
1827.0 6355029.0
1828.0 6385935.5
1829.0 6701682.5
1830.0 6961763.0
1831.0 8009420.0
1832.0 8210112.5
1833.0 8524663.0
1834.0 8336815.0
1835.0 8251445.5
1836.0 9635441.0
1837.0 9818199.0
1838.0 9096376.0
1839.0 8174925.0
1840.0 7061948.0
1841.0 6277360.5
1842.0 7174082.5
1843.0 7594678.0
1844.0 8033567.0
1845.0 8769778.0
1846.0 10065602.0
1847.0 10421076.0
1848.0 10860158.0
1849.0 11444016.0
1850.0 11902275.0
1851.0 12417916.0
1852.0 11617435.0
1853.0 11846630.0
1854.0 13094669.0
1855.0 12618434.0
1856.0 11559624.0
1857.0 12329196.0
1858.0 12143202.0
1859.0 11691206.0
1860.0 11722860.0
1861.0 11137835.0
1862.0 10437936.0
1863.0 9965732.0
1864.0 9615762.0
1865.0 8661689.0
1866.0 8112739.0
1867.0 8340404.0
1868.0 8001368.0
1869.0 7641382.0
1870.0 7611968.0
1871.0 7198013.0
1872.0 6922923.0
1873.0 7922155.0
1874.0 8378219.5
1875.0 8331950.0
1876.0 9629436.0
1877.0 11156701.0
1878.0 11360622.0
1879.0 11370751.0
1880.0 10687670.0
1881.0 10847050.0
1882.0 9909087.0
1883.0 9230694.0
1884.0 8609272.0
1885.0 8327186.0
1886.0 8442484.0
1887.0 8518169.0
1888.0 7279056.0
1889.0 7169502.5
1890.0 6900752.5
1891.0 6397067.0
1892.0 5858317.0
1893.0 5666359.0
1894.0 5192860.5
1895.0 4949832.0
1896.0 4999249.5
1897.0 5685119.5
1898.0 6707021.0
1899.0 7339512.0
1900.0 8932131.0
1901.0 10466558.0
1902.0 11335812.0
1903.0 12444690.0
1904.0 13540656.0
1905.0 14326271.0
1906.0 15296796.0
1907.0 16657555.0
1908.0 19162878.0
1909.0 20512624.0
1910.0 20966712.0
1911.0 22652840.0
1912.0 22851976.0
1913.0 24416272.0
1914.0 22919038.0
1915.0 18532596.0
1916.0 15933431.0
1917.0 12972039.0
1918.0 9278598.0
1919.0 6421288.0
1920.0 5828382.5
1921.0 5484548.0
1922.0 5610804.5
1923.0 6078856.0
1924.0 6514107.0
1925.0 6758840.5
1926.0 7440915.0
1927.0 8736556.0
1928.0 8726231.0
1929.0 9033867.0
1930.0 11000906.0
1931.0 12287171.0
1932.0 12688382.0
1933.0 12506428.0
1934.0 14201158.0
1935.0 16541589.0
1936.0 17653424.0
1937.0 18167944.0
1938.0 19688096.0
1939.0 20002436.0
1940.0 18899496.0
1941.0 16097735.0
1942.0 12564669.0
1943.0 8930595.0
1944.0 5316469.5
1945.0 4035051.5
1946.0 3897531.0
1947.0 3538767.0
1948.0 3019006.2
1949.0 2618631.5
1950.0 2158122.5
1951.0 1775534.8
1952.0 1655886.8
1953.0 1623830.8
1954.0 1679879.9
1955.0 1419914.2
1956.0 1189403.2
1957.0 1270016.8
1958.0 1115812.5
1959.0 1425172.0
1960.0 1362122.0
1961.0 1160828.4
1962.0 1009492.75
1963.0 1201919.9
1964.0 1281110.8
1965.0 1260340.2
1966.0 1396301.9
1967.0 1354579.8
1968.0 1589594.0
1969.0 1109009.5
1970.0 1153390.5
1971.0 1292886.8
1972.0 1545008.5
1973.0 1691130.8
1974.0 1422662.2
1975.0 1319226.4
1976.0 1017118.9
1977.0 925653.06
1978.0 1092743.6
1979.0 1344423.1
1980.0 1682312.2
1981.0 1749022.0
1982.0 1776326.0
1983.0 1883613.8
1984.0 1774254.4
1985.0 1779242.0
1986.0 1601682.5
1987.0 1875864.8
1988.0 1548636.0
1989.0 1395539.2
1990.0 1695257.8
1991.0 1405431.0
1992.0 1450592.8
1993.0 1406540.0
1994.0 1658702.6
1995.0 1435623.6
1996.0 1559306.8
1997.0 1692833.6
1998.0 1652158.0
1999.0 1475851.4
2000.0 1521019.4
2001.0 1602991.1
2002.0 2132412.8
2003.0 2441215.8
2004.0 1995081.2
2005.0 2234060.0
2006.0 2147859.8
2007.0 2043501.8
2008.0 1806320.2
2009.0 1778827.0
2010.0 1674449.8
2011.0 1823886.0
2012.0 1537893.0
2013.0 1676907.8
2014.0 1826809.5
2015.0 2405972.5
2016.0 2223874.2
2017.0 1924235.0
2018.0 1873016.5
2019.0 2327631.5
2020.0 2436114.8
2021.0 2356759.2
2022.0 2339183.5
2023.0 1416535.1
2024.0 -643100.5
2025.0 -2206879.0
2026.0 -3747685.2
2027.0 -5167678.0
2028.0 -6907773.0
2029.0 -8778738.0
2030.0 -10381281.0
2031.0 -11992498.0
2032.0 -13800821.0
2033.0 -16298810.0
2034.0 -18282504.0
2035.0 -20209536.0
2036.0 -22033816.0
2037.0 -23842690.0
2038.0 -25847918.0
2039.0 -28258270.0
2040.0 -30100404.0
2041.0 0.0
2042.0 0.0
2043.0 0.0
2044.0 0.0
2045.0 0.0
2046.0 0.0
2047.0 0.0
