string
0.0 2471736.0
1.0 2636819.0
2.0 2496120.5
3.0 2349158.8
4.0 2079549.8
5.0 2159301.0
6.0 2664660.0
7.0 2863346.0
8.0 2586643.5
9.0 2570339.8
10.0 2233561.8
11.0 2637956.2
12.0 2786721.2
13.0 2614097.0
14.0 2669351.5
15.0 2704532.8
16.0 2309952.0
17.0 2707427.8
18.0 3098455.2
19.0 2574716.2
20.0 2244174.8
21.0 2391917.2
22.0 2993188.5
23.0 2951402.8
24.0 2591354.0
25.0 2493339.5
26.0 2785660.0
27.0 2574158.0
28.0 2586613.0
29.0 2936913.8
30.0 2601239.5
31.0 2329278.8
32.0 2917285.0
33.0 3008764.5
34.0 2903602.5
35.0 3587027.2
36.0 3647236.5
37.0 2952576.5
38.0 2834509.0
39.0 3045737.5
40.0 3741178.8
41.0 4009047.2
42.0 3704912.2
43.0 3857678.0
44.0 3657482.0
45.0 3356493.0
46.0 2518088.2
47.0 2212956.5
48.0 1729587.4
49.0 2077423.6
50.0 2185123.2
51.0 2234483.8
52.0 2539356.5
53.0 2406568.0
54.0 2579345.2
55.0 2406982.8
56.0 3053312.0
57.0 3308193.8
58.0 2891946.0
59.0 3346772.8
60.0 4143638.8
61.0 4600865.5
62.0 4459692.0
63.0 3996042.8
64.0 3753161.0
65.0 3782600.5
66.0 3420378.8
67.0 2945987.0
68.0 2864820.5
69.0 2844672.2
70.0 3007436.2
71.0 3450364.5
72.0 3679652.5
73.0 3365062.8
74.0 3978796.2
75.0 4368437.0
76.0 4830504.5
77.0 5249953.0
78.0 5435475.5
79.0 5654591.0
80.0 5794005.0
81.0 6495916.0
82.0 6031452.0
83.0 5496037.0
84.0 4741703.0
85.0 4673701.0
86.0 3977284.8
87.0 4313176.0
88.0 5120717.5
89.0 4638098.0
90.0 4945869.0
91.0 4515857.0
92.0 4735969.5
93.0 5611344.0
94.0 6529061.0
95.0 8005213.0
96.0 9358537.0
97.0 10011487.0
98.0 9171814.0
99.0 7351491.0
100.0 5208034.5
101.0 3480636.5
102.0 2339780.2
103.0 2414062.8
104.0 2546734.5
105.0 2067048.0
106.0 1956327.0
107.0 1856523.6
108.0 1440765.0
109.0 1598465.5
110.0 2092893.5
111.0 2033776.1
112.0 2501495.8
113.0 2640874.5
114.0 2430914.0
115.0 2883541.2
116.0 3876436.0
117.0 4760073.0
118.0 4941954.0
119.0 5004061.0
120.0 5668784.0
121.0 6272328.0
122.0 7390953.0
123.0 8032447.5
124.0 7608587.0
125.0 7902995.0
126.0 7665247.5
127.0 7659700.0
128.0 7425030.5
129.0 6713189.5
130.0 6863256.0
131.0 6449227.5
132.0 4999521.0
133.0 3498621.2
134.0 2434781.0
135.0 1901666.4
136.0 1279852.4
137.0 1207728.9
138.0 1319891.2
139.0 1540477.6
140.0 1188952.0
141.0 888683.9
142.0 841681.6
143.0 695292.44
144.0 846506.94
145.0 690186.0
146.0 871750.1
147.0 791772.0
148.0 647844.25
149.0 608218.5
150.0 561706.75
151.0 662318.2
152.0 1151248.0
153.0 1502807.2
154.0 2121506.8
155.0 3489552.5
156.0 4998564.5
157.0 6568627.0
158.0 8128174.5
159.0 8981939.0
160.0 8664881.0
161.0 7889164.5
162.0 5951327.5
163.0 5255195.0
164.0 4029432.8
165.0 3087980.0
166.0 2978013.5
167.0 3439959.0
168.0 4206834.0
169.0 4732926.0
170.0 4744985.5
171.0 4827677.0
172.0 4829278.0
173.0 5063919.5
174.0 4971557.0
175.0 5670457.0
176.0 6768208.0
177.0 8422341.0
178.0 10395426.0
179.0 12595002.0
180.0 15465609.0
181.0 17319602.0
182.0 17483750.0
183.0 16116579.0
184.0 13539372.0
185.0 9579659.0
186.0 6382867.5
187.0 4697476.5
188.0 3531787.8
189.0 2663441.2
190.0 2387609.2
191.0 1752112.8
192.0 2091773.6
193.0 2014102.8
194.0 1636384.0
195.0 1675724.8
196.0 1720727.4
197.0 1609533.8
198.0 1054128.2
199.0 801979.3
200.0 1327026.2
201.0 1029375.5
202.0 955314.5
203.0 992331.6
204.0 1455894.0
205.0 1400689.8
206.0 1536744.8
207.0 1650551.1
208.0 1459489.4
209.0 1433934.4
210.0 1640136.5
211.0 1480901.1
212.0 1505504.2
213.0 2886115.2
214.0 4206879.5
215.0 5360381.0
216.0 7438657.0
217.0 9132721.0
218.0 10473041.0
219.0 11476670.0
220.0 12008735.0
221.0 11054294.0
222.0 9101127.0
223.0 7236873.0
224.0 6166354.5
225.0 4541667.5
226.0 3361653.0
227.0 3036460.5
228.0 2550641.0
229.0 1888788.8
230.0 1870458.1
231.0 1715611.8
232.0 1750389.8
233.0 1366019.4
234.0 956878.75
235.0 1072478.2
236.0 1052845.9
237.0 860768.44
238.0 1216773.0
239.0 1389440.1
240.0 1268151.5
241.0 1127253.8
242.0 1431656.0
243.0 1959497.2
244.0 2533851.2
245.0 2573484.5
246.0 2741189.0
247.0 3879013.0
248.0 5407205.0
249.0 6260134.0
250.0 6682119.0
251.0 7656989.0
252.0 8702886.0
253.0 8360334.0
254.0 7305942.5
255.0 6148643.0
256.0 4042217.0
257.0 2799277.5
258.0 2668822.2
259.0 2399248.0
260.0 2736605.5
261.0 2115460.0
262.0 1558500.5
263.0 1310276.4
264.0 1418040.1
265.0 1323339.0
266.0 1234158.5
267.0 1105967.2
268.0 1096206.5
269.0 1197484.2
270.0 795975.3
271.0 987596.8
272.0 1202166.0
273.0 1004634.25
274.0 1035888.6
275.0 1026220.5
276.0 952832.9
277.0 1065360.2
278.0 859388.8
279.0 1201327.8
280.0 1239092.5
281.0 1302384.8
282.0 1538836.0
283.0 1381170.1
284.0 1488115.8
285.0 1007898.2
286.0 973767.56
287.0 872389.94
288.0 1027376.2
289.0 850483.6
290.0 867319.3
291.0 1182985.5
292.0 1208790.2
293.0 1072183.5
294.0 1192029.9
295.0 1206846.1
296.0 1031868.8
297.0 1044986.3
298.0 1109078.0
299.0 1490421.1
300.0 1673310.8
301.0 1569952.8
302.0 1714589.9
303.0 1494245.0
304.0 1561011.2
305.0 1551705.2
306.0 1789515.0
307.0 1448012.0
308.0 1565601.9
309.0 1518940.8
310.0 1572426.9
311.0 1651941.4
312.0 1232252.6
313.0 1247464.0
314.0 1579174.0
315.0 1934163.6
316.0 2331952.5
317.0 3005771.5
318.0 2587392.2
319.0 2433415.5
320.0 2376037.8
321.0 2521401.5
322.0 2723924.0
323.0 2938352.2
324.0 2774427.0
325.0 2773262.2
326.0 2987615.2
327.0 3443911.2
328.0 4566711.5
329.0 5483349.0
330.0 6305639.5
331.0 7064172.5
332.0 6963211.0
333.0 6367189.5
334.0 6263945.5
335.0 6082880.0
336.0 4611634.5
337.0 3900435.5
338.0 3144248.5
339.0 2794464.8
340.0 2060409.4
341.0 1969889.0
342.0 2038562.5
343.0 1851292.4
344.0 1441561.9
345.0 1369373.6
346.0 1312269.5
347.0 1501475.8
348.0 1371229.8
349.0 1309014.9
350.0 1094282.1
351.0 931081.75
352.0 1155989.2
353.0 1027840.75
354.0 1389396.9
355.0 1447783.8
356.0 1368964.0
357.0 1476927.4
358.0 1996398.0
359.0 2050891.4
360.0 1703570.6
361.0 1611656.4
362.0 2207388.8
363.0 2697492.0
364.0 3254286.2
365.0 3578160.0
366.0 4351993.0
367.0 4996201.5
368.0 4534374.5
369.0 4234083.5
370.0 3619202.0
371.0 3061383.5
372.0 2670030.5
373.0 2600574.8
374.0 2682224.0
375.0 2384510.2
376.0 2100989.5
377.0 1707335.0
378.0 1286955.9
379.0 1315245.5
380.0 1369238.8
381.0 1529383.6
382.0 1929499.0
383.0 1687128.9
384.0 1475504.8
385.0 1233890.2
386.0 1360769.5
387.0 1260433.9
388.0 1390867.2
389.0 1509939.4
390.0 1869694.4
391.0 2224933.2
392.0 2417518.8
393.0 2783133.8
394.0 2926152.2
395.0 2794697.0
396.0 2486779.0
397.0 3103815.2
398.0 3281327.5
399.0 3001431.0
400.0 2231675.0
401.0 1943775.6
402.0 2078295.2
403.0 2280459.8
404.0 2311312.5
405.0 2446647.8
406.0 2397570.2
407.0 2540855.2
408.0 3353713.0
409.0 3485461.2
410.0 3223132.5
411.0 3191654.8
412.0 3185649.5
413.0 3475578.0
414.0 3418461.0
415.0 3805908.8
416.0 3689595.5
417.0 3684249.0
418.0 3592308.0
419.0 3769407.5
420.0 3491922.8
421.0 2587703.5
422.0 1924947.2
423.0 1718380.8
424.0 1854862.0
425.0 1932510.2
426.0 1783617.8
427.0 1971336.4
428.0 1872953.6
429.0 1847355.1
430.0 2008647.6
431.0 2133859.0
432.0 2375856.5
433.0 2234386.2
434.0 2235962.0
435.0 2260275.2
436.0 2243680.2
437.0 2400803.5
438.0 2215617.2
439.0 2245618.5
440.0 1728808.0
441.0 1414355.0
442.0 1339638.0
443.0 1273319.8
444.0 1309098.1
445.0 1466941.1
446.0 1701358.2
447.0 1434036.9
448.0 1662630.6
449.0 2060056.1
450.0 2150696.0
451.0 2552362.2
452.0 2641353.0
453.0 2103681.0
454.0 2109704.8
455.0 2025099.9
456.0 1847278.6
457.0 1452308.5
458.0 1380386.1
459.0 1890590.5
460.0 2194131.5
461.0 2228955.2
462.0 2147337.8
463.0 2895617.5
464.0 3315077.0
465.0 3194381.5
466.0 2915000.5
467.0 2868520.5
468.0 2662485.2
469.0 2398867.2
470.0 2018617.8
471.0 2499991.8
472.0 2601868.8
473.0 2847772.8
474.0 2647611.2
475.0 1976449.8
476.0 1496071.9
477.0 1520661.4
478.0 1829234.8
479.0 1621591.9
480.0 1533415.5
481.0 1235611.4
482.0 1376739.5
483.0 1166246.4
484.0 1219396.0
485.0 840560.25
486.0 847272.5
487.0 1147888.1
488.0 1180662.4
489.0 1044862.0
490.0 1034356.4
491.0 1157045.9
492.0 1124846.2
493.0 1039774.3
494.0 971109.5
495.0 1133622.5
496.0 1393214.9
497.0 1407797.4
498.0 1523672.2
499.0 1493253.2
500.0 1617216.8
501.0 1699867.8
502.0 1732552.6
503.0 2221212.2
504.0 2302262.2
505.0 2244348.5
506.0 2398466.0
507.0 2806605.5
508.0 2588005.0
509.0 2421992.2
510.0 2398939.8
511.0 2269461.0
512.0 1959286.2
513.0 1912161.8
514.0 1876927.5
515.0 2081238.5
516.0 1866203.0
517.0 1336209.0
518.0 1498093.1
519.0 1145472.1
520.0 1034041.4
521.0 929853.8
522.0 634190.06
523.0 1149050.9
524.0 1339716.8
525.0 1480816.8
526.0 1613988.0
527.0 1611326.9
528.0 1460200.0
529.0 1851047.4
530.0 1702996.2
531.0 1542547.8
532.0 1770502.6
533.0 2304441.5
534.0 2861152.0
535.0 2800077.5
536.0 3025386.5
537.0 2788212.8
538.0 2829811.5
539.0 2965147.8
540.0 2885070.0
541.0 1777866.9
542.0 1931015.0
543.0 1414734.4
544.0 1493691.4
545.0 1829519.8
546.0 1825866.4
547.0 1511755.6
548.0 1482975.0
549.0 1264840.6
550.0 1304241.9
551.0 1557085.2
552.0 1535904.4
553.0 1550159.8
554.0 1821579.5
555.0 1608858.8
556.0 1438698.9
557.0 1901931.8
558.0 2228846.8
559.0 2018275.1
560.0 2188130.2
561.0 2261977.5
562.0 1862806.1
563.0 1515853.2
564.0 1293333.9
565.0 1484511.0
566.0 1822841.0
567.0 1693609.5
568.0 1278683.4
569.0 1244901.4
570.0 1288676.1
571.0 1331790.1
572.0 1523446.4
573.0 1458391.9
574.0 1637525.5
575.0 1842599.0
576.0 1558393.2
577.0 1492691.2
578.0 1449667.4
579.0 1382972.0
580.0 1939518.2
581.0 2550044.8
582.0 1981742.2
583.0 1544300.1
584.0 1602146.4
585.0 1440617.2
586.0 1595076.0
587.0 1536856.8
588.0 1625034.5
589.0 1687759.2
590.0 1593506.0
591.0 1806853.0
592.0 1416480.2
593.0 1476768.8
594.0 1389029.8
595.0 1433210.6
596.0 1167844.9
597.0 1233616.5
598.0 1802152.8
599.0 1533418.0
600.0 1341842.0
601.0 1533299.8
602.0 1530880.1
603.0 1833307.4
604.0 1597496.2
605.0 1374228.1
606.0 1267857.9
607.0 1273968.2
608.0 1414123.5
609.0 1419125.8
610.0 1371588.1
611.0 1580410.1
612.0 1593866.0
613.0 1857293.5
614.0 1437206.4
615.0 1022659.5
616.0 1026403.0
617.0 1317216.2
618.0 1464646.2
619.0 1426671.4
620.0 1212532.0
621.0 1163424.0
622.0 1603985.5
623.0 1465357.6
624.0 1150051.9
625.0 1181597.6
626.0 1273950.2
627.0 1324527.8
628.0 1510862.0
629.0 1531786.5
630.0 1319796.9
631.0 1064604.5
632.0 1264889.9
633.0 1538420.0
634.0 1179586.4
635.0 1148817.8
636.0 1352380.6
637.0 1492100.2
638.0 1612495.1
639.0 1830215.1
640.0 1669971.1
641.0 1356956.2
642.0 1275845.0
643.0 1481985.5
644.0 1460537.8
645.0 1410217.2
646.0 1525149.0
647.0 1423066.4
648.0 1668494.5
649.0 1546259.2
650.0 1388456.9
651.0 1636275.1
652.0 1702302.8
653.0 1394600.6
654.0 1369086.5
655.0 1582495.0
656.0 1459308.2
657.0 1430472.8
658.0 1437568.9
659.0 1261251.2
660.0 1324452.6
661.0 1323919.9
662.0 1814068.0
663.0 1833084.5
664.0 1859707.2
665.0 1718410.0
666.0 1496065.6
667.0 1428848.8
668.0 1431246.1
669.0 1697172.0
670.0 1804947.0
671.0 1958621.1
672.0 2055924.4
673.0 1698428.9
674.0 1507527.4
675.0 1818519.8
676.0 1743691.1
677.0 1869319.5
678.0 1313073.9
679.0 1172323.9
680.0 1437907.8
681.0 1747433.6
682.0 1784136.2
683.0 1052312.8
684.0 1010661.8
685.0 1389522.5
686.0 1279943.9
687.0 1386396.9
688.0 1456276.4
689.0 1483643.9
690.0 1280560.8
691.0 1781522.6
692.0 1985284.0
693.0 1849851.1
694.0 1652888.1
695.0 1622744.8
696.0 1492822.8
697.0 1363211.4
698.0 1183463.6
699.0 1306450.9
700.0 1465825.2
701.0 1353317.4
702.0 910924.4
703.0 1132786.4
704.0 1134285.8
705.0 1033604.25
706.0 1278539.5
707.0 1535591.2
708.0 1706278.9
709.0 1530296.9
710.0 987447.56
711.0 1165297.8
712.0 1257922.2
713.0 1192672.2
714.0 1179052.2
715.0 1242221.1
716.0 1263809.2
717.0 1304371.4
718.0 1198718.5
719.0 1137504.0
720.0 1133936.8
721.0 1237083.5
722.0 1531685.6
723.0 1771680.8
724.0 1097739.9
725.0 1045625.0
726.0 1321487.6
727.0 1317009.4
728.0 1303930.6
729.0 1285914.2
730.0 1136023.5
731.0 1113041.0
732.0 1001913.9
733.0 1058710.1
734.0 1137309.8
735.0 1319726.5
736.0 1457517.0
737.0 1618258.2
738.0 1644156.9
739.0 1062844.9
740.0 1358637.4
741.0 1177418.6
742.0 1335804.2
743.0 1134598.2
744.0 1256328.8
745.0 1353155.1
746.0 1563030.2
747.0 1776734.0
748.0 1744222.8
749.0 1809482.8
750.0 1898100.8
751.0 2258083.0
752.0 1992793.1
753.0 1571983.5
754.0 1441104.5
755.0 1498520.8
756.0 1766329.8
757.0 1985144.9
758.0 1467039.5
759.0 1088526.5
760.0 1369249.9
761.0 1144018.8
762.0 1107694.4
763.0 1044173.44
764.0 1227170.2
765.0 1236376.8
766.0 1297157.4
767.0 1240539.9
768.0 1125338.6
769.0 1020955.94
770.0 1264830.2
771.0 1432743.6
772.0 1388183.9
773.0 1442128.9
774.0 1609360.2
775.0 1225461.0
776.0 1324874.4
777.0 1175827.1
778.0 1099876.8
779.0 1177836.6
780.0 1032068.0
781.0 1333385.2
782.0 1103285.5
783.0 1059484.6
784.0 1135078.6
785.0 1293141.4
786.0 1540691.8
787.0 1702228.2
788.0 1544726.0
789.0 1437174.8
790.0 1320385.8
791.0 1337598.2
792.0 1399781.8
793.0 1368776.5
794.0 1190813.4
795.0 1289994.5
796.0 1489012.0
797.0 1831573.2
798.0 1931598.0
799.0 1554959.0
800.0 1502402.5
801.0 1569192.4
802.0 1339655.1
803.0 1602354.9
804.0 1553427.0
805.0 1156511.4
806.0 1019085.25
807.0 1258717.0
808.0 1295300.8
809.0 1544777.8
810.0 1556003.6
811.0 1748900.0
812.0 1604542.5
813.0 1652699.0
814.0 1482114.8
815.0 1050401.1
816.0 1099359.0
817.0 1388983.2
818.0 1417436.1
819.0 1461366.1
820.0 1508723.5
821.0 1575747.8
822.0 1314331.1
823.0 1387885.0
824.0 1585163.5
825.0 1863954.8
826.0 1535459.8
827.0 1682717.8
828.0 1713339.8
829.0 1151436.5
830.0 1265280.4
831.0 1274908.6
832.0 1375861.0
833.0 1295307.4
834.0 1216246.5
835.0 1258919.5
836.0 1349144.8
837.0 1432828.0
838.0 1576230.0
839.0 1488816.5
840.0 1821365.2
841.0 1960196.2
842.0 1830810.2
843.0 1670148.0
844.0 1593520.0
845.0 1602035.1
846.0 1812058.1
847.0 1719657.4
848.0 1793089.8
849.0 1652089.5
850.0 1503579.9
851.0 1734202.8
852.0 1636536.4
853.0 1767151.1
854.0 1652977.0
855.0 1442542.4
856.0 1386607.0
857.0 1485133.6
858.0 1828685.1
859.0 1852051.1
860.0 2078443.6
861.0 1655529.4
862.0 1834512.4
863.0 2088107.8
864.0 1981106.0
865.0 1501635.2
866.0 1353456.9
867.0 1459166.2
868.0 1325401.9
869.0 1448504.4
870.0 1269069.5
871.0 1660390.2
872.0 1870160.2
873.0 1682133.1
874.0 1210529.1
875.0 1333886.8
876.0 1609538.5
877.0 1545817.8
878.0 1332935.2
879.0 1563325.8
880.0 1654704.9
881.0 1753774.9
882.0 1941230.5
883.0 1916793.6
884.0 1800995.5
885.0 1911511.9
886.0 1832936.5
887.0 1817222.2
888.0 1865054.9
889.0 1910974.8
890.0 1717951.5
891.0 1689741.9
892.0 1645881.8
893.0 1966947.2
894.0 1972315.6
895.0 1544315.0
896.0 1670931.2
897.0 1751563.1
898.0 2211606.0
899.0 2072809.9
900.0 2072545.0
901.0 2310317.2
902.0 2198867.8
903.0 1850631.5
904.0 1936574.0
905.0 2026652.5
906.0 2120801.0
907.0 2122838.8
908.0 2145060.5
909.0 2350379.0
910.0 2382693.2
911.0 2542847.8
912.0 3026535.2
913.0 2736527.8
914.0 2530111.5
915.0 2468028.2
916.0 2378498.5
917.0 2289803.5
918.0 2194133.5
919.0 2265489.5
920.0 2439060.5
921.0 2364571.5
922.0 2457560.5
923.0 2842401.0
924.0 2829647.8
925.0 2615503.0
926.0 2862156.5
927.0 3016996.5
928.0 3066026.5
929.0 3002427.0
930.0 2846506.5
931.0 3102704.0
932.0 3442842.2
933.0 3832150.2
934.0 3819640.0
935.0 3600684.8
936.0 3548791.2
937.0 2841041.5
938.0 2797727.8
939.0 3192170.0
940.0 2932475.2
941.0 3215438.5
942.0 3194810.2
943.0 3698034.0
944.0 3687753.0
945.0 3460112.8
946.0 3470163.0
947.0 3361757.2
948.0 2904041.5
949.0 2907805.2
950.0 2840239.0
951.0 2790392.0
952.0 3049557.8
953.0 3269118.0
954.0 3299346.0
955.0 3274801.0
956.0 3091149.8
957.0 2866055.2
958.0 3066893.8
959.0 3009317.0
960.0 3102700.2
961.0 3179748.5
962.0 3491444.5
963.0 3317177.0
964.0 3726740.2
965.0 4070857.8
966.0 3989416.5
967.0 4302926.5
968.0 4466254.0
969.0 4117224.8
970.0 4640766.0
971.0 4979962.5
972.0 5395581.0
973.0 5668522.0
974.0 5125734.5
975.0 4386830.5
976.0 4322453.0
977.0 4562688.0
978.0 4724284.0
979.0 4903315.5
980.0 5005274.0
981.0 5115573.0
982.0 5388944.0
983.0 5976988.0
984.0 7127463.0
985.0 8014582.0
986.0 9662741.0
987.0 11090678.0
988.0 12535368.0
989.0 13207486.0
990.0 12723356.0
991.0 13015255.0
992.0 12401702.0
993.0 10583325.0
994.0 10517179.0
995.0 11404468.0
996.0 10728000.0
997.0 9808348.0
998.0 10084302.0
999.0 10757330.0
1000.0 10169917.0
1001.0 10367589.0
1002.0 11610790.0
1003.0 12227016.0
1004.0 12259092.0
1005.0 12701129.0
1006.0 13237126.0
1007.0 13022545.0
1008.0 12505418.0
1009.0 12215036.0
1010.0 12213665.0
1011.0 11514348.0
1012.0 11304861.0
1013.0 10174239.0
1014.0 8908726.0
1015.0 8086941.0
1016.0 7298012.5
1017.0 6692434.5
1018.0 5699406.0
1019.0 5067443.0
1020.0 5049143.0
1021.0 4865323.0
1022.0 4942267.0
1023.0 4517735.0
1024.0 4641462.0
1025.0 4363680.0
1026.0 4462055.5
1027.0 4720097.0
1028.0 4948767.5
1029.0 5751665.5
1030.0 6792644.5
1031.0 8000529.0
1032.0 9651816.0
1033.0 11247059.0
1034.0 12260854.0
1035.0 13880999.0
1036.0 15312504.0
1037.0 16812428.0
1038.0 18080830.0
1039.0 17515472.0
1040.0 16003666.0
1041.0 15596115.0
1042.0 15230950.0
1043.0 14629390.0
1044.0 14144231.0
1045.0 14216318.0
1046.0 13777849.0
1047.0 13561904.0
1048.0 14588120.0
1049.0 16550985.0
1050.0 18558682.0
1051.0 18833390.0
1052.0 18980984.0
1053.0 19515968.0
1054.0 19098638.0
1055.0 20092416.0
1056.0 22979772.0
1057.0 29237036.0
1058.0 39439644.0
1059.0 54634690.0
1060.0 74082750.0
1061.0 97147690.0
1062.0 122635450.0
1063.0 146577420.0
1064.0 159983870.0
1065.0 158425470.0
1066.0 141772200.0
1067.0 109057260.0
1068.0 73171590.0
1069.0 48887170.0
1070.0 33318908.0
1071.0 25204968.0
1072.0 19821098.0
1073.0 17031396.0
1074.0 14688549.0
1075.0 12141662.0
1076.0 10495361.0
1077.0 9532242.0
1078.0 8391966.0
1079.0 7400760.5
1080.0 6272565.5
1081.0 5792278.0
1082.0 5553596.0
1083.0 5567825.0
1084.0 6193713.0
1085.0 6758164.0
1086.0 7290067.5
1087.0 8059787.5
1088.0 8809622.0
1089.0 9241458.0
1090.0 9966921.0
1091.0 10341371.0
1092.0 10549570.0
1093.0 9230443.0
1094.0 8109778.0
1095.0 7363419.0
1096.0 7071990.5
1097.0 7510325.0
1098.0 7525049.0
1099.0 8082708.0
1100.0 9048822.0
1101.0 10769236.0
1102.0 14278781.0
1103.0 19545238.0
1104.0 27592204.0
1105.0 37270990.0
1106.0 51474436.0
1107.0 70011370.0
1108.0 90582390.0
1109.0 113252770.0
1110.0 128961170.0
1111.0 136289440.0
1112.0 132288490.0
1113.0 113952920.0
1114.0 86120250.0
1115.0 58615310.0
1116.0 36808770.0
1117.0 23739552.0
1118.0 18374906.0
1119.0 14686965.0
1120.0 11928164.0
1121.0 10080516.0
1122.0 8856501.0
1123.0 6929422.5
1124.0 5874462.5
1125.0 5204343.0
1126.0 4372028.0
1127.0 3696526.0
1128.0 2704586.2
1129.0 2331989.8
1130.0 2303930.2
1131.0 2508884.5
1132.0 2764400.0
1133.0 3021396.0
1134.0 3368519.8
1135.0 4199253.0
1136.0 4867766.5
1137.0 4566379.5
1138.0 4676220.5
1139.0 4821742.5
1140.0 4494109.5
1141.0 3904074.8
1142.0 3365597.2
1143.0 2698217.8
1144.0 2626202.5
1145.0 2483805.5
1146.0 2604678.0
1147.0 2474018.2
1148.0 2572822.8
1149.0 2455172.0
1150.0 2331288.5
1151.0 2147044.0
1152.0 2047197.4
1153.0 2285933.8
1154.0 2360721.5
1155.0 1868867.8
1156.0 2121244.5
1157.0 2491036.8
1158.0 2638112.8
1159.0 2229161.5
1160.0 2402228.0
1161.0 2665119.0
1162.0 2790792.8
1163.0 2655540.0
1164.0 2695780.2
1165.0 2621603.8
1166.0 2720920.2
1167.0 3043053.8
1168.0 2914977.8
1169.0 2826560.2
1170.0 3007147.2
1171.0 2951736.2
1172.0 3310859.0
1173.0 3471010.0
1174.0 3101877.5
1175.0 3098607.0
1176.0 3508066.2
1177.0 3718631.5
1178.0 3656814.5
1179.0 3324423.5
1180.0 3287722.5
1181.0 3665171.0
1182.0 3844096.5
1183.0 3889933.8
1184.0 4254689.0
1185.0 4458581.0
1186.0 5172954.0
1187.0 5365559.5
1188.0 6138495.5
1189.0 6633267.5
1190.0 6592835.0
1191.0 6806404.0
1192.0 6490279.5
1193.0 6149994.0
1194.0 5699261.0
1195.0 5407377.5
1196.0 5522975.5
1197.0 4773415.5
1198.0 4176979.8
1199.0 4449382.0
1200.0 4199392.0
1201.0 4111169.0
1202.0 4612698.0
1203.0 5001067.5
1204.0 4361520.5
1205.0 4603009.0
1206.0 4804186.5
1207.0 4826627.0
1208.0 5097901.5
1209.0 5468134.0
1210.0 6253613.0
1211.0 6993541.0
1212.0 8065980.0
1213.0 8211855.5
1214.0 8210477.5
1215.0 8509788.0
1216.0 8779799.0
1217.0 8345976.0
1218.0 7524297.5
1219.0 6350184.0
1220.0 5508784.0
1221.0 5174371.0
1222.0 5204065.0
1223.0 5285530.5
1224.0 5408124.0
1225.0 6026907.5
1226.0 6640421.0
1227.0 7408279.5
1228.0 7853013.0
1229.0 7741889.5
1230.0 7598210.0
1231.0 8328545.0
1232.0 9688482.0
1233.0 10866572.0
1234.0 12070090.0
1235.0 12856735.0
1236.0 15675291.0
1237.0 19307100.0
1238.0 23153944.0
1239.0 26713498.0
1240.0 30595062.0
1241.0 32873858.0
1242.0 31506932.0
1243.0 30501520.0
1244.0 26339516.0
1245.0 21762076.0
1246.0 16658035.0
1247.0 11777376.0
1248.0 9527424.0
1249.0 8516254.0
1250.0 7819357.0
1251.0 7623069.5
1252.0 7708847.0
1253.0 6889655.5
1254.0 7083997.5
1255.0 7478664.5
1256.0 7738222.5
1257.0 7815423.0
1258.0 8150867.0
1259.0 9074921.0
1260.0 10626396.0
1261.0 12907300.0
1262.0 15813686.0
1263.0 18102072.0
1264.0 21367896.0
1265.0 23475824.0
1266.0 23984056.0
1267.0 23429480.0
1268.0 23195844.0
1269.0 22496918.0
1270.0 20938074.0
1271.0 20187648.0
1272.0 20117734.0
1273.0 20468636.0
1274.0 20359122.0
1275.0 19807308.0
1276.0 17912870.0
1277.0 15903020.0
1278.0 13845476.0
1279.0 14592589.0
1280.0 15460749.0
1281.0 15983416.0
1282.0 16680480.0
1283.0 16744762.0
1284.0 17059522.0
1285.0 17746588.0
1286.0 18226602.0
1287.0 17096756.0
1288.0 16186639.0
1289.0 15706871.0
1290.0 15687689.0
1291.0 15728069.0
1292.0 16381816.0
1293.0 16268602.0
1294.0 15692901.0
1295.0 15894071.0
1296.0 16949088.0
1297.0 17538224.0
1298.0 18832110.0
1299.0 19589258.0
1300.0 21416128.0
1301.0 23375848.0
1302.0 25480524.0
1303.0 27564380.0
1304.0 29669882.0
1305.0 32378696.0
1306.0 35409956.0
1307.0 39058930.0
1308.0 41718350.0
1309.0 43386380.0
1310.0 42664110.0
1311.0 40994150.0
1312.0 38981856.0
1313.0 37017800.0
1314.0 37927120.0
1315.0 38968444.0
1316.0 40898936.0
1317.0 42329976.0
1318.0 41641132.0
1319.0 41710708.0
1320.0 44067110.0
1321.0 46126104.0
1322.0 46804216.0
1323.0 48039316.0
1324.0 50890876.0
1325.0 53927990.0
1326.0 57409296.0
1327.0 62901656.0
1328.0 68360610.0
1329.0 72571860.0
1330.0 76138090.0
1331.0 77829990.0
1332.0 78939096.0
1333.0 79669310.0
1334.0 81136700.0
1335.0 82432330.0
1336.0 82033790.0
1337.0 83210170.0
1338.0 83823350.0
1339.0 84809010.0
1340.0 83546460.0
1341.0 78978070.0
1342.0 73662350.0
1343.0 68727810.0
1344.0 64295420.0
1345.0 62872356.0
1346.0 61905776.0
1347.0 60168356.0
1348.0 60686950.0
1349.0 63151296.0
1350.0 65163270.0
1351.0 67967940.0
1352.0 70263440.0
1353.0 73360270.0
1354.0 76533490.0
1355.0 77546060.0
1356.0 77331610.0
1357.0 77206000.0
1358.0 76713190.0
1359.0 76060180.0
1360.0 77878050.0
1361.0 84931740.0
1362.0 92991100.0
1363.0 102015650.0
1364.0 114464080.0
1365.0 132255570.0
1366.0 154147710.0
1367.0 176729020.0
1368.0 200496540.0
1369.0 220808480.0
1370.0 242445660.0
1371.0 258537600.0
1372.0 267315870.0
1373.0 267393100.0
1374.0 258847760.0
1375.0 238766500.0
1376.0 214700130.0
1377.0 190531800.0
1378.0 170611650.0
1379.0 159534340.0
1380.0 149750160.0
1381.0 139470750.0
1382.0 128031090.0
1383.0 119235530.0
1384.0 115660890.0
1385.0 110972120.0
1386.0 104306580.0
1387.0 95633780.0
1388.0 86765910.0
1389.0 78490140.0
1390.0 69884760.0
1391.0 61354570.0
1392.0 53886556.0
1393.0 49215540.0
1394.0 46779776.0
1395.0 46578790.0
1396.0 49961296.0
1397.0 55201504.0
1398.0 60025616.0
1399.0 64696544.0
1400.0 69930770.0
1401.0 77165930.0
1402.0 87552230.0
1403.0 99679980.0
1404.0 113813560.0
1405.0 130297410.0
1406.0 148947500.0
1407.0 172205620.0
1408.0 196888260.0
1409.0 221699230.0
1410.0 250717220.0
1411.0 284223300.0
1412.0 317117280.0
1413.0 338044220.0
1414.0 346470720.0
1415.0 348604640.0
1416.0 332492930.0
1417.0 301918200.0
1418.0 255470580.0
1419.0 195013620.0
1420.0 140231060.0
1421.0 101395570.0
1422.0 74698184.0
1423.0 56871400.0
1424.0 45085964.0
1425.0 38597464.0
1426.0 32944068.0
1427.0 28779908.0
1428.0 24963892.0
1429.0 21932996.0
1430.0 20649404.0
1431.0 18828880.0
1432.0 16654139.0
1433.0 14661491.0
1434.0 13325744.0
1435.0 12229618.0
1436.0 11664826.0
1437.0 11885228.0
1438.0 12581724.0
1439.0 12066589.0
1440.0 12197555.0
1441.0 13615531.0
1442.0 13920635.0
1443.0 14045035.0
1444.0 13834422.0
1445.0 13808074.0
1446.0 14388904.0
1447.0 14974142.0
1448.0 14649630.0
1449.0 15528686.0
1450.0 16333009.0
1451.0 18517638.0
1452.0 19419948.0
1453.0 19903582.0
1454.0 22248362.0
1455.0 23931510.0
1456.0 24904730.0
1457.0 25370504.0
1458.0 25553510.0
1459.0 25936798.0
1460.0 26065518.0
1461.0 26413642.0
1462.0 26808564.0
1463.0 27727218.0
1464.0 27030432.0
1465.0 27181352.0
1466.0 26234924.0
1467.0 26614768.0
1468.0 27361582.0
1469.0 28231730.0
1470.0 28388928.0
1471.0 29858268.0
1472.0 29614982.0
1473.0 28421222.0
1474.0 26269868.0
1475.0 24857968.0
1476.0 24375452.0
1477.0 24900152.0
1478.0 24728642.0
1479.0 24716438.0
1480.0 25621102.0
1481.0 26550032.0
1482.0 28922132.0
1483.0 33100122.0
1484.0 38312428.0
1485.0 44094996.0
1486.0 49179200.0
1487.0 53743904.0
1488.0 58951280.0
1489.0 64762016.0
1490.0 68823400.0
1491.0 71622710.0
1492.0 71013880.0
1493.0 73981540.0
1494.0 78137410.0
1495.0 76345290.0
1496.0 72855760.0
1497.0 72025144.0
1498.0 69923850.0
1499.0 68158970.0
1500.0 66629660.0
1501.0 59325560.0
1502.0 51567270.0
1503.0 44618850.0
1504.0 38874296.0
1505.0 36263744.0
1506.0 34097056.0
1507.0 34092404.0
1508.0 35994504.0
1509.0 38863256.0
1510.0 41643984.0
1511.0 45582730.0
1512.0 47155796.0
1513.0 47375644.0
1514.0 49912240.0
1515.0 56568290.0
1516.0 60135744.0
1517.0 62439970.0
1518.0 66762240.0
1519.0 71147976.0
1520.0 75566210.0
1521.0 78924940.0
1522.0 81530020.0
1523.0 86405960.0
1524.0 90958070.0
1525.0 92389770.0
1526.0 96625440.0
1527.0 99026030.0
1528.0 101682350.0
1529.0 103826650.0
1530.0 101048640.0
1531.0 92425850.0
1532.0 81822180.0
1533.0 72093680.0
1534.0 61644944.0
1535.0 52390884.0
1536.0 43898810.0
1537.0 35327704.0
1538.0 31553860.0
1539.0 29643260.0
1540.0 30825644.0
1541.0 32307560.0
1542.0 33810704.0
1543.0 36346230.0
1544.0 38348624.0
1545.0 42149470.0
1546.0 46404464.0
1547.0 51897224.0
1548.0 58283956.0
1549.0 64498790.0
1550.0 69001410.0
1551.0 73290904.0
1552.0 78597880.0
1553.0 83956870.0
1554.0 91172510.0
1555.0 95256280.0
1556.0 99266240.0
1557.0 103851170.0
1558.0 104342290.0
1559.0 103516220.0
1560.0 99539650.0
1561.0 91282220.0
1562.0 80871660.0
1563.0 68642190.0
1564.0 60678336.0
1565.0 57219744.0
1566.0 56019364.0
1567.0 55187556.0
1568.0 55776596.0
1569.0 57658360.0
1570.0 56342700.0
1571.0 53476530.0
1572.0 51386140.0
1573.0 48882744.0
1574.0 45237240.0
1575.0 40800840.0
1576.0 36470550.0
1577.0 29343468.0
1578.0 24258960.0
1579.0 21306922.0
1580.0 19901614.0
1581.0 19568262.0
1582.0 19922690.0
1583.0 19728102.0
1584.0 20936544.0
1585.0 21895596.0
1586.0 22146878.0
1587.0 22567588.0
1588.0 22517792.0
1589.0 24199680.0
1590.0 24741660.0
1591.0 23261956.0
1592.0 21557388.0
1593.0 20792158.0
1594.0 20054184.0
1595.0 20830714.0
1596.0 20553492.0
1597.0 20310330.0
1598.0 19495580.0
1599.0 20212424.0
1600.0 21178640.0
1601.0 20589228.0
1602.0 21433476.0
1603.0 22705982.0
1604.0 23480598.0
1605.0 25916850.0
1606.0 27563788.0
1607.0 27938828.0
1608.0 28876824.0
1609.0 31644996.0
1610.0 34759884.0
1611.0 39820460.0
1612.0 43634796.0
1613.0 47223620.0
1614.0 51592680.0
1615.0 55238836.0
1616.0 57638850.0
1617.0 62537220.0
1618.0 64513740.0
1619.0 62769180.0
1620.0 62903356.0
1621.0 68525110.0
1622.0 73464390.0
1623.0 79179230.0
1624.0 84826160.0
1625.0 88231980.0
1626.0 90420120.0
1627.0 88589160.0
1628.0 82231496.0
1629.0 72832790.0
1630.0 58411760.0
1631.0 44847064.0
1632.0 35273264.0
1633.0 27360416.0
1634.0 22975298.0
1635.0 19955012.0
1636.0 18195530.0
1637.0 16997600.0
1638.0 16635810.0
1639.0 16735585.0
1640.0 15903195.0
1641.0 15749920.0
1642.0 15626845.0
1643.0 15281278.0
1644.0 15247068.0
1645.0 16245315.0
1646.0 17295816.0
1647.0 17922864.0
1648.0 17399404.0
1649.0 17347532.0
1650.0 17142198.0
1651.0 17240304.0
1652.0 15854136.0
1653.0 14872368.0
1654.0 14783744.0
1655.0 14444198.0
1656.0 14939261.0
1657.0 14206599.0
1658.0 13784438.0
1659.0 12756006.0
1660.0 11663561.0
1661.0 12156294.0
1662.0 12026636.0
1663.0 12013768.0
1664.0 11798896.0
1665.0 11387284.0
1666.0 11972801.0
1667.0 12003929.0
1668.0 12122316.0
1669.0 12185026.0
1670.0 13197566.0
1671.0 14536521.0
1672.0 15573668.0
1673.0 15847658.0
1674.0 16665346.0
1675.0 16900212.0
1676.0 17515472.0
1677.0 19916128.0
1678.0 20470846.0
1679.0 20587982.0
1680.0 20782754.0
1681.0 20445948.0
1682.0 21167348.0
1683.0 21312912.0
1684.0 19644616.0
1685.0 17795216.0
1686.0 18239322.0
1687.0 18143768.0
1688.0 17743168.0
1689.0 17780728.0
1690.0 17718268.0
1691.0 19760302.0
1692.0 21021220.0
1693.0 20063064.0
1694.0 19537934.0
1695.0 20041348.0
1696.0 20549728.0
1697.0 21749762.0
1698.0 23148740.0
1699.0 24315002.0
1700.0 26404320.0
1701.0 27620090.0
1702.0 27106552.0
1703.0 26359964.0
1704.0 25507836.0
1705.0 24989552.0
1706.0 23039832.0
1707.0 21831212.0
1708.0 20730128.0
1709.0 19554782.0
1710.0 20284418.0
1711.0 20229712.0
1712.0 19608104.0
1713.0 18538822.0
1714.0 18328490.0
1715.0 17961096.0
1716.0 16721235.0
1717.0 15612474.0
1718.0 14726635.0
1719.0 13912195.0
1720.0 12616621.0
1721.0 10994618.0
1722.0 8771713.0
1723.0 6602174.5
1724.0 5166495.5
1725.0 4004447.0
1726.0 3756320.0
1727.0 3254758.5
1728.0 3360645.0
1729.0 3778637.2
1730.0 3791032.0
1731.0 3975064.8
1732.0 4146235.2
1733.0 4621842.0
1734.0 4955044.5
1735.0 5351080.0
1736.0 5129492.0
1737.0 5163174.5
1738.0 5884715.5
1739.0 6294448.0
1740.0 6739216.0
1741.0 6856453.0
1742.0 6697908.0
1743.0 6876172.0
1744.0 6525853.0
1745.0 6189955.0
1746.0 5889121.0
1747.0 5906160.5
1748.0 5311804.0
1749.0 5244919.0
1750.0 5883687.0
1751.0 5315517.5
1752.0 4744683.0
1753.0 4884838.5
1754.0 4958060.5
1755.0 4612951.0
1756.0 4488832.0
1757.0 4668658.0
1758.0 5271372.0
1759.0 5223821.0
1760.0 5220175.0
1761.0 6316766.0
1762.0 6509749.0
1763.0 7055987.0
1764.0 8038893.0
1765.0 8371395.5
1766.0 8783756.0
1767.0 8568512.0
1768.0 8668719.0
1769.0 8270037.5
1770.0 7902105.0
1771.0 7851260.5
1772.0 7850750.5
1773.0 8083022.0
1774.0 8066144.0
1775.0 7513974.0
1776.0 7652424.0
1777.0 7710037.5
1778.0 7887752.5
1779.0 7495480.5
1780.0 7161457.0
1781.0 6768524.5
1782.0 6654475.5
1783.0 5585635.0
1784.0 5589254.0
1785.0 5712767.0
1786.0 5808475.0
1787.0 5127114.0
1788.0 5393569.0
1789.0 5843285.5
1790.0 5966894.0
1791.0 6358039.5
1792.0 6442472.5
1793.0 6471887.0
1794.0 7055230.5
1795.0 6973193.0
1796.0 7035157.0
1797.0 7849438.0
1798.0 8781258.0
1799.0 8312308.0
1800.0 8189159.0
1801.0 7987468.0
1802.0 8347108.0
1803.0 8259374.5
1804.0 8283070.0
1805.0 8039027.0
1806.0 7970579.5
1807.0 7271821.0
1808.0 6509694.5
1809.0 6099368.0
1810.0 5549923.0
1811.0 4850533.5
1812.0 4690571.5
1813.0 4994312.0
1814.0 4611123.0
1815.0 4053913.5
1816.0 3976337.2
1817.0 3806471.0
1818.0 4006488.8
1819.0 4384398.0
1820.0 4470664.5
1821.0 4684421.0
1822.0 4766337.0
1823.0 5469172.0
1824.0 5710894.0
1825.0 6258340.5
1826.0 6391630.0
1827.0 7259792.0
1828.0 8006862.0
1829.0 8419278.0
1830.0 9506241.0
1831.0 9632179.0
1832.0 10235267.0
1833.0 9965646.0
1834.0 9883166.0
1835.0 10030198.0
1836.0 9777322.0
1837.0 9344237.0
1838.0 9045445.0
1839.0 8441337.0
1840.0 8089440.0
1841.0 7934387.5
1842.0 8069718.0
1843.0 8297231.0
1844.0 8970768.0
1845.0 9154848.0
1846.0 9655118.0
1847.0 10576714.0
1848.0 11779188.0
1849.0 12276494.0
1850.0 13575710.0
1851.0 14520476.0
1852.0 14659878.0
1853.0 15654751.0
1854.0 15529122.0
1855.0 14584120.0
1856.0 14200430.0
1857.0 13565318.0
1858.0 13520299.0
1859.0 12962748.0
1860.0 12824352.0
1861.0 12341639.0
1862.0 11185926.0
1863.0 11607619.0
1864.0 11163830.0
1865.0 10858600.0
1866.0 11186878.0
1867.0 10256646.0
1868.0 8576308.0
1869.0 7954410.5
1870.0 7719116.0
1871.0 8256104.5
1872.0 8551320.0
1873.0 9455633.0
1874.0 9729856.0
1875.0 10371891.0
1876.0 10851725.0
1877.0 11570174.0
1878.0 11876112.0
1879.0 11968494.0
1880.0 11674858.0
1881.0 12157506.0
1882.0 12009140.0
1883.0 11870945.0
1884.0 10498965.0
1885.0 9435426.0
1886.0 8827467.0
1887.0 9261048.0
1888.0 8325392.0
1889.0 7027075.5
1890.0 6939870.0
1891.0 7087474.0
1892.0 6427271.0
1893.0 5956290.5
1894.0 5852949.0
1895.0 5981501.0
1896.0 6703068.0
1897.0 6779159.0
1898.0 7000434.5
1899.0 8083735.5
1900.0 9372718.0
1901.0 12020115.0
1902.0 13937670.0
1903.0 14018984.0
1904.0 14387558.0
1905.0 17048792.0
1906.0 17975316.0
1907.0 19544456.0
1908.0 21120328.0
1909.0 22750120.0
1910.0 24259332.0
1911.0 25539316.0
1912.0 25494052.0
1913.0 23759612.0
1914.0 22007300.0
1915.0 18641262.0
1916.0 15505121.0
1917.0 11668658.0
1918.0 9032218.0
1919.0 8091588.0
1920.0 6934577.5
1921.0 5918551.0
1922.0 6193216.0
1923.0 5968969.5
1924.0 5598110.5
1925.0 6806782.0
1926.0 7713555.5
1927.0 9098043.0
1928.0 10199578.0
1929.0 10598851.0
1930.0 11838509.0
1931.0 13939932.0
1932.0 15518200.0
1933.0 15920919.0
1934.0 17418012.0
1935.0 18625968.0
1936.0 18990858.0
1937.0 20285304.0
1938.0 21297560.0
1939.0 20515882.0
1940.0 18812888.0
1941.0 15787532.0
1942.0 11934542.0
1943.0 8076851.0
1944.0 6099100.5
1945.0 4444786.5
1946.0 3644604.5
1947.0 3063877.2
1948.0 2827420.0
1949.0 2756262.2
1950.0 2709851.0
1951.0 2422101.8
1952.0 1862061.1
1953.0 1997810.8
1954.0 1392692.4
1955.0 1250208.5
1956.0 1217072.6
1957.0 1533801.9
1958.0 1643453.0
1959.0 1445091.5
1960.0 1637202.5
1961.0 1464739.0
1962.0 1393724.4
1963.0 1453879.8
1964.0 1557049.8
1965.0 1527747.0
1966.0 1296017.6
1967.0 1097820.0
1968.0 1028023.6
1969.0 1382326.4
1970.0 1831810.0
1971.0 1908893.1
1972.0 1641692.6
1973.0 1406383.1
1974.0 1391412.5
1975.0 1563721.8
1976.0 1537726.2
1977.0 1676793.8
1978.0 1782704.0
1979.0 1676521.8
1980.0 1479262.5
1981.0 1969195.2
1982.0 1935016.9
1983.0 1827278.9
1984.0 2119008.5
1985.0 1827841.2
1986.0 1934263.1
1987.0 1603590.6
1988.0 1930432.6
1989.0 1852563.0
1990.0 1879197.6
1991.0 2066583.9
1992.0 2152928.2
1993.0 2274873.0
1994.0 1869560.0
1995.0 1651701.1
1996.0 1969001.9
1997.0 2268726.0
1998.0 1841631.0
1999.0 1518569.4
2000.0 1630149.4
2001.0 2109732.2
2002.0 2165611.2
2003.0 2038136.1
2004.0 2036979.8
2005.0 2010745.2
2006.0 2068992.6
2007.0 2067837.8
2008.0 1900129.9
2009.0 2293592.2
2010.0 2374894.5
2011.0 2245695.2
2012.0 2517076.2
2013.0 2535801.5
2014.0 2285595.2
2015.0 2110849.2
2016.0 2432843.0
2017.0 1511355.5
2018.0 -185983.27
2019.0 -1935721.4
2020.0 -3990204.8
2021.0 -5960597.0
2022.0 -7574792.5
2023.0 -8910849.0
2024.0 -10478740.0
2025.0 -11959046.0
2026.0 -14128224.0
2027.0 -16112318.0
2028.0 -17680122.0
2029.0 -19506816.0
2030.0 -21627058.0
2031.0 -23866170.0
2032.0 -26153820.0
2033.0 -28318558.0
2034.0 -30100404.0
2035.0 0.0
2036.0 0.0
2037.0 0.0
2038.0 0.0
2039.0 0.0
2040.0 0.0
2041.0 0.0
2042.0 0.0
2043.0 0.0
2044.0 0.0
2045.0 0.0
2046.0 0.0
2047.0 0.0
