string
0.0 1618801.8
1.0 1534776.2
2.0 1901439.2
3.0 2192927.2
4.0 2155534.2
5.0 1929214.2
6.0 1900356.8
7.0 1848033.0
8.0 2099995.0
9.0 2371406.8
10.0 1897348.8
11.0 1884300.1
12.0 1860417.8
13.0 2053309.8
14.0 1948721.8
15.0 1826400.0
16.0 1826453.0
17.0 1263985.6
18.0 1990803.8
19.0 2529123.5
20.0 2373536.0
21.0 2233069.8
22.0 2266806.8
23.0 2231642.2
24.0 2021680.8
25.0 1706696.0
26.0 1876958.0
27.0 1865629.8
28.0 1585184.0
29.0 2058163.8
30.0 2094984.4
31.0 1959175.6
32.0 1864078.1
33.0 2076548.2
34.0 2595959.8
35.0 2515860.2
36.0 2404808.8
37.0 2584693.0
38.0 2353814.0
39.0 2592598.2
40.0 2760596.2
41.0 2834244.5
42.0 3104783.0
43.0 2585462.2
44.0 2909256.5
45.0 3068817.2
46.0 3023056.0
47.0 2892059.8
48.0 2327936.2
49.0 1915888.2
50.0 1788298.6
51.0 1660708.0
52.0 1753704.4
53.0 1765954.4
54.0 1848671.0
55.0 1563609.5
56.0 1640876.0
57.0 1710137.4
58.0 1885164.2
59.0 2045582.2
60.0 2606953.5
61.0 3081515.5
62.0 3220358.0
63.0 3361064.8
64.0 3128432.5
65.0 3095223.0
66.0 2856413.0
67.0 2784206.5
68.0 2561763.2
69.0 2260927.5
70.0 1837217.4
71.0 1889871.9
72.0 2152622.2
73.0 2954527.8
74.0 3194637.0
75.0 3181960.5
76.0 3225158.0
77.0 3530940.5
78.0 3920342.2
79.0 3997585.0
80.0 4065884.5
81.0 4183662.5
82.0 4669413.0
83.0 4426835.5
84.0 3060046.2
85.0 3093556.5
86.0 2962541.2
87.0 3174609.8
88.0 3050507.5
89.0 3150257.2
90.0 3826446.2
91.0 3939700.5
92.0 3434393.0
93.0 3441322.2
94.0 3701291.2
95.0 5160977.5
96.0 6137487.0
97.0 6619362.0
98.0 7502961.0
99.0 7291833.0
100.0 6450347.5
101.0 4985348.5
102.0 3554012.5
103.0 2203064.5
104.0 1215667.6
105.0 1268830.2
106.0 1420364.0
107.0 1384645.8
108.0 1063489.0
109.0 1123177.9
110.0 1594160.2
111.0 1460800.0
112.0 1639552.2
113.0 1690707.5
114.0 1814757.6
115.0 1950907.0
116.0 2619767.8
117.0 2589935.8
118.0 2837762.0
119.0 3532952.8
120.0 4318776.0
121.0 4525167.0
122.0 5222323.0
123.0 5735830.0
124.0 6387760.0
125.0 6750974.0
126.0 6556127.0
127.0 5680009.5
128.0 5367200.5
129.0 5104582.0
130.0 5368229.0
131.0 5816550.0
132.0 5592930.0
133.0 4537648.0
134.0 3133476.2
135.0 2099414.8
136.0 1560271.4
137.0 924969.6
138.0 603169.75
139.0 615388.6
140.0 967846.75
141.0 1111781.4
142.0 1067741.5
143.0 1076280.8
144.0 1023627.0
145.0 674882.9
146.0 725599.06
147.0 708292.6
148.0 883277.1
149.0 906522.6
150.0 905593.6
151.0 1082391.9
152.0 1017822.75
153.0 1167346.4
154.0 1018697.6
155.0 1351848.6
156.0 2201342.0
157.0 3488973.8
158.0 4853588.0
159.0 5918394.5
160.0 6903782.5
161.0 6840768.0
162.0 6393026.0
163.0 5352130.0
164.0 4430504.5
165.0 3124590.5
166.0 2450833.2
167.0 2379053.0
168.0 2228335.5
169.0 2757842.8
170.0 3117966.0
171.0 3562037.2
172.0 4056904.8
173.0 4559254.0
174.0 3822348.8
175.0 3202863.5
176.0 3532869.0
177.0 4310364.5
178.0 5387746.0
179.0 7877104.5
180.0 10657654.0
181.0 12600452.0
182.0 14043298.0
183.0 13948254.0
184.0 13588338.0
185.0 11344926.0
186.0 8487712.0
187.0 5804487.0
188.0 4300594.5
189.0 2996131.5
190.0 2832319.5
191.0 2869617.5
192.0 2075690.6
193.0 1609546.8
194.0 1017718.7
195.0 1170066.2
196.0 1587545.0
197.0 1976764.8
198.0 1578462.6
199.0 1289471.6
200.0 961842.56
201.0 821514.0
202.0 713444.0
203.0 774034.5
204.0 1101625.8
205.0 1198077.6
206.0 1405764.4
207.0 1389097.6
208.0 1291879.4
209.0 1426887.5
210.0 1365655.1
211.0 1595842.6
212.0 1598350.6
213.0 1700852.8
214.0 1892539.0
215.0 2397713.8
216.0 3414021.2
217.0 4798499.5
218.0 6012782.0
219.0 6984269.5
220.0 9236878.0
221.0 9660574.0
222.0 8534701.0
223.0 7292129.0
224.0 5984624.0
225.0 4416336.5
226.0 3241590.2
227.0 2781440.0
228.0 2351174.2
229.0 1935419.5
230.0 1396803.8
231.0 1245849.4
232.0 1302092.4
233.0 1267963.0
234.0 1114501.5
235.0 1124929.9
236.0 1204869.0
237.0 1139182.4
238.0 1063191.1
239.0 935329.75
240.0 768229.44
241.0 762250.0
242.0 987059.6
243.0 1218208.0
244.0 1374307.8
245.0 1680605.2
246.0 1751599.0
247.0 2011002.2
248.0 2621529.5
249.0 3413704.5
250.0 4469635.5
251.0 4671208.5
252.0 5368036.0
253.0 7227629.0
254.0 6883857.0
255.0 6240684.0
256.0 5129324.5
257.0 3474149.8
258.0 2657161.2
259.0 1904797.5
260.0 1526772.2
261.0 1551147.5
262.0 1436041.5
263.0 1174960.6
264.0 1419041.0
265.0 1291682.5
266.0 762445.06
267.0 953853.06
268.0 1123908.6
269.0 830937.75
270.0 695352.9
271.0 790709.9
272.0 604937.06
273.0 720220.0
274.0 525339.6
275.0 533357.5
276.0 693807.8
277.0 734587.2
278.0 876124.6
279.0 1314094.2
280.0 1283175.6
281.0 1363565.2
282.0 1259193.6
283.0 994598.25
284.0 924271.25
285.0 1083555.1
286.0 1235520.5
287.0 1124858.4
288.0 1012327.75
289.0 766992.56
290.0 916886.4
291.0 1221545.1
292.0 973279.0
293.0 967687.0
294.0 883929.7
295.0 1041927.1
296.0 1019510.56
297.0 735986.0
298.0 862833.6
299.0 771139.3
300.0 800613.8
301.0 859690.6
302.0 1056593.5
303.0 1315341.1
304.0 1271835.9
305.0 1388848.0
306.0 1429887.8
307.0 1437937.2
308.0 1438012.0
309.0 1280680.9
310.0 1394922.5
311.0 1415700.1
312.0 1377904.8
313.0 1464781.0
314.0 1507905.0
315.0 1658005.0
316.0 1676181.8
317.0 1827631.9
318.0 1975030.1
319.0 2071526.9
320.0 2388009.8
321.0 3068102.8
322.0 3437591.5
323.0 3186005.2
324.0 3082194.5
325.0 3435711.5
326.0 2907711.5
327.0 2519082.8
328.0 2877245.2
329.0 3266448.5
330.0 3319989.5
331.0 3988993.5
332.0 5072325.0
333.0 5557920.5
334.0 5721699.5
335.0 5673618.0
336.0 4689064.5
337.0 4151501.0
338.0 3158566.5
339.0 2371349.8
340.0 2464589.2
341.0 2072104.0
342.0 2069842.6
343.0 1992042.6
344.0 1451047.8
345.0 1292892.0
346.0 1513928.0
347.0 1309065.2
348.0 955215.06
349.0 783768.25
350.0 953230.5
351.0 1040232.25
352.0 1276382.0
353.0 969291.25
354.0 1008553.06
355.0 1161480.6
356.0 1257896.1
357.0 1284210.2
358.0 1197893.6
359.0 1223171.8
360.0 1315311.4
361.0 1597109.0
362.0 1947522.0
363.0 2194626.5
364.0 2520675.2
365.0 2705614.0
366.0 3481387.5
367.0 3399368.8
368.0 3861320.5
369.0 4368534.0
370.0 4142363.0
371.0 3901646.2
372.0 3217572.0
373.0 2139597.2
374.0 1732201.9
375.0 1592530.2
376.0 1959286.8
377.0 1826578.1
378.0 1505995.2
379.0 1805227.4
380.0 2015534.2
381.0 1819771.9
382.0 1308133.0
383.0 1378267.4
384.0 1254831.0
385.0 1160298.1
386.0 1025645.4
387.0 1154516.0
388.0 1256806.1
389.0 1418619.8
390.0 1138095.2
391.0 1257401.0
392.0 1552848.6
393.0 1883345.0
394.0 1855379.9
395.0 2278598.0
396.0 1934253.1
397.0 2087017.5
398.0 2409899.8
399.0 2199263.5
400.0 2334022.8
401.0 2090788.2
402.0 1880833.2
403.0 1681332.8
404.0 1710319.0
405.0 1413420.5
406.0 1805547.5
407.0 2353699.8
408.0 2857753.5
409.0 3049016.5
410.0 3038045.5
411.0 2286675.5
412.0 2373150.0
413.0 2233652.8
414.0 2161517.8
415.0 2097970.8
416.0 2178827.8
417.0 2409053.2
418.0 2733562.5
419.0 3126192.0
420.0 2904365.2
421.0 2648657.5
422.0 2221389.0
423.0 1794993.2
424.0 1679212.8
425.0 1342956.9
426.0 1475788.1
427.0 1323359.0
428.0 1435302.6
429.0 1658459.8
430.0 1378873.8
431.0 1661357.2
432.0 2041981.1
433.0 2370381.8
434.0 1922580.0
435.0 1654058.1
436.0 1612136.4
437.0 1607093.2
438.0 1865755.5
439.0 1837907.4
440.0 1910059.0
441.0 1938686.0
442.0 1465685.6
443.0 1102032.4
444.0 1147005.1
445.0 1023679.94
446.0 1029035.0
447.0 929805.3
448.0 1244841.0
449.0 1697427.6
450.0 1601466.2
451.0 1973399.2
452.0 1856690.5
453.0 1614438.5
454.0 2112031.5
455.0 2051778.2
456.0 1743236.5
457.0 1519001.5
458.0 1358205.8
459.0 1362364.8
460.0 1580922.6
461.0 1505523.0
462.0 1367122.5
463.0 1873526.0
464.0 2035959.5
465.0 2145729.0
466.0 2100508.5
467.0 2116826.0
468.0 2096570.5
469.0 2219711.2
470.0 2139005.0
471.0 2555119.8
472.0 2364454.0
473.0 1986400.6
474.0 1771895.5
475.0 1691930.1
476.0 1801891.2
477.0 1734255.8
478.0 1660935.2
479.0 1323617.2
480.0 1349713.6
481.0 1238659.8
482.0 1426563.9
483.0 1370241.2
484.0 1261189.0
485.0 1135022.2
486.0 869122.1
487.0 829134.44
488.0 1082731.2
489.0 1513935.8
490.0 1601970.2
491.0 1819739.2
492.0 1323825.6
493.0 802175.0
494.0 552990.0
495.0 659422.5
496.0 951478.44
497.0 893532.44
498.0 1138202.4
499.0 1378466.9
500.0 1166546.1
501.0 1303867.0
502.0 1413284.5
503.0 1626600.2
504.0 1596673.5
505.0 1634574.5
506.0 1647597.4
507.0 1903781.9
508.0 1549503.9
509.0 1968927.4
510.0 1890298.1
511.0 1654002.4
512.0 1535132.6
513.0 1364133.6
514.0 1558898.9
515.0 1687885.5
516.0 1432135.6
517.0 1392576.4
518.0 1214844.0
519.0 1201582.4
520.0 1072929.8
521.0 945274.5
522.0 977363.8
523.0 901549.6
524.0 1049119.5
525.0 1227844.9
526.0 1058989.4
527.0 1305153.5
528.0 1093580.4
529.0 1252431.8
530.0 1511793.8
531.0 1675270.0
532.0 1479891.1
533.0 1519516.4
534.0 1916518.2
535.0 1780208.2
536.0 1778376.5
537.0 2174090.5
538.0 2445138.0
539.0 2633795.0
540.0 2606069.8
541.0 2401285.5
542.0 1663071.4
543.0 1089361.8
544.0 1173250.1
545.0 1412623.8
546.0 1437604.4
547.0 1413829.2
548.0 1147141.0
549.0 1160259.0
550.0 971227.4
551.0 1318874.8
552.0 1204735.0
553.0 1044663.06
554.0 1537100.0
555.0 1935536.4
556.0 1924676.2
557.0 1901955.2
558.0 1621820.6
559.0 1732021.2
560.0 1854114.8
561.0 1384504.8
562.0 1658950.0
563.0 1420498.9
564.0 1265349.0
565.0 1298677.4
566.0 1551691.8
567.0 1368437.0
568.0 1365625.5
569.0 1105621.0
570.0 1104966.9
571.0 1108956.4
572.0 1321442.6
573.0 1432384.2
574.0 1488440.2
575.0 1326780.5
576.0 1328400.8
577.0 1505464.4
578.0 1506960.2
579.0 1583505.1
580.0 1167048.6
581.0 1258146.8
582.0 1272542.2
583.0 1393014.5
584.0 1396098.5
585.0 1334113.9
586.0 1180991.1
587.0 1512977.6
588.0 1286971.4
589.0 1097099.5
590.0 1291614.0
591.0 1276111.6
592.0 1208949.5
593.0 1129155.6
594.0 1076848.0
595.0 1048965.8
596.0 1052277.2
597.0 1088206.0
598.0 1102909.8
599.0 1274536.0
600.0 1336443.9
601.0 1533410.2
602.0 1675759.4
603.0 1450429.0
604.0 1534909.8
605.0 1116114.9
606.0 1080606.5
607.0 1311024.0
608.0 1424766.1
609.0 1327092.0
610.0 1347430.0
611.0 1425560.5
612.0 1615207.0
613.0 1729936.9
614.0 1563038.1
615.0 1153618.0
616.0 1006348.2
617.0 962302.2
618.0 980245.75
619.0 1010759.75
620.0 1057619.1
621.0 883536.4
622.0 879823.7
623.0 1111936.2
624.0 1374348.9
625.0 1253943.6
626.0 1319956.9
627.0 1322636.0
628.0 1831901.1
629.0 1615331.9
630.0 985723.6
631.0 984194.7
632.0 1225937.4
633.0 1054861.8
634.0 1072718.6
635.0 1239800.5
636.0 1167978.5
637.0 1199651.4
638.0 1075866.8
639.0 1086125.8
640.0 1091214.8
641.0 1248630.1
642.0 1388530.2
643.0 1316516.2
644.0 1403148.1
645.0 1143301.8
646.0 1246080.6
647.0 1254635.1
648.0 1148475.1
649.0 1286250.9
650.0 1185226.4
651.0 1192634.9
652.0 1128157.4
653.0 1148378.5
654.0 973517.4
655.0 909898.1
656.0 844686.56
657.0 910574.06
658.0 914689.6
659.0 869268.7
660.0 1119196.9
661.0 1433343.1
662.0 1376711.0
663.0 1163706.6
664.0 1113055.5
665.0 1177569.1
666.0 1420852.5
667.0 1446998.9
668.0 1576442.6
669.0 1623112.5
670.0 1236170.4
671.0 1144268.9
672.0 1398565.2
673.0 1483266.0
674.0 1377450.2
675.0 1710494.0
676.0 1644449.0
677.0 1492825.5
678.0 1285341.8
679.0 1457377.4
680.0 1424970.1
681.0 1325794.0
682.0 1140601.9
683.0 970137.6
684.0 1248980.1
685.0 1364791.4
686.0 1165010.2
687.0 912304.0
688.0 1140504.0
689.0 1257767.8
690.0 1112513.2
691.0 1151655.0
692.0 1130543.0
693.0 1330341.1
694.0 1435713.1
695.0 1058343.2
696.0 1114577.0
697.0 1143386.6
698.0 1136304.0
699.0 919912.1
700.0 1195921.6
701.0 1291904.2
702.0 967631.25
703.0 976280.0
704.0 1265995.4
705.0 1299794.2
706.0 960952.4
707.0 983794.4
708.0 1080060.2
709.0 1200444.8
710.0 1368417.6
711.0 1404214.2
712.0 1221556.8
713.0 1182705.6
714.0 1204044.5
715.0 1405959.2
716.0 1630212.5
717.0 1400548.9
718.0 1107977.8
719.0 1084137.4
720.0 1331558.8
721.0 1193331.1
722.0 1184101.5
723.0 1057581.6
724.0 1181880.5
725.0 1184979.8
726.0 1403111.0
727.0 1260029.1
728.0 1144983.8
729.0 1251696.5
730.0 1405083.0
731.0 1140645.0
732.0 1246889.4
733.0 1197820.6
734.0 1033295.3
735.0 950568.8
736.0 878808.75
737.0 1159560.6
738.0 1432733.2
739.0 1304523.2
740.0 1007061.2
741.0 933754.06
742.0 1018550.3
743.0 1276869.2
744.0 1446956.9
745.0 1440266.8
746.0 1347078.9
747.0 1320216.0
748.0 1382595.8
749.0 1659556.5
750.0 1585888.5
751.0 1703124.9
752.0 1450338.6
753.0 1765869.5
754.0 1660356.2
755.0 1616720.6
756.0 1399353.5
757.0 1298123.2
758.0 1321153.5
759.0 1150792.2
760.0 1367021.2
761.0 1309072.9
762.0 1275854.8
763.0 1057544.4
764.0 989328.7
765.0 1138691.0
766.0 1114997.2
767.0 1018759.06
768.0 814485.75
769.0 958628.5
770.0 956688.6
771.0 1062994.2
772.0 1096383.5
773.0 1244620.2
774.0 1232666.5
775.0 1103086.8
776.0 1397750.5
777.0 1323208.8
778.0 1031825.6
779.0 983241.3
780.0 1241113.9
781.0 984273.0
782.0 964469.4
783.0 1022789.7
784.0 1176310.8
785.0 1352284.8
786.0 1108737.2
787.0 1210606.5
788.0 1029846.8
789.0 1137287.8
790.0 1319355.1
791.0 1201075.6
792.0 1092094.8
793.0 1335018.0
794.0 1332871.4
795.0 1377792.6
796.0 1450309.2
797.0 1364436.0
798.0 1391304.8
799.0 1790166.8
800.0 1702857.0
801.0 1818281.8
802.0 1756686.5
803.0 1572723.1
804.0 1352223.9
805.0 1313252.0
806.0 1402024.2
807.0 1146257.2
808.0 1257369.8
809.0 1267323.2
810.0 1293711.9
811.0 1241536.1
812.0 1403424.9
813.0 1137596.8
814.0 1256821.1
815.0 1376625.2
816.0 1367346.8
817.0 1343980.8
818.0 1673436.9
819.0 1499524.2
820.0 1536279.8
821.0 1354012.4
822.0 1382279.8
823.0 1698475.2
824.0 1469870.2
825.0 1663919.0
826.0 1726363.2
827.0 1436205.8
828.0 1380366.2
829.0 1465023.5
830.0 1461399.8
831.0 1401240.8
832.0 1219074.9
833.0 1001175.4
834.0 826784.6
835.0 776489.44
836.0 1066786.5
837.0 1341771.9
838.0 1136366.5
839.0 1348821.1
840.0 1132439.4
841.0 1377241.0
842.0 1165007.5
843.0 1025656.8
844.0 1333139.2
845.0 1191765.5
846.0 1004067.8
847.0 1142129.0
848.0 1194886.4
849.0 1041718.06
850.0 1166226.4
851.0 1237693.2
852.0 1275068.0
853.0 1293009.9
854.0 1381534.5
855.0 1383358.8
856.0 1279637.0
857.0 1288421.0
858.0 1478069.5
859.0 1348918.9
860.0 1260251.9
861.0 926846.6
862.0 922243.1
863.0 1087004.0
864.0 1156402.8
865.0 1267087.1
866.0 1187664.2
867.0 1357416.1
868.0 1557310.5
869.0 2060013.2
870.0 1793929.4
871.0 1449912.4
872.0 1433118.5
873.0 1279267.6
874.0 1371645.2
875.0 1504826.1
876.0 1409315.6
877.0 1280651.4
878.0 1670934.4
879.0 1432289.2
880.0 1421261.2
881.0 1218921.5
882.0 1471103.1
883.0 1534179.2
884.0 1367287.4
885.0 1378526.9
886.0 1170557.8
887.0 1360714.4
888.0 1550796.8
889.0 1463013.6
890.0 1128465.2
891.0 1421950.8
892.0 1725353.6
893.0 1760125.5
894.0 1581612.8
895.0 1416786.2
896.0 1626571.5
897.0 1671684.5
898.0 1567275.0
899.0 1280252.2
900.0 1566721.2
901.0 2076842.0
902.0 1968796.5
903.0 1736165.2
904.0 1939835.2
905.0 1966211.0
906.0 1710343.5
907.0 1659965.5
908.0 1492288.9
909.0 1569223.5
910.0 1984837.5
911.0 2178297.8
912.0 2068982.2
913.0 2141913.8
914.0 2248603.0
915.0 2038431.2
916.0 2243899.0
917.0 2340099.8
918.0 2136329.0
919.0 1969432.6
920.0 1895666.9
921.0 2245457.0
922.0 2189557.2
923.0 2296711.2
924.0 2132098.0
925.0 2501918.5
926.0 2516473.8
927.0 2316333.5
928.0 2230718.2
929.0 2305360.8
930.0 2072121.5
931.0 2224651.0
932.0 2395548.5
933.0 2367616.2
934.0 2398834.5
935.0 2564937.8
936.0 2541001.2
937.0 2674656.0
938.0 2564994.0
939.0 2516076.8
940.0 2632214.0
941.0 2579398.8
942.0 2607041.5
943.0 2434920.0
944.0 2761474.5
945.0 2626360.5
946.0 2714361.5
947.0 2900548.5
948.0 2635561.2
949.0 2332605.2
950.0 2295549.5
951.0 2571793.8
952.0 2730913.0
953.0 2754273.0
954.0 2977322.8
955.0 2915453.8
956.0 2351305.2
957.0 2120661.5
958.0 2102557.0
959.0 2296239.5
960.0 2344771.5
961.0 2579325.0
962.0 2812407.0
963.0 3112776.0
964.0 3571051.0
965.0 3878769.0
966.0 3477755.2
967.0 3237155.0
968.0 3333876.2
969.0 3869721.0
970.0 4084417.2
971.0 3728094.5
972.0 3490335.5
973.0 3789399.8
974.0 4149747.8
975.0 4147386.0
976.0 3981016.5
977.0 4159844.0
978.0 4071044.8
979.0 4002967.2
980.0 4244754.5
981.0 4016141.2
982.0 4228946.0
983.0 4452085.0
984.0 5316829.0
985.0 6520657.5
986.0 7968434.0
987.0 8734359.0
988.0 9157639.0
989.0 10383434.0
990.0 10887980.0
991.0 11075638.0
992.0 10580816.0
993.0 10283248.0
994.0 9157570.0
995.0 8457190.0
996.0 8407274.0
997.0 9102848.0
998.0 9058849.0
999.0 8678366.0
1000.0 8486547.0
1001.0 8573638.0
1002.0 9055194.0
1003.0 9396835.0
1004.0 9735063.0
1005.0 10454688.0
1006.0 10477567.0
1007.0 10760978.0
1008.0 11079468.0
1009.0 10584459.0
1010.0 10464388.0
1011.0 9796884.0
1012.0 8754978.0
1013.0 8469131.0
1014.0 7913394.5
1015.0 7577719.5
1016.0 7224196.0
1017.0 6108718.0
1018.0 5416032.5
1019.0 5390457.0
1020.0 4906902.0
1021.0 4612490.5
1022.0 4147759.8
1023.0 3746679.5
1024.0 3536774.5
1025.0 3586622.8
1026.0 3443388.0
1027.0 3522756.5
1028.0 3861488.0
1029.0 4470923.0
1030.0 5070724.0
1031.0 6205893.0
1032.0 7541305.0
1033.0 8664358.0
1034.0 8497858.0
1035.0 9452406.0
1036.0 11263568.0
1037.0 12205691.0
1038.0 13117249.0
1039.0 13075255.0
1040.0 13289839.0
1041.0 12853618.0
1042.0 12211521.0
1043.0 11923256.0
1044.0 11634541.0
1045.0 11104544.0
1046.0 11812830.0
1047.0 12364648.0
1048.0 13140521.0
1049.0 14277320.0
1050.0 14207885.0
1051.0 13768741.0
1052.0 13557012.0
1053.0 14065625.0
1054.0 15190334.0
1055.0 16254132.0
1056.0 18239478.0
1057.0 21020690.0
1058.0 28946992.0
1059.0 40288810.0
1060.0 51454990.0
1061.0 64435716.0
1062.0 82307450.0
1063.0 102504800.0
1064.0 115677070.0
1065.0 124490070.0
1066.0 122939870.0
1067.0 109359270.0
1068.0 88290360.0
1069.0 64020216.0
1070.0 42660960.0
1071.0 28948168.0
1072.0 21115528.0
1073.0 17180724.0
1074.0 14346605.0
1075.0 11559128.0
1076.0 9325296.0
1077.0 8237459.5
1078.0 7389260.5
1079.0 6979075.5
1080.0 5897068.0
1081.0 4900545.5
1082.0 4696684.0
1083.0 5208854.0
1084.0 5175918.0
1085.0 4810979.5
1086.0 4443438.5
1087.0 5037674.0
1088.0 6044093.0
1089.0 6007395.5
1090.0 6170107.0
1091.0 6700861.0
1092.0 7240069.0
1093.0 7342270.0
1094.0 7341462.0
1095.0 6893467.5
1096.0 6656677.5
1097.0 6325599.0
1098.0 6284374.5
1099.0 6139805.5
1100.0 6313591.0
1101.0 7840537.5
1102.0 9878479.0
1103.0 13232709.0
1104.0 17142546.0
1105.0 23923724.0
1106.0 32781960.0
1107.0 45460940.0
1108.0 59890710.0
1109.0 75709730.0
1110.0 91498550.0
1111.0 102542930.0
1112.0 106198660.0
1113.0 102305180.0
1114.0 87776240.0
1115.0 66862310.0
1116.0 47727496.0
1117.0 32239264.0
1118.0 21895908.0
1119.0 15777454.0
1120.0 12580151.0
1121.0 10702185.0
1122.0 8788256.0
1123.0 7331349.0
1124.0 5783757.0
1125.0 4994529.5
1126.0 4714706.5
1127.0 4203995.5
1128.0 3769662.2
1129.0 3110676.0
1130.0 3117507.2
1131.0 2977919.8
1132.0 2524437.0
1133.0 2566893.8
1134.0 2554843.0
1135.0 2891036.2
1136.0 3521177.8
1137.0 4006957.0
1138.0 4425154.0
1139.0 4705372.0
1140.0 4255504.0
1141.0 4019938.0
1142.0 3812136.5
1143.0 3276239.8
1144.0 2686132.5
1145.0 2327371.8
1146.0 2490291.0
1147.0 2509896.0
1148.0 2142965.0
1149.0 1985796.0
1150.0 1954615.1
1151.0 1813398.0
1152.0 1665088.9
1153.0 1689272.8
1154.0 1953956.0
1155.0 2117708.5
1156.0 2022587.4
1157.0 1925202.6
1158.0 1752681.9
1159.0 1764248.9
1160.0 1991393.2
1161.0 2041387.4
1162.0 2424193.8
1163.0 2515741.5
1164.0 2106008.8
1165.0 2176574.5
1166.0 2218237.0
1167.0 2244200.5
1168.0 2265501.0
1169.0 2462127.8
1170.0 2461749.5
1171.0 2562023.5
1172.0 2151849.5
1173.0 2402167.8
1174.0 2543854.0
1175.0 2728949.0
1176.0 2950923.0
1177.0 3196838.5
1178.0 3316583.5
1179.0 2890808.5
1180.0 2690698.0
1181.0 2733857.8
1182.0 2966930.0
1183.0 3480278.0
1184.0 3826697.0
1185.0 4132896.2
1186.0 3926461.0
1187.0 4189944.5
1188.0 4499504.5
1189.0 4696500.5
1190.0 5003241.5
1191.0 5383985.5
1192.0 5282073.0
1193.0 4967140.0
1194.0 4494049.0
1195.0 4504884.5
1196.0 3964881.5
1197.0 3751827.5
1198.0 3759627.2
1199.0 3692354.0
1200.0 3798334.0
1201.0 3468481.0
1202.0 3563780.5
1203.0 3437283.8
1204.0 3456199.0
1205.0 3219804.8
1206.0 3673406.5
1207.0 3724727.8
1208.0 3750312.0
1209.0 3742542.2
1210.0 4435589.5
1211.0 5226338.0
1212.0 5939877.5
1213.0 6769280.5
1214.0 6958338.0
1215.0 7006181.0
1216.0 6859555.5
1217.0 6400527.0
1218.0 6004705.0
1219.0 5643174.0
1220.0 4634360.5
1221.0 4210598.0
1222.0 3922187.2
1223.0 4476945.5
1224.0 4840929.5
1225.0 5015254.5
1226.0 5015739.5
1227.0 5255221.0
1228.0 6063185.5
1229.0 6293635.0
1230.0 6985527.5
1231.0 7031402.0
1232.0 7852930.0
1233.0 7681744.5
1234.0 8517468.0
1235.0 10296919.0
1236.0 12551774.0
1237.0 14175812.0
1238.0 16376728.0
1239.0 18760888.0
1240.0 21131184.0
1241.0 22912656.0
1242.0 23635170.0
1243.0 23874418.0
1244.0 22212784.0
1245.0 19823738.0
1246.0 16836156.0
1247.0 13488992.0
1248.0 10073253.0
1249.0 8007318.0
1250.0 7099518.0
1251.0 6994592.0
1252.0 6659207.5
1253.0 6087362.0
1254.0 5851468.0
1255.0 5268099.5
1256.0 5859642.0
1257.0 6954130.0
1258.0 7824701.0
1259.0 8014720.0
1260.0 9250179.0
1261.0 10670521.0
1262.0 12257426.0
1263.0 14169935.0
1264.0 15517501.0
1265.0 16429134.0
1266.0 17564584.0
1267.0 18400828.0
1268.0 19458274.0
1269.0 19418598.0
1270.0 17938196.0
1271.0 16787276.0
1272.0 15778631.0
1273.0 15300830.0
1274.0 16796084.0
1275.0 17251618.0
1276.0 16071828.0
1277.0 14758119.0
1278.0 13387186.0
1279.0 12769874.0
1280.0 12932780.0
1281.0 12793396.0
1282.0 13635032.0
1283.0 14363026.0
1284.0 14612632.0
1285.0 15073034.0
1286.0 15215772.0
1287.0 14728292.0
1288.0 14392646.0
1289.0 13009139.0
1290.0 12577562.0
1291.0 13418256.0
1292.0 13211331.0
1293.0 13597678.0
1294.0 14080765.0
1295.0 14311795.0
1296.0 14919769.0
1297.0 14436886.0
1298.0 14474694.0
1299.0 15872954.0
1300.0 16926178.0
1301.0 18070244.0
1302.0 18709928.0
1303.0 19806022.0
1304.0 20929490.0
1305.0 24414812.0
1306.0 27105988.0
1307.0 28189368.0
1308.0 29749864.0
1309.0 32527802.0
1310.0 34712524.0
1311.0 34651964.0
1312.0 33893664.0
1313.0 31937460.0
1314.0 31236496.0
1315.0 31551036.0
1316.0 31730512.0
1317.0 32672332.0
1318.0 33295142.0
1319.0 34643730.0
1320.0 36099428.0
1321.0 37212500.0
1322.0 38605050.0
1323.0 39136444.0
1324.0 38896056.0
1325.0 41419024.0
1326.0 44031630.0
1327.0 47547536.0
1328.0 50645150.0
1329.0 54584480.0
1330.0 58042380.0
1331.0 61257480.0
1332.0 62650320.0
1333.0 64540370.0
1334.0 65993064.0
1335.0 68694550.0
1336.0 68248750.0
1337.0 67744190.0
1338.0 68245090.0
1339.0 67294350.0
1340.0 65829590.0
1341.0 64834630.0
1342.0 61013944.0
1343.0 57009880.0
1344.0 54547430.0
1345.0 51682950.0
1346.0 49060516.0
1347.0 49178916.0
1348.0 50546340.0
1349.0 51253964.0
1350.0 51842260.0
1351.0 52149816.0
1352.0 55297884.0
1353.0 56927230.0
1354.0 58747770.0
1355.0 59083556.0
1356.0 59732120.0
1357.0 60911344.0
1358.0 61160444.0
1359.0 61642376.0
1360.0 62513624.0
1361.0 65188816.0
1362.0 72168340.0
1363.0 80325960.0
1364.0 91713100.0
1365.0 105035240.0
1366.0 117067630.0
1367.0 134167230.0
1368.0 150748770.0
1369.0 168149620.0
1370.0 185628300.0
1371.0 203877860.0
1372.0 212681440.0
1373.0 218506980.0
1374.0 219043340.0
1375.0 209088780.0
1376.0 190853730.0
1377.0 173042560.0
1378.0 153448000.0
1379.0 137685500.0
1380.0 126222430.0
1381.0 117147670.0
1382.0 111159280.0
1383.0 105214800.0
1384.0 97910660.0
1385.0 91391560.0
1386.0 86331100.0
1387.0 80450930.0
1388.0 73458060.0
1389.0 67299624.0
1390.0 60505760.0
1391.0 54105564.0
1392.0 49515190.0
1393.0 44435880.0
1394.0 40156376.0
1395.0 39153320.0
1396.0 39826356.0
1397.0 41257820.0
1398.0 44547740.0
1399.0 47933070.0
1400.0 52363010.0
1401.0 59235016.0
1402.0 66536196.0
1403.0 76527070.0
1404.0 88469490.0
1405.0 98802580.0
1406.0 114076130.0
1407.0 132471450.0
1408.0 151657860.0
1409.0 171749630.0
1410.0 195337420.0
1411.0 219968340.0
1412.0 237421730.0
1413.0 254847490.0
1414.0 267355660.0
1415.0 274235360.0
1416.0 274841900.0
1417.0 263959220.0
1418.0 236500420.0
1419.0 197754960.0
1420.0 152258820.0
1421.0 111860260.0
1422.0 80522030.0
1423.0 60029664.0
1424.0 45560010.0
1425.0 36243864.0
1426.0 31073838.0
1427.0 25744836.0
1428.0 21482720.0
1429.0 19201476.0
1430.0 16812888.0
1431.0 15101586.0
1432.0 14069355.0
1433.0 12550338.0
1434.0 11318205.0
1435.0 10236882.0
1436.0 9456519.0
1437.0 9501509.0
1438.0 9406174.0
1439.0 8926961.0
1440.0 8803011.0
1441.0 9580630.0
1442.0 9523434.0
1443.0 9370486.0
1444.0 9571441.0
1445.0 10151301.0
1446.0 10256736.0
1447.0 10402414.0
1448.0 10938332.0
1449.0 12113111.0
1450.0 12851554.0
1451.0 12513589.0
1452.0 13749635.0
1453.0 15758082.0
1454.0 16141622.0
1455.0 16510620.0
1456.0 17370172.0
1457.0 18595360.0
1458.0 20214290.0
1459.0 20743472.0
1460.0 20385554.0
1461.0 20552258.0
1462.0 21023616.0
1463.0 21199990.0
1464.0 21305092.0
1465.0 21180128.0
1466.0 21102510.0
1467.0 20853428.0
1468.0 20387148.0
1469.0 20425604.0
1470.0 21030390.0
1471.0 22261950.0
1472.0 23430922.0
1473.0 23046878.0
1474.0 21406810.0
1475.0 20268910.0
1476.0 19377070.0
1477.0 20051642.0
1478.0 20101976.0
1479.0 19311270.0
1480.0 20508364.0
1481.0 21661660.0
1482.0 22507962.0
1483.0 23440320.0
1484.0 26238512.0
1485.0 29257018.0
1486.0 33325870.0
1487.0 37767990.0
1488.0 40071988.0
1489.0 44147300.0
1490.0 47231260.0
1491.0 51151876.0
1492.0 55377470.0
1493.0 57865116.0
1494.0 58933316.0
1495.0 58914280.0
1496.0 57588124.0
1497.0 55566404.0
1498.0 54858184.0
1499.0 53663944.0
1500.0 51264784.0
1501.0 47250620.0
1502.0 42798424.0
1503.0 39197276.0
1504.0 35031280.0
1505.0 30589468.0
1506.0 27674422.0
1507.0 28979840.0
1508.0 28901530.0
1509.0 29290324.0
1510.0 31880532.0
1511.0 32863620.0
1512.0 33823530.0
1513.0 35701856.0
1514.0 36862348.0
1515.0 39540456.0
1516.0 42838544.0
1517.0 45347100.0
1518.0 48044340.0
1519.0 50066644.0
1520.0 53488484.0
1521.0 56933656.0
1522.0 60412996.0
1523.0 66006920.0
1524.0 70437050.0
1525.0 71916056.0
1526.0 70983370.0
1527.0 72269670.0
1528.0 76227020.0
1529.0 76277500.0
1530.0 74811570.0
1531.0 73355600.0
1532.0 69391690.0
1533.0 62990064.0
1534.0 53791280.0
1535.0 45550124.0
1536.0 37085144.0
1537.0 32112710.0
1538.0 27301484.0
1539.0 24431598.0
1540.0 22224800.0
1541.0 23748072.0
1542.0 25815856.0
1543.0 28352718.0
1544.0 31292424.0
1545.0 32839180.0
1546.0 35249988.0
1547.0 37809470.0
1548.0 41306090.0
1549.0 47464350.0
1550.0 52864624.0
1551.0 59068340.0
1552.0 63431370.0
1553.0 64484480.0
1554.0 65917684.0
1555.0 67309460.0
1556.0 69848056.0
1557.0 73906360.0
1558.0 77755270.0
1559.0 78935650.0
1560.0 79462100.0
1561.0 77946056.0
1562.0 71550190.0
1563.0 63295540.0
1564.0 55667304.0
1565.0 47602236.0
1566.0 43249570.0
1567.0 43208644.0
1568.0 43346716.0
1569.0 44610080.0
1570.0 45051304.0
1571.0 44200310.0
1572.0 43038844.0
1573.0 40332356.0
1574.0 37075692.0
1575.0 34705630.0
1576.0 31969280.0
1577.0 27361910.0
1578.0 23588658.0
1579.0 19352870.0
1580.0 16301040.0
1581.0 16538342.0
1582.0 15699591.0
1583.0 14730415.0
1584.0 15438161.0
1585.0 15918412.0
1586.0 16287150.0
1587.0 16608262.0
1588.0 16931634.0
1589.0 17804198.0
1590.0 17422638.0
1591.0 18352908.0
1592.0 18350472.0
1593.0 18110046.0
1594.0 18067562.0
1595.0 17012254.0
1596.0 16555500.0
1597.0 15849459.0
1598.0 15561056.0
1599.0 15374911.0
1600.0 15066980.0
1601.0 16164922.0
1602.0 16503225.0
1603.0 17707000.0
1604.0 18194556.0
1605.0 18868212.0
1606.0 19761082.0
1607.0 20145418.0
1608.0 23040836.0
1609.0 24734764.0
1610.0 26034220.0
1611.0 28495378.0
1612.0 31135644.0
1613.0 33811716.0
1614.0 37189508.0
1615.0 41173696.0
1616.0 45418904.0
1617.0 47959160.0
1618.0 49571970.0
1619.0 52975870.0
1620.0 56050710.0
1621.0 55707710.0
1622.0 57043184.0
1623.0 60610150.0
1624.0 65022644.0
1625.0 67883384.0
1626.0 70742264.0
1627.0 70579770.0
1628.0 68437410.0
1629.0 63025484.0
1630.0 55769240.0
1631.0 45057900.0
1632.0 33680064.0
1633.0 26296412.0
1634.0 20983140.0
1635.0 17750746.0
1636.0 15505425.0
1637.0 13598000.0
1638.0 13273558.0
1639.0 13226709.0
1640.0 12217541.0
1641.0 11853299.0
1642.0 11892389.0
1643.0 12058796.0
1644.0 12517085.0
1645.0 12875878.0
1646.0 13636062.0
1647.0 13351404.0
1648.0 12468800.0
1649.0 12291932.0
1650.0 12011296.0
1651.0 11405136.0
1652.0 11875724.0
1653.0 12325514.0
1654.0 11699572.0
1655.0 12114529.0
1656.0 11226892.0
1657.0 10606001.0
1658.0 10864219.0
1659.0 10575838.0
1660.0 10059325.0
1661.0 10270666.0
1662.0 10278123.0
1663.0 9981769.0
1664.0 9305781.0
1665.0 8995519.0
1666.0 8320625.0
1667.0 8746122.0
1668.0 9667659.0
1669.0 10695742.0
1670.0 10705298.0
1671.0 11150746.0
1672.0 12159525.0
1673.0 12318726.0
1674.0 12563051.0
1675.0 12962699.0
1676.0 13485874.0
1677.0 15161529.0
1678.0 15498209.0
1679.0 15942632.0
1680.0 16631112.0
1681.0 17131136.0
1682.0 17029668.0
1683.0 16408241.0
1684.0 16164282.0
1685.0 16023030.0
1686.0 14853908.0
1687.0 15078669.0
1688.0 14362134.0
1689.0 13294994.0
1690.0 14192278.0
1691.0 14297814.0
1692.0 14057875.0
1693.0 14583112.0
1694.0 15857946.0
1695.0 16627701.0
1696.0 16524866.0
1697.0 16420606.0
1698.0 16706019.0
1699.0 18274128.0
1700.0 19434166.0
1701.0 19609318.0
1702.0 19339188.0
1703.0 19545524.0
1704.0 19893396.0
1705.0 19955958.0
1706.0 18888482.0
1707.0 18262824.0
1708.0 16608276.0
1709.0 15767760.0
1710.0 15693149.0
1711.0 15661276.0
1712.0 15656436.0
1713.0 14604678.0
1714.0 14230042.0
1715.0 13151864.0
1716.0 12804909.0
1717.0 12821186.0
1718.0 11249985.0
1719.0 10966242.0
1720.0 10646735.0
1721.0 9562011.0
1722.0 7427779.0
1723.0 5517709.0
1724.0 4327820.5
1725.0 3630978.5
1726.0 3421070.2
1727.0 3092867.2
1728.0 3118460.0
1729.0 2771509.8
1730.0 2853949.5
1731.0 3352969.8
1732.0 3768786.2
1733.0 3965265.5
1734.0 3684496.2
1735.0 4305621.0
1736.0 4331206.5
1737.0 4432505.0
1738.0 4726555.5
1739.0 4780910.5
1740.0 5245944.0
1741.0 5081116.0
1742.0 5131482.0
1743.0 4758695.5
1744.0 4840687.0
1745.0 4847942.0
1746.0 5127203.5
1747.0 4839994.0
1748.0 4520880.0
1749.0 4848807.5
1750.0 5110012.0
1751.0 4809177.5
1752.0 4409917.5
1753.0 4360072.0
1754.0 4617516.0
1755.0 4584926.0
1756.0 4534923.0
1757.0 3899987.0
1758.0 3846546.5
1759.0 4448828.0
1760.0 4395819.5
1761.0 4130573.8
1762.0 4518299.5
1763.0 5616726.0
1764.0 5592770.5
1765.0 5709529.5
1766.0 6491862.0
1767.0 6909920.5
1768.0 6949685.5
1769.0 7176910.0
1770.0 6254977.0
1771.0 5567732.5
1772.0 5627587.0
1773.0 5538877.0
1774.0 5427452.5
1775.0 6027069.5
1776.0 6269687.0
1777.0 6419648.0
1778.0 6351919.5
1779.0 6169933.0
1780.0 6314124.0
1781.0 5950470.5
1782.0 5038983.0
1783.0 4564558.0
1784.0 4497664.5
1785.0 4772989.5
1786.0 4222203.0
1787.0 4021315.5
1788.0 4437834.0
1789.0 4624056.0
1790.0 4717206.0
1791.0 5102242.5
1792.0 4532772.0
1793.0 4965194.0
1794.0 4885653.0
1795.0 4662794.0
1796.0 4848033.0
1797.0 5344570.5
1798.0 5404956.0
1799.0 5990413.0
1800.0 5999129.5
1801.0 6057531.0
1802.0 6181847.5
1803.0 6101442.0
1804.0 6315504.5
1805.0 6482415.5
1806.0 6383650.5
1807.0 5787907.5
1808.0 5308020.0
1809.0 5256645.5
1810.0 4595381.0
1811.0 4596186.0
1812.0 4223027.5
1813.0 3893763.0
1814.0 3574791.2
1815.0 3443267.2
1816.0 3497243.8
1817.0 3437108.0
1818.0 3440706.2
1819.0 3219613.5
1820.0 3617372.2
1821.0 4181042.2
1822.0 4578611.5
1823.0 4967573.0
1824.0 5061304.5
1825.0 5693492.5
1826.0 6363036.0
1827.0 6092425.5
1828.0 5811812.0
1829.0 5824902.5
1830.0 6902911.0
1831.0 8111723.0
1832.0 8760698.0
1833.0 8439052.0
1834.0 8020591.0
1835.0 8341988.0
1836.0 9014436.0
1837.0 8713167.0
1838.0 7265839.0
1839.0 6687968.0
1840.0 6677903.0
1841.0 6751385.0
1842.0 6359150.5
1843.0 6286773.0
1844.0 6502060.5
1845.0 7808579.0
1846.0 8419042.0
1847.0 9106266.0
1848.0 9320327.0
1849.0 9243511.0
1850.0 9571047.0
1851.0 10119222.0
1852.0 10572690.0
1853.0 11628334.0
1854.0 11892638.0
1855.0 11217832.0
1856.0 10965475.0
1857.0 10878504.0
1858.0 9939539.0
1859.0 9477303.0
1860.0 9051688.0
1861.0 8549088.0
1862.0 9472779.0
1863.0 9667456.0
1864.0 8959146.0
1865.0 9240699.0
1866.0 8014653.0
1867.0 7745252.5
1868.0 6989820.0
1869.0 6466942.0
1870.0 6338464.5
1871.0 6833141.0
1872.0 7420603.0
1873.0 7349538.0
1874.0 7233392.0
1875.0 7221372.5
1876.0 8081765.5
1877.0 8848122.0
1878.0 9287769.0
1879.0 9538826.0
1880.0 9944764.0
1881.0 8838660.0
1882.0 8461882.0
1883.0 8889403.0
1884.0 9099451.0
1885.0 8526346.0
1886.0 8304894.0
1887.0 7824655.5
1888.0 7602295.5
1889.0 6698509.5
1890.0 6268330.0
1891.0 5621287.0
1892.0 5052059.0
1893.0 4695101.0
1894.0 4614519.5
1895.0 4477750.5
1896.0 4680904.0
1897.0 5009900.5
1898.0 6249700.5
1899.0 7290839.5
1900.0 8553343.0
1901.0 9363911.0
1902.0 10886936.0
1903.0 12311284.0
1904.0 13162331.0
1905.0 13225979.0
1906.0 13867806.0
1907.0 16221730.0
1908.0 17309122.0
1909.0 17830802.0
1910.0 17894988.0
1911.0 19125228.0
1912.0 20575624.0
1913.0 21428110.0
1914.0 19805072.0
1915.0 18158522.0
1916.0 15604279.0
1917.0 11732854.0
1918.0 8299517.5
1919.0 7033579.5
1920.0 5781935.5
1921.0 5200874.0
1922.0 5172808.0
1923.0 6346334.5
1924.0 6529148.0
1925.0 6522526.0
1926.0 7396030.0
1927.0 7994642.5
1928.0 9076169.0
1929.0 10146679.0
1930.0 10728905.0
1931.0 11260212.0
1932.0 11201382.0
1933.0 12682489.0
1934.0 14294484.0
1935.0 15248106.0
1936.0 14832271.0
1937.0 15333802.0
1938.0 16181581.0
1939.0 15250056.0
1940.0 13858710.0
1941.0 13028719.0
1942.0 11636610.0
1943.0 8963246.0
1944.0 6701122.0
1945.0 4253622.0
1946.0 2654432.2
1947.0 2038575.5
1948.0 2218143.5
1949.0 2154587.8
1950.0 1714388.2
1951.0 1581936.9
1952.0 1707482.2
1953.0 1728813.1
1954.0 1259754.6
1955.0 1071945.1
1956.0 1152191.1
1957.0 1285500.4
1958.0 1493133.9
1959.0 1245983.5
1960.0 1164797.0
1961.0 1101932.5
1962.0 1080010.9
1963.0 918662.5
1964.0 1324238.2
1965.0 1259472.8
1966.0 1147680.1
1967.0 1064900.8
1968.0 932530.25
1969.0 1092532.2
1970.0 1004160.25
1971.0 1319023.1
1972.0 1407689.8
1973.0 1252710.2
1974.0 1201367.0
1975.0 1270877.8
1976.0 1227459.8
1977.0 1246103.5
1978.0 1324445.8
1979.0 1236848.9
1980.0 1271452.4
1981.0 1204403.5
1982.0 1249004.0
1983.0 1245361.5
1984.0 1462023.0
1985.0 1372705.6
1986.0 1623243.8
1987.0 1762074.4
1988.0 1806171.8
1989.0 1530322.8
1990.0 1405754.8
1991.0 1372316.2
1992.0 1278780.0
1993.0 1424557.2
1994.0 1376501.2
1995.0 1815702.2
1996.0 1450830.2
1997.0 1881482.4
1998.0 1833693.9
1999.0 1829327.4
2000.0 1770904.5
2001.0 1609377.6
2002.0 2115612.2
2003.0 1712699.8
2004.0 1651601.1
2005.0 1700891.9
2006.0 1791096.1
2007.0 1571301.0
2008.0 1349850.2
2009.0 1390189.8
2010.0 1524821.4
2011.0 1495830.6
2012.0 1853827.0
2013.0 2164319.8
2014.0 2012086.2
2015.0 2281112.8
2016.0 2280847.5
2017.0 1763809.5
2018.0 1906203.8
2019.0 2236584.5
2020.0 2315166.0
2021.0 1790096.5
2022.0 1591091.4
2023.0 1617304.5
2024.0 1928249.2
2025.0 2141973.5
2026.0 1191196.2
2027.0 -194913.53
2028.0 -1537239.0
2029.0 -3649179.0
2030.0 -5537188.0
2031.0 -7165412.5
2032.0 -8799969.0
2033.0 -10445159.0
2034.0 -11980978.0
2035.0 -13867792.0
2036.0 -15629202.0
2037.0 -17930340.0
2038.0 -20139406.0
2039.0 -22199936.0
2040.0 -24327264.0
2041.0 -25998248.0
2042.0 -28251880.0
2043.0 -30100404.0
2044.0 0.0
2045.0 0.0
2046.0 0.0
2047.0 0.0
