string
0.0 1941649.5
1.0 1687055.6
2.0 1945704.2
3.0 2201697.8
4.0 2403943.0
5.0 2342876.0
6.0 2292526.8
7.0 2208589.8
8.0 2683769.5
9.0 2509160.0
10.0 2429897.2
11.0 2603309.8
12.0 2450460.0
13.0 2573464.8
14.0 2471853.5
15.0 2796920.2
16.0 2488703.5
17.0 2114714.8
18.0 2081760.5
19.0 2295077.0
20.0 2686561.0
21.0 2589883.2
22.0 2581532.0
23.0 2621628.5
24.0 2897985.2
25.0 2422144.2
26.0 2340134.5
27.0 2450697.8
28.0 2389558.5
29.0 2618110.2
30.0 2351963.2
31.0 2235777.5
32.0 1927200.0
33.0 1923237.4
34.0 2256164.5
35.0 1954703.9
36.0 2213639.8
37.0 2275249.2
38.0 2368354.2
39.0 2819523.8
40.0 2951811.2
41.0 2979857.2
42.0 3264807.8
43.0 3283796.5
44.0 2894949.8
45.0 2833756.2
46.0 2777037.5
47.0 2524778.5
48.0 2169507.5
49.0 1902774.4
50.0 1930604.4
51.0 2231800.5
52.0 2004178.6
53.0 2125636.0
54.0 1928697.4
55.0 1996643.9
56.0 2413756.2
57.0 2765142.5
58.0 2605936.2
59.0 2537488.8
60.0 2907596.0
61.0 3041763.0
62.0 3144551.2
63.0 3515993.0
64.0 3780546.0
65.0 3780452.8
66.0 3561528.8
67.0 3096067.5
68.0 3225640.5
69.0 3177902.8
70.0 3468281.0
71.0 3404598.0
72.0 3121311.2
73.0 3370297.0
74.0 3741731.2
75.0 3661121.0
76.0 3369886.2
77.0 3962513.8
78.0 4649322.5
79.0 4532633.5
80.0 4804298.0
81.0 5357646.0
82.0 5761026.0
83.0 5785902.0
84.0 5448847.0
85.0 4811369.5
86.0 3950226.0
87.0 3450244.5
88.0 3976490.0
89.0 4035743.0
90.0 4131521.5
91.0 3755421.2
92.0 3609524.8
93.0 4768147.0
94.0 4883428.0
95.0 4735137.5
96.0 5815900.0
97.0 7192278.0
98.0 8267517.0
99.0 8239989.5
100.0 7638180.5
101.0 5908422.5
102.0 3604646.2
103.0 2867832.8
104.0 1981895.5
105.0 2046379.2
106.0 1759307.2
107.0 1712150.2
108.0 1841040.6
109.0 1946471.5
110.0 1730397.2
111.0 1438867.0
112.0 1509596.8
113.0 1752883.6
114.0 2099424.8
115.0 2483262.8
116.0 2323682.0
117.0 2623146.2
118.0 3688177.0
119.0 4687506.0
120.0 5130388.5
121.0 6009929.5
122.0 6917204.0
123.0 7195124.5
124.0 7216449.0
125.0 7172256.0
126.0 7031122.0
127.0 7304375.0
128.0 6956950.5
129.0 6891530.5
130.0 7385139.0
131.0 6639122.0
132.0 6026987.0
133.0 4693052.0
134.0 3511489.5
135.0 2400400.2
136.0 2182638.5
137.0 1840994.8
138.0 1401160.0
139.0 1540723.5
140.0 1301001.4
141.0 1075186.1
142.0 949642.56
143.0 1031478.9
144.0 1023341.75
145.0 1032776.6
146.0 496232.97
147.0 862254.06
148.0 1066651.5
149.0 763792.44
150.0 760606.94
151.0 785815.9
152.0 848000.0
153.0 966883.0
154.0 1032464.5
155.0 1829848.0
156.0 3098789.0
157.0 3914737.5
158.0 5541714.0
159.0 6622619.5
160.0 7914301.0
161.0 8291537.5
162.0 7783075.5
163.0 6668985.5
164.0 5320094.5
165.0 4369591.0
166.0 3284304.0
167.0 2652954.8
168.0 3162607.2
169.0 3860214.0
170.0 4765693.5
171.0 4916281.0
172.0 4765313.0
173.0 4612036.0
174.0 4422575.0
175.0 4249645.0
176.0 4765325.5
177.0 5836537.5
178.0 6552052.0
179.0 8558180.0
180.0 10897822.0
181.0 12141826.0
182.0 14575826.0
183.0 15972460.0
184.0 14596686.0
185.0 12639592.0
186.0 10365895.0
187.0 7978289.0
188.0 5733192.0
189.0 3974156.2
190.0 3098745.2
191.0 2446923.5
192.0 2490456.0
193.0 1969065.2
194.0 1639394.8
195.0 934342.0
196.0 991911.25
197.0 1224762.1
198.0 1398204.2
199.0 1440302.8
200.0 1257654.9
201.0 1511255.0
202.0 1601926.8
203.0 1568664.0
204.0 1347467.6
205.0 1251769.4
206.0 1253996.2
207.0 1381964.9
208.0 1545772.6
209.0 1406702.5
210.0 1436294.4
211.0 1548299.0
212.0 1852645.0
213.0 2462530.5
214.0 2636178.5
215.0 3041633.8
216.0 4255596.5
217.0 5956382.5
218.0 7756955.0
219.0 9144692.0
220.0 10346582.0
221.0 11771135.0
222.0 11235588.0
223.0 10105953.0
224.0 7367836.0
225.0 5975836.0
226.0 4388880.5
227.0 3156455.2
228.0 2376567.2
229.0 2241193.0
230.0 2444511.5
231.0 2360287.8
232.0 1475290.0
233.0 1366748.2
234.0 1305252.5
235.0 1532189.8
236.0 1390808.5
237.0 835159.6
238.0 912099.9
239.0 1040919.94
240.0 1086819.2
241.0 1067318.2
242.0 1303375.2
243.0 1179678.2
244.0 1045652.56
245.0 1686369.9
246.0 2377624.0
247.0 2764983.5
248.0 3647017.2
249.0 4112008.0
250.0 4748272.0
251.0 5699802.5
252.0 6905423.0
253.0 7611159.5
254.0 8246150.0
255.0 7404875.0
256.0 6536674.5
257.0 4677442.0
258.0 2982987.8
259.0 2147932.0
260.0 1743840.2
261.0 1797691.5
262.0 1750212.2
263.0 1744795.2
264.0 1794994.4
265.0 1125908.2
266.0 1134277.2
267.0 1060382.6
268.0 901140.1
269.0 937446.75
270.0 1041479.4
271.0 968799.06
272.0 981607.6
273.0 958107.56
274.0 1178687.2
275.0 941044.44
276.0 1104524.4
277.0 964556.3
278.0 1015726.4
279.0 1127333.2
280.0 1168978.6
281.0 1315440.0
282.0 1013893.2
283.0 881751.1
284.0 870178.8
285.0 995607.1
286.0 1064902.8
287.0 1244415.8
288.0 1540535.6
289.0 1254549.9
290.0 988096.6
291.0 1087698.6
292.0 1372867.6
293.0 1550098.8
294.0 1206156.8
295.0 1065913.1
296.0 1048789.2
297.0 1198546.1
298.0 1259930.2
299.0 1186093.5
300.0 922129.94
301.0 1056036.1
302.0 1439488.2
303.0 1517977.5
304.0 1755267.5
305.0 1450040.8
306.0 1755980.8
307.0 1773232.2
308.0 1677049.9
309.0 1563874.4
310.0 1491761.0
311.0 1450425.2
312.0 1543455.6
313.0 1113702.8
314.0 1386832.2
315.0 1693760.8
316.0 1843496.9
317.0 2213442.2
318.0 2434872.2
319.0 2298303.0
320.0 2672604.8
321.0 3475163.8
322.0 3691100.5
323.0 4269971.5
324.0 4327884.5
325.0 4315874.5
326.0 4277218.0
327.0 4011910.0
328.0 4233754.5
329.0 4360291.0
330.0 4307317.0
331.0 4924424.0
332.0 6249467.0
333.0 6576259.5
334.0 6232113.0
335.0 6313107.5
336.0 5282720.0
337.0 4110100.0
338.0 3801513.5
339.0 3087647.0
340.0 2588055.0
341.0 2453025.5
342.0 2145143.2
343.0 2398227.8
344.0 2119045.5
345.0 1537383.9
346.0 1561899.4
347.0 1479899.4
348.0 1270172.8
349.0 1310851.4
350.0 1191401.6
351.0 1123403.5
352.0 827030.6
353.0 828106.0
354.0 1265640.1
355.0 1428954.5
356.0 1523442.4
357.0 1643861.4
358.0 1600149.8
359.0 1407772.6
360.0 1747296.2
361.0 1886363.5
362.0 1930284.4
363.0 1825177.4
364.0 2216077.2
365.0 3103960.5
366.0 4009733.5
367.0 4014864.5
368.0 4058858.0
369.0 3877282.0
370.0 4373745.0
371.0 4022962.0
372.0 3173002.0
373.0 2677514.5
374.0 2027337.5
375.0 2151073.8
376.0 2184737.0
377.0 1979674.5
378.0 1890851.5
379.0 1716014.2
380.0 1669137.6
381.0 1483902.0
382.0 1597098.5
383.0 1352644.8
384.0 1308355.5
385.0 1161045.1
386.0 1442879.4
387.0 1691323.9
388.0 2019969.4
389.0 1739768.2
390.0 1700375.0
391.0 1551960.1
392.0 1889678.2
393.0 2520923.0
394.0 2800214.0
395.0 3034869.5
396.0 2771724.5
397.0 2448391.0
398.0 2746047.0
399.0 2931972.0
400.0 2806671.0
401.0 2201987.8
402.0 2067678.9
403.0 1887436.9
404.0 1908357.6
405.0 2226782.2
406.0 2681714.0
407.0 3308315.5
408.0 3364305.2
409.0 3158530.2
410.0 2991903.0
411.0 3096378.0
412.0 3273242.0
413.0 2748386.2
414.0 2660043.0
415.0 3290222.0
416.0 3297032.0
417.0 3178344.8
418.0 3261798.0
419.0 4208748.0
420.0 4038082.2
421.0 3041678.8
422.0 2501286.5
423.0 2132267.5
424.0 2137528.0
425.0 1756203.0
426.0 1821559.4
427.0 1551733.8
428.0 1622617.2
429.0 1833081.1
430.0 2036822.4
431.0 2314079.8
432.0 2373848.5
433.0 2632517.5
434.0 2363916.5
435.0 2161796.0
436.0 2373158.8
437.0 2322438.8
438.0 2560456.8
439.0 2281386.0
440.0 1787392.4
441.0 1737465.2
442.0 1895900.1
443.0 1633535.5
444.0 1599676.9
445.0 1244539.8
446.0 1112598.0
447.0 1205665.9
448.0 1766318.6
449.0 2058999.9
450.0 1912268.1
451.0 1790871.4
452.0 2059738.9
453.0 1973156.5
454.0 2142971.2
455.0 2517455.5
456.0 2592324.5
457.0 2100463.0
458.0 1984154.5
459.0 2025111.2
460.0 1848096.0
461.0 1658540.5
462.0 1751548.0
463.0 1892508.1
464.0 2041706.1
465.0 2339450.2
466.0 2286071.2
467.0 2938463.8
468.0 2982369.0
469.0 2633775.0
470.0 2718138.0
471.0 2858811.5
472.0 2751121.2
473.0 2104041.5
474.0 1656455.5
475.0 1910595.0
476.0 2412188.5
477.0 2477693.0
478.0 2289778.8
479.0 1945713.6
480.0 1785161.2
481.0 1547099.0
482.0 1413671.5
483.0 1197531.5
484.0 1190584.6
485.0 986991.5
486.0 1217585.2
487.0 923070.94
488.0 1104108.6
489.0 1053783.9
490.0 1142765.1
491.0 1133929.1
492.0 1251023.2
493.0 975278.1
494.0 1125072.0
495.0 1064922.0
496.0 1033126.4
497.0 1302105.2
498.0 1690457.0
499.0 1915935.5
500.0 2040630.6
501.0 1679923.5
502.0 1572024.9
503.0 1583727.4
504.0 1904072.5
505.0 1857224.5
506.0 2214217.0
507.0 2382227.2
508.0 2295672.2
509.0 2181132.2
510.0 1984432.4
511.0 1865668.9
512.0 1878175.5
513.0 1920355.6
514.0 2107936.0
515.0 1675932.2
516.0 1490952.4
517.0 1594491.5
518.0 1505514.4
519.0 1315242.4
520.0 1240559.5
521.0 1067129.6
522.0 1312774.5
523.0 1315118.8
524.0 1669793.1
525.0 1345131.1
526.0 1409522.2
527.0 1858833.5
528.0 1416419.8
529.0 1322501.1
530.0 1618507.4
531.0 2043508.0
532.0 1653428.0
533.0 2575186.8
534.0 2843429.5
535.0 2593838.5
536.0 2195527.0
537.0 2329428.0
538.0 3106034.5
539.0 3235044.5
540.0 2776732.0
541.0 2364669.5
542.0 2106394.0
543.0 1858284.4
544.0 1640358.6
545.0 1357439.9
546.0 1278978.6
547.0 1035977.0
548.0 1383374.8
549.0 1410734.8
550.0 1441671.1
551.0 1616849.4
552.0 1596697.4
553.0 1863106.2
554.0 1984735.2
555.0 1810920.2
556.0 1708251.2
557.0 1855165.0
558.0 1988244.4
559.0 1665329.8
560.0 1701309.5
561.0 1498289.8
562.0 1412848.9
563.0 1220171.4
564.0 1082507.4
565.0 1280015.4
566.0 1515691.0
567.0 1573758.5
568.0 1331685.8
569.0 1219382.8
570.0 1291254.2
571.0 1171810.0
572.0 1398000.6
573.0 1478940.1
574.0 1451854.0
575.0 1578800.0
576.0 1756455.1
577.0 1809040.1
578.0 1802986.1
579.0 1868472.2
580.0 2093484.9
581.0 1742888.5
582.0 1811903.2
583.0 2154381.5
584.0 2277577.8
585.0 2103752.2
586.0 2006678.9
587.0 1647044.0
588.0 1619871.0
589.0 1781999.9
590.0 1588675.8
591.0 1355667.8
592.0 1389446.5
593.0 1370376.4
594.0 1677664.5
595.0 1339599.9
596.0 1008197.8
597.0 1110394.2
598.0 1329011.2
599.0 1271220.4
600.0 1417829.8
601.0 1535609.4
602.0 948144.75
603.0 1375176.2
604.0 1848123.5
605.0 1693568.0
606.0 1622412.0
607.0 1836880.0
608.0 1804069.5
609.0 1568427.4
610.0 1480416.5
611.0 1784188.1
612.0 1830876.8
613.0 1369558.0
614.0 1408853.5
615.0 1639404.5
616.0 1882178.1
617.0 1990088.9
618.0 1930425.6
619.0 1591073.1
620.0 1314236.8
621.0 1338249.0
622.0 1291603.2
623.0 1514636.9
624.0 1506106.5
625.0 1358741.1
626.0 1371481.2
627.0 1374714.5
628.0 1169495.2
629.0 1182317.6
630.0 1298731.6
631.0 1165787.8
632.0 1029569.25
633.0 1178568.9
634.0 1113931.4
635.0 1342307.2
636.0 1380187.2
637.0 1137393.9
638.0 1276491.1
639.0 1701400.2
640.0 1733086.5
641.0 1908978.5
642.0 1578081.2
643.0 1321040.2
644.0 1371835.1
645.0 1374984.9
646.0 1577021.4
647.0 1312385.6
648.0 1407715.5
649.0 1374726.4
650.0 1252407.4
651.0 1350057.2
652.0 1212418.0
653.0 1443787.0
654.0 1684584.5
655.0 1560378.9
656.0 1328286.2
657.0 1305895.9
658.0 1236183.5
659.0 1096340.6
660.0 1251716.1
661.0 1225896.1
662.0 1247329.4
663.0 1447192.5
664.0 1562198.9
665.0 1530982.0
666.0 1535322.6
667.0 1538529.9
668.0 1612308.0
669.0 1570274.5
670.0 1551466.0
671.0 1390680.0
672.0 1658375.2
673.0 1635258.8
674.0 1620586.1
675.0 1791411.4
676.0 2069748.9
677.0 1736541.1
678.0 1835874.8
679.0 1797979.9
680.0 1386487.6
681.0 1248180.4
682.0 892870.3
683.0 1257590.1
684.0 1272983.4
685.0 1354494.2
686.0 1261077.5
687.0 1262453.5
688.0 1266455.8
689.0 1281574.1
690.0 1514542.0
691.0 1431993.8
692.0 1439983.6
693.0 1867287.5
694.0 1752167.0
695.0 1530423.9
696.0 977931.94
697.0 1359703.0
698.0 1233783.6
699.0 1335771.5
700.0 1573968.5
701.0 1202505.8
702.0 1005653.75
703.0 1070521.9
704.0 1131944.9
705.0 1281350.2
706.0 1388755.6
707.0 1479877.5
708.0 1625013.9
709.0 1647268.6
710.0 1453916.8
711.0 1403924.4
712.0 1098468.6
713.0 1122943.1
714.0 1035249.44
715.0 1100677.4
716.0 1227367.0
717.0 1368118.5
718.0 1560731.9
719.0 1209091.5
720.0 1317902.5
721.0 1328621.5
722.0 1310159.0
723.0 1540591.9
724.0 1556988.9
725.0 1381213.1
726.0 1438616.9
727.0 1304613.6
728.0 1511704.4
729.0 1675220.5
730.0 1382190.1
731.0 1494506.5
732.0 1405567.6
733.0 1199668.9
734.0 1019240.75
735.0 1110103.5
736.0 1453923.2
737.0 1206401.4
738.0 1083033.6
739.0 1284230.6
740.0 1163440.4
741.0 1191806.2
742.0 1385866.1
743.0 1894798.2
744.0 2034906.9
745.0 1792334.9
746.0 1985907.2
747.0 1710778.1
748.0 1916184.9
749.0 1955279.5
750.0 2062600.5
751.0 2034156.2
752.0 2291751.0
753.0 2407604.5
754.0 2139523.8
755.0 1981462.8
756.0 1720131.4
757.0 1414181.9
758.0 1406143.1
759.0 1560964.0
760.0 1532294.2
761.0 1370429.9
762.0 1502380.0
763.0 1523196.1
764.0 1249439.9
765.0 1452745.0
766.0 1611819.8
767.0 1283638.9
768.0 1242243.5
769.0 1200923.0
770.0 1250069.8
771.0 1273347.2
772.0 1306707.0
773.0 1292370.1
774.0 1140129.2
775.0 1117615.6
776.0 1567080.0
777.0 1690473.6
778.0 1451313.9
779.0 1177139.5
780.0 1183899.8
781.0 1072970.8
782.0 1440363.8
783.0 1596687.4
784.0 1316716.8
785.0 1459936.5
786.0 1707558.5
787.0 1725904.0
788.0 1134135.5
789.0 1170034.6
790.0 1531318.0
791.0 1486723.2
792.0 1367112.6
793.0 1557929.2
794.0 1735464.8
795.0 1579735.2
796.0 1727946.8
797.0 1740398.0
798.0 1931172.0
799.0 2101966.0
800.0 2382143.8
801.0 2574116.2
802.0 2158562.0
803.0 2169983.5
804.0 2062288.2
805.0 1989079.8
806.0 1792282.0
807.0 1616622.4
808.0 1966634.5
809.0 1920334.5
810.0 1451977.6
811.0 1304361.5
812.0 1304395.1
813.0 1580096.8
814.0 1326350.8
815.0 1213967.4
816.0 1370833.6
817.0 1828519.0
818.0 1607552.8
819.0 1543739.0
820.0 1636275.2
821.0 1389989.8
822.0 1464909.0
823.0 1571274.2
824.0 1703856.4
825.0 1519476.4
826.0 1616343.8
827.0 1710249.0
828.0 1594430.8
829.0 1512125.0
830.0 1500714.0
831.0 1659815.0
832.0 1411819.4
833.0 1645867.2
834.0 1536081.2
835.0 1344485.0
836.0 1707120.1
837.0 1266489.0
838.0 1216931.8
839.0 1391058.5
840.0 1280726.6
841.0 1299569.2
842.0 1404265.0
843.0 1305308.0
844.0 1287539.8
845.0 1080456.4
846.0 1226627.9
847.0 1447486.2
848.0 1774650.6
849.0 1540077.6
850.0 1316160.0
851.0 1439705.1
852.0 1542587.8
853.0 1478897.0
854.0 1493231.0
855.0 1842779.2
856.0 1674709.5
857.0 1843682.8
858.0 1749517.0
859.0 1797961.1
860.0 1760857.0
861.0 1687402.6
862.0 1645877.6
863.0 1639403.2
864.0 1711405.5
865.0 1444981.1
866.0 1704553.0
867.0 1436768.8
868.0 1526902.0
869.0 1951718.1
870.0 1861956.5
871.0 1683186.5
872.0 1720867.6
873.0 1914986.0
874.0 1494250.8
875.0 1485864.4
876.0 1284889.6
877.0 1502751.0
878.0 1421441.2
879.0 1691953.1
880.0 1452389.5
881.0 1664427.4
882.0 1637948.8
883.0 1632687.5
884.0 1550054.8
885.0 1483386.1
886.0 1698824.2
887.0 1573724.9
888.0 1653569.9
889.0 1782733.6
890.0 1674145.1
891.0 1675621.5
892.0 1949706.0
893.0 1683493.1
894.0 1589285.1
895.0 1931114.8
896.0 1716181.5
897.0 1761071.2
898.0 1851881.8
899.0 1998576.5
900.0 1853816.0
901.0 1932875.2
902.0 2090591.0
903.0 1848663.5
904.0 1998505.8
905.0 1916229.2
906.0 2212474.0
907.0 2378247.2
908.0 2022108.0
909.0 1884142.2
910.0 2226214.0
911.0 2086813.1
912.0 2005851.5
913.0 2274928.8
914.0 2511500.5
915.0 2213318.5
916.0 2171293.2
917.0 2172277.0
918.0 2489906.2
919.0 2178037.5
920.0 2424811.2
921.0 2722329.8
922.0 2675487.2
923.0 2629505.0
924.0 2729885.2
925.0 2641240.5
926.0 2689600.2
927.0 2656110.5
928.0 2735741.5
929.0 3050131.0
930.0 2921817.2
931.0 2813321.5
932.0 2874766.5
933.0 2522471.0
934.0 2870056.0
935.0 3282335.5
936.0 3161706.0
937.0 2750714.8
938.0 3195459.8
939.0 3368929.8
940.0 3187498.0
941.0 3009135.2
942.0 3256011.2
943.0 3433841.0
944.0 3166959.8
945.0 2886959.5
946.0 3026296.0
947.0 2972331.0
948.0 3117440.5
949.0 3329205.2
950.0 2996822.5
951.0 3171652.2
952.0 3735332.5
953.0 3549747.2
954.0 3059651.5
955.0 2744466.2
956.0 2741559.5
957.0 2922492.5
958.0 3007137.8
959.0 3143557.0
960.0 3092836.0
961.0 3528250.2
962.0 3654079.8
963.0 3556015.2
964.0 4069094.5
965.0 4065795.5
966.0 3817741.0
967.0 3821308.5
968.0 4058764.5
969.0 4145816.2
970.0 4687968.0
971.0 4994508.5
972.0 4950876.0
973.0 4983166.0
974.0 5218563.5
975.0 4428163.5
976.0 4059215.2
977.0 4467523.0
978.0 4322710.0
979.0 4155525.5
980.0 4356425.0
981.0 5033840.0
982.0 5486229.5
983.0 6165914.5
984.0 6447932.0
985.0 6768956.0
986.0 7580620.5
987.0 8756431.0
988.0 10508499.0
989.0 10857260.0
990.0 11576188.0
991.0 11328981.0
992.0 11591739.0
993.0 10795338.0
994.0 10370908.0
995.0 9613366.0
996.0 9293513.0
997.0 10037759.0
998.0 10183818.0
999.0 9512682.0
1000.0 9493518.0
1001.0 9997144.0
1002.0 10354557.0
1003.0 11236716.0
1004.0 10986879.0
1005.0 11475696.0
1006.0 12350859.0
1007.0 13517476.0
1008.0 13477768.0
1009.0 11849670.0
1010.0 11489035.0
1011.0 11005546.0
1012.0 10984292.0
1013.0 11050489.0
1014.0 10030541.0
1015.0 9001008.0
1016.0 8023457.0
1017.0 7455358.0
1018.0 6640923.0
1019.0 5406015.0
1020.0 4578190.5
1021.0 4507653.0
1022.0 4593652.0
1023.0 4115730.0
1024.0 3562687.2
1025.0 3602188.8
1026.0 3954992.2
1027.0 4762264.5
1028.0 4818698.5
1029.0 4969875.0
1030.0 6044570.5
1031.0 6699367.0
1032.0 7545110.0
1033.0 8471659.0
1034.0 9239276.0
1035.0 11222650.0
1036.0 12613298.0
1037.0 13233656.0
1038.0 13709156.0
1039.0 14696178.0
1040.0 14537842.0
1041.0 15219258.0
1042.0 15224594.0
1043.0 14177330.0
1044.0 14047571.0
1045.0 13987822.0
1046.0 13458159.0
1047.0 13909241.0
1048.0 14231721.0
1049.0 14375511.0
1050.0 14855779.0
1051.0 15631034.0
1052.0 16181886.0
1053.0 17149856.0
1054.0 17963072.0
1055.0 18736284.0
1056.0 21212272.0
1057.0 24706248.0
1058.0 31291342.0
1059.0 40534612.0
1060.0 53045650.0
1061.0 70124050.0
1062.0 89958560.0
1063.0 112180600.0
1064.0 130308640.0
1065.0 141998500.0
1066.0 143853820.0
1067.0 132671690.0
1068.0 107457320.0
1069.0 78465256.0
1070.0 53500304.0
1071.0 36338876.0
1072.0 25484000.0
1073.0 19182930.0
1074.0 15811770.0
1075.0 13916179.0
1076.0 11547400.0
1077.0 9948761.0
1078.0 8051074.5
1079.0 6894330.5
1080.0 6251682.0
1081.0 5495127.5
1082.0 5224348.0
1083.0 5036608.5
1084.0 5344062.5
1085.0 5751422.0
1086.0 6245025.5
1087.0 7130576.0
1088.0 7235780.5
1089.0 7312009.0
1090.0 7481480.5
1091.0 7828722.0
1092.0 8733627.0
1093.0 9232939.0
1094.0 9353632.0
1095.0 8459810.0
1096.0 7726039.0
1097.0 7295860.5
1098.0 6821017.5
1099.0 7208670.5
1100.0 8186509.0
1101.0 9858348.0
1102.0 12228750.0
1103.0 15325010.0
1104.0 21164278.0
1105.0 27606322.0
1106.0 36347816.0
1107.0 49294764.0
1108.0 64657450.0
1109.0 82998520.0
1110.0 101091840.0
1111.0 116295310.0
1112.0 122118230.0
1113.0 120501160.0
1114.0 107623860.0
1115.0 85639390.0
1116.0 61666196.0
1117.0 41177324.0
1118.0 27856504.0
1119.0 18983172.0
1120.0 14623461.0
1121.0 11718084.0
1122.0 9324454.0
1123.0 7806494.5
1124.0 6704128.0
1125.0 5051743.5
1126.0 4464117.0
1127.0 4102081.0
1128.0 3793716.0
1129.0 3687105.5
1130.0 3056934.8
1131.0 2576392.8
1132.0 2639446.2
1133.0 2670347.8
1134.0 3557627.5
1135.0 3838994.0
1136.0 4105742.2
1137.0 4825264.0
1138.0 4735218.0
1139.0 4481816.5
1140.0 4797009.0
1141.0 4783201.0
1142.0 4003847.2
1143.0 3497129.5
1144.0 2989355.2
1145.0 2411414.8
1146.0 2132196.5
1147.0 2080555.1
1148.0 1987667.6
1149.0 1850608.6
1150.0 2070482.2
1151.0 2247486.0
1152.0 2421668.0
1153.0 2585358.2
1154.0 2548212.2
1155.0 2267992.0
1156.0 2051978.2
1157.0 2402834.0
1158.0 2164788.0
1159.0 2483973.5
1160.0 2696719.8
1161.0 2506387.5
1162.0 2418344.5
1163.0 2464047.0
1164.0 2416031.2
1165.0 2441861.8
1166.0 2844148.0
1167.0 2983808.8
1168.0 2903644.0
1169.0 2681030.0
1170.0 2715870.0
1171.0 2987325.2
1172.0 3133261.0
1173.0 3019503.0
1174.0 2935637.8
1175.0 2974872.2
1176.0 3059108.5
1177.0 3615957.5
1178.0 3728219.0
1179.0 3393410.0
1180.0 3428707.5
1181.0 3243187.0
1182.0 3200957.0
1183.0 3290261.0
1184.0 4121543.8
1185.0 4422685.5
1186.0 4336550.5
1187.0 4491540.5
1188.0 4910458.0
1189.0 4884424.5
1190.0 5424469.0
1191.0 5728885.0
1192.0 6044072.5
1193.0 5883080.0
1194.0 6096468.0
1195.0 5496659.5
1196.0 5300454.5
1197.0 5366207.5
1198.0 5100589.5
1199.0 5171861.0
1200.0 4800012.0
1201.0 4569339.5
1202.0 4323726.0
1203.0 4350786.5
1204.0 4167189.8
1205.0 4356302.5
1206.0 3919392.2
1207.0 3954189.8
1208.0 4190498.0
1209.0 4629067.5
1210.0 5194970.0
1211.0 6074311.0
1212.0 6491335.0
1213.0 6829108.0
1214.0 7391267.0
1215.0 7813497.0
1216.0 8136759.5
1217.0 8147709.5
1218.0 7127242.0
1219.0 6435679.0
1220.0 5809094.5
1221.0 5448290.0
1222.0 5256134.5
1223.0 5506352.5
1224.0 5642250.0
1225.0 5641355.5
1226.0 6086833.0
1227.0 6300436.0
1228.0 6033395.0
1229.0 6396350.5
1230.0 7073243.0
1231.0 7714829.0
1232.0 8066420.5
1233.0 8277160.0
1234.0 9226774.0
1235.0 9951589.0
1236.0 12452752.0
1237.0 15017590.0
1238.0 16938262.0
1239.0 19375100.0
1240.0 24012252.0
1241.0 27041960.0
1242.0 28285170.0
1243.0 27520652.0
1244.0 27029200.0
1245.0 24456340.0
1246.0 20910682.0
1247.0 16988668.0
1248.0 12972219.0
1249.0 9658779.0
1250.0 7869557.5
1251.0 7790372.0
1252.0 7504199.0
1253.0 6833505.0
1254.0 6895930.5
1255.0 6697370.5
1256.0 7107227.5
1257.0 7419596.0
1258.0 8192349.0
1259.0 9071504.0
1260.0 10046824.0
1261.0 11005084.0
1262.0 12983080.0
1263.0 15083052.0
1264.0 16500262.0
1265.0 17826752.0
1266.0 19954582.0
1267.0 21778648.0
1268.0 22490504.0
1269.0 22841638.0
1270.0 21942144.0
1271.0 20179828.0
1272.0 18734764.0
1273.0 18584296.0
1274.0 18902048.0
1275.0 18708186.0
1276.0 17531498.0
1277.0 16385566.0
1278.0 15234685.0
1279.0 13821510.0
1280.0 12274085.0
1281.0 12949771.0
1282.0 13585855.0
1283.0 15186054.0
1284.0 15928252.0
1285.0 16394355.0
1286.0 16050011.0
1287.0 16267145.0
1288.0 16019140.0
1289.0 15203908.0
1290.0 14986336.0
1291.0 14940164.0
1292.0 15272730.0
1293.0 14713330.0
1294.0 15351649.0
1295.0 15764892.0
1296.0 16362639.0
1297.0 17185988.0
1298.0 17698328.0
1299.0 17948902.0
1300.0 18923766.0
1301.0 20309868.0
1302.0 21298060.0
1303.0 23434216.0
1304.0 25938308.0
1305.0 28083780.0
1306.0 29116980.0
1307.0 30269130.0
1308.0 33130262.0
1309.0 36996390.0
1310.0 39973740.0
1311.0 38361024.0
1312.0 36304690.0
1313.0 35999836.0
1314.0 35977304.0
1315.0 35678324.0
1316.0 36024490.0
1317.0 37211736.0
1318.0 37661012.0
1319.0 37123650.0
1320.0 37949676.0
1321.0 40406184.0
1322.0 40095850.0
1323.0 40425510.0
1324.0 42863300.0
1325.0 46312010.0
1326.0 49796304.0
1327.0 52599770.0
1328.0 56336310.0
1329.0 61851320.0
1330.0 65009696.0
1331.0 66276400.0
1332.0 68907530.0
1333.0 70720530.0
1334.0 72172650.0
1335.0 73374450.0
1336.0 75278210.0
1337.0 76186620.0
1338.0 76003080.0
1339.0 75194640.0
1340.0 75692050.0
1341.0 73538290.0
1342.0 73170040.0
1343.0 70446504.0
1344.0 63832856.0
1345.0 59446436.0
1346.0 56695536.0
1347.0 55694040.0
1348.0 55915240.0
1349.0 57642284.0
1350.0 59510504.0
1351.0 59721820.0
1352.0 61743890.0
1353.0 64887176.0
1354.0 66088376.0
1355.0 67369416.0
1356.0 69102240.0
1357.0 69877860.0
1358.0 69389256.0
1359.0 69002550.0
1360.0 70448024.0
1361.0 73373970.0
1362.0 79161320.0
1363.0 88655140.0
1364.0 99862050.0
1365.0 113138440.0
1366.0 130846850.0
1367.0 151137440.0
1368.0 171170900.0
1369.0 191515200.0
1370.0 213539680.0
1371.0 232435760.0
1372.0 242892600.0
1373.0 251788820.0
1374.0 256699500.0
1375.0 246614960.0
1376.0 230005860.0
1377.0 209134020.0
1378.0 184267200.0
1379.0 163835440.0
1380.0 153000220.0
1381.0 143366460.0
1382.0 132145510.0
1383.0 120926720.0
1384.0 112396140.0
1385.0 104936050.0
1386.0 101272580.0
1387.0 94631440.0
1388.0 86959060.0
1389.0 79109090.0
1390.0 70982350.0
1391.0 64300036.0
1392.0 58747604.0
1393.0 52011176.0
1394.0 46651116.0
1395.0 43425456.0
1396.0 44542250.0
1397.0 47081920.0
1398.0 49356930.0
1399.0 53772870.0
1400.0 59495204.0
1401.0 67347520.0
1402.0 75118270.0
1403.0 82699464.0
1404.0 93385470.0
1405.0 108254500.0
1406.0 125463400.0
1407.0 143452830.0
1408.0 163598540.0
1409.0 187287180.0
1410.0 214737340.0
1411.0 243993440.0
1412.0 270368640.0
1413.0 295839040.0
1414.0 313238270.0
1415.0 322894880.0
1416.0 324480600.0
1417.0 312681660.0
1418.0 285671580.0
1419.0 242468540.0
1420.0 191773950.0
1421.0 140664930.0
1422.0 100394440.0
1423.0 74360984.0
1424.0 55874550.0
1425.0 43982384.0
1426.0 35150976.0
1427.0 28512312.0
1428.0 23902142.0
1429.0 20574962.0
1430.0 18886188.0
1431.0 16524441.0
1432.0 15282875.0
1433.0 13959264.0
1434.0 11999059.0
1435.0 11227429.0
1436.0 10738488.0
1437.0 9689909.0
1438.0 10187546.0
1439.0 10802440.0
1440.0 11036814.0
1441.0 10692532.0
1442.0 10827614.0
1443.0 10670055.0
1444.0 10433886.0
1445.0 9961636.0
1446.0 10870804.0
1447.0 11672384.0
1448.0 12094219.0
1449.0 12759758.0
1450.0 13967852.0
1451.0 15213200.0
1452.0 17099910.0
1453.0 18586228.0
1454.0 19870042.0
1455.0 21416248.0
1456.0 22354512.0
1457.0 22288576.0
1458.0 22007132.0
1459.0 21843812.0
1460.0 22710376.0
1461.0 24097340.0
1462.0 25152118.0
1463.0 24592062.0
1464.0 23934460.0
1465.0 22975350.0
1466.0 22316660.0
1467.0 22155576.0
1468.0 21721884.0
1469.0 21883500.0
1470.0 22906100.0
1471.0 24218504.0
1472.0 24991096.0
1473.0 25213888.0
1474.0 24374488.0
1475.0 22490922.0
1476.0 21400404.0
1477.0 22161768.0
1478.0 22824062.0
1479.0 23447642.0
1480.0 23480860.0
1481.0 24253092.0
1482.0 25883864.0
1483.0 26977972.0
1484.0 29723912.0
1485.0 32316740.0
1486.0 37030390.0
1487.0 41712150.0
1488.0 46529556.0
1489.0 49299456.0
1490.0 52580510.0
1491.0 56344970.0
1492.0 58807980.0
1493.0 62784920.0
1494.0 66425390.0
1495.0 68091010.0
1496.0 65612624.0
1497.0 64075004.0
1498.0 63503516.0
1499.0 61454360.0
1500.0 61226800.0
1501.0 58650460.0
1502.0 52380384.0
1503.0 46213630.0
1504.0 41244960.0
1505.0 36266884.0
1506.0 32402024.0
1507.0 30866390.0
1508.0 30738524.0
1509.0 31488920.0
1510.0 33715336.0
1511.0 36355196.0
1512.0 39327704.0
1513.0 41366716.0
1514.0 44442700.0
1515.0 46395296.0
1516.0 49369796.0
1517.0 52208244.0
1518.0 55061564.0
1519.0 59105364.0
1520.0 61305336.0
1521.0 65766670.0
1522.0 70860990.0
1523.0 75372180.0
1524.0 80275100.0
1525.0 82303160.0
1526.0 81702090.0
1527.0 86099630.0
1528.0 87985530.0
1529.0 89203200.0
1530.0 87957790.0
1531.0 89302880.0
1532.0 84891680.0
1533.0 76285100.0
1534.0 65970856.0
1535.0 55402400.0
1536.0 48168196.0
1537.0 40076260.0
1538.0 33396538.0
1539.0 29608358.0
1540.0 27178660.0
1541.0 26196636.0
1542.0 28128302.0
1543.0 30456412.0
1544.0 32393810.0
1545.0 35005250.0
1546.0 39114920.0
1547.0 41557364.0
1548.0 46385884.0
1549.0 51379756.0
1550.0 55472804.0
1551.0 61854764.0
1552.0 68226850.0
1553.0 73607400.0
1554.0 76781790.0
1555.0 78736290.0
1556.0 84280780.0
1557.0 89011930.0
1558.0 92056530.0
1559.0 95247330.0
1560.0 97414580.0
1561.0 93754460.0
1562.0 86201670.0
1563.0 76010690.0
1564.0 65921704.0
1565.0 55037484.0
1566.0 49536704.0
1567.0 47858764.0
1568.0 48254530.0
1569.0 49522284.0
1570.0 49406364.0
1571.0 49664236.0
1572.0 48529270.0
1573.0 45590810.0
1574.0 43476996.0
1575.0 43650316.0
1576.0 38870550.0
1577.0 32558522.0
1578.0 28215858.0
1579.0 22797616.0
1580.0 19500410.0
1581.0 17702164.0
1582.0 17134712.0
1583.0 17340058.0
1584.0 17744562.0
1585.0 18481492.0
1586.0 18536028.0
1587.0 19369850.0
1588.0 20323206.0
1589.0 20303632.0
1590.0 19361216.0
1591.0 19873266.0
1592.0 20874748.0
1593.0 20969182.0
1594.0 20652580.0
1595.0 21065628.0
1596.0 19959182.0
1597.0 18958324.0
1598.0 18342740.0
1599.0 18381084.0
1600.0 19009144.0
1601.0 18753522.0
1602.0 18849724.0
1603.0 19323112.0
1604.0 19739278.0
1605.0 21020544.0
1606.0 23139158.0
1607.0 24753868.0
1608.0 25331142.0
1609.0 28067122.0
1610.0 29776832.0
1611.0 31527922.0
1612.0 34342324.0
1613.0 37849548.0
1614.0 41905350.0
1615.0 46170864.0
1616.0 49976676.0
1617.0 53035600.0
1618.0 56538636.0
1619.0 58776410.0
1620.0 61659130.0
1621.0 61331730.0
1622.0 63785576.0
1623.0 69260750.0
1624.0 73476890.0
1625.0 77567010.0
1626.0 79796360.0
1627.0 80509940.0
1628.0 79496830.0
1629.0 77092830.0
1630.0 68286050.0
1631.0 56335400.0
1632.0 44118956.0
1633.0 32784576.0
1634.0 25224038.0
1635.0 20156280.0
1636.0 17471752.0
1637.0 16266530.0
1638.0 15395388.0
1639.0 13684372.0
1640.0 12849344.0
1641.0 12857104.0
1642.0 12937688.0
1643.0 13982372.0
1644.0 14235182.0
1645.0 14375235.0
1646.0 14352549.0
1647.0 15123878.0
1648.0 15556770.0
1649.0 13991854.0
1650.0 13947355.0
1651.0 14191356.0
1652.0 14147291.0
1653.0 13594802.0
1654.0 13209328.0
1655.0 12082824.0
1656.0 11712086.0
1657.0 12039698.0
1658.0 11822160.0
1659.0 11678244.0
1660.0 10805300.0
1661.0 11085694.0
1662.0 11110050.0
1663.0 10039656.0
1664.0 10102631.0
1665.0 10220639.0
1666.0 10242598.0
1667.0 9651469.0
1668.0 10747344.0
1669.0 11949196.0
1670.0 12184759.0
1671.0 12336434.0
1672.0 12063589.0
1673.0 12544020.0
1674.0 13793618.0
1675.0 14520206.0
1676.0 15449060.0
1677.0 16803542.0
1678.0 16969456.0
1679.0 15987049.0
1680.0 17951382.0
1681.0 19551440.0
1682.0 20552064.0
1683.0 20502966.0
1684.0 18813986.0
1685.0 17759082.0
1686.0 16237595.0
1687.0 15209516.0
1688.0 15130789.0
1689.0 15635771.0
1690.0 15748724.0
1691.0 16816404.0
1692.0 17743640.0
1693.0 18855268.0
1694.0 19617832.0
1695.0 19283360.0
1696.0 19054480.0
1697.0 19607214.0
1698.0 19702058.0
1699.0 19889990.0
1700.0 20384534.0
1701.0 21389490.0
1702.0 22209828.0
1703.0 23933370.0
1704.0 23304544.0
1705.0 21607776.0
1706.0 20810698.0
1707.0 18918310.0
1708.0 17297438.0
1709.0 16943076.0
1710.0 17827752.0
1711.0 17633524.0
1712.0 18494452.0
1713.0 17971902.0
1714.0 17186402.0
1715.0 16083309.0
1716.0 15716891.0
1717.0 15293950.0
1718.0 14301576.0
1719.0 13349694.0
1720.0 12804781.0
1721.0 11519684.0
1722.0 9963044.0
1723.0 7835880.5
1724.0 5543119.0
1725.0 4426284.0
1726.0 3729391.0
1727.0 3852447.5
1728.0 3636489.0
1729.0 3732487.0
1730.0 3392305.0
1731.0 3514736.2
1732.0 4146042.0
1733.0 3938946.5
1734.0 3276735.0
1735.0 3752665.2
1736.0 4183499.5
1737.0 4438344.0
1738.0 4702915.5
1739.0 5531860.0
1740.0 5713002.5
1741.0 5563890.0
1742.0 6072379.0
1743.0 6606160.0
1744.0 6397896.0
1745.0 6167587.0
1746.0 6157799.5
1747.0 6758573.0
1748.0 5694824.5
1749.0 5365224.5
1750.0 5260702.5
1751.0 4925747.0
1752.0 5028965.5
1753.0 5221494.0
1754.0 5553764.0
1755.0 4997658.5
1756.0 4746338.0
1757.0 4553099.5
1758.0 4817032.5
1759.0 4888658.0
1760.0 5601364.5
1761.0 6058062.0
1762.0 6029769.5
1763.0 5410402.5
1764.0 6044574.5
1765.0 6961647.0
1766.0 7490479.5
1767.0 7587119.0
1768.0 7790709.0
1769.0 8099007.5
1770.0 7544203.0
1771.0 7100648.0
1772.0 7490047.0
1773.0 7049368.0
1774.0 7218159.0
1775.0 7335799.5
1776.0 7553234.0
1777.0 6774932.0
1778.0 6685120.5
1779.0 7151079.0
1780.0 6708072.0
1781.0 6202755.0
1782.0 5706901.0
1783.0 4687364.5
1784.0 4414126.0
1785.0 4453564.0
1786.0 4820527.0
1787.0 5022605.0
1788.0 5033313.0
1789.0 5347425.5
1790.0 5502373.0
1791.0 5465436.0
1792.0 5663923.0
1793.0 5714114.5
1794.0 5241004.0
1795.0 5287246.0
1796.0 5655534.0
1797.0 6301459.5
1798.0 6516416.0
1799.0 7541762.5
1800.0 7561052.0
1801.0 7309710.0
1802.0 7294905.5
1803.0 6794400.5
1804.0 6418269.5
1805.0 7167157.0
1806.0 7709208.0
1807.0 6767049.0
1808.0 6498418.0
1809.0 6131997.0
1810.0 5623802.0
1811.0 4985471.0
1812.0 4411739.0
1813.0 4195763.0
1814.0 4348007.0
1815.0 4099145.5
1816.0 3929452.8
1817.0 4052183.5
1818.0 4210221.5
1819.0 3942141.0
1820.0 3842630.0
1821.0 4048692.8
1822.0 4798598.0
1823.0 5418063.0
1824.0 5522108.0
1825.0 6233424.5
1826.0 6366673.0
1827.0 6483959.5
1828.0 6150177.5
1829.0 6929182.5
1830.0 7235322.0
1831.0 7900960.5
1832.0 8372869.0
1833.0 9039094.0
1834.0 9271756.0
1835.0 9906754.0
1836.0 9537061.0
1837.0 8619239.0
1838.0 8035968.0
1839.0 7721347.0
1840.0 7413012.5
1841.0 7087919.5
1842.0 6720604.0
1843.0 7224049.5
1844.0 7962537.0
1845.0 8271507.5
1846.0 8792531.0
1847.0 10756301.0
1848.0 10500815.0
1849.0 10655658.0
1850.0 11519469.0
1851.0 12807736.0
1852.0 13320415.0
1853.0 13183362.0
1854.0 13837700.0
1855.0 13434305.0
1856.0 13042239.0
1857.0 12658315.0
1858.0 12164241.0
1859.0 12514919.0
1860.0 12449821.0
1861.0 11992228.0
1862.0 11434358.0
1863.0 10471153.0
1864.0 9501024.0
1865.0 8614220.0
1866.0 8427238.0
1867.0 8364984.5
1868.0 8679838.0
1869.0 8453991.0
1870.0 8682698.0
1871.0 8160794.5
1872.0 8371403.0
1873.0 8289385.0
1874.0 8325751.0
1875.0 9413718.0
1876.0 9905146.0
1877.0 10331994.0
1878.0 10289159.0
1879.0 11168051.0
1880.0 11178602.0
1881.0 11187429.0
1882.0 10880504.0
1883.0 10317204.0
1884.0 10067295.0
1885.0 9555458.0
1886.0 9099536.0
1887.0 9019847.0
1888.0 8764199.0
1889.0 7744610.5
1890.0 7225035.0
1891.0 6194576.0
1892.0 5588927.0
1893.0 5296269.0
1894.0 5388920.5
1895.0 5524994.0
1896.0 6263110.0
1897.0 6711085.5
1898.0 7132760.0
1899.0 7546757.0
1900.0 8523472.0
1901.0 9770877.0
1902.0 10962442.0
1903.0 12869940.0
1904.0 14953870.0
1905.0 17067852.0
1906.0 17692420.0
1907.0 17598536.0
1908.0 18556758.0
1909.0 20548334.0
1910.0 22284352.0
1911.0 23217892.0
1912.0 23161024.0
1913.0 22457288.0
1914.0 22600570.0
1915.0 20017124.0
1916.0 17264064.0
1917.0 14502506.0
1918.0 10750454.0
1919.0 7815189.5
1920.0 6745784.5
1921.0 6069357.0
1922.0 5832634.5
1923.0 6396919.5
1924.0 6537397.5
1925.0 6301642.0
1926.0 7182406.0
1927.0 8248305.5
1928.0 9731568.0
1929.0 10268326.0
1930.0 11032249.0
1931.0 12393191.0
1932.0 14037795.0
1933.0 14372031.0
1934.0 15671752.0
1935.0 16450858.0
1936.0 17815936.0
1937.0 18585674.0
1938.0 19067768.0
1939.0 20370224.0
1940.0 19562796.0
1941.0 17716358.0
1942.0 15379270.0
1943.0 12236808.0
1944.0 8163055.0
1945.0 4887601.0
1946.0 4308571.5
1947.0 3824376.2
1948.0 3021717.0
1949.0 2727123.5
1950.0 2718522.2
1951.0 2622935.2
1952.0 1892615.8
1953.0 1422150.5
1954.0 1507529.5
1955.0 1266553.5
1956.0 1310843.5
1957.0 1562269.5
1958.0 1396390.5
1959.0 961521.3
1960.0 956142.4
1961.0 1210628.2
1962.0 1488691.0
1963.0 1508842.2
1964.0 1439512.4
1965.0 1304870.2
1966.0 1586412.2
1967.0 1369359.8
1968.0 1384484.0
1969.0 1475600.2
1970.0 1428280.0
1971.0 1184517.0
1972.0 1155768.0
1973.0 1171379.8
1974.0 1372762.5
1975.0 1576286.1
1976.0 1301268.9
1977.0 1342433.1
1978.0 1410262.4
1979.0 1581063.5
1980.0 1364352.2
1981.0 1496003.0
1982.0 1306624.5
1983.0 1495434.0
1984.0 1924924.0
1985.0 1799012.4
1986.0 1898223.1
1987.0 1965495.6
1988.0 1971637.2
1989.0 2265588.5
1990.0 2095238.8
1991.0 1742111.2
1992.0 1780532.8
1993.0 1611110.2
1994.0 2146202.8
1995.0 1684743.2
1996.0 1799246.4
1997.0 2086103.9
1998.0 2049748.6
1999.0 2388813.0
2000.0 1940929.8
2001.0 1887220.8
2002.0 1932952.5
2003.0 2013346.1
2004.0 1759291.0
2005.0 1549909.4
2006.0 1721319.8
2007.0 2028123.2
2008.0 1760221.9
2009.0 1897106.4
2010.0 1951979.4
2011.0 2146185.5
2012.0 2345512.2
2013.0 2263247.5
2014.0 2041339.9
2015.0 2177873.0
2016.0 2397784.0
2017.0 2428295.2
2018.0 2656847.0
2019.0 2863888.0
2020.0 2216354.8
2021.0 2099699.5
2022.0 2456382.8
2023.0 1189316.2
2024.0 -458650.47
2025.0 -2099808.5
2026.0 -3779206.0
2027.0 -5657169.0
2028.0 -7373453.0
2029.0 -8999669.0
2030.0 -10400710.0
2031.0 -11907766.0
2032.0 -14072682.0
2033.0 -16063439.0
2034.0 -17837182.0
2035.0 -19982964.0
2036.0 -21836208.0
2037.0 -23811220.0
2038.0 -25861298.0
2039.0 -28362778.0
2040.0 -30100404.0
2041.0 0.0
2042.0 0.0
2043.0 0.0
2044.0 0.0
2045.0 0.0
2046.0 0.0
2047.0 0.0
