string
0.0 1687034.5
1.0 1750196.4
2.0 1652503.0
3.0 1914015.0
4.0 2030238.2
5.0 1913909.0
6.0 1935199.9
7.0 1935847.5
8.0 1651829.4
9.0 1493942.0
10.0 1528630.2
11.0 1846442.6
12.0 1708325.2
13.0 1830803.5
14.0 2086283.1
15.0 1760185.5
16.0 1563561.4
17.0 1377477.6
18.0 1515858.9
19.0 1525370.5
20.0 1656826.5
21.0 1639008.6
22.0 1606188.5
23.0 1579614.4
24.0 2042813.1
25.0 2019663.8
26.0 2052485.2
27.0 2030577.5
28.0 1815848.6
29.0 2022719.4
30.0 2072449.8
31.0 1880617.6
32.0 2028404.0
33.0 1906904.9
34.0 1965099.4
35.0 1613488.0
36.0 1849415.2
37.0 2474496.2
38.0 2467182.5
39.0 2528896.2
40.0 2721638.5
41.0 2593626.0
42.0 2104732.2
43.0 1938674.4
44.0 2220737.2
45.0 2380847.8
46.0 2209339.5
47.0 2324537.8
48.0 2093994.4
49.0 2164610.5
50.0 1591928.6
51.0 1899356.0
52.0 1703527.4
53.0 1845234.2
54.0 1670032.2
55.0 1139362.8
56.0 1469426.1
57.0 1577550.2
58.0 1672013.9
59.0 1832273.5
60.0 2129012.2
61.0 2508315.2
62.0 2847015.2
63.0 3577093.5
64.0 3799488.8
65.0 2947267.5
66.0 2474791.5
67.0 2329342.2
68.0 2351781.2
69.0 2071495.8
70.0 1970354.2
71.0 2254298.2
72.0 2410672.2
73.0 2255600.2
74.0 2436176.5
75.0 3039104.5
76.0 3504622.0
77.0 3063692.8
78.0 3250935.5
79.0 3378416.2
80.0 3284915.2
81.0 3432473.0
82.0 3616068.5
83.0 3912087.5
84.0 4401137.0
85.0 4251855.5
86.0 3751400.5
87.0 2937805.0
88.0 2749332.8
89.0 2702930.5
90.0 2677236.0
91.0 3131465.0
92.0 3458980.2
93.0 3289868.8
94.0 3268001.2
95.0 3418794.8
96.0 4535041.0
97.0 6349804.5
98.0 7308350.0
99.0 7288993.0
100.0 7185613.0
101.0 5342993.0
102.0 3147295.5
103.0 1715659.5
104.0 1506117.5
105.0 1453991.0
106.0 1387220.6
107.0 1398712.2
108.0 1192757.5
109.0 1532427.4
110.0 1577867.0
111.0 1921163.0
112.0 1551725.0
113.0 1743845.5
114.0 1867232.8
115.0 1443226.1
116.0 1436224.5
117.0 2087263.2
118.0 2869404.0
119.0 2845240.5
120.0 3367686.5
121.0 3861733.8
122.0 4133148.5
123.0 4757884.5
124.0 5755375.0
125.0 6261557.5
126.0 6251511.0
127.0 5187583.0
128.0 4472067.5
129.0 4959677.0
130.0 5146135.5
131.0 5662652.5
132.0 5069184.5
133.0 4705368.0
134.0 3370590.0
135.0 1933454.0
136.0 1304300.6
137.0 1232782.5
138.0 1427251.2
139.0 1168257.1
140.0 1035493.0
141.0 886158.6
142.0 563392.3
143.0 817776.5
144.0 615632.94
145.0 608444.25
146.0 876431.2
147.0 1151492.0
148.0 975035.7
149.0 682335.9
150.0 531100.25
151.0 579972.06
152.0 555144.56
153.0 776189.0
154.0 775677.2
155.0 852897.9
156.0 1485168.0
157.0 2332894.8
158.0 3350000.2
159.0 5291505.0
160.0 6432925.0
161.0 7768966.0
162.0 6173635.0
163.0 4901673.0
164.0 3912943.5
165.0 2848896.0
166.0 2537878.5
167.0 2537781.5
168.0 1991226.0
169.0 2230669.2
170.0 2660653.5
171.0 3236589.0
172.0 4074015.0
173.0 4093576.2
174.0 4009424.8
175.0 2889019.0
176.0 2665136.5
177.0 2394379.5
178.0 3152634.0
179.0 5008999.0
180.0 6981505.5
181.0 9977078.0
182.0 11534846.0
183.0 13277152.0
184.0 14255910.0
185.0 12697124.0
186.0 9568782.0
187.0 6432994.0
188.0 4278976.0
189.0 2929403.0
190.0 2443895.5
191.0 2312394.8
192.0 2412808.8
193.0 1343703.0
194.0 1198871.6
195.0 1233852.4
196.0 869934.3
197.0 618044.25
198.0 854484.4
199.0 946595.9
200.0 866758.8
201.0 878655.0
202.0 1093188.0
203.0 508239.38
204.0 502706.75
205.0 534905.4
206.0 972814.25
207.0 833431.6
208.0 711574.94
209.0 890719.5
210.0 1109384.9
211.0 1389141.8
212.0 1147310.2
213.0 1117193.6
214.0 1406336.2
215.0 1753581.4
216.0 2060504.2
217.0 2868155.2
218.0 4589249.5
219.0 7064585.0
220.0 8722209.0
221.0 10640001.0
222.0 10317647.0
223.0 8296146.0
224.0 5737187.5
225.0 3458395.2
226.0 2653667.0
227.0 2240683.8
228.0 2098382.2
229.0 2353698.5
230.0 1984180.2
231.0 2031548.2
232.0 1582173.1
233.0 1321980.0
234.0 1173698.9
235.0 924019.6
236.0 981459.94
237.0 1046369.94
238.0 798289.4
239.0 476398.9
240.0 613216.2
241.0 776198.1
242.0 716093.2
243.0 536270.8
244.0 486353.1
245.0 974124.0
246.0 1656936.0
247.0 1981787.5
248.0 2196379.5
249.0 2825592.5
250.0 3529331.0
251.0 4266792.0
252.0 5992466.0
253.0 8030746.0
254.0 8194713.0
255.0 7273030.0
256.0 5519750.5
257.0 3812053.8
258.0 2445591.8
259.0 1906810.6
260.0 1536143.1
261.0 1374055.0
262.0 1330322.5
263.0 1100168.9
264.0 845088.2
265.0 679172.9
266.0 792939.7
267.0 956726.8
268.0 849250.5
269.0 865139.44
270.0 719827.4
271.0 615818.0
272.0 402397.5
273.0 357294.3
274.0 486125.5
275.0 389276.5
276.0 406338.9
277.0 495345.16
278.0 828188.25
279.0 1061950.8
280.0 794273.0
281.0 956100.94
282.0 1107278.6
283.0 1366768.0
284.0 1021853.4
285.0 744886.75
286.0 826134.3
287.0 624949.4
288.0 553086.4
289.0 649829.4
290.0 824518.06
291.0 791569.94
292.0 807556.3
293.0 900494.25
294.0 843119.44
295.0 1010264.44
296.0 903470.5
297.0 1035553.44
298.0 911660.25
299.0 740085.94
300.0 751628.9
301.0 1097837.2
302.0 802198.1
303.0 845502.25
304.0 1081170.8
305.0 1312482.8
306.0 1572399.9
307.0 1422054.8
308.0 1415330.6
309.0 1387695.0
310.0 1271845.8
311.0 1087522.6
312.0 989221.1
313.0 675261.9
314.0 779295.3
315.0 940432.8
316.0 997732.5
317.0 1146083.6
318.0 1142904.1
319.0 1637933.6
320.0 2084993.1
321.0 2781481.5
322.0 2656634.0
323.0 2242004.5
324.0 2307428.0
325.0 2320331.0
326.0 2370562.0
327.0 2581691.5
328.0 2555897.2
329.0 2795632.2
330.0 3230317.2
331.0 4137295.0
332.0 5192267.0
333.0 6507157.0
334.0 7168770.0
335.0 6434332.5
336.0 4559114.0
337.0 3066325.5
338.0 2683916.0
339.0 2339767.0
340.0 1748421.8
341.0 1494358.0
342.0 1267474.9
343.0 1382724.9
344.0 1484868.8
345.0 1408139.0
346.0 1031641.94
347.0 1287272.0
348.0 929981.25
349.0 711392.6
350.0 790430.75
351.0 1241726.4
352.0 1309750.2
353.0 946693.5
354.0 763153.0
355.0 760941.4
356.0 637897.56
357.0 656721.2
358.0 796716.6
359.0 777873.2
360.0 1142034.6
361.0 1436377.6
362.0 1790567.4
363.0 1559701.4
364.0 1617800.2
365.0 1449636.8
366.0 1684478.5
367.0 2214491.8
368.0 2884406.2
369.0 3624812.5
370.0 3899282.0
371.0 3554205.0
372.0 2480906.8
373.0 1912134.0
374.0 1524217.6
375.0 1384104.5
376.0 1339512.5
377.0 1337893.0
378.0 1606118.0
379.0 1716491.8
380.0 1421578.1
381.0 999744.75
382.0 1320416.1
383.0 1328466.1
384.0 1430739.8
385.0 1192564.8
386.0 880911.25
387.0 909560.4
388.0 937365.5
389.0 900469.1
390.0 903039.5
391.0 771244.4
392.0 965136.9
393.0 1268330.0
394.0 1862163.5
395.0 1670673.6
396.0 1917968.9
397.0 2007882.4
398.0 2682701.5
399.0 2833718.8
400.0 2292909.0
401.0 1692406.9
402.0 1243299.0
403.0 978712.6
404.0 1109985.4
405.0 1336406.2
406.0 1308395.1
407.0 1896290.6
408.0 2052623.5
409.0 1783956.9
410.0 2354260.8
411.0 2879975.0
412.0 2403154.0
413.0 1953943.5
414.0 2047721.2
415.0 2162832.8
416.0 2526309.2
417.0 2784017.5
418.0 2945511.5
419.0 3560408.0
420.0 3112384.5
421.0 2714867.8
422.0 1951278.5
423.0 1404232.6
424.0 1463379.8
425.0 1203653.9
426.0 1226227.6
427.0 1120790.1
428.0 1393862.0
429.0 1527459.4
430.0 1726078.1
431.0 1552526.4
432.0 1535863.2
433.0 1745395.5
434.0 1674787.4
435.0 1436810.0
436.0 1259245.1
437.0 1297986.6
438.0 1608271.8
439.0 1936095.2
440.0 1836000.5
441.0 1781475.5
442.0 1426136.9
443.0 1173041.1
444.0 1063547.9
445.0 1052325.1
446.0 1252978.4
447.0 1081640.1
448.0 773658.75
449.0 1017179.4
450.0 1578988.6
451.0 1686786.9
452.0 1857581.2
453.0 1961755.8
454.0 1887106.2
455.0 1829852.0
456.0 1900404.5
457.0 1734801.0
458.0 1895506.2
459.0 1395740.5
460.0 1110208.6
461.0 1026628.44
462.0 1317786.1
463.0 1703131.1
464.0 1678971.5
465.0 1851005.2
466.0 2220579.0
467.0 2332734.8
468.0 2145790.0
469.0 2024805.8
470.0 1992099.5
471.0 1848011.2
472.0 1960595.1
473.0 2471708.2
474.0 2169137.8
475.0 1613514.5
476.0 1248599.8
477.0 1069723.2
478.0 994739.5
479.0 1076498.8
480.0 1144292.2
481.0 976232.1
482.0 957854.6
483.0 874691.2
484.0 946884.9
485.0 842150.94
486.0 789988.44
487.0 661503.06
488.0 683865.1
489.0 759780.06
490.0 692362.2
491.0 650878.1
492.0 667142.44
493.0 756171.9
494.0 793556.56
495.0 726826.6
496.0 760876.3
497.0 999224.6
498.0 1160839.9
499.0 1097382.4
500.0 1124745.5
501.0 631448.0
502.0 1125162.2
503.0 1234485.4
504.0 1430336.8
505.0 1320717.8
506.0 1428542.6
507.0 2018002.6
508.0 2252192.2
509.0 2268129.0
510.0 1871115.1
511.0 1835606.0
512.0 1552256.1
513.0 1193264.4
514.0 1299242.0
515.0 1329721.5
516.0 1405665.0
517.0 1359703.2
518.0 1223180.5
519.0 1150179.5
520.0 1202545.1
521.0 1324939.4
522.0 1497574.0
523.0 776951.5
524.0 959031.25
525.0 1142054.8
526.0 1104548.9
527.0 1186370.2
528.0 1243867.2
529.0 1185137.8
530.0 1046889.0
531.0 1066226.1
532.0 782429.44
533.0 977018.8
534.0 1443685.6
535.0 1487338.1
536.0 2020634.5
537.0 2691433.8
538.0 2762002.0
539.0 3147380.0
540.0 2801397.2
541.0 1995933.8
542.0 1786488.6
543.0 1900269.9
544.0 1874749.2
545.0 1593757.5
546.0 1840095.0
547.0 1487014.8
548.0 1262552.1
549.0 1311978.8
550.0 1350786.4
551.0 1180294.5
552.0 1184416.0
553.0 1288700.9
554.0 1228371.1
555.0 1407706.0
556.0 1713593.8
557.0 1547149.4
558.0 1316988.6
559.0 1417549.4
560.0 1749879.2
561.0 2047080.5
562.0 1768956.1
563.0 1457965.5
564.0 1379981.5
565.0 1458358.5
566.0 1416945.1
567.0 1273982.8
568.0 1300823.9
569.0 1352920.1
570.0 1090469.5
571.0 939191.0
572.0 822172.8
573.0 985482.0
574.0 1133395.4
575.0 1171589.0
576.0 1254266.4
577.0 1028861.56
578.0 889876.2
579.0 1156848.5
580.0 972203.25
581.0 1129339.5
582.0 1460137.0
583.0 1165131.0
584.0 1324209.5
585.0 1458243.8
586.0 1145491.5
587.0 1079759.2
588.0 1285866.1
589.0 1026777.9
590.0 1196677.0
591.0 1252467.4
592.0 1034976.2
593.0 1023820.1
594.0 981008.0
595.0 943834.9
596.0 988142.44
597.0 1127511.0
598.0 924578.4
599.0 1147829.4
600.0 906954.6
601.0 994606.56
602.0 1099633.6
603.0 1134916.1
604.0 1010851.5
605.0 1260509.5
606.0 1018151.4
607.0 900037.25
608.0 1095005.1
609.0 1120919.2
610.0 1048579.5
611.0 1156368.9
612.0 1225933.0
613.0 1363416.1
614.0 1270008.5
615.0 1220430.1
616.0 1155305.8
617.0 1082523.5
618.0 887996.25
619.0 1143119.1
620.0 1123463.0
621.0 1065476.1
622.0 1170086.5
623.0 1210921.0
624.0 1055391.2
625.0 932893.6
626.0 1305604.5
627.0 1188517.4
628.0 1123121.5
629.0 1228168.2
630.0 1191660.0
631.0 1050048.2
632.0 1031821.4
633.0 1102016.8
634.0 1273446.2
635.0 986024.75
636.0 857140.4
637.0 832099.94
638.0 1028695.75
639.0 984028.2
640.0 713551.8
641.0 1025599.44
642.0 1252254.2
643.0 1177744.9
644.0 1235231.0
645.0 1352975.2
646.0 1322654.9
647.0 1635355.5
648.0 1368807.8
649.0 843257.4
650.0 794078.0
651.0 905496.4
652.0 1121923.9
653.0 1072439.2
654.0 1131238.0
655.0 1044216.9
656.0 946342.75
657.0 669460.0
658.0 880206.1
659.0 1033735.5
660.0 933678.8
661.0 942683.2
662.0 1025820.4
663.0 986790.6
664.0 1245072.9
665.0 1308869.9
666.0 1519118.2
667.0 1215405.5
668.0 882696.94
669.0 927760.0
670.0 1064535.2
671.0 1083968.6
672.0 1148685.9
673.0 1221481.1
674.0 1363487.4
675.0 1512491.1
676.0 1405035.0
677.0 1336181.2
678.0 1319768.0
679.0 1482729.4
680.0 1484470.8
681.0 1310000.5
682.0 1200463.6
683.0 911064.25
684.0 871077.5
685.0 1035623.9
686.0 840525.0
687.0 755842.75
688.0 1204262.2
689.0 1677283.1
690.0 1222933.2
691.0 964606.56
692.0 992547.1
693.0 1077324.0
694.0 917201.6
695.0 1402553.2
696.0 1239464.0
697.0 1357621.1
698.0 1315968.9
699.0 1580655.0
700.0 1023033.6
701.0 876241.9
702.0 898294.06
703.0 814820.4
704.0 1101974.4
705.0 1201127.2
706.0 1053964.0
707.0 734966.2
708.0 825525.9
709.0 744673.9
710.0 871438.7
711.0 1156683.0
712.0 1133789.2
713.0 1117557.8
714.0 869447.56
715.0 960937.75
716.0 806351.1
717.0 630531.5
718.0 747311.5
719.0 883240.5
720.0 969889.7
721.0 1337041.2
722.0 1140048.9
723.0 799634.7
724.0 718075.9
725.0 950153.44
726.0 1209634.9
727.0 1220348.8
728.0 888789.9
729.0 1057895.0
730.0 1252028.6
731.0 855358.6
732.0 709341.56
733.0 622073.7
734.0 722723.06
735.0 686471.2
736.0 835153.75
737.0 913010.1
738.0 941879.75
739.0 884896.6
740.0 715945.94
741.0 790708.75
742.0 802035.75
743.0 691294.1
744.0 992867.44
745.0 951208.5
746.0 1306415.5
747.0 1549999.2
748.0 1593939.4
749.0 1626336.2
750.0 1479360.6
751.0 1389373.5
752.0 1755153.5
753.0 1667443.1
754.0 1255402.2
755.0 1102302.1
756.0 1336322.8
757.0 1060885.8
758.0 822063.75
759.0 1069949.0
760.0 1293161.0
761.0 1138777.5
762.0 867369.25
763.0 885665.75
764.0 990558.7
765.0 909868.75
766.0 1032514.06
767.0 957672.8
768.0 1069939.9
769.0 858617.5
770.0 847806.94
771.0 1092470.1
772.0 1306619.4
773.0 902685.5
774.0 827210.9
775.0 1147153.6
776.0 903212.5
777.0 1167509.4
778.0 1450429.8
779.0 1175540.9
780.0 941222.2
781.0 905077.25
782.0 905946.5
783.0 1084446.6
784.0 1056588.0
785.0 1206475.2
786.0 1189895.8
787.0 1099514.6
788.0 1185168.8
789.0 906011.1
790.0 825492.8
791.0 1032900.1
792.0 1287225.4
793.0 1359044.8
794.0 1384127.0
795.0 875877.6
796.0 991153.1
797.0 1211126.4
798.0 1431803.5
799.0 1650684.5
800.0 1755571.1
801.0 1532773.2
802.0 1487818.2
803.0 1575039.4
804.0 1340663.1
805.0 1458262.4
806.0 1373665.5
807.0 1520974.2
808.0 1373998.0
809.0 1165121.4
810.0 1118345.2
811.0 1278957.2
812.0 1076471.2
813.0 1175987.6
814.0 1506774.2
815.0 1507009.0
816.0 1280052.0
817.0 1092608.6
818.0 1210953.6
819.0 1046520.94
820.0 1010818.8
821.0 1204083.1
822.0 1040077.2
823.0 1186236.4
824.0 1267003.2
825.0 1545860.5
826.0 1163852.4
827.0 1124705.0
828.0 1465924.8
829.0 1541705.0
830.0 1393879.8
831.0 1233697.4
832.0 1260462.2
833.0 1087906.4
834.0 1018820.56
835.0 880329.25
836.0 1027831.4
837.0 1042497.5
838.0 1240046.6
839.0 1301699.4
840.0 1215125.8
841.0 1017777.8
842.0 849489.06
843.0 749546.2
844.0 973087.75
845.0 1024856.56
846.0 1302773.2
847.0 1763917.4
848.0 1537720.6
849.0 1455455.5
850.0 1168728.6
851.0 1314837.4
852.0 1296961.5
853.0 1243958.6
854.0 1119488.0
855.0 1298382.2
856.0 1198306.1
857.0 1263162.4
858.0 1190784.5
859.0 1220512.4
860.0 1379298.0
861.0 1298843.6
862.0 1241454.9
863.0 1189360.6
864.0 1453092.6
865.0 1126488.2
866.0 1035281.25
867.0 1165969.6
868.0 1175218.2
869.0 1276415.6
870.0 1301976.9
871.0 1586446.0
872.0 1360101.5
873.0 1550524.4
874.0 1326549.5
875.0 1314491.9
876.0 1452971.0
877.0 1595053.1
878.0 1369409.2
879.0 1427567.0
880.0 1449988.5
881.0 1239657.1
882.0 1316805.0
883.0 1283716.1
884.0 1208703.2
885.0 1293515.5
886.0 1458920.8
887.0 1346063.6
888.0 1363535.1
889.0 1294022.1
890.0 1407506.2
891.0 1465611.5
892.0 1507234.5
893.0 1369346.2
894.0 1327341.2
895.0 1302282.2
896.0 1298441.4
897.0 1499327.2
898.0 1483365.2
899.0 1645494.4
900.0 1516431.2
901.0 1505323.5
902.0 1576974.9
903.0 1401978.0
904.0 1725213.5
905.0 1611127.5
906.0 1444569.9
907.0 1581150.6
908.0 1565383.5
909.0 1614622.5
910.0 1694511.0
911.0 1790129.4
912.0 1897650.8
913.0 1853699.2
914.0 1839272.4
915.0 1955077.2
916.0 2319877.0
917.0 2099677.0
918.0 1952590.6
919.0 2314118.5
920.0 2602767.8
921.0 2272833.8
922.0 2091153.8
923.0 2493669.2
924.0 2200321.5
925.0 1910751.9
926.0 1728380.2
927.0 2128088.2
928.0 2362796.2
929.0 2476594.8
930.0 2292177.0
931.0 1989990.0
932.0 2077995.5
933.0 2040835.0
934.0 2224646.5
935.0 2516005.5
936.0 2221319.5
937.0 2306051.5
938.0 2625512.0
939.0 2898065.0
940.0 2582912.8
941.0 2521561.5
942.0 2412608.8
943.0 2231411.8
944.0 2300054.5
945.0 2420339.5
946.0 2404824.0
947.0 2750814.8
948.0 2438902.5
949.0 2613933.0
950.0 2879633.8
951.0 2526926.0
952.0 2668921.0
953.0 2614306.2
954.0 2612869.5
955.0 2613171.5
956.0 2289774.5
957.0 2322185.8
958.0 2223477.8
959.0 2409839.8
960.0 2610539.0
961.0 2343947.0
962.0 2535438.5
963.0 2491801.8
964.0 2759570.2
965.0 3133457.8
966.0 3552335.0
967.0 3463987.5
968.0 3657570.2
969.0 3321918.5
970.0 2929055.2
971.0 2883645.2
972.0 3335086.0
973.0 3427533.5
974.0 3693637.2
975.0 4018473.8
976.0 4309140.5
977.0 3840526.2
978.0 3870085.0
979.0 3963049.5
980.0 3776575.0
981.0 4171237.8
982.0 4129074.0
983.0 4125837.5
984.0 4404934.0
985.0 4408932.0
986.0 5102087.0
987.0 6345223.0
988.0 8203755.5
989.0 8633558.0
990.0 10047890.0
991.0 10946698.0
992.0 10694462.0
993.0 10115826.0
994.0 9209766.0
995.0 8819248.0
996.0 8248885.0
997.0 7909374.5
998.0 8208985.0
999.0 8438452.0
1000.0 7902917.0
1001.0 7832686.0
1002.0 7493354.5
1003.0 7398890.5
1004.0 8130589.5
1005.0 9720149.0
1006.0 10714049.0
1007.0 11524169.0
1008.0 11200531.0
1009.0 10426048.0
1010.0 10237988.0
1011.0 9471556.0
1012.0 8864229.0
1013.0 8919826.0
1014.0 8577548.0
1015.0 7723136.0
1016.0 6601604.5
1017.0 5699130.0
1018.0 5058390.5
1019.0 4685233.0
1020.0 4368733.0
1021.0 4117940.0
1022.0 3881106.5
1023.0 3774138.8
1024.0 4188422.2
1025.0 3741372.2
1026.0 3481190.2
1027.0 3207286.2
1028.0 3528082.5
1029.0 3598990.5
1030.0 3884275.5
1031.0 4426386.5
1032.0 4493737.5
1033.0 5746694.5
1034.0 7530224.5
1035.0 8735351.0
1036.0 9639345.0
1037.0 10866262.0
1038.0 12010214.0
1039.0 13538021.0
1040.0 14221585.0
1041.0 13842170.0
1042.0 12547071.0
1043.0 11150765.0
1044.0 10454108.0
1045.0 10515024.0
1046.0 10621028.0
1047.0 10688692.0
1048.0 10790522.0
1049.0 10935775.0
1050.0 11173552.0
1051.0 11896204.0
1052.0 13916299.0
1053.0 15415514.0
1054.0 15789541.0
1055.0 14358056.0
1056.0 13798135.0
1057.0 14878799.0
1058.0 16486729.0
1059.0 19343316.0
1060.0 26361144.0
1061.0 37264256.0
1062.0 54205440.0
1063.0 76439540.0
1064.0 100793150.0
1065.0 124425210.0
1066.0 137406110.0
1067.0 134047120.0
1068.0 109284910.0
1069.0 73831016.0
1070.0 43850130.0
1071.0 27847952.0
1072.0 20218144.0
1073.0 16562860.0
1074.0 16177786.0
1075.0 14021665.0
1076.0 11262268.0
1077.0 9312264.0
1078.0 7128215.5
1079.0 6043005.5
1080.0 5130679.0
1081.0 4911488.5
1082.0 4711314.5
1083.0 4304102.5
1084.0 4270940.0
1085.0 4950316.5
1086.0 5311167.5
1087.0 5545925.0
1088.0 5658440.0
1089.0 5751236.0
1090.0 6443190.5
1091.0 7305487.0
1092.0 8090882.5
1093.0 8229248.0
1094.0 7693615.5
1095.0 7139624.5
1096.0 6526444.0
1097.0 5904057.5
1098.0 5523919.0
1099.0 5558600.5
1100.0 5647839.0
1101.0 6667597.5
1102.0 7370497.5
1103.0 8185925.5
1104.0 9717089.0
1105.0 11773131.0
1106.0 15837528.0
1107.0 24554998.0
1108.0 36844976.0
1109.0 52611070.0
1110.0 72263300.0
1111.0 92810440.0
1112.0 109178900.0
1113.0 117783630.0
1114.0 108814900.0
1115.0 83364860.0
1116.0 53367630.0
1117.0 31443090.0
1118.0 20659018.0
1119.0 15259255.0
1120.0 12580975.0
1121.0 12072551.0
1122.0 10068585.0
1123.0 7674056.0
1124.0 5938764.5
1125.0 4478703.0
1126.0 3712985.2
1127.0 3230325.5
1128.0 2848342.8
1129.0 2581673.0
1130.0 2451227.5
1131.0 2183639.0
1132.0 2138835.5
1133.0 2020510.2
1134.0 2010701.8
1135.0 2496245.2
1136.0 3217698.0
1137.0 3279216.0
1138.0 3651449.8
1139.0 3969032.2
1140.0 4046827.8
1141.0 3507539.5
1142.0 3166056.0
1143.0 2630844.5
1144.0 2397476.5
1145.0 2139675.2
1146.0 2026788.0
1147.0 1562308.9
1148.0 1589672.8
1149.0 1830725.6
1150.0 1889588.5
1151.0 1548407.4
1152.0 1397922.6
1153.0 1432891.9
1154.0 1430859.2
1155.0 1824003.0
1156.0 1825918.0
1157.0 1852513.5
1158.0 1810332.2
1159.0 1638076.9
1160.0 1579904.2
1161.0 1652597.4
1162.0 2048760.0
1163.0 1914202.0
1164.0 1967628.2
1165.0 2008829.4
1166.0 2099494.0
1167.0 1885319.0
1168.0 1744907.5
1169.0 2022283.0
1170.0 2219249.8
1171.0 2334943.5
1172.0 2328894.8
1173.0 2465103.0
1174.0 2297176.0
1175.0 2235198.5
1176.0 2416734.2
1177.0 2543742.0
1178.0 2349344.8
1179.0 2133726.0
1180.0 2223126.0
1181.0 2340998.5
1182.0 2489572.2
1183.0 2896694.0
1184.0 3142082.0
1185.0 3384731.5
1186.0 3550448.5
1187.0 3538193.0
1188.0 3761329.5
1189.0 3802761.0
1190.0 4099734.0
1191.0 4179642.2
1192.0 4131147.5
1193.0 4283497.0
1194.0 4455484.5
1195.0 4284604.0
1196.0 3894860.2
1197.0 3884900.0
1198.0 3393863.0
1199.0 3725369.0
1200.0 3803685.2
1201.0 3617567.2
1202.0 3193637.8
1203.0 3404202.5
1204.0 3082141.5
1205.0 2938887.2
1206.0 3041750.0
1207.0 3389316.2
1208.0 3377731.2
1209.0 3268121.0
1210.0 3295758.5
1211.0 3872217.8
1212.0 4286981.0
1213.0 4719118.5
1214.0 5455742.0
1215.0 6100112.0
1216.0 6102189.5
1217.0 5855619.5
1218.0 5995668.0
1219.0 5569029.0
1220.0 5039645.5
1221.0 4829989.5
1222.0 4578314.0
1223.0 4367900.5
1224.0 4373376.5
1225.0 4586759.0
1226.0 4621775.5
1227.0 4615730.5
1228.0 4731702.0
1229.0 5003328.5
1230.0 5593571.0
1231.0 5882412.0
1232.0 6568005.0
1233.0 7526360.5
1234.0 7705362.0
1235.0 7425244.0
1236.0 7415721.0
1237.0 8914042.0
1238.0 11187480.0
1239.0 14489641.0
1240.0 16949908.0
1241.0 19909024.0
1242.0 22711508.0
1243.0 23635868.0
1244.0 23666992.0
1245.0 22821778.0
1246.0 20397084.0
1247.0 16120841.0
1248.0 11222199.0
1249.0 7798393.0
1250.0 5822641.0
1251.0 5158950.5
1252.0 5518367.0
1253.0 6166591.0
1254.0 5850077.5
1255.0 5353505.5
1256.0 5683952.5
1257.0 6018614.5
1258.0 6305689.0
1259.0 6284302.5
1260.0 6481124.5
1261.0 7077865.5
1262.0 8465296.0
1263.0 10625181.0
1264.0 12364452.0
1265.0 13772758.0
1266.0 14602388.0
1267.0 15367638.0
1268.0 17577612.0
1269.0 18714208.0
1270.0 16982324.0
1271.0 15466169.0
1272.0 14158231.0
1273.0 13710346.0
1274.0 14377878.0
1275.0 15386279.0
1276.0 15537146.0
1277.0 15122920.0
1278.0 12772262.0
1279.0 10871171.0
1280.0 10391499.0
1281.0 10878135.0
1282.0 10906856.0
1283.0 11555934.0
1284.0 12464650.0
1285.0 13035698.0
1286.0 14580468.0
1287.0 15126362.0
1288.0 14523339.0
1289.0 12995436.0
1290.0 11679265.0
1291.0 11910529.0
1292.0 13076175.0
1293.0 12563610.0
1294.0 12860688.0
1295.0 13516510.0
1296.0 13999815.0
1297.0 14357501.0
1298.0 14950521.0
1299.0 15147110.0
1300.0 14859346.0
1301.0 15162305.0
1302.0 16384481.0
1303.0 16398194.0
1304.0 17307818.0
1305.0 19804548.0
1306.0 22509522.0
1307.0 24779830.0
1308.0 26725332.0
1309.0 28945132.0
1310.0 30696700.0
1311.0 32087222.0
1312.0 31797012.0
1313.0 30859200.0
1314.0 28236324.0
1315.0 27418908.0
1316.0 30023780.0
1317.0 31691276.0
1318.0 32485262.0
1319.0 31216592.0
1320.0 31276212.0
1321.0 32375244.0
1322.0 33653610.0
1323.0 34151084.0
1324.0 34146996.0
1325.0 35876360.0
1326.0 38037576.0
1327.0 39525836.0
1328.0 42772716.0
1329.0 47681524.0
1330.0 52543280.0
1331.0 54998624.0
1332.0 57102230.0
1333.0 58852156.0
1334.0 59782936.0
1335.0 60560584.0
1336.0 60232650.0
1337.0 60906796.0
1338.0 60624676.0
1339.0 61561620.0
1340.0 62721216.0
1341.0 63964090.0
1342.0 63800050.0
1343.0 60838836.0
1344.0 54989600.0
1345.0 49808840.0
1346.0 48236636.0
1347.0 48806636.0
1348.0 48160784.0
1349.0 47692404.0
1350.0 47459764.0
1351.0 47937056.0
1352.0 50161370.0
1353.0 50992656.0
1354.0 52436930.0
1355.0 55313556.0
1356.0 56461404.0
1357.0 57310000.0
1358.0 57616484.0
1359.0 57543780.0
1360.0 56967464.0
1361.0 56189640.0
1362.0 57408940.0
1363.0 61448090.0
1364.0 67199360.0
1365.0 75143800.0
1366.0 85819430.0
1367.0 98117800.0
1368.0 117525070.0
1369.0 139515550.0
1370.0 160224830.0
1371.0 180625000.0
1372.0 199610200.0
1373.0 212979710.0
1374.0 220250540.0
1375.0 219019330.0
1376.0 206511600.0
1377.0 184603600.0
1378.0 159008820.0
1379.0 138731740.0
1380.0 125926520.0
1381.0 121538050.0
1382.0 114483740.0
1383.0 104988460.0
1384.0 96885030.0
1385.0 92246900.0
1386.0 88229660.0
1387.0 83151790.0
1388.0 77176530.0
1389.0 71778110.0
1390.0 65182456.0
1391.0 58324584.0
1392.0 51113796.0
1393.0 43399040.0
1394.0 37906240.0
1395.0 34149730.0
1396.0 34330540.0
1397.0 34756532.0
1398.0 36237756.0
1399.0 38832264.0
1400.0 43292880.0
1401.0 49017696.0
1402.0 54208384.0
1403.0 58459580.0
1404.0 64868876.0
1405.0 73479480.0
1406.0 82357680.0
1407.0 95816180.0
1408.0 112285250.0
1409.0 130158730.0
1410.0 149060910.0
1411.0 170826540.0
1412.0 196858220.0
1413.0 224958660.0
1414.0 248077250.0
1415.0 265070140.0
1416.0 278428480.0
1417.0 281132500.0
1418.0 269149380.0
1419.0 234977250.0
1420.0 185711220.0
1421.0 131456710.0
1422.0 91327410.0
1423.0 63964020.0
1424.0 48657684.0
1425.0 40471972.0
1426.0 34057876.0
1427.0 29016260.0
1428.0 24505858.0
1429.0 20168102.0
1430.0 16452915.0
1431.0 13740349.0
1432.0 11935692.0
1433.0 10983994.0
1434.0 10274654.0
1435.0 9328479.0
1436.0 8456719.0
1437.0 7838902.0
1438.0 7367915.0
1439.0 7469674.0
1440.0 8061544.0
1441.0 8111234.5
1442.0 8632266.0
1443.0 9143536.0
1444.0 8872897.0
1445.0 8317822.5
1446.0 8472689.0
1447.0 9106325.0
1448.0 9578651.0
1449.0 9577438.0
1450.0 10005233.0
1451.0 10761294.0
1452.0 11447556.0
1453.0 12223938.0
1454.0 13551158.0
1455.0 14461109.0
1456.0 16010316.0
1457.0 16454750.0
1458.0 15963242.0
1459.0 15840311.0
1460.0 17828078.0
1461.0 19714258.0
1462.0 19422132.0
1463.0 18872800.0
1464.0 19097132.0
1465.0 18987934.0
1466.0 17745944.0
1467.0 18030418.0
1468.0 17920412.0
1469.0 17132344.0
1470.0 18719120.0
1471.0 20425930.0
1472.0 20516544.0
1473.0 20436678.0
1474.0 20159342.0
1475.0 19427624.0
1476.0 18295218.0
1477.0 16786958.0
1478.0 16859362.0
1479.0 17939972.0
1480.0 17040112.0
1481.0 15993855.0
1482.0 17359498.0
1483.0 18083544.0
1484.0 18986096.0
1485.0 21086300.0
1486.0 24858058.0
1487.0 28805240.0
1488.0 31352120.0
1489.0 34340308.0
1490.0 38354944.0
1491.0 42303610.0
1492.0 46122676.0
1493.0 49714160.0
1494.0 52532416.0
1495.0 53493716.0
1496.0 53531050.0
1497.0 51237476.0
1498.0 49289316.0
1499.0 49760756.0
1500.0 49649930.0
1501.0 47128760.0
1502.0 43548500.0
1503.0 39221990.0
1504.0 31964772.0
1505.0 25889264.0
1506.0 23128100.0
1507.0 21598456.0
1508.0 21354440.0
1509.0 21933700.0
1510.0 22911428.0
1511.0 24888290.0
1512.0 26640158.0
1513.0 27819688.0
1514.0 28490110.0
1515.0 31255300.0
1516.0 35038070.0
1517.0 37031516.0
1518.0 37231796.0
1519.0 39314724.0
1520.0 43658710.0
1521.0 47066604.0
1522.0 51559570.0
1523.0 51440560.0
1524.0 52975624.0
1525.0 56545236.0
1526.0 61547060.0
1527.0 65281600.0
1528.0 69201896.0
1529.0 71207640.0
1530.0 71585620.0
1531.0 72007370.0
1532.0 69798730.0
1533.0 65489850.0
1534.0 59380220.0
1535.0 51665790.0
1536.0 41237388.0
1537.0 33591184.0
1538.0 28545160.0
1539.0 22749138.0
1540.0 20393508.0
1541.0 19726030.0
1542.0 19161010.0
1543.0 20231486.0
1544.0 23465248.0
1545.0 24750860.0
1546.0 25704392.0
1547.0 28555102.0
1548.0 32227240.0
1549.0 36404256.0
1550.0 40962836.0
1551.0 44665090.0
1552.0 49262336.0
1553.0 53584036.0
1554.0 55402040.0
1555.0 56835984.0
1556.0 61208944.0
1557.0 65455020.0
1558.0 69197610.0
1559.0 72914936.0
1560.0 75823330.0
1561.0 78176080.0
1562.0 75920030.0
1563.0 67937944.0
1564.0 54313620.0
1565.0 41708876.0
1566.0 35012220.0
1567.0 33865730.0
1568.0 35324650.0
1569.0 38140336.0
1570.0 40531264.0
1571.0 39648070.0
1572.0 38661290.0
1573.0 37333704.0
1574.0 35117616.0
1575.0 32883352.0
1576.0 31820710.0
1577.0 29123152.0
1578.0 23582400.0
1579.0 19596182.0
1580.0 16762731.0
1581.0 14589809.0
1582.0 13478356.0
1583.0 12277685.0
1584.0 12358344.0
1585.0 13106649.0
1586.0 15019358.0
1587.0 15995991.0
1588.0 16448170.0
1589.0 15597402.0
1590.0 16121056.0
1591.0 16385781.0
1592.0 17117030.0
1593.0 18221246.0
1594.0 18395526.0
1595.0 16895142.0
1596.0 15394490.0
1597.0 14204522.0
1598.0 13594222.0
1599.0 14380415.0
1600.0 14494595.0
1601.0 15080518.0
1602.0 14800399.0
1603.0 13875620.0
1604.0 13879128.0
1605.0 14218801.0
1606.0 15308925.0
1607.0 15709316.0
1608.0 17018022.0
1609.0 18713502.0
1610.0 20544212.0
1611.0 22910232.0
1612.0 24768650.0
1613.0 26746382.0
1614.0 30083620.0
1615.0 34377010.0
1616.0 36351820.0
1617.0 39685310.0
1618.0 43375984.0
1619.0 44749990.0
1620.0 45587830.0
1621.0 46221056.0
1622.0 47320016.0
1623.0 51074924.0
1624.0 56151310.0
1625.0 60671300.0
1626.0 64946324.0
1627.0 68031550.0
1628.0 69118200.0
1629.0 69823040.0
1630.0 63709184.0
1631.0 53799324.0
1632.0 39146036.0
1633.0 26986956.0
1634.0 21418062.0
1635.0 17546036.0
1636.0 15633646.0
1637.0 13808992.0
1638.0 12633588.0
1639.0 11704310.0
1640.0 10629984.0
1641.0 9665870.0
1642.0 9472239.0
1643.0 9886979.0
1644.0 10382026.0
1645.0 11160212.0
1646.0 11185048.0
1647.0 10174136.0
1648.0 10477402.0
1649.0 11089661.0
1650.0 10854798.0
1651.0 10772954.0
1652.0 10128798.0
1653.0 9498389.0
1654.0 9322882.0
1655.0 9493384.0
1656.0 9482508.0
1657.0 9363503.0
1658.0 8770341.0
1659.0 8608386.0
1660.0 8157927.0
1661.0 8186715.0
1662.0 7587281.0
1663.0 7746800.5
1664.0 7357485.0
1665.0 7341449.0
1666.0 7658435.5
1667.0 7969844.0
1668.0 7990900.0
1669.0 8488359.0
1670.0 8510220.0
1671.0 8365595.0
1672.0 8794811.0
1673.0 9818781.0
1674.0 9944052.0
1675.0 10092074.0
1676.0 11074061.0
1677.0 12125918.0
1678.0 12798864.0
1679.0 12794728.0
1680.0 12849334.0
1681.0 13449302.0
1682.0 12795629.0
1683.0 13505476.0
1684.0 13822606.0
1685.0 13944839.0
1686.0 12455961.0
1687.0 10992044.0
1688.0 10606525.0
1689.0 10605022.0
1690.0 10024978.0
1691.0 10444348.0
1692.0 11513154.0
1693.0 12480658.0
1694.0 13572578.0
1695.0 13309022.0
1696.0 12891328.0
1697.0 13099774.0
1698.0 13530156.0
1699.0 14566736.0
1700.0 15377932.0
1701.0 17011466.0
1702.0 17785118.0
1703.0 17012410.0
1704.0 17027788.0
1705.0 17917460.0
1706.0 16921808.0
1707.0 15362495.0
1708.0 14076698.0
1709.0 12542718.0
1710.0 12718811.0
1711.0 14094856.0
1712.0 13749870.0
1713.0 13111532.0
1714.0 12726266.0
1715.0 12827812.0
1716.0 13125302.0
1717.0 12304761.0
1718.0 11183219.0
1719.0 11658570.0
1720.0 11197700.0
1721.0 10352208.0
1722.0 8970984.0
1723.0 6377736.0
1724.0 4538329.0
1725.0 3659078.8
1726.0 3176339.8
1727.0 3210978.0
1728.0 2652649.5
1729.0 2282408.5
1730.0 2518188.0
1731.0 3008869.0
1732.0 3425975.0
1733.0 3258257.5
1734.0 3057592.5
1735.0 3217824.8
1736.0 3557435.2
1737.0 3687122.8
1738.0 3303644.8
1739.0 3313946.5
1740.0 3774483.5
1741.0 4008585.2
1742.0 4187633.8
1743.0 4140799.5
1744.0 4534517.0
1745.0 4738140.5
1746.0 4635257.0
1747.0 4185577.5
1748.0 3714321.5
1749.0 4061064.5
1750.0 4259775.5
1751.0 4015943.8
1752.0 3714367.0
1753.0 3931676.0
1754.0 3790668.0
1755.0 3300289.5
1756.0 3276955.5
1757.0 2915072.8
1758.0 3307367.2
1759.0 3589219.8
1760.0 3868501.2
1761.0 3804087.5
1762.0 3940587.2
1763.0 4511102.0
1764.0 4976264.0
1765.0 4849896.0
1766.0 5007139.5
1767.0 6133018.0
1768.0 6675537.0
1769.0 6427937.0
1770.0 6115377.5
1771.0 6280445.5
1772.0 5521819.0
1773.0 4748628.0
1774.0 5024958.5
1775.0 4991199.0
1776.0 4954389.5
1777.0 5060082.0
1778.0 5129519.5
1779.0 5428530.0
1780.0 5529762.0
1781.0 4742354.5
1782.0 4539937.5
1783.0 4148474.0
1784.0 4258226.0
1785.0 3773795.5
1786.0 3191351.2
1787.0 3615282.2
1788.0 3696554.5
1789.0 3882113.5
1790.0 4680874.0
1791.0 4635264.5
1792.0 4567224.5
1793.0 4664267.5
1794.0 4779481.5
1795.0 4640986.0
1796.0 4400245.5
1797.0 4426744.0
1798.0 4454079.0
1799.0 4952153.5
1800.0 5399841.0
1801.0 5446795.5
1802.0 6013797.0
1803.0 6036088.0
1804.0 5938470.0
1805.0 6045549.5
1806.0 5946047.5
1807.0 5865265.5
1808.0 5800844.0
1809.0 5138050.5
1810.0 5236118.5
1811.0 4963101.0
1812.0 4467176.0
1813.0 4435315.5
1814.0 4558884.0
1815.0 4270083.5
1816.0 4074892.8
1817.0 3262412.2
1818.0 2832850.0
1819.0 2773385.2
1820.0 2822688.5
1821.0 3105311.5
1822.0 3434448.8
1823.0 3696747.2
1824.0 3903004.0
1825.0 4340952.0
1826.0 4448197.0
1827.0 5017452.0
1828.0 4789329.0
1829.0 5223714.5
1830.0 5524699.5
1831.0 6119681.0
1832.0 6404589.0
1833.0 6840296.0
1834.0 7157979.0
1835.0 7001014.5
1836.0 7126725.0
1837.0 7387428.0
1838.0 7478011.0
1839.0 6679867.0
1840.0 5986274.5
1841.0 5237743.5
1842.0 5064343.0
1843.0 5476158.0
1844.0 6234728.0
1845.0 6619247.5
1846.0 7106529.5
1847.0 7779701.0
1848.0 8546408.0
1849.0 9211678.0
1850.0 9778028.0
1851.0 10017270.0
1852.0 11295296.0
1853.0 10548860.0
1854.0 9414523.0
1855.0 10224638.0
1856.0 10766031.0
1857.0 10992724.0
1858.0 10093676.0
1859.0 10025654.0
1860.0 9911379.0
1861.0 9563932.0
1862.0 9981152.0
1863.0 10186939.0
1864.0 9373498.0
1865.0 8488334.0
1866.0 7627820.0
1867.0 7315693.0
1868.0 6876938.0
1869.0 6150714.5
1870.0 6115335.0
1871.0 6232596.0
1872.0 6775697.5
1873.0 6711855.0
1874.0 6587057.0
1875.0 6982567.0
1876.0 7090791.0
1877.0 7823550.5
1878.0 8456823.0
1879.0 9451922.0
1880.0 9541286.0
1881.0 9141224.0
1882.0 9785835.0
1883.0 9058477.0
1884.0 9300817.0
1885.0 8917249.0
1886.0 8115127.0
1887.0 8049682.0
1888.0 7715975.5
1889.0 7160476.0
1890.0 6532278.0
1891.0 5745869.0
1892.0 5358412.0
1893.0 4821694.0
1894.0 4573538.0
1895.0 4352990.0
1896.0 3982338.0
1897.0 4374293.0
1898.0 4459011.0
1899.0 4848853.0
1900.0 5846380.0
1901.0 6475326.0
1902.0 7828907.5
1903.0 8498312.0
1904.0 9424331.0
1905.0 12197610.0
1906.0 13404955.0
1907.0 14236756.0
1908.0 15304940.0
1909.0 15934710.0
1910.0 17457572.0
1911.0 18092534.0
1912.0 18699388.0
1913.0 19767984.0
1914.0 20103192.0
1915.0 18666564.0
1916.0 16882800.0
1917.0 13755280.0
1918.0 10415129.0
1919.0 7087407.5
1920.0 5851804.5
1921.0 5075328.0
1922.0 4784395.0
1923.0 4715620.0
1924.0 4689815.5
1925.0 4876887.0
1926.0 5254004.5
1927.0 5747419.0
1928.0 6892025.0
1929.0 7688162.5
1930.0 7966687.5
1931.0 9636176.0
1932.0 10631994.0
1933.0 10874269.0
1934.0 11625330.0
1935.0 12061850.0
1936.0 13247010.0
1937.0 15657948.0
1938.0 15566704.0
1939.0 16486346.0
1940.0 16714068.0
1941.0 15534250.0
1942.0 13118585.0
1943.0 11448015.0
1944.0 8803636.0
1945.0 5621775.5
1946.0 3762186.2
1947.0 3123144.0
1948.0 2928772.2
1949.0 2771116.5
1950.0 2189706.0
1951.0 1987920.5
1952.0 1811029.5
1953.0 1734674.5
1954.0 1677224.8
1955.0 1490119.5
1956.0 1447811.1
1957.0 1255181.1
1958.0 960362.5
1959.0 1140788.5
1960.0 762633.06
1961.0 776360.25
1962.0 747361.2
1963.0 710840.25
1964.0 1107232.6
1965.0 942500.4
1966.0 1037813.6
1967.0 862979.75
1968.0 1037190.7
1969.0 907176.5
1970.0 1053688.0
1971.0 1286819.5
1972.0 913283.1
1973.0 637057.2
1974.0 795138.9
1975.0 724522.9
1976.0 778513.6
1977.0 977954.1
1978.0 1075381.5
1979.0 1013081.9
1980.0 886354.5
1981.0 1247914.2
1982.0 1294933.9
1983.0 1422181.8
1984.0 1364452.8
1985.0 1266283.1
1986.0 1269464.9
1987.0 1378468.6
1988.0 1328216.2
1989.0 1123290.8
1990.0 1595322.5
1991.0 1332340.0
1992.0 1298323.2
1993.0 1185024.9
1994.0 1413807.6
1995.0 1459903.0
1996.0 1379167.6
1997.0 1494461.1
1998.0 1361559.0
1999.0 1410780.8
2000.0 1430971.9
2001.0 1626636.1
2002.0 1402041.2
2003.0 1555759.8
2004.0 1371150.0
2005.0 1295519.8
2006.0 1111500.5
2007.0 1517356.1
2008.0 1738730.0
2009.0 1624716.0
2010.0 1571883.0
2011.0 1495597.8
2012.0 1607459.5
2013.0 1849343.1
2014.0 1587344.9
2015.0 1775714.8
2016.0 1745326.2
2017.0 1507961.8
2018.0 1356284.5
2019.0 1693448.6
2020.0 2092693.1
2021.0 694816.56
2022.0 -1152941.5
2023.0 -2640408.8
2024.0 -4490144.0
2025.0 -5842128.0
2026.0 -7966922.0
2027.0 -9439611.0
2028.0 -10684818.0
2029.0 -12701145.0
2030.0 -14748351.0
2031.0 -16349969.0
2032.0 -17703352.0
2033.0 -19879226.0
2034.0 -22222022.0
2035.0 -24507718.0
2036.0 -26246842.0
2037.0 -28060978.0
2038.0 -30100404.0
2039.0 0.0
2040.0 0.0
2041.0 0.0
2042.0 0.0
2043.0 0.0
2044.0 0.0
2045.0 0.0
2046.0 0.0
2047.0 0.0
