string
0.0 2094439.9
1.0 1817396.2
2.0 2090594.5
3.0 2382347.2
4.0 2741834.0
5.0 2464436.5
6.0 2609266.5
7.0 2774079.0
8.0 2939578.0
9.0 2937680.5
10.0 2614756.5
11.0 2192830.5
12.0 2013100.0
13.0 2168101.8
14.0 2051045.6
15.0 2353117.2
16.0 2464384.0
17.0 2190816.8
18.0 2230469.8
19.0 2315137.0
20.0 3139969.8
21.0 2888484.0
22.0 2575511.2
23.0 2379129.0
24.0 2267616.0
25.0 1884854.8
26.0 1680823.5
27.0 2016443.5
28.0 2045046.0
29.0 1781657.8
30.0 1896028.6
31.0 2509359.2
32.0 2686350.0
33.0 2546609.5
34.0 2612743.0
35.0 2946553.8
36.0 2946458.0
37.0 2618255.8
38.0 2601825.0
39.0 2942365.0
40.0 3021710.5
41.0 3335407.2
42.0 3853377.8
43.0 3878484.8
44.0 3189569.8
45.0 2795777.5
46.0 2556737.0
47.0 2824808.5
48.0 2621809.8
49.0 2318577.8
50.0 2146754.0
51.0 2059261.0
52.0 1880298.9
53.0 1940356.0
54.0 1817457.4
55.0 2011504.2
56.0 2553596.5
57.0 2539523.0
58.0 2463676.2
59.0 1991979.8
60.0 2532446.5
61.0 2983964.5
62.0 3748653.0
63.0 4390954.5
64.0 4203144.5
65.0 3617312.8
66.0 3124938.0
67.0 2725258.0
68.0 2819841.2
69.0 2833461.5
70.0 2877157.8
71.0 2934347.5
72.0 3740308.8
73.0 3643188.0
74.0 3223220.5
75.0 3874391.0
76.0 4098044.5
77.0 4635803.0
78.0 4923975.5
79.0 4894679.5
80.0 4925744.0
81.0 5019647.0
82.0 4388615.5
83.0 4584062.0
84.0 4949008.0
85.0 4357607.0
86.0 3596816.0
87.0 3087643.0
88.0 3504509.5
89.0 4098683.0
90.0 4306861.0
91.0 4291461.0
92.0 4740463.0
93.0 4889282.5
94.0 4742860.5
95.0 5039077.0
96.0 5821250.5
97.0 7437690.0
98.0 8796349.0
99.0 8081649.5
100.0 6856680.5
101.0 4822627.0
102.0 2951175.5
103.0 2111364.8
104.0 2149895.2
105.0 1822748.9
106.0 1757577.2
107.0 2039240.0
108.0 2513380.2
109.0 2391722.8
110.0 2284427.2
111.0 2549847.2
112.0 2221349.0
113.0 2089952.6
114.0 1726115.0
115.0 2177284.0
116.0 3234432.2
117.0 4347887.5
118.0 4685318.0
119.0 4338057.0
120.0 4478926.5
121.0 5063335.0
122.0 6366675.5
123.0 6939595.0
124.0 7296349.0
125.0 6826857.0
126.0 7043032.0
127.0 7218065.0
128.0 7119370.0
129.0 6748211.0
130.0 7057029.5
131.0 7067074.0
132.0 5734159.0
133.0 4270402.5
134.0 2648140.5
135.0 1877992.0
136.0 1886568.5
137.0 1503835.6
138.0 1295571.0
139.0 829460.75
140.0 1272841.2
141.0 1406837.0
142.0 1109262.8
143.0 1119358.6
144.0 949211.1
145.0 1001146.0
146.0 841503.1
147.0 1006543.25
148.0 1117001.8
149.0 1133132.0
150.0 1268185.9
151.0 1281348.2
152.0 1332888.2
153.0 1486222.4
154.0 1887054.5
155.0 2492509.5
156.0 3237437.8
157.0 5036617.0
158.0 5820775.0
159.0 6999050.5
160.0 8219429.5
161.0 7618106.0
162.0 6528034.5
163.0 5452607.5
164.0 4111440.5
165.0 3657193.8
166.0 3415153.5
167.0 3146446.0
168.0 3235116.5
169.0 3721674.0
170.0 4133353.5
171.0 4693507.5
172.0 4921222.5
173.0 4944324.5
174.0 4571605.0
175.0 4769736.0
176.0 5465514.5
177.0 5379697.5
178.0 6340613.0
179.0 8123069.0
180.0 11457191.0
181.0 14865512.0
182.0 16140025.0
183.0 15590794.0
184.0 14582148.0
185.0 12256399.0
186.0 9131241.0
187.0 5962137.0
188.0 3699398.0
189.0 2665347.5
190.0 2918735.2
191.0 2332293.8
192.0 2108556.5
193.0 1773465.6
194.0 1691604.8
195.0 1569262.6
196.0 1330021.8
197.0 1081482.1
198.0 1211463.6
199.0 1373062.8
200.0 1117215.2
201.0 1065285.1
202.0 1272178.0
203.0 1060184.9
204.0 1368107.4
205.0 1319709.4
206.0 1336427.2
207.0 1178854.4
208.0 1570222.0
209.0 1409030.6
210.0 1363734.0
211.0 1424099.0
212.0 1864344.8
213.0 2391230.0
214.0 3122708.5
215.0 4296693.0
216.0 5789314.5
217.0 7520464.5
218.0 9205779.0
219.0 10611234.0
220.0 11039181.0
221.0 11472544.0
222.0 10356026.0
223.0 8217240.0
224.0 6250930.0
225.0 4144256.0
226.0 2857843.5
227.0 2482984.5
228.0 2280847.8
229.0 2261173.8
230.0 2411061.8
231.0 1870939.2
232.0 1625250.2
233.0 1648788.0
234.0 1276562.8
235.0 1359170.0
236.0 1252198.9
237.0 993889.94
238.0 1355421.0
239.0 1368019.8
240.0 1098238.6
241.0 860938.9
242.0 1234325.0
243.0 1379078.5
244.0 1616832.5
245.0 1789870.1
246.0 2410074.0
247.0 3311843.5
248.0 3934466.5
249.0 5018560.5
250.0 5826348.0
251.0 6918259.5
252.0 8108754.5
253.0 8471147.0
254.0 7896059.5
255.0 7113487.5
256.0 5409294.0
257.0 4079622.0
258.0 2635301.0
259.0 2127141.5
260.0 1881770.2
261.0 1645741.5
262.0 1291472.5
263.0 1155795.6
264.0 1339602.2
265.0 1023168.7
266.0 1274996.6
267.0 1257222.0
268.0 1012520.4
269.0 961566.8
270.0 834630.1
271.0 625989.75
272.0 627647.1
273.0 877557.8
274.0 926187.2
275.0 773484.3
276.0 880635.5
277.0 1046967.25
278.0 1215185.6
279.0 1017014.25
280.0 865858.6
281.0 1143990.8
282.0 1510215.2
283.0 1690581.1
284.0 1625828.1
285.0 1568248.2
286.0 1592692.8
287.0 1311665.5
288.0 1248165.1
289.0 1266289.9
290.0 1364006.4
291.0 1407278.9
292.0 1157387.8
293.0 1136070.0
294.0 1268726.6
295.0 1247362.9
296.0 1444759.8
297.0 1696956.9
298.0 1359390.8
299.0 1186133.8
300.0 1138899.9
301.0 1339845.8
302.0 1985338.2
303.0 1990217.5
304.0 1695677.5
305.0 1642541.4
306.0 1790340.5
307.0 1947383.8
308.0 1954330.5
309.0 1523484.4
310.0 1370770.2
311.0 1236765.5
312.0 1531185.0
313.0 1432882.0
314.0 1759812.2
315.0 2123690.5
316.0 2214577.2
317.0 2164322.2
318.0 2419402.2
319.0 2240773.5
320.0 1893524.0
321.0 2371333.0
322.0 2220613.8
323.0 2232504.5
324.0 2116374.0
325.0 2162134.5
326.0 2395967.8
327.0 3374770.0
328.0 4117192.2
329.0 4472751.0
330.0 4812356.0
331.0 5647050.5
332.0 6669637.5
333.0 7532267.5
334.0 6591255.0
335.0 6805886.0
336.0 5735207.0
337.0 4390260.5
338.0 3288851.5
339.0 2197433.0
340.0 1906863.0
341.0 1841097.2
342.0 1401992.4
343.0 1536487.6
344.0 1304305.2
345.0 1463664.5
346.0 1259158.5
347.0 1368658.8
348.0 1110482.0
349.0 1205771.5
350.0 1297411.6
351.0 1514813.2
352.0 1551399.9
353.0 1460715.8
354.0 1522669.8
355.0 1327804.2
356.0 1331962.6
357.0 1430471.4
358.0 1830528.8
359.0 1879412.4
360.0 1776966.5
361.0 1703253.5
362.0 2302884.0
363.0 2542767.2
364.0 2741767.0
365.0 2656420.0
366.0 2877561.5
367.0 3819364.5
368.0 4808439.0
369.0 4366912.5
370.0 4344084.5
371.0 4076072.0
372.0 3595342.5
373.0 2899125.5
374.0 2063657.8
375.0 1901534.0
376.0 1951727.0
377.0 1857784.5
378.0 1699251.9
379.0 1737713.6
380.0 1704068.0
381.0 1584132.0
382.0 1542268.5
383.0 1345415.2
384.0 1279875.9
385.0 1312825.8
386.0 1522249.4
387.0 1191614.8
388.0 1211650.0
389.0 1375360.1
390.0 1510284.8
391.0 1421640.1
392.0 1753628.6
393.0 2340032.2
394.0 2656513.8
395.0 2443141.2
396.0 3265662.5
397.0 3575583.0
398.0 3610197.5
399.0 3230642.0
400.0 2172183.5
401.0 1640369.4
402.0 1803739.5
403.0 2109107.2
404.0 2027318.0
405.0 2376082.8
406.0 2180694.5
407.0 2565576.8
408.0 2485364.8
409.0 2713350.5
410.0 2818693.8
411.0 3359757.0
412.0 3384913.0
413.0 3101574.5
414.0 2895214.5
415.0 3553730.5
416.0 3433122.5
417.0 3199474.0
418.0 3000338.0
419.0 3079287.5
420.0 2956631.0
421.0 2625381.2
422.0 2453936.0
423.0 2418347.0
424.0 2029818.5
425.0 1714492.6
426.0 1855569.0
427.0 1841853.5
428.0 1903476.9
429.0 1725120.8
430.0 1791072.0
431.0 1958550.2
432.0 2140028.5
433.0 2278388.0
434.0 2067303.9
435.0 2285985.2
436.0 2362497.5
437.0 2431601.2
438.0 2408075.2
439.0 2058866.0
440.0 1578271.4
441.0 1865416.2
442.0 1692710.5
443.0 1629645.1
444.0 1200596.5
445.0 1095880.9
446.0 1079928.0
447.0 1621846.2
448.0 2031358.6
449.0 1715090.1
450.0 1466188.1
451.0 2151691.0
452.0 2471999.0
453.0 2095646.5
454.0 2132052.0
455.0 2223925.5
456.0 2240986.2
457.0 2200963.0
458.0 1976574.5
459.0 1572732.2
460.0 1533376.0
461.0 1742410.1
462.0 1967508.0
463.0 2138098.5
464.0 2536105.2
465.0 2493450.8
466.0 2417451.0
467.0 2776863.8
468.0 2315048.5
469.0 1975464.4
470.0 2460069.2
471.0 2771343.5
472.0 2917451.2
473.0 2485760.0
474.0 2194765.5
475.0 1525925.2
476.0 1553977.8
477.0 1761163.6
478.0 1863639.0
479.0 1805133.6
480.0 1499161.0
481.0 1063399.8
482.0 1057051.9
483.0 1177861.5
484.0 1523404.4
485.0 1521481.9
486.0 1613146.1
487.0 1609970.0
488.0 1677839.9
489.0 1578645.5
490.0 1190525.1
491.0 1164959.5
492.0 1341152.8
493.0 1343467.5
494.0 1033722.44
495.0 790902.0
496.0 1007406.56
497.0 1346745.6
498.0 1349277.0
499.0 1617635.5
500.0 2026970.6
501.0 1948643.8
502.0 1909895.5
503.0 1661817.0
504.0 1874182.2
505.0 2250663.5
506.0 2371277.2
507.0 2354277.0
508.0 2690263.0
509.0 2346442.8
510.0 1569002.4
511.0 1597629.9
512.0 1881495.5
513.0 1767186.0
514.0 2095416.1
515.0 1771692.5
516.0 1656792.0
517.0 1666021.2
518.0 1381894.8
519.0 1381862.6
520.0 1355149.0
521.0 1225639.1
522.0 1338804.5
523.0 1265149.0
524.0 1618493.5
525.0 1253161.1
526.0 1206362.2
527.0 1574693.1
528.0 1815299.8
529.0 1722802.6
530.0 1651257.4
531.0 1767417.0
532.0 1774808.6
533.0 2116897.0
534.0 2224080.5
535.0 2458148.0
536.0 2544624.8
537.0 2798599.8
538.0 2928565.0
539.0 3388812.5
540.0 3890639.5
541.0 2916011.2
542.0 2114354.0
543.0 1724554.4
544.0 1833308.6
545.0 1556860.1
546.0 1324178.2
547.0 1127578.2
548.0 1370764.4
549.0 1243635.1
550.0 1445120.8
551.0 1803660.0
552.0 2016087.0
553.0 1852346.5
554.0 1356445.2
555.0 969311.3
556.0 1404411.9
557.0 1818355.0
558.0 1853934.4
559.0 1904620.6
560.0 2135629.5
561.0 1971619.4
562.0 1695699.5
563.0 1415151.8
564.0 1246176.6
565.0 1615525.5
566.0 1509460.6
567.0 1642018.1
568.0 1519345.5
569.0 1351792.6
570.0 1774583.9
571.0 1575780.0
572.0 1427020.6
573.0 1564461.1
574.0 1622564.0
575.0 1738640.0
576.0 1599645.8
577.0 1566210.5
578.0 1653706.4
579.0 1555822.2
580.0 1649075.1
581.0 1631118.8
582.0 1409233.6
583.0 1554461.2
584.0 1790247.6
585.0 1727602.4
586.0 1461878.6
587.0 1847903.1
588.0 1703802.2
589.0 1441509.9
590.0 1717984.9
591.0 1646337.5
592.0 1437386.9
593.0 1160516.6
594.0 1274594.6
595.0 1389500.1
596.0 1745875.6
597.0 1555393.9
598.0 1492160.6
599.0 1586009.0
600.0 1608579.8
601.0 1776220.2
602.0 1426165.1
603.0 1359196.5
604.0 1249973.5
605.0 1101536.0
606.0 1106491.6
607.0 1375379.8
608.0 1534001.1
609.0 1265237.4
610.0 1405305.6
611.0 1809298.5
612.0 1555966.8
613.0 1502027.6
614.0 1391523.5
615.0 1342116.1
616.0 1159308.9
617.0 1378339.9
618.0 1381286.2
619.0 1191793.2
620.0 1170166.5
621.0 1247199.0
622.0 1151743.0
623.0 1416366.9
624.0 1356246.2
625.0 1274261.1
626.0 1263781.4
627.0 1480993.9
628.0 1521056.1
629.0 1589148.2
630.0 1694521.2
631.0 1742438.0
632.0 1539350.2
633.0 1364527.5
634.0 1148031.9
635.0 1251937.0
636.0 1736806.5
637.0 1534995.0
638.0 1484590.5
639.0 1507810.2
640.0 1187966.4
641.0 1367497.8
642.0 1356301.2
643.0 1457160.8
644.0 1271214.9
645.0 1366864.9
646.0 1684331.4
647.0 1439456.0
648.0 1751336.1
649.0 1424365.5
650.0 1433137.5
651.0 1300017.4
652.0 1302678.6
653.0 1517027.0
654.0 1745834.9
655.0 1659098.9
656.0 1518556.9
657.0 1435306.1
658.0 1418213.5
659.0 1536421.0
660.0 1484686.2
661.0 1205156.5
662.0 1046089.0
663.0 1479612.8
664.0 1637778.9
665.0 1610063.2
666.0 1776391.9
667.0 1492349.9
668.0 1750378.0
669.0 1550215.5
670.0 1686056.0
671.0 1682570.6
672.0 1628155.2
673.0 1493379.0
674.0 1562416.1
675.0 2086581.4
676.0 2219698.5
677.0 1936981.1
678.0 1483855.0
679.0 1206121.5
680.0 1450248.0
681.0 1659129.0
682.0 1297291.1
683.0 1408270.5
684.0 1423633.9
685.0 1398514.2
686.0 1373208.1
687.0 1399623.2
688.0 1628036.0
689.0 1914654.4
690.0 1687662.0
691.0 1780033.1
692.0 2022663.9
693.0 1807626.9
694.0 1519796.4
695.0 1568824.2
696.0 1166791.8
697.0 1519903.6
698.0 1472314.4
699.0 1396621.1
700.0 1063799.5
701.0 1282295.2
702.0 1232433.9
703.0 1052722.0
704.0 1127114.4
705.0 1181450.1
706.0 1211625.0
707.0 1519527.2
708.0 1572683.2
709.0 1392337.4
710.0 1218056.0
711.0 908024.06
712.0 988618.7
713.0 1412933.5
714.0 1314239.2
715.0 1232826.6
716.0 984857.9
717.0 1168108.1
718.0 1293481.5
719.0 1380021.5
720.0 1325442.2
721.0 1147939.8
722.0 1212979.8
723.0 1354531.0
724.0 1351628.9
725.0 995013.9
726.0 1229046.5
727.0 1334633.0
728.0 1273244.8
729.0 1344518.9
730.0 1129770.1
731.0 1002504.9
732.0 1206858.8
733.0 1265528.9
734.0 1440770.2
735.0 1300203.9
736.0 1434543.6
737.0 1343531.0
738.0 1257483.6
739.0 1337050.2
740.0 1324469.5
741.0 1245216.4
742.0 1068476.0
743.0 1228479.0
744.0 1341766.5
745.0 1092044.9
746.0 1520597.5
747.0 1800838.5
748.0 1690394.9
749.0 1769099.9
750.0 1853379.2
751.0 1640566.5
752.0 1697181.0
753.0 1969604.8
754.0 1871774.0
755.0 1394093.1
756.0 1506721.8
757.0 1769822.0
758.0 1603193.1
759.0 1207785.0
760.0 1298484.5
761.0 1378369.5
762.0 1301730.6
763.0 1569005.1
764.0 1628119.9
765.0 1280585.2
766.0 1151178.5
767.0 1065929.2
768.0 1323983.0
769.0 1246303.1
770.0 1218980.2
771.0 1413506.5
772.0 1538326.4
773.0 1471350.8
774.0 1630798.8
775.0 1767516.8
776.0 1486420.6
777.0 1603942.6
778.0 1566623.9
779.0 1301939.0
780.0 1371129.8
781.0 1197630.8
782.0 1452454.0
783.0 1376728.2
784.0 1282457.0
785.0 1449106.9
786.0 1420547.5
787.0 1661104.8
788.0 1556666.0
789.0 1365843.8
790.0 1414268.0
791.0 1279691.8
792.0 1076813.0
793.0 1447919.5
794.0 1543355.0
795.0 1622816.0
796.0 1649707.0
797.0 1590477.4
798.0 1722332.4
799.0 1807756.2
800.0 1891193.5
801.0 1906854.5
802.0 1709941.4
803.0 1636993.2
804.0 1531668.2
805.0 1534399.4
806.0 1406872.6
807.0 1391892.4
808.0 1322315.5
809.0 1096224.8
810.0 1117686.6
811.0 1552641.1
812.0 1558575.1
813.0 1520027.0
814.0 1311490.8
815.0 1246608.6
816.0 1187203.4
817.0 1595519.0
818.0 1428242.8
819.0 1138349.1
820.0 1466554.8
821.0 1418530.0
822.0 1499688.8
823.0 1566873.0
824.0 1566956.1
825.0 1679907.0
826.0 1691013.8
827.0 1754358.1
828.0 1536861.1
829.0 1555706.0
830.0 1373375.0
831.0 1335354.4
832.0 1150459.5
833.0 975956.56
834.0 1117352.9
835.0 1112856.8
836.0 1206790.2
837.0 1082279.4
838.0 1456761.0
839.0 1464138.1
840.0 1382516.9
841.0 1503040.1
842.0 1507172.8
843.0 1500107.6
844.0 1498920.0
845.0 1582676.5
846.0 1855206.5
847.0 1670206.0
848.0 1522721.9
849.0 1648537.6
850.0 1260211.0
851.0 1267254.9
852.0 1321058.5
853.0 1424017.4
854.0 1476110.6
855.0 1552769.2
856.0 1452499.5
857.0 1493362.2
858.0 1298976.1
859.0 1186863.5
860.0 1164144.2
861.0 1108432.8
862.0 1331236.1
863.0 1467903.6
864.0 1675795.8
865.0 1402440.8
866.0 2048963.6
867.0 1861079.4
868.0 1761012.0
869.0 1704618.5
870.0 1371747.2
871.0 1562346.5
872.0 1889887.0
873.0 1757616.0
874.0 1608080.8
875.0 1830904.4
876.0 1717468.9
877.0 1639360.6
878.0 1629301.0
879.0 1831913.5
880.0 1612658.9
881.0 1715557.6
882.0 1941299.4
883.0 2201528.5
884.0 1977753.5
885.0 1700026.1
886.0 1851374.2
887.0 1916054.9
888.0 2359529.2
889.0 2390443.0
890.0 2381726.0
891.0 2167431.2
892.0 1738246.0
893.0 1554831.0
894.0 1736633.9
895.0 1972905.0
896.0 1902771.5
897.0 1707381.0
898.0 1516791.8
899.0 1615477.2
900.0 1998965.2
901.0 1994855.2
902.0 1736951.0
903.0 1732093.5
904.0 1968615.8
905.0 1924069.2
906.0 2019123.8
907.0 1832906.9
908.0 1634748.2
909.0 1794371.9
910.0 1888864.0
911.0 1705992.5
912.0 1759730.2
913.0 2259828.8
914.0 2121660.5
915.0 2377999.0
916.0 2696193.5
917.0 2966864.8
918.0 3031314.0
919.0 3139814.8
920.0 2835932.0
921.0 2722749.8
922.0 2480078.2
923.0 2206494.0
924.0 2279873.5
925.0 2608399.8
926.0 2883679.8
927.0 2762321.2
928.0 2706601.5
929.0 3015781.0
930.0 2953627.8
931.0 2987841.5
932.0 3251416.0
933.0 2989777.2
934.0 2892325.2
935.0 2828305.5
936.0 3106037.2
937.0 3071802.8
938.0 3066141.5
939.0 2819629.0
940.0 2530500.2
941.0 2677774.8
942.0 2604050.8
943.0 2800091.5
944.0 3068029.0
945.0 2777999.8
946.0 2813266.5
947.0 3046471.0
948.0 3213020.0
949.0 3409114.8
950.0 2942213.0
951.0 2852692.2
952.0 3079303.0
953.0 3040187.2
954.0 2724892.8
955.0 2632186.5
956.0 2919789.5
957.0 2909792.0
958.0 3073797.8
959.0 3239678.0
960.0 3370736.0
961.0 3271031.0
962.0 3282819.5
963.0 3358345.2
964.0 3246245.0
965.0 3236166.2
966.0 3233790.2
967.0 3669449.0
968.0 4432884.5
969.0 4069865.5
970.0 4170519.0
971.0 4042009.0
972.0 4461326.0
973.0 4864066.0
974.0 5117494.0
975.0 5013044.0
976.0 4690184.5
977.0 4661133.0
978.0 4836491.0
979.0 4603086.0
980.0 4738245.0
981.0 4794360.0
982.0 5352368.0
983.0 5879601.0
984.0 6115562.5
985.0 7541677.5
986.0 9354795.0
987.0 10080944.0
988.0 10964398.0
989.0 11473589.0
990.0 11935535.0
991.0 12284639.0
992.0 12045920.0
993.0 10940805.0
994.0 10534465.0
995.0 9577018.0
996.0 9009825.0
997.0 8987668.0
998.0 8462746.0
999.0 8850725.0
1000.0 9795749.0
1001.0 10162705.0
1002.0 10310928.0
1003.0 10356418.0
1004.0 10643802.0
1005.0 11863538.0
1006.0 12472205.0
1007.0 12554185.0
1008.0 12123319.0
1009.0 11921301.0
1010.0 12056436.0
1011.0 11330849.0
1012.0 10395652.0
1013.0 9411486.0
1014.0 8831791.0
1015.0 8399149.0
1016.0 7179188.0
1017.0 6413944.5
1018.0 5463669.0
1019.0 5061879.0
1020.0 4907211.0
1021.0 4173513.8
1022.0 4253292.0
1023.0 4408348.0
1024.0 4374897.0
1025.0 4227180.0
1026.0 4100101.5
1027.0 4395902.0
1028.0 5229498.5
1029.0 5747615.0
1030.0 6072602.0
1031.0 6635825.5
1032.0 7952992.0
1033.0 9419069.0
1034.0 10718250.0
1035.0 12105464.0
1036.0 12962556.0
1037.0 14299120.0
1038.0 14808320.0
1039.0 14719525.0
1040.0 14722651.0
1041.0 14669625.0
1042.0 13983224.0
1043.0 13659780.0
1044.0 12992439.0
1045.0 12821482.0
1046.0 13334588.0
1047.0 14084519.0
1048.0 14905140.0
1049.0 15484219.0
1050.0 15865600.0
1051.0 16255888.0
1052.0 16245668.0
1053.0 17172040.0
1054.0 18091716.0
1055.0 19875038.0
1056.0 21941368.0
1057.0 25737316.0
1058.0 34277972.0
1059.0 45796836.0
1060.0 62922910.0
1061.0 83723860.0
1062.0 106165730.0
1063.0 126343120.0
1064.0 141389440.0
1065.0 148283250.0
1066.0 139516600.0
1067.0 121119980.0
1068.0 94479570.0
1069.0 63461156.0
1070.0 39476024.0
1071.0 26745610.0
1072.0 20374592.0
1073.0 16329682.0
1074.0 14208272.0
1075.0 11935846.0
1076.0 9446094.0
1077.0 7965480.0
1078.0 6833033.0
1079.0 6285033.0
1080.0 5661113.0
1081.0 5093307.5
1082.0 4872969.5
1083.0 5022249.0
1084.0 5399225.0
1085.0 5596992.0
1086.0 5895484.5
1087.0 6677187.0
1088.0 6750422.5
1089.0 7728710.0
1090.0 8026371.0
1091.0 7618442.5
1092.0 8120828.0
1093.0 8666168.0
1094.0 8297433.0
1095.0 7427886.0
1096.0 6637322.5
1097.0 6381450.5
1098.0 6591997.5
1099.0 7561900.5
1100.0 8770799.0
1101.0 9695639.0
1102.0 12528440.0
1103.0 17156362.0
1104.0 23371118.0
1105.0 32453836.0
1106.0 44407136.0
1107.0 59541396.0
1108.0 79354980.0
1109.0 97231070.0
1110.0 114563350.0
1111.0 124247570.0
1112.0 123867470.0
1113.0 113696170.0
1114.0 96587920.0
1115.0 71960590.0
1116.0 45274864.0
1117.0 28162502.0
1118.0 19840770.0
1119.0 14363800.0
1120.0 11845308.0
1121.0 9540811.0
1122.0 7568288.0
1123.0 6760354.0
1124.0 5466068.0
1125.0 4058941.5
1126.0 3525166.5
1127.0 3525350.2
1128.0 3313207.2
1129.0 3264096.2
1130.0 3337996.5
1131.0 3091474.0
1132.0 2931128.0
1133.0 3146736.0
1134.0 3624587.5
1135.0 4008052.8
1136.0 4746603.0
1137.0 5075004.0
1138.0 5103849.5
1139.0 4729406.5
1140.0 4738709.5
1141.0 4565681.5
1142.0 3882987.2
1143.0 3278859.5
1144.0 3134556.5
1145.0 2878832.0
1146.0 2657896.0
1147.0 2261005.5
1148.0 2106407.0
1149.0 1958898.9
1150.0 1789732.5
1151.0 1955265.2
1152.0 1958138.1
1153.0 2067657.4
1154.0 2237262.2
1155.0 2384871.5
1156.0 2207308.5
1157.0 2413614.2
1158.0 2515588.0
1159.0 2380704.0
1160.0 2388271.5
1161.0 2245367.8
1162.0 2405904.5
1163.0 2346066.8
1164.0 2611000.0
1165.0 2839991.2
1166.0 2823738.8
1167.0 2767020.0
1168.0 2798983.5
1169.0 2930081.2
1170.0 3330579.5
1171.0 3308466.5
1172.0 2908788.5
1173.0 3156913.0
1174.0 3353508.5
1175.0 3242152.8
1176.0 3003317.8
1177.0 3396267.0
1178.0 3450938.5
1179.0 3273080.0
1180.0 3451468.8
1181.0 3313577.0
1182.0 3814547.0
1183.0 3858170.2
1184.0 3944084.5
1185.0 4490844.5
1186.0 4715250.5
1187.0 5106340.5
1188.0 5029968.0
1189.0 5200084.5
1190.0 5464397.5
1191.0 5659915.0
1192.0 6170482.5
1193.0 6306191.0
1194.0 5964613.0
1195.0 5312177.5
1196.0 4506195.5
1197.0 4339144.0
1198.0 4345539.5
1199.0 4693421.0
1200.0 4261362.5
1201.0 4391098.5
1202.0 4397446.0
1203.0 4248286.5
1204.0 4173769.0
1205.0 4028711.2
1206.0 4482462.0
1207.0 4920249.5
1208.0 5138698.0
1209.0 5839757.5
1210.0 6130000.5
1211.0 6488912.5
1212.0 6898934.5
1213.0 7410776.0
1214.0 7815436.0
1215.0 7746057.0
1216.0 7782399.5
1217.0 7310310.0
1218.0 6393914.0
1219.0 5388210.0
1220.0 5407085.0
1221.0 5081229.5
1222.0 4911294.5
1223.0 5414062.5
1224.0 5538930.0
1225.0 5373534.5
1226.0 5883814.5
1227.0 6585136.0
1228.0 7100132.5
1229.0 7481002.0
1230.0 7976160.5
1231.0 8025588.0
1232.0 8512030.0
1233.0 9620598.0
1234.0 10546425.0
1235.0 11479211.0
1236.0 13671960.0
1237.0 15655446.0
1238.0 18386404.0
1239.0 20798382.0
1240.0 23204150.0
1241.0 25629790.0
1242.0 27178600.0
1243.0 28078060.0
1244.0 26756950.0
1245.0 22565570.0
1246.0 18653882.0
1247.0 14903580.0
1248.0 10840480.0
1249.0 8031479.5
1250.0 6549719.5
1251.0 6679687.5
1252.0 6661464.0
1253.0 6405155.0
1254.0 6639079.0
1255.0 6745072.0
1256.0 7030439.0
1257.0 7342257.0
1258.0 7491480.5
1259.0 8147465.5
1260.0 9965546.0
1261.0 12332991.0
1262.0 14018222.0
1263.0 15100522.0
1264.0 17188244.0
1265.0 19550472.0
1266.0 20775230.0
1267.0 21659172.0
1268.0 21528822.0
1269.0 21460448.0
1270.0 20815830.0
1271.0 18936668.0
1272.0 17923936.0
1273.0 17809066.0
1274.0 18578908.0
1275.0 19009948.0
1276.0 17704398.0
1277.0 15276159.0
1278.0 13346925.0
1279.0 13882088.0
1280.0 13850728.0
1281.0 14123142.0
1282.0 14857281.0
1283.0 16048622.0
1284.0 17140850.0
1285.0 17052348.0
1286.0 15834102.0
1287.0 15750464.0
1288.0 16288945.0
1289.0 15747724.0
1290.0 14739249.0
1291.0 14837918.0
1292.0 15208094.0
1293.0 15475761.0
1294.0 15624651.0
1295.0 16005930.0
1296.0 16520384.0
1297.0 17409196.0
1298.0 17995078.0
1299.0 18835330.0
1300.0 18522772.0
1301.0 19090930.0
1302.0 21142060.0
1303.0 23511696.0
1304.0 25869204.0
1305.0 27038798.0
1306.0 29550764.0
1307.0 32666500.0
1308.0 35144604.0
1309.0 38615264.0
1310.0 38806170.0
1311.0 38081230.0
1312.0 38081500.0
1313.0 36809064.0
1314.0 35332224.0
1315.0 35184696.0
1316.0 35711904.0
1317.0 36198524.0
1318.0 37547244.0
1319.0 38197410.0
1320.0 39045572.0
1321.0 40747316.0
1322.0 42709430.0
1323.0 43323790.0
1324.0 42903830.0
1325.0 46228064.0
1326.0 51922640.0
1327.0 56501210.0
1328.0 58798056.0
1329.0 63155810.0
1330.0 66322036.0
1331.0 69781320.0
1332.0 72017590.0
1333.0 72926760.0
1334.0 76237320.0
1335.0 77744510.0
1336.0 76220750.0
1337.0 74422660.0
1338.0 73838820.0
1339.0 73269220.0
1340.0 72008180.0
1341.0 68818250.0
1342.0 66516296.0
1343.0 63519264.0
1344.0 59844950.0
1345.0 58053450.0
1346.0 58714920.0
1347.0 59065884.0
1348.0 59948230.0
1349.0 59420130.0
1350.0 60591550.0
1351.0 62480576.0
1352.0 63290060.0
1353.0 64944256.0
1354.0 67208680.0
1355.0 67417464.0
1356.0 68472170.0
1357.0 67748424.0
1358.0 67436210.0
1359.0 67474850.0
1360.0 68969440.0
1361.0 73727370.0
1362.0 81983350.0
1363.0 93451070.0
1364.0 106683360.0
1365.0 123421640.0
1366.0 144695000.0
1367.0 162966690.0
1368.0 185184900.0
1369.0 209114820.0
1370.0 226653730.0
1371.0 242634500.0
1372.0 252452180.0
1373.0 254333140.0
1374.0 252404200.0
1375.0 239081420.0
1376.0 215601700.0
1377.0 186461200.0
1378.0 164840130.0
1379.0 148592240.0
1380.0 136198940.0
1381.0 128475840.0
1382.0 121245420.0
1383.0 114158920.0
1384.0 106481550.0
1385.0 99097600.0
1386.0 93136600.0
1387.0 86219150.0
1388.0 77852520.0
1389.0 70937710.0
1390.0 65059856.0
1391.0 57360204.0
1392.0 50989310.0
1393.0 47034260.0
1394.0 43902430.0
1395.0 42354064.0
1396.0 43491860.0
1397.0 47188476.0
1398.0 51605164.0
1399.0 57381236.0
1400.0 63924330.0
1401.0 70436450.0
1402.0 78967000.0
1403.0 91153980.0
1404.0 102822750.0
1405.0 117011770.0
1406.0 134760030.0
1407.0 156027920.0
1408.0 179613090.0
1409.0 204696060.0
1410.0 233239340.0
1411.0 261750080.0
1412.0 286959420.0
1413.0 309254620.0
1414.0 322529060.0
1415.0 331560450.0
1416.0 322437060.0
1417.0 295976960.0
1418.0 258857620.0
1419.0 208744300.0
1420.0 156517860.0
1421.0 108146530.0
1422.0 72460216.0
1423.0 52024096.0
1424.0 41566330.0
1425.0 34492624.0
1426.0 28772580.0
1427.0 23804992.0
1428.0 20459132.0
1429.0 17683328.0
1430.0 14931120.0
1431.0 13352020.0
1432.0 12540760.0
1433.0 11704432.0
1434.0 10871882.0
1435.0 10314164.0
1436.0 10114124.0
1437.0 10223029.0
1438.0 11035968.0
1439.0 11010249.0
1440.0 11390766.0
1441.0 11703738.0
1442.0 11568106.0
1443.0 10865856.0
1444.0 10808495.0
1445.0 10834412.0
1446.0 10818908.0
1447.0 11957901.0
1448.0 13223089.0
1449.0 14152604.0
1450.0 14760882.0
1451.0 15717522.0
1452.0 16731040.0
1453.0 18263544.0
1454.0 19600376.0
1455.0 21150130.0
1456.0 21175310.0
1457.0 21132052.0
1458.0 21989662.0
1459.0 22824340.0
1460.0 23526584.0
1461.0 23973642.0
1462.0 23950042.0
1463.0 23165900.0
1464.0 23027742.0
1465.0 22648200.0
1466.0 22302748.0
1467.0 22922944.0
1468.0 22513316.0
1469.0 22733796.0
1470.0 23478750.0
1471.0 24363436.0
1472.0 24973224.0
1473.0 25071492.0
1474.0 24310140.0
1475.0 23153982.0
1476.0 22298308.0
1477.0 22053610.0
1478.0 21950990.0
1479.0 22275822.0
1480.0 22251820.0
1481.0 23270248.0
1482.0 26259122.0
1483.0 29095276.0
1484.0 32436024.0
1485.0 36484270.0
1486.0 40642424.0
1487.0 43980090.0
1488.0 49287030.0
1489.0 56804096.0
1490.0 59702836.0
1491.0 60856524.0
1492.0 63923964.0
1493.0 67208010.0
1494.0 68396680.0
1495.0 68695390.0
1496.0 65696090.0
1497.0 64084804.0
1498.0 62565976.0
1499.0 60373300.0
1500.0 57925756.0
1501.0 53363896.0
1502.0 49870696.0
1503.0 43356350.0
1504.0 37416220.0
1505.0 33824464.0
1506.0 30988168.0
1507.0 29607318.0
1508.0 30246410.0
1509.0 31653382.0
1510.0 33296530.0
1511.0 34232484.0
1512.0 37393740.0
1513.0 39521510.0
1514.0 43487430.0
1515.0 46311820.0
1516.0 48545276.0
1517.0 51917660.0
1518.0 55248956.0
1519.0 59560100.0
1520.0 63667780.0
1521.0 69821020.0
1522.0 73811240.0
1523.0 77629976.0
1524.0 79416020.0
1525.0 81575704.0
1526.0 83365780.0
1527.0 87948080.0
1528.0 89463970.0
1529.0 89544960.0
1530.0 87603340.0
1531.0 83375540.0
1532.0 76331730.0
1533.0 66725500.0
1534.0 56699656.0
1535.0 48809356.0
1536.0 42214224.0
1537.0 35990824.0
1538.0 31374070.0
1539.0 27815142.0
1540.0 26700822.0
1541.0 28386752.0
1542.0 30233296.0
1543.0 31829996.0
1544.0 35033716.0
1545.0 37540320.0
1546.0 40268476.0
1547.0 43230960.0
1548.0 47874796.0
1549.0 53074180.0
1550.0 58507324.0
1551.0 65621740.0
1552.0 69517740.0
1553.0 73756330.0
1554.0 77566650.0
1555.0 82262696.0
1556.0 85309820.0
1557.0 90128070.0
1558.0 92261170.0
1559.0 93792510.0
1560.0 95209230.0
1561.0 90442720.0
1562.0 79788536.0
1563.0 67983016.0
1564.0 56918084.0
1565.0 50019390.0
1566.0 47119184.0
1567.0 46399070.0
1568.0 48161364.0
1569.0 49235104.0
1570.0 49047036.0
1571.0 46961150.0
1572.0 45329770.0
1573.0 43158230.0
1574.0 41392092.0
1575.0 37603896.0
1576.0 32672378.0
1577.0 28309952.0
1578.0 24909318.0
1579.0 21076888.0
1580.0 19053760.0
1581.0 17696564.0
1582.0 17715882.0
1583.0 17456890.0
1584.0 17709338.0
1585.0 18572362.0
1586.0 18777244.0
1587.0 19582872.0
1588.0 19851570.0
1589.0 19999422.0
1590.0 19748564.0
1591.0 19395838.0
1592.0 20292560.0
1593.0 20365554.0
1594.0 20309032.0
1595.0 18958286.0
1596.0 18013196.0
1597.0 18635194.0
1598.0 17516158.0
1599.0 16679319.0
1600.0 17346210.0
1601.0 17405864.0
1602.0 18063342.0
1603.0 18974252.0
1604.0 20150458.0
1605.0 22660348.0
1606.0 25099188.0
1607.0 26089316.0
1608.0 27507630.0
1609.0 29318242.0
1610.0 30465700.0
1611.0 34061504.0
1612.0 38591056.0
1613.0 41572096.0
1614.0 43818616.0
1615.0 46965444.0
1616.0 52349924.0
1617.0 55950180.0
1618.0 60421504.0
1619.0 62536710.0
1620.0 63439604.0
1621.0 64923660.0
1622.0 66970260.0
1623.0 71177720.0
1624.0 75119030.0
1625.0 79693060.0
1626.0 83781970.0
1627.0 84109270.0
1628.0 78660250.0
1629.0 70454270.0
1630.0 58831876.0
1631.0 46256556.0
1632.0 33458658.0
1633.0 23832812.0
1634.0 18589118.0
1635.0 17079434.0
1636.0 14955740.0
1637.0 13478151.0
1638.0 13249259.0
1639.0 12893036.0
1640.0 12987061.0
1641.0 13079612.0
1642.0 12841309.0
1643.0 12433044.0
1644.0 12521951.0
1645.0 12800019.0
1646.0 13071534.0
1647.0 14528140.0
1648.0 14394274.0
1649.0 13575171.0
1650.0 14264221.0
1651.0 14122545.0
1652.0 13396229.0
1653.0 12810374.0
1654.0 12614300.0
1655.0 12403210.0
1656.0 11772965.0
1657.0 11900570.0
1658.0 11409092.0
1659.0 10853498.0
1660.0 9871391.0
1661.0 10681146.0
1662.0 10870291.0
1663.0 10117256.0
1664.0 8918951.0
1665.0 9623878.0
1666.0 10555090.0
1667.0 10423830.0
1668.0 11378635.0
1669.0 11659416.0
1670.0 11828355.0
1671.0 11795265.0
1672.0 12213231.0
1673.0 11980632.0
1674.0 13375834.0
1675.0 14379552.0
1676.0 15370661.0
1677.0 15663345.0
1678.0 15646439.0
1679.0 16451190.0
1680.0 17148768.0
1681.0 17004282.0
1682.0 17839744.0
1683.0 18133296.0
1684.0 17636596.0
1685.0 17091472.0
1686.0 16366798.0
1687.0 15428136.0
1688.0 15367990.0
1689.0 15252058.0
1690.0 15432764.0
1691.0 15611454.0
1692.0 16263786.0
1693.0 17244196.0
1694.0 18243308.0
1695.0 19232698.0
1696.0 19342012.0
1697.0 18150296.0
1698.0 19236830.0
1699.0 20922338.0
1700.0 21964550.0
1701.0 22435262.0
1702.0 22158632.0
1703.0 23381590.0
1704.0 22205062.0
1705.0 21318338.0
1706.0 19251280.0
1707.0 17791620.0
1708.0 17740508.0
1709.0 18251892.0
1710.0 18929968.0
1711.0 18303664.0
1712.0 17234324.0
1713.0 16727769.0
1714.0 15828366.0
1715.0 15519628.0
1716.0 14140121.0
1717.0 12595620.0
1718.0 12195224.0
1719.0 13052445.0
1720.0 12926040.0
1721.0 10543681.0
1722.0 8004132.0
1723.0 6073606.0
1724.0 4915276.5
1725.0 4331105.5
1726.0 3790940.2
1727.0 3670468.8
1728.0 3947569.0
1729.0 3411708.0
1730.0 2983047.5
1731.0 3296448.8
1732.0 3617870.5
1733.0 3877917.2
1734.0 3913764.5
1735.0 4169434.0
1736.0 4389500.5
1737.0 4621733.5
1738.0 4988255.5
1739.0 4967533.0
1740.0 4976654.5
1741.0 5646949.5
1742.0 5932017.0
1743.0 5957798.0
1744.0 5918395.0
1745.0 6015348.0
1746.0 5595289.0
1747.0 4963632.0
1748.0 5219487.5
1749.0 5077177.5
1750.0 4834233.0
1751.0 5372758.0
1752.0 5335309.5
1753.0 4798134.0
1754.0 4547147.5
1755.0 4082178.5
1756.0 4164258.8
1757.0 4234359.0
1758.0 4669412.5
1759.0 5415476.0
1760.0 5472625.5
1761.0 5413960.5
1762.0 5648120.5
1763.0 5722911.0
1764.0 6924592.5
1765.0 6911355.0
1766.0 6855599.0
1767.0 6748067.5
1768.0 6259110.0
1769.0 6817469.0
1770.0 7480835.0
1771.0 7162338.0
1772.0 6585038.0
1773.0 7048290.0
1774.0 6686487.5
1775.0 6054539.0
1776.0 6493164.0
1777.0 6600772.0
1778.0 6973031.0
1779.0 6979623.0
1780.0 6109023.0
1781.0 5148155.5
1782.0 4943360.0
1783.0 4732145.0
1784.0 4799596.0
1785.0 4245144.5
1786.0 4001635.5
1787.0 4366815.5
1788.0 5071462.5
1789.0 4720911.5
1790.0 4491674.0
1791.0 4585593.0
1792.0 4901594.0
1793.0 5335765.0
1794.0 6009140.0
1795.0 5505816.0
1796.0 5503622.0
1797.0 5700749.0
1798.0 5552575.0
1799.0 5880477.5
1800.0 6728241.0
1801.0 7033761.0
1802.0 6823315.5
1803.0 6935861.0
1804.0 7999108.0
1805.0 8040297.0
1806.0 7782799.5
1807.0 7160779.0
1808.0 6392289.5
1809.0 5373402.5
1810.0 4609224.0
1811.0 4320331.0
1812.0 4446008.0
1813.0 4201283.0
1814.0 3623947.0
1815.0 3651417.0
1816.0 3439504.0
1817.0 3134782.2
1818.0 3371992.8
1819.0 3752022.8
1820.0 4617863.0
1821.0 4731495.5
1822.0 4961988.5
1823.0 5146094.0
1824.0 5770787.5
1825.0 6452153.0
1826.0 6741374.5
1827.0 6956989.5
1828.0 6759376.0
1829.0 7188336.0
1830.0 7444785.5
1831.0 7736320.5
1832.0 7821792.0
1833.0 7890084.5
1834.0 8980045.0
1835.0 10190576.0
1836.0 9600341.0
1837.0 9295417.0
1838.0 8421438.0
1839.0 7979245.0
1840.0 7771438.0
1841.0 6904846.0
1842.0 6736763.0
1843.0 7307150.0
1844.0 7370956.0
1845.0 8439237.0
1846.0 9813142.0
1847.0 10468445.0
1848.0 10329894.0
1849.0 10879729.0
1850.0 12196241.0
1851.0 12949659.0
1852.0 14241011.0
1853.0 14712290.0
1854.0 14196612.0
1855.0 13050655.0
1856.0 13070970.0
1857.0 12921635.0
1858.0 12882905.0
1859.0 12294759.0
1860.0 11416579.0
1861.0 10732502.0
1862.0 10554200.0
1863.0 10262622.0
1864.0 9531794.0
1865.0 8879999.0
1866.0 8247620.5
1867.0 8539015.0
1868.0 7933127.5
1869.0 6950774.0
1870.0 6856989.0
1871.0 7390142.5
1872.0 7205384.0
1873.0 8107035.5
1874.0 8453950.0
1875.0 8530069.0
1876.0 8446416.0
1877.0 8585254.0
1878.0 9974119.0
1879.0 10544682.0
1880.0 10981959.0
1881.0 10642205.0
1882.0 9687836.0
1883.0 9681912.0
1884.0 9625614.0
1885.0 8746827.0
1886.0 8072935.5
1887.0 7428301.0
1888.0 7308255.5
1889.0 7242492.0
1890.0 6685132.5
1891.0 5887784.5
1892.0 5714037.5
1893.0 5773329.5
1894.0 5204970.5
1895.0 5262864.0
1896.0 5485210.0
1897.0 6367077.0
1898.0 7270202.5
1899.0 8364514.5
1900.0 9933892.0
1901.0 11214224.0
1902.0 12865426.0
1903.0 14404501.0
1904.0 16229142.0
1905.0 17869484.0
1906.0 17754262.0
1907.0 19079056.0
1908.0 20161318.0
1909.0 20216664.0
1910.0 21255902.0
1911.0 22608612.0
1912.0 23674428.0
1913.0 23755352.0
1914.0 22733162.0
1915.0 20135876.0
1916.0 16605111.0
1917.0 12416415.0
1918.0 9685988.0
1919.0 7731469.0
1920.0 6762174.0
1921.0 5745138.0
1922.0 5978732.0
1923.0 5994437.0
1924.0 6278677.0
1925.0 6630921.0
1926.0 8029597.0
1927.0 9028505.0
1928.0 10978364.0
1929.0 11654202.0
1930.0 11802288.0
1931.0 12718762.0
1932.0 14005695.0
1933.0 15134192.0
1934.0 16646402.0
1935.0 16454315.0
1936.0 17119746.0
1937.0 18210868.0
1938.0 19110088.0
1939.0 19440728.0
1940.0 18868606.0
1941.0 15916785.0
1942.0 12015396.0
1943.0 8529173.0
1944.0 5389697.0
1945.0 4272541.5
1946.0 4200813.0
1947.0 3413006.2
1948.0 2805576.2
1949.0 2358601.5
1950.0 1940323.5
1951.0 1587635.0
1952.0 1505256.4
1953.0 1884909.5
1954.0 1959178.9
1955.0 1828364.2
1956.0 1415614.8
1957.0 1448679.5
1958.0 1251422.5
1959.0 1247111.0
1960.0 1115322.5
1961.0 1062868.4
1962.0 1095672.8
1963.0 1205799.9
1964.0 1412392.4
1965.0 1583191.5
1966.0 1766292.8
1967.0 1578348.8
1968.0 1470764.4
1969.0 1336399.4
1970.0 1547070.0
1971.0 1500307.0
1972.0 1419658.1
1973.0 1350100.1
1974.0 1275363.5
1975.0 1197217.0
1976.0 1301318.6
1977.0 1476622.2
1978.0 1487062.4
1979.0 1665563.8
1980.0 1728941.9
1981.0 1579922.4
1982.0 1404905.2
1983.0 1819244.4
1984.0 1714214.4
1985.0 1684101.4
1986.0 1970313.1
1987.0 2312995.5
1988.0 2100127.0
1989.0 1844518.9
1990.0 2077739.0
1991.0 2060761.9
1992.0 2055893.1
1993.0 1952561.0
1994.0 2028432.4
1995.0 1905543.0
1996.0 1940967.0
1997.0 2060804.5
1998.0 2063628.6
1999.0 1833842.4
2000.0 1872039.8
2001.0 2111520.5
2002.0 1866051.9
2003.0 2073816.1
2004.0 2045391.9
2005.0 1892320.0
2006.0 1795579.8
2007.0 1860262.6
2008.0 1714341.0
2009.0 2156696.0
2010.0 2348769.5
2011.0 2287505.5
2012.0 2308502.2
2013.0 1891557.5
2014.0 1814129.2
2015.0 1907963.1
2016.0 2053973.9
2017.0 2543355.0
2018.0 2619335.8
2019.0 2769459.5
2020.0 2669775.0
2021.0 2527889.5
2022.0 2368223.5
2023.0 1020796.25
2024.0 -910211.0
2025.0 -2573327.8
2026.0 -4271375.5
2027.0 -5890847.5
2028.0 -7207563.0
2029.0 -9107559.0
2030.0 -10788279.0
2031.0 -12448615.0
2032.0 -14205975.0
2033.0 -15888310.0
2034.0 -17715512.0
2035.0 -19789568.0
2036.0 -21689208.0
2037.0 -23813060.0
2038.0 -25857398.0
2039.0 -28276658.0
2040.0 -30100404.0
2041.0 0.0
2042.0 0.0
2043.0 0.0
2044.0 0.0
2045.0 0.0
2046.0 0.0
2047.0 0.0
